automatic URI	Proposed URI	bookTitle	authorName	collection	id	tfidf
		سحر البلاغة وسر البراعة	عبد الملك بن محمد بن إسماعيل أبو منصور الثعالبي (المتوفى: 429هـ)	ShamAY	8279	0.99995
		جواهر الأدب في أدبيات وإنشاء لغة العرب	أحمد بن إبراهيم بن مصطفى الهاشمي (المتوفى: 1362ه)	ShamelaY19	21505	0.78867
		جواهر الأدب في أدبيات وإنشاء لغة العرب	أحمد بن إبراهيم بن مصطفى الهاشمي (المتوفى: 1362هـ)	ShamAY	21505	0.78619
		لباب الآداب للثعالبي	أبو منصور عبد الملك بن محمد بن إسماعيل الثعالبي النيسابوري	ShamAY	418	0.78505
		التمثيل والمحاضرة	عبد الملك بن محمد بن إسماعيل أبو منصور الثعالبي (المتوفى: 429هـ)	ShamAY	5683	0.78363
		التمثيل والمحاضرة	عبد الملك بن محمد بن إسماعيل أبو منصور الثعالبي (المتوفى: 429ه)	Sham19Y	5683	0.78334
		الكشكول	محمد بن حسين بن عبد الصمد الحارثي العاملي الهمذاني، بهاء الدين (المتوفى: 1031هـ)	ShamAY	1571	0.78037
		 رسالة التوحيد 	 الشيخ محمد عبده 	ABLibrary	8430	0.78021
		التذكرة في الوعظ	جمال الدين أبو الفرج عبد الرحمن بن علي بن محمد الجوزي (المتوفى: 597هـ)	ShamAY	6858	0.77847
		سلافة العصر في محاسن الشعراء بكل مصر	صدر الدين المدني، علي بن أحمد بن محمد معصوم الحسني الحسيني، المعروف بعلي خان بن ميرزا أحمد، الشهير بابن معصوم (المتوفى: 1119هـ)	ShamAY	298	0.77633
		المنتقى من بطون الكتب	الواحدي :: محمد بن إبراهيم الحمد	ShamAY	37720	0.77561
		 مسالك الأبصار في ممالك الأمصار 	 أحمد بن يحيى العمري 	ABLibrary	9194	0.77558
		سلافة العصر في محاسن الشعراء بكل مصر	علي بن أحمد بن محمد معصوم الحسني الحسيني، الشهير بابن معصوم (المتوفى: 1119هـ)	ShamAY	34642	0.77536
		قلائد العقيان	الفتح بن خاقان بن أحمد بن غرطوج، أبو محمد (المتوفى: 247ه)	Sham19Y	21510	0.77436
		التوحيد لمحمد عبده	محمد عبده بن حسن خير الله (المتوفى: 1323هـ)	ShamAY	6392	0.77316
		نفاضة الجراب في علالة الاغتراب	لسان الدين بن الخطيب، محمد بن عبد الله (المتوفى: 776هـ)	ShamAY	477	0.77228
		نفاضة الجراب في علالة الاغتراب	لسان الدين بن الخطيب، محمد بن عبد الله (المتوفى: 776ه)	Sham19Y	477	0.77219
		قلائد العقيان	الفتح بن خاقان بن أحمد بن غرطوج، أبو محمد (المتوفى: 247ه)	ShamelaY19	21510	0.77171
		قلائد العقيان	الفتح بن خاقان بن أحمد بن غرطوج، أبو محمد (المتوفى: 247هـ)	ShamAY	21510	0.77076
		أدب الطلب ومنتهى الأدب	محمد بن علي بن محمد بن عبد الله الشوكاني اليمني (المتوفى: 1250هـ)	ShamAY	6854	0.77064
		ريحانة الألبّا وزهرة الحياة الدنيا	شهاب الدين أحمد بن محمد بن عمر الخفاجي (المتوفى: 1069هـ)	ShamAY	1522	0.76997
		النظرات	مصطفى لطفي بن محمد لطفي بن محمد حسن لطفي المَنْفَلُوطي (المتوفى: 1343هـ)	ShamAY	11400	0.76973
		نور الطرف ونور الظرف	إبراهيم بن علي بن تميم الأنصاري، أبو إسحاق الحصري (المتوفى: 453هـ)	ShamAY	5351	0.7695
		رسائل الثعالبي	عبد الملك بن محمد بن إسماعيل أبو منصور الثعالبي (المتوفى: 429هـ)	ShamAY	623	0.76924
		أزهار الرياض في أخبار القاضي عياض	شهاب الدين أحمد بن محمد بن أحمد بن يحيى، أبو العباس المقري التلمساني (المتوفى: 1041ه)	Sham19Y	26350	0.76856
		رسالة التوحيد - ط الكتاب العربي	محمد عبده	ShamAY	33867	0.76788
		مجموعة القصائد الزهديات	أبو محمد عبد العزيز بن محمد بن عبد الرحمن بن عبد المحسن السلمان (المتوفى: 1422هـ)	ShamAY	1268	0.76701
		نهج البلاغة	أبو الحسن محمّد الرضي بن الحسن الموسوي [ السيّد الرضيّ ]	Rafed	1796	0.76678
		مجموعة القصائد الزهديات	أبو محمد عبد العزيز بن محمد بن عبد الرحمن بن عبد المحسن السلمان (المتوفى: 1422ه)	ShamelaY19	38155	0.76673
		الرسائل للجاحظ	عمرو بن بحر بن محبوب الكناني بالولاء، الليثي، أبو عثمان، الشهير بالجاحظ (المتوفى: 255هـ)	ShamAY	10428	0.76659
		مقالات موقع الدرر السنية	مجموعة من المؤلفين	ShamelaY19	95660	0.7659
		أزهار الرياض في أخبار القاضي عياض	شهاب الدين أحمد بن محمد بن أحمد بن يحيى، أبو العباس المقري التلمساني (المتوفى: 1041ه)	ShamelaY19	26350	0.76584
		أزهار الرياض في أخبار القاضي عياض	شهاب الدين أحمد بن محمد بن أحمد بن يحيى، أبو العباس المقري التلمساني (المتوفى: 1041هـ)	ShamAY	26350	0.76536
		رحلة الشتاء والصيف	محمد بن عبد الله بن محمد، من أحفاد شرف الدين بن يحيى الحمزي الحسيني المولوي المعروف بـ كِبْرِيت (المتوفى: 1070هـ)	ShamAY	622	0.76523
		 نفح الطيب من غصن الأندلس الرطيب 	 أحمد بن محمد المقري التلمساني 	ABLibrary	9304	0.7649
		مقالات موقع الدرر السنية	مجموعة من المؤلفين	ShamAY	1572	0.76459
		طوق الحمامة في الألفة والألاف	أبو محمد علي بن أحمد بن سعيد بن حزم الأندلسي القرطبي الظاهري (المتوفى: 456هـ)	ShamAY	10518	0.7645
		رحلة الشتاء والصيف	محمد بن عبد الله بن محمد، من أحفاد شرف الدين بن يحيى الحمزي الحسيني المولوي المعروف ب كبريت (المتوفى: 1070ه)	ShamelaY19	37345	0.76415
		البرق الشامي	عماد الدين الكاتب الأصبهاني، محمد بن محمد صفي الدين بن نفيس الدين حامد بن أله، أبو عبد الله (المتوفى: 597هـ)	ShamAY	6628	0.76404
		الذخيرة في محاسن أهل الجزيرة	أبو الحسن علي بن بسام الشنتريني (المتوفى: 542هـ)	ShamAY	1035	0.76308
		نفحة الريحانة ورشحة طلاء الحانة	محمد أمين بن فضل الله بن محب الدين بن محمد المحبي (المتوفى: 1111هـ)	ShamAY	579	0.76259
		 مجموعه رسائل ابن عربي 	 ابن عربي 	ABLibrary	8753	0.76224
		 آداب النفوس ( ويليه كتاب الوهم ) 	 الحارث المحاسبي 	ABLibrary	8685	0.76173
		الأفضليات	علي بن منجب بن سليمان، أبو القاسم، تاج الرياسة، ابن الصيرفي (المتوفى: 542هـ)	ShamAY	5432	0.76146
		 قوانين حكم الاشراق إلى كافة الصوفية بجميع الآفاق 	 محمد بن أحمد الشاذلي ( ابن زغدان ) 	ABLibrary	8818	0.76144
		نهج البلاغة [ج ٢]	محمد عبده	Rafed	1618	0.76106
		الأفضليات	علي بن منجب بن سليمان، أبو القاسم، تاج الرياسة، ابن الصيرفي (المتوفى: 542ه)	Sham19Y	5432	0.76101
		نهج البلاغه	جمعي از راويان	Ghbook	2621	0.76097
		المساكين	مصطفى صادق بن عبد الرزاق بن سعيد بن أحمد بن عبد القادر الرافعي (المتوفى: 1356هـ)	ShamAY	5418	0.76017
		كنز الكتاب ومنتخب الآداب (السفر الأول من النسخة الكبرى)	أبو إسحاق إبراهيم بن أبي الحسن الفهري المعروف بالبونسي (651ه)	Sham19Y	13666	0.7598
		الجواهر الثمينة في محاسن المدينة	محمد كبريت الحسيني المدني	Masaha	4131	0.75891
		 نفح الطيب من غصن الأندلس الرطيب 	 أحمد بن محمد المقري التلمساني 	ABLibrary	9305	0.75878
		تفسير المراغي [ج ٢]	أحمد مصطفى المراغي	Rafed	1659	0.75853
		الآثار الفكرية أشعار وكتابات عبد الله باشا فكري	أمين فكري	ShamAY	34492	0.75847
		الفوائد لابن القيم	محمد بن أبي بكر بن أيوب بن سعد شمس الدين ابن قيم الجوزية (المتوفى: 751هـ)	ShamAY	6832	0.75788
		إعجاز القرآن والبلاغة النبوية للرافعي	مصطفى صادق بن عبد الرزاق بن سعيد بن أحمد بن عبد القادر الرافعي (المتوفى: 1356هـ)	ShamAY	8506	0.75727
		مقامات القرني	عائض بن عبدالله القرني :: عائض القرني	ShamAY	34503	0.75722
		 تاج العروس الحاوى لتهذيب النفوس ( ويليه الهداية لباديس / الورع للأبياري / الطريق إلى الله للمزيدي ) 	 ابن عطاء الله السكندري 	ABLibrary	8789	0.75712
		تفسير المراغي [ج ٣]	أحمد مصطفى المراغي	Rafed	1660	0.75697
		تفسير المراغي [ج ١]	أحمد مصطفى المراغي	Rafed	1658	0.75685
		كنز الكتاب ومنتخب الآداب (السفر الأول من النسخة الكبرى)	أبو إسحاق إبراهيم بن أبي الحسن الفهري المعروف بالبونسي (651هـ)	ShamAY	31931	0.75681
		نزهة الأبصار بطرائف الأخبار والأشعار	عبد الرحمن بن عبد الله بن أحمد بن درهم (المتوفى: 1362هـ)	ShamAY	5375	0.75648
		صيد الخاطر	جمال الدين أبو الفرج عبد الرحمن بن علي بن محمد الجوزي (المتوفى: 597هـ)	ShamAY	12028	0.75623
		خريدة القصر وجريدة العصر - قسم شعراء المغرب والأندلس جـ 2	عماد الدين الكاتب الأصبهاني، محمد بن محمد صفي الدين بن نفيس الدين حامد بن أله، أبو عبد الله (المتوفى: 597هـ)	ShamAY	12856	0.75612
		تفسير ابن بدران = جواهر الأفكار ومعادن الأسرار المستخرجة من كلام العزيز الجبار	عبد القادر بن أحمد بدران	ShamelaY19	20643	0.7559
		زهر الآداب وثمر الألباب	إبراهيم بن علي بن تميم الأنصاري، أبو إسحاق الحصري القيرواني (المتوفى: 453ه)	Sham19Y	10768	0.75585
		أمراء البيان	محمد علي كرد	ShamAY	35859	0.75576
		 مجموعه رسائل ابن عربي 	 ابن عربي 	ABLibrary	8751	0.75575
		غرائب الاغتراب ونزهة الألباب في الذهاب والإقامة والإياب	شهاب الدين محمود بن عبد الله الحسيني الألوسي (المتوفى: 1270هـ)	ShamAY	475	0.75548
		 في ظلال نهج البلاغة 	 محمد جواد مغنية 	ABLibrary	963	0.75541
		نهج البلاغة [ج ١]	محمد عبده	Rafed	1617	0.75447
		الروض النضر في ترجمة أدباء العصر	عثمان بن علي بن مراد العمري	ShamAY	35857	0.75415
		عدة المريد الصادق	شهاب الدين أبو العباس أحمد بن أحمد بن محمد بن عيسى البرنسي الفاسي، المعروف ب زروق (المتوفى: 899ه)	ShamelaY19	123663	0.75388
		المطالع البدرية في المنازل الرومية	محمد بن محمد بن محمد الغزي العامري الدمشقي، أبو البركات، بدر الدين ابن رضي الدين (المتوفى: 984هـ)	ShamAY	450	0.75358
		زهر الآداب وثمر الألباب	إبراهيم بن علي بن تميم الأنصاري، أبو إسحاق الحُصري القيرواني (المتوفى: 453هـ)	ShamAY	10768	0.75335
		غاية الأماني في الرد على النبهاني	أبو المعالي محمود شكري بن عبد الله بن محمد بن أبي الثناء الألوسي (المتوفى: 1342ه)	Sham19Y	12034	0.7528
		 ديوان ابن عربي 	 ابن عربي 	ABLibrary	8737	0.7526
		 الشيخ محيي الدين بن عربي ترجمة حياته من كلامه 	 محمود محمود الغراب 	ABLibrary	8910	0.75252
		المثل السائر في أدب الكاتب والشاعر ت محيي الدين عبد الحميد	نصر الله بن محمد بن محمد بن عبد الكريم الشيباني، الجزري، أبو الفتح، ضياء الدين، المعروف بابن الأثير الكاتب (المتوفى: 637ه)	ShamelaY19	23794	0.75219
		المطالع البدرية في المنازل الرومية	محمد بن محمد بن محمد الغزي العامري الدمشقي، أبو البركات، بدر الدين ابن رضي الدين (المتوفى: 984ه)	ShamelaY19	37060	0.75177
		مجلة البيان للبرقوقي	البرقوقي	ShamAY	464	0.75156
		آلاء الرحمن في تفسير القرآن [ج ١]	الشيخ محمد جواد البلاغي	Rafed	3150	0.75137
		فاكهة الخلفاء ومفاكهة الظرفاء	أبو محمد أحمد بن محمد، المعروف بابن عربشاه (المتوفى: 854هـ)	ShamAY	12726	0.75121
		المثل السائر في أدب الكاتب والشاعر ت محيي الدين عبد الحميد	نصر الله بن محمد بن محمد بن عبد الكريم الشيباني، الجزري، أبو الفتح، ضياء الدين، المعروف بابن الأثير الكاتب (المتوفى: 637هـ)	ShamAY	23794	0.75081
		تعريف عام بدين الإسلام	علي بن مصطفى الطنطاوي (المتوفى: 1420ه)	ShamelaY19	37562	0.75044
		تفسير المراغي	أحمد بن مصطفى المراغي (المتوفى: 1371ه)	Sham19Y	23608	0.75035
		تعريف عام بدين الإسلام	علي بن مصطفى الطنطاوي (المتوفى: 1420هـ)	ShamAY	986	0.75022
		 نفح الطيب من غصن الأندلس الرطيب 	 أحمد بن محمد المقري التلمساني 	ABLibrary	9302	0.75017
		مجلة البيان للبرقوقي	البرقوقي	ShamelaY19	73348	0.75013
		النص الكامل لكتاب العواصم من القواصم	القاضي محمد بن عبد الله أبو بكر بن العربي المعافري الاشبيلي المالكي (المتوفى: 543ه)	ShamelaY19	96180	0.75008
		غاية الأماني في الرد على النبهاني	أبو المعالي محمود شكري بن عبد الله بن محمد بن أبي الثناء الألوسي (المتوفى: 1342هـ)	ShamAY	12034	0.75003
		 رسائل ابن سبعين 	 ابن سبعين 	ABLibrary	8760	0.75002
		ديوان عبد الغفار الأخرس	عبد الغفار بن عبد الواحد بن دهب الأخرس 1290 هـ	ShamAY	37954	0.74999
		الوحي المحمدي	محمد رشيد بن علي رضا بن محمد شمس الدين بن محمد بهاء الدين بن منلا علي خليفة القلموني الحسيني (المتوفى: 1354هـ)	ShamAY	1202	0.74952
		 في ظلال نهج البلاغة 	 محمد جواد مغنية 	ABLibrary	964	0.7493
		النبأ العظيم نظرات جديدة في القرآن - ط الثقافة	محمد بن عبد الله دراز	ShamAY	34078	0.74915
		مجلة الحقائق (الدمشقية)	عبد القادر الإسكندراني	ShamAY	187	0.74902
		نصرة الثائر على المثل السائر	صلاح الدين خليل بن أيبك الصفدي (المتوفى: 764هـ)	ShamAY	514	0.74898
		المحاضرات في اللغة والأدب	الحسن بن مسعود بن محمد، أبو علي، نور الدين اليوسي (المتوفى: 1102هـ)	ShamAY	473	0.74876
		نهج البلاغة	الإمام أمير المؤمنين(ع)	Masaha	688	0.7485
		مجلة الحقائق (الدمشقية)	عبد القادر الإسكندراني	ShamelaY19	29676	0.74836
		تفسير المراغي	أحمد بن مصطفى المراغي (المتوفى: 1371ه)	ShamelaY19	23608	0.74833
		نصرة الثائر على المثل السائر	صلاح الدين خليل بن أيبك الصفدي (المتوفى: 764ه)	Sham19Y	514	0.74833
		مجلة الحقائق (الدمشقية)	عبد القادر الإسكندراني	Sham19Y	29676	0.74763
		البرهان في وجوه البيان (نشر من قبل باسم نقد النثر لقدامة بن جعفر)	أبو الحسين إسحاق بن إبراهيم بن سليمان بن وهب الكاتب	ShamelaY19	20986	0.74761
		إيثار الحق على الخلق في رد الخلافات إلى المذهب الحق من أصول التوحيد	ابن الوزير، محمد بن إبراهيم بن علي بن المرتضى بن المفضل الحسني القاسمي، أبو عبد الله، عز الدين اليمني (المتوفى: 840هـ)	ShamAY	1238	0.7476
		تفسير المراغي	أحمد بن مصطفى المراغي (المتوفى: 1371هـ)	ShamAY	23608	0.74737
		 المسائل 	 الحارث المحاسبي 	ABLibrary	8683	0.74735
		الحيوان - الجزء1	عمرو بن بحر الجاحظ	Masaha	2972	0.74728
		تفسير المراغي [ج ٤]	أحمد مصطفى المراغي	Rafed	1664	0.74715
		 شرح الحكم الغوثية 	 أحمد بن ابراهيم النقشبندي 	ABLibrary	8845	0.74711
		خاص الخاص	عبد الملك بن محمد بن إسماعيل أبو منصور الثعالبي (المتوفى: 429هـ)	ShamAY	7830	0.74702
		أخلاق الوزيرين = مثالب الوزيرين = أخلاق الصاحب بن عباد وابن العميد	أبو حيان التوحيدي، علي بن محمد بن العباس (المتوفى: نحو 400هـ)	ShamAY	12541	0.74699
		المثل السائر في أدب الكاتب والشاعر ت الحوفي	ضياء الدين بن الأثير، نصر الله بن محمد (المتوفى: 637هـ)	ShamAY	10551	0.74682
		فتاوى ورسائل سماحة الشيخ عبد الرزاق عفيفي - قسم العقيدة	عبد الرزاق عفيفي (المتوفى: 1415هـ)	ShamAY	8613	0.7467
		الأخلاق والسير لابن حزم الأندلسي - دار المشرق	علي بن أحمد بن سعيد بْنِ حَزْمٍ، أبو محمد، الأَنْدَلُسِيّ (384 - 456هـ)	ShamAY	33746	0.7465
		 في ظلال نهج البلاغة 	 محمد جواد مغنية 	ABLibrary	962	0.74639
		ديوان أحمد شوقي	أحمد شوقي (1285 - 1351 هـ)	ShamAY	37923	0.74636
		تفسير القرآن الحكيم (تفسير المنار)	محمد رشيد بن علي رضا بن محمد شمس الدين بن محمد بهاء الدين بن منلا علي خليفة القلموني الحسيني (المتوفى: 1354هـ)	ShamAY	12304	0.74635
		الأجوبة الكافية عن الأسئلة الشامية	محمد بن يوسف بن محمد بن سعد الحيدري التونسي الكافي المالكي (المتوفى: 1380هـ)	ShamAY	591	0.74625
		نور وهداية	علي بن مصطفى الطنطاوي (المتوفى: 1420ه)	Sham19Y	1791	0.74596
		أدب الطّف أو شعراء الحسين عليه السلام [ج ٢]	جواد شبّر	Rafed	318	0.7458
		 أدب الطف أو شعراء الحسين ( ع ) 	 جواد شبر 	ABLibrary	7400	0.74578
		تفسير المراغي [ج ٨]	أحمد مصطفى المراغي	Rafed	1678	0.74572
		رسالة الغفران	أحمد بن عبد الله بن سليمان بن محمد بن سليمان، أبو العلاء المعري، التنوخي (المتوفى: 449هـ)	ShamAY	1589	0.74567
		ربيع الأبرار ونصوص الأخيار	جار الله الزمخشري توفي 583 هـ	ShamAY	10668	0.74561
		 الطريق إلى الله تعالى ( الشيخ والمريد ) 	 ابن عربي 	ABLibrary	8747	0.74501
		إعجاز القرآن	أبي بكر محمّد بن الطيّب الباقلّاني	Rafed	3267	0.74469
		سهام الإسلام	عبد اللطيف بن علي بن أحمد بن محمد السلطاني القنطري الجزائري (المتوفى: 1404ه)	ShamelaY19	115131	0.74445
		الجواهر الثمينة في محاسن المدينة	محمد كبريت	ShamAY	38440	0.74393
		الحيوان	عمرو بن بحر بن محبوب الكناني بالولاء، الليثي، أبو عثمان، الشهير بالجاحظ (المتوفى: 255هـ)	ShamAY	23775	0.74382
		تأملات في الدين والحياة	محمد الغزالي	ShamAY	36039	0.74378
		نور وهداية	علي بن مصطفى الطنطاوي (المتوفى: 1420هـ)	ShamAY	31960	0.74345
		هكذا علمتني الحياة	مصطفى بن حسني السباعي (المتوفى: 1384هـ)	ShamAY	969	0.74323
		الأجوبة الكافية عن الأسئلة الشامية	محمد بن يوسف بن محمد بن سعد الحيدري التونسي الكافي المالكي (المتوفى: 1380ه)	ShamelaY19	36571	0.74307
		البرهان في وجوه البيان (نشر من قبل باسم نقد النثر لقدامة بن جعفر)	أبو الحسين إسحاق بن إبراهيم بن سليمان بن وهب الكاتب	ShamAY	38891	0.74295
		تفسير المراغي [ج ٧]	أحمد مصطفى المراغي	Rafed	1677	0.74279
		المدرّس الأفضل [ج ١]	الشيخ محمّد علي المدرّس الأفغاني	Rafed	2679	0.74275
		سهام الإسلام	عبد اللطيف بن علي بن أحمد بن محمد السلطاني القنطري الجزائري (المتوفى: 1404ه)	Sham19Y	115131	0.74274
		خريدة القصر وجريدة العصر - أقسام أخرى	عماد الدين الكاتب الأصبهاني، محمد بن محمد صفي الدين بن نفيس الدين حامد بن أله، أبو عبد الله (المتوفى: 597هـ)	ShamAY	12815	0.74268
		مجموعه رسائل الإمام الغزالي	أبو حامد الغزالي	Rafed	3457	0.7426
		تفسير المراغي [ج ٩]	أحمد مصطفى المراغي	Rafed	1679	0.74258
		شرح الكافي - الجزء1	الشيخ محمد صالح المازندراني	Masaha	1352	0.74252
		تفسير أبي السّعود [ج ١]	أبي السعود محمّد بن محمّد العمادي	Rafed	3233	0.74236
		البحر المديد في تفسير القرآن المجيد [ج ٤]	أحمد بن محمد بن عجيبة	Rafed	3805	0.74235
		فصول في الثقافة والأدب	علي بن مصطفى الطنطاوي (المتوفى: 1420هـ)	ShamAY	32247	0.74227
		الحيوان	عمرو بن بحر بن محبوب الكناني بالولاء، الليثي، أبو عثمان، الشهير بالجاحظ (المتوفى: 255ه)	ShamelaY19	23775	0.74211
		العواصم والقواصم في الذب عن سنة أبي القاسم	ابن الوزير، محمد بن إبراهيم بن علي بن المرتضى بن المفضل الحسني القاسمي، أبو عبد الله، عز الدين، من آل الوزير (المتوفى: 840ه)	ShamelaY19	29677	0.74204
		لا تحزن	عائض بن عبد الله القرني	ShamAY	12729	0.74201
		 مجموعة رسائل الإمام الغزالي 	 الغزالي 	ABLibrary	8593	0.74182
		البحر المديد في تفسير القرآن المجيد [ج ٥]	أحمد بن محمد بن عجيبة	Rafed	3836	0.74174
		تفسير ابن باديس ((في مجالس التذكير من كلام الحكيم الخبير)).	عبد الحميد محمد بن باديس الصنهاجي (المتوفى: 1359هـ)	ShamAY	55	0.74167
		رسائل الشريف المرتضى [ج ٣]	علي بن الحسين الموسوي العلوي [ الشريف المرتضى علم الهدى ]	Rafed	3616	0.74136
		الوسيط في تراجم أدباء شنقيط والكلام على تلك البلاد تحديدا وتخطيطا وعاداتهم وأخلاقهم وما يتعلق بذلك	أحمد بن الأمين الشّنْقِيطي (المتوفى: 1331هـ)	ShamAY	1629	0.74117
		اعجاز القرآن 	ابوبكر محمد بن طيب باقلاني	Ghbook	2771	0.7409
		تفسير المراغي [ج ١١]	أحمد مصطفى المراغي	Rafed	1681	0.74082
		سهام الإسلام	عبد اللطيف بن علي بن أحمد بن محمد السلطاني القنطري الجزائري (المتوفى: 1404هـ)	ShamAY	31654	0.74073
		 زبدة خلاصة التصوف ( حل الرموز ومفاتيح الكنوز ) 	 العز بن عبد السلام 	ABLibrary	8757	0.74055
		تفسير المراغي [ج ٥]	أحمد مصطفى المراغي	Rafed	1665	0.74051
		رسالة الصاهل والشاجح	أحمد بن عبد الله بن سليمان بن محمد بن سليمان المعري، التنوخي (المتوفى: 449هـ)	ShamAY	563	0.74041
		تيسير التفسير للقطان	إبراهيم القطان (المتوفى: 1404هـ)	ShamAY	29	0.74039
		الرسائل الأحمدية - الجزء1	الشيخ أحمد آل طعان البحراني	Masaha	1796	0.74031
		ديوان ابن مشرف	أحمد بن علي بن حسين بن مشرف , ت: 1285 هـ	ShamAY	37876	0.7403
		إغاثة اللهفان في مصايد الشيطان ط عالم الفوائد	أبو عبد الله محمد بن أبي بكر بن أيوب ابن قيم الجوزية (691 - 751)	ShamelaY19	18612	0.74023
		المقتطف من أزاهر الطرف	أبو الحسن على بن موسى بن سعيد المغربي الأندلسي (المتوفى: 685هـ)	ShamAY	9100	0.74022
		موضوعات صالحة للخطب والوعظ	محمد بن عبد الرحمن بن محمد بن عبد الله بن عبد الرحمن بن محمد بن قاسم العاصمي الحنبلي (المتوفى: 1421هـ)	ShamAY	7373	0.74013
		 أدب الطف أو شعراء الحسين ( ع ) 	 جواد شبر 	ABLibrary	7401	0.74013
		كتاب الجواهر الثمينة في محاسن المدينة	محمّد كبريت الحسيني المدني	Rafed	2347	0.73991
		عقيدة المسلم	محمد الغزالي	ShamAY	35259	0.73977
		تفسير المراغي [ج ١٢]	أحمد مصطفى المراغي	Rafed	1682	0.73964
		مجموعة الرسائل والمسائل النجدية لبعض علماء نجد الأعلام (الجزء الثالث)	عبد اللطيف بن عبد الرحمن بن حسن بن محمد بن عبد الوهاب آل الشيخ (المتوفى: 1293هـ)	ShamAY	11379	0.73963
		الدّرر الملتقطة في تفسير الآيات القرآنيّة	محمد إسماعيل الخواجوئي	Rafed	1406	0.73928
		البحر المديد في تفسير القرآن المجيد [ج ٣]	أحمد بن محمد بن عجيبة	Rafed	3797	0.73916
		 جواهر التصوف 	 يحيى بن معاذ الرازي 	ABLibrary	8686	0.73902
		دراسات وتوجيهات إسلامية	أحمد سحنون (المتوفى: 1424هـ)	ShamAY	1937	0.73895
		 كنز الفوائد 	 أبي الفتح الكراجكي 	ABLibrary	7903	0.73876
		لمحات من حياة شيخ الإسلام ابن تيمية	الواحدي :: عبد الرحمن بن عبد الخالق	ShamAY	35828	0.73875
		بذل النصائح الشرعية فيما على السلطان وولاة الأمور وسائر الرعية	محب الدين أبو حامد محمد بن أحمد المقدسي الشافعي	ShamelaY19	36111	0.73868
		الوسيط في تراجم أدباء شنقيط والكلام على تلك البلاد تحديدا وتخطيطا وعاداتهم وأخلاقهم وما يتعلق بذلك	أحمد بن الأمين الشنقيطي (المتوفى: 1331ه)	ShamelaY19	95696	0.73864
		مقامات الزمخشري	ابو القاسم محمود بن عمر الزمخشري	Masaha	2358	0.73859
		في سبيل الإصلاح	علي بن مصطفى الطنطاوي (المتوفى: 1420هـ)	ShamAY	32184	0.73855
		عقائد الإماميّة الإثنى عشريّة [ج ١]	السيد إبراهيم الموسوي الزنجاني	Rafed	3537	0.73853
		النكت الدالة على البيان في أنواع العلوم والأحكام	أحمد محمد بن علي بن محمد الكَرَجي القصَّاب (المتوفى: نحو 360هـ)	ShamAY	9065	0.73847
		البيان المبدي لشناعة القول المجدي	سليمان بن سحمان بن مصلح بن حمدان بن مصلح بن حمدان بن مسفر بن محمد بن مالك بن عامر الخثعمي , التبالي , العسيري , النجدي (المتوفى: 1349هـ)	ShamAY	7568	0.73843
		موسوعة الأعمال الكاملة للإمام محمد الخضر حسين	الإمام محمد الخضر حسين (المتوفى: 1377 ه)	Sham19Y	14579	0.73838
		عدة المريد الصادق	شهاب الدين أبو العباس أحمد بن أحمد بن محمد بن عيسى البرنسي الفاسي، المعروف بـ زروق (المتوفى: 899هـ)	ShamAY	31741	0.73807
		إرشاد العباد للاستعداد ليوم المعاد	الواحدي :: عبد العزيز السلمان	ShamAY	34998	0.73798
		 عقائد الإمامية الإثني عشرية 	 السيد ابراهيم الموسوي الزنجانى النجفي 	ABLibrary	8513	0.73791
		أدب الطّف أو شعراء الحسين عليه السلام [ج ٣]	جواد شبّر	Rafed	361	0.73788
		مجلة المقتبس	محمد كرد علي	ShamAY	443	0.73783
		 أدب الطف أو شعراء الحسين ( ع ) 	 جواد شبر 	ABLibrary	7404	0.73774
		دراسات وتوجيهات إسلامية	أحمد سحنون (المتوفى: 1424ه)	ShamelaY19	96557	0.73767
		البحر المديد في تفسير القرآن المجيد [ج ١]	أحمد بن محمد بن عجيبة	Rafed	3782	0.73747
		 مدارج السالكين بين منازل اياك نعبد واياك نستعين 	 ابن قيم الجوزية 	ABLibrary	8798	0.73743
		تفسير القاسمي = محاسن التأويل	محمد جمال الدين بن محمد سعيد بن قاسم الحلاق القاسمي (المتوفى: 1332ه)	ShamelaY19	23631	0.7374
		تفسير المراغي [ج ١٣]	أحمد مصطفى المراغي	Rafed	1683	0.73729
		 الفقه عند الشيخ الأكبر 	 محمود محمود الغراب 	ABLibrary	8911	0.73721
		الجديد في تفسير القرآن المجيد [ج ٢]	الشيخ محمّد السبزواري النجفي	Rafed	3700	0.7372
		الرسائل السياسية	عمرو بن بحر بن محبوب الكناني بالولاء، الليثي، أبو عثمان، الشهير بالجاحظ (المتوفى: 255هـ)	ShamAY	10709	0.73717
		مجموع كتب ورسائل الإمام القاسم بن إبراهيم الرسي ( 169 ـ 246 هـ ) [ج ٢]	القاسم بن ابراهيم بن اسماعيل بن ابراهيم بن الحسن بن الحسن بن علي بن أبي طالب عليهم السلام	Rafed	3478	0.73716
		التوبة وظيفة العمر	الواحدي :: محمد بن إبراهيم الحمد	ShamAY	35131	0.73714
		 مجموع كتب ورسائل الإمام القاسم بن إبراهيم الرسي 	 القاسم بن إبراهيم الرسي 	ABLibrary	8592	0.73707
		الحيوان - ت: عبد السلام هارون	أبو عثمان عمرو بن بحر الجاحظ	ShamAY	33772	0.73704
		فتح الرحيم الملك العلام في علم العقائد والتوحيد والأخلاق والأحكام المستنبطة من القرآن - ت البدر	عبد الرحمن السعدي	ShamAY	35742	0.73701
		الرسائل السياسية	عمرو بن بحر بن محبوب الكناني بالولاء، الليثي، أبو عثمان، الشهير بالجاحظ (المتوفى: 255ه)	Sham19Y	10709	0.73677
		 الجواهر الثمينة في محاسن المدنية 	 محمد كبريت الحسيني المدني 	ABLibrary	9033	0.73677
		الإمتاع والمؤانسة	أبو حيان التوحيدي، علي بن محمد بن العباس (المتوفى: نحو 400هـ)	ShamAY	10521	0.73673
		جامع المسائل لابن تيمية ط عالم الفوائد - المجموعة التاسعة	شيخ الإسلام أحمد بن عبد الحليم بن عبد السلام ابن تيمية (661 - 728 ه)	ShamelaY19	145376	0.73657
		التفسير الوسيط للقرآن الكريم [ج ١]	الدكتور محمد سيد طنطاوي	Rafed	3931	0.73657
		إحسان سلوك العبد المملوك إلى ملك الملوك	أبو محمد عبد الكريم بن صالح بن عبد الكريم الحميد	ShamelaY19	36176	0.73654
		مقتل الحسين عليه السلام	السيد عبد الرزاق الموسوي المقرّم	Rafed	1574	0.73631
		 الحقائق في محاسن الأخلاق 	 الفيض الكاشاني 	ABLibrary	8850	0.73629
		تفسير من وحي القرآن [ج ١٢]	السيد محمد حسين فضل الله	Rafed	3274	0.7362
		مناهج المفسرين	الدكتور منيع عبد الحليم محمود	Rafed	876	0.73602
		 أعيان الشيعة 	 السيد محسن الأمين 	ABLibrary	81	0.736
		 أدب الطف أو شعراء الحسين ( ع ) 	 جواد شبر 	ABLibrary	7402	0.73594
		موسوعة الأعمال الكاملة للإمام محمد الخضر حسين	الإمام محمد الخضر حسين (المتوفى: 1377 هـ)	ShamAY	38481	0.73593
		موارد الظمآن لدروس الزمان، خطب وحكم وأحكام وقواعد ومواعظ وآداب وأخلاق حسان	عبد العزيز بن محمد بن عبد المحسن السلمان (المتوفى: 1422هـ)	ShamAY	7480	0.73593
		منار الهدى في النصّ على إمامة الأئمّة الإثني عشر	الشيخ علي البحراني	Rafed	3574	0.73543
		تحقيقات وأنظار في القرآن والسنة	محمد الطاهر ابن عاشور	ShamelaY19	133368	0.73536
		شرح القصيدة النونيّة [ج ٢]	ابن القيّم الجوزيّة	Rafed	3431	0.73533
		العوائق	محمد أحمد الراشد	ShamAY	33336	0.73511
		زبدة التّفاسير [ج ٦]	فتح الله بن شكر الله الشريف الكاشاني	Rafed	1725	0.7351
		تفسير البيان الصافي لكلام الله الوافي [ج ٤]	الشيخ محمد حسن القبيسي العاملي	Rafed	3759	0.73508
		مجلة المقتبس	محمد كرد علي	ShamelaY19	26523	0.73506
		طريق الهجرتين - دار ابن القيم	محمد بن أبي بكر أيوب الزرعي أبو عبد الله	ShamAY	34427	0.73505
		مجموعة رسائل الإمام الغزالي	أبو حامد محمد بن محمد الغزالي الطوسي (المتوفى: 505هـ)	ShamAY	34797	0.73504
		الجانب العاطفي من الإسلام	محمد الغزالي :: أبو حامد الغزالي	ShamAY	36031	0.73477
		أدب الطّف أو شعراء الحسين عليه السلام [ج ٤]	جواد شبّر	Rafed	365	0.73467
		نهج البلاغة [ج ٣]	محمد عبده	Rafed	1619	0.73465
		البدء والتاريخ	المطهر بن طاهر المقدسي (المتوفى: نحو 355ه)	Sham19Y	12318	0.73463
		تيسير اللطيف المنان في خلاصة تفسير القرآن	أبو عبد الله، عبد الرحمن بن ناصر بن عبد الله بن ناصر بن حمد آل سعدي (المتوفى: 1376ه)	ShamelaY19	31363	0.73458
		مطمح الأنفس ومسرح التأنس في ملح أهل الأندلس	أبي نصر الفتح بن محمد بن عبيد الله بن خاقان ابن عبد الله القيسي الإشبيلي	ShamelaY19	95581	0.73455
		إيقاظ أولي الهمم العالية إلى اغتنام الأيام الخالية	الواحدي :: عبد العزيز السلمان	ShamAY	35000	0.73449
		تفسير من وحي القرآن [ج ٨]	السيد محمد حسين فضل الله	Rafed	3269	0.73445
		مناهج المفسرين	منيع بن عبد الحليم محمود (المتوفى: 1430هـ)	ShamAY	1236	0.73444
		النبأ العظيم	محمد بن عبد الله دراز	ShamelaY19	18795	0.73441
		فكر ومباحث	علي بن مصطفى الطنطاوي (المتوفى: 1420هـ)	ShamAY	32251	0.73439
		 شرح القصيدة النونية المسماة الكافية الشافية في الانتصار للفرقة الناجية 	 ابن قيم الجوزية 	ABLibrary	8461	0.73438
		التفسير الوسيط للقرآن الكريم	محمد سيد طنطاوي	ShamelaY19	23590	0.73431
		ريحانة الكتاب ونجعة المنتاب	محمد بن عبد الله بن سعيد السلماني اللوشي الأصل، الغرناطي الأندلسي، أبو عبد الله، الشهير بلسان الدين ابن الخطيب (المتوفى: 776هـ)	ShamAY	6955	0.73426
		جمهرة مقالات ورسائل الشيخ الإمام محمد الطاهر ابن عاشور	ابن عاشور	ShamelaY19	147597	0.73426
		هي السلفية نسبة وعقيدة ومنهجا	محمّد إبراهيم شقرة	ShamAY	35589	0.73423
		التّفسير القرآني للقرآن [ج ١]	عبدالكريم الخطيب	Rafed	3343	0.73422
		تفسير أبي السعود = إرشاد العقل السليم إلى مزايا الكتاب الكريم	أبو السعود العمادي محمد بن محمد بن مصطفى (المتوفى: 982هـ)	ShamAY	1429	0.73411
		خريدة القصر وجريدة العصر - قسم شعراء العراق جـ 1	عماد الدين الكاتب الأصبهاني، محمد بن محمد صفي الدين بن نفيس الدين حامد بن أله، أبو عبد الله (المتوفى: 597هـ)	ShamAY	12821	0.73382
		تفسير المراغي [ج ٦]	أحمد مصطفى المراغي	Rafed	1666	0.73377
		فيض القدير شرح الجامع الصغير	زين الدين محمد المدعو بعبد الرؤوف بن تاج العارفين بن علي بن زين العابدين الحدادي ثم المناوي القاهري (المتوفى: 1031ه)	ShamelaY19	21660	0.73376
		البخلاء للجاحظ	عمرو بن بحر بن محبوب الكناني بالولاء، الليثي، أبو عثمان، الشهير بالجاحظ (المتوفى: 255هـ)	ShamAY	10501	0.73374
		كتاب الجواب الكافي لمن سأل عن الدواء الشافي (الداء والدواء)	محمد بن أبي بكر أيوب الزرعي ابن القيم أبو عبد الله	ShamAY	34414	0.73372
		رسالة الشرك ومظاهره	مبارك بن محمد الميلي الجزائري (المتوفى: 1364ه)	ShamelaY19	37348	0.73371
		 رسالتان في الحكمة المتعالية والفكر الروحي 	 حسن بن حمزة الشيرازي ( شرف البلاسي ) 	ABLibrary	8784	0.73369
		البخلاء للجاحظ	عمرو بن بحر بن محبوب الكناني بالولاء، الليثي، أبو عثمان، الشهير بالجاحظ (المتوفى: 255ه)	Sham19Y	10501	0.73367
		من حديث النفس	علي بن مصطفى الطنطاوي (المتوفى: 1420 ه)	Sham19Y	17665	0.73365
		فيض القدير شرح الجامع الصغير	زين الدين محمد المدعو بعبد الرؤوف بن تاج العارفين بن علي بن زين العابدين الحدادي ثم المناوي القاهري (المتوفى: 1031ه)	Sham19Y	21660	0.7336
		 سيرة الأئمة الاثني عشر ( ع ) 	 هاشم معروف الحسني 	ABLibrary	7547	0.73354
		مجلة البيان (238 عددا)	تصدر عن المنتدى الإسلامي	ShamAY	1541	0.73353
		إصلاح المساجد من البدع والعوائد	محمد جمال الدين بن محمد سعيد بن قاسم الحلاق القاسمي (المتوفى: 1332هـ)	ShamAY	10541	0.73346
		مناهج المفسرين	منيع بن عبد الحليم محمود (المتوفى: 1430ه)	ShamelaY19	38093	0.73338
		 العقيدة وعلم الكلام ( ويليه نظرة عابرة في مزاعم من ينكر نزول عيسى ( ع ) قبل الآخرة و . . . ) 	 الشيخ محمد زاهد الكوثري 	ABLibrary	8349	0.73334
		مناهج المفسرين	منيع بن عبد الحليم محمود (المتوفى: 1430ه)	Sham19Y	38093	0.73331
		الانتصار لأهل الأثر = نقض المنطق - ط عالم الفوائد	شيخ الإسلام أحمد بن عبد الحليم بن عبد السلام ابن تيمية	ShamAY	38316	0.73323
		صور وخواطر	علي بن مصطفى الطنطاوي (المتوفى: 1420هـ)	ShamAY	31975	0.73321
		التذكرة الفخرية	الصاحب بهاء الدين علي بن عيسى بن أبي الفتح الإربلي (المتوفى: 692هـ)	ShamAY	724	0.73315
		بشريات السلامة من أهوال القيامة	جميلة المصري	ShamAY	34950	0.73313
		أدب الطّف أو شعراء الحسين عليه السلام [ج ٦]	جواد شبّر	Rafed	373	0.73285
		التفسير القيم = تفسير القرآن الكريم لابن القيم	محمد بن أبي بكر بن أيوب بن سعد شمس الدين ابن قيم الجوزية (المتوفى: 751ه)	Sham19Y	23606	0.73283
		تفسير القاسمي [ج ١]	محمّد جمال الدين القاسمي	Rafed	3902	0.73279
		 مجموع رسائل الإمام الهادي إلى الحق القويم يحيى بن الحسين بن قاسم بن إبراهيم 	 الإمام يحيى بن الحسين 	ABLibrary	8590	0.73269
		مختصر الصواعق المرسلة على الجهميّة والمعطّلة	ابن القيّم الجوزيّة	Rafed	3496	0.73263
		التفسير الواضح [ج ٢]	دكتور محمّد محمود حجازي	Rafed	3988	0.73256
		الداء والدواء = الجواب الكافي ط عالم الفوائد	أبو عبدالله محمد بن أبي بكر بن أيوب ابن قيم الجوزية (691 - 751)	ShamelaY19	98093	0.73239
		الدّرر النجفيّة [ج ٤]	الشيخ يوسف بن أحمد البحراني [ صاحب الحدائق ]	Rafed	3713	0.73229
		الأسباب الحقيقية لحرق إحياء علوم الدين من قبل أمير المؤمنين ابن تاشفين	محمد بن عبد الرحمن المغراوي	ShamAY	35719	0.73225
		تفسير من وحي القرآن [ج ١٩]	السيد محمد حسين فضل الله	Rafed	3284	0.7322
		 في ظلال نهج البلاغة 	 محمد جواد مغنية 	ABLibrary	965	0.73211
		دلائل الإعجاز في علم المعاني	أبو بكر عبد القاهر بن عبد الرحمن بن محمد الفارسي الأصل، الجرجاني الدار (المتوفى: 471هـ)	ShamAY	1040	0.73203
		الرسائل الأحمديّة [ج ١]	الشيخ أحمد آل طعّان	Rafed	1330	0.73195
		العقود الدرية من مناقب شيخ الإسلام أحمد بن تيمية	شمس الدين محمد بن أحمد بن عبد الهادي بن يوسف الدمشقي الحنبلي (المتوفى: 744هـ)	ShamAY	6663	0.73193
		طريق الهجرتين وباب السعادتين	محمد بن أبي بكر بن أيوب بن سعد شمس الدين ابن قيم الجوزية (المتوفى: 751هـ)	ShamAY	12029	0.73184
		التفسير القيم = تفسير القرآن الكريم لابن القيم	محمد بن أبي بكر بن أيوب بن سعد شمس الدين ابن قيم الجوزية (المتوفى: 751ه)	ShamelaY19	23606	0.73161
		مرزبان نامه	اسبهبد مرزبان بن شروين بن رستم بن شهريار (المتوفى: ق 4 هـ)	ShamAY	8305	0.73158
		 نفح الطيب من غصن الأندلس الرطيب 	 أحمد بن محمد المقري التلمساني 	ABLibrary	9303	0.73149
		شرح نهج البلاغة - الجزء1	ابن ابي الحديد	Masaha	2790	0.73145
		 علم القلوب 	 أبي طالب المكي 	ABLibrary	8702	0.7314
		إشارات على الطريق	علي القرني	ShamAY	35045	0.73138
		من حديث النفس	علي بن مصطفى الطنطاوي (المتوفى: 1420 هـ)	ShamAY	32332	0.73134
		سيرة الأئمة الاثني عشر(ع) - الجزء1	هاشم معروف الحسني‏	Masaha	2222	0.73125
		البدء والتاريخ	المطهر بن طاهر المقدسي (المتوفى: نحو 355هـ)	ShamAY	12318	0.73123
		البحر المديد في تفسير القرآن المجيد	أبو العباس أحمد بن محمد بن المهدي بن عجيبة الحسني الأنجري الفاسي الصوفي (المتوفى: 1224هـ)	ShamAY	10273	0.73108
		مرزبان نامه	اسبهبد مرزبان بن شروين بن رستم بن شهريار (المتوفى: ق 4 ه)	Sham19Y	8305	0.73105
		 مختصر الصواعق المرسلة على الجهمية المعطلة ( استعجال الصواعق ) 	 ابن قيم الجوزية ( اختصار محمد بن الموصلي ) 	ABLibrary	8597	0.73094
		 سيرة المصطفى ( ص ) ( نظرة جديدة ) 	 هاشم معروف الحسني 	ABLibrary	7577	0.73094
		فيض القدير - ط العلمية	المناوي	ShamAY	33524	0.73093
		التفسير الوسيط للقرآن الكريم	محمد سيد طنطاوي	Sham19Y	23590	0.73093
		سيرة المصطفى نظرة جديدة	هاشم معروف الحسني‏	Masaha	2224	0.73092
		تيسير اللطيف المنان في خلاصة تفسير القرآن	أبو عبد الله، عبد الرحمن بن ناصر بن عبد الله بن ناصر بن حمد آل سعدي (المتوفى: 1376هـ)	ShamAY	31363	0.73085
		المحاور الخمسة للقرآن الكريم	محمد الغزالي	ShamAY	36727	0.73079
		الإمام السجاد جهاد و أمجاد	أ. د. حسين الحاج حسن	Masaha	1854	0.73076
		الفصول المهمة في تأليف الأمة	السيد عبدالحسين شرف الدين الموسوي	Rafed	167	0.73075
		 حياة الإمام الحسين ( ع ) 	 الشيخ باقر شريف القرشي 	ABLibrary	7494	0.73064
		تفسير من وحي القرآن [ج ١٠]	السيد محمد حسين فضل الله	Rafed	3272	0.73048
		الميزان في تفسير القرآن [ج ٧]	آية الله السيد محمد حسين الطباطبائي	Rafed	1436	0.73047
		فيض القدير شرح الجامع الصغير	زين الدين محمد المدعو بعبد الرؤوف بن تاج العارفين بن علي بن زين العابدين الحدادي ثم المناوي القاهري (المتوفى: 1031هـ)	ShamAY	21660	0.73044
		إحسان سلوك العبد المملوك إلى ملك الملوك	أبو محمد عبد الكريم بن صالح بن عبد الكريم الحميد	ShamAY	1033	0.7304
		رسالة الشرك ومظاهره	مبارك بن محمد الميلي الجزائري (المتوفى: 1364هـ)	ShamAY	625	0.73029
		عون الحنّان في شرح الأمثال في القرآن	الشيخ علي أحمد عبد العال الطهطاوي	Rafed	3960	0.73025
		دلائل الإعجاز في علم المعاني	أبو بكر عبد القاهر بن عبد الرحمن بن محمد الفارسي الأصل، الجرجاني الدار (المتوفى: 471ه)	ShamelaY19	22664	0.7302
		الأخلاق والسير في مداواة النفوس	أبو محمد علي بن أحمد بن سعيد بن حزم الأندلسي القرطبي الظاهري (المتوفى: 456هـ)	ShamAY	6874	0.73017
		آداب النفوس للمحاسبي	الحارث بن أسد المحاسبي، أبو عبد الله (المتوفى: 243هـ)	ShamAY	6853	0.73009
		تفسير بيان السعادة في مقامات العبادة [ج ٢]	سلطان محمّد الجنابذي [ سلطان علي شاه ]	Rafed	3364	0.73001
		الميزان في تفسير القرآن [ج ٨]	آية الله السيد محمد حسين الطباطبائي	Rafed	1437	0.72999
		فتح البيان في مقاصد القرآن	أبو الطيب محمد صديق خان بن حسن بن علي ابن لطف الله الحسيني البخاري القنوجي (المتوفى: 1307ه)	ShamelaY19	37458	0.72996
		تعظيم الله جل جلاله «تأملات وقصائد»	أحمد بن عثمان المزيد	ShamAY	32096	0.72991
		التفسير القيم = تفسير القرآن الكريم لابن القيم	محمد بن أبي بكر بن أيوب بن سعد شمس الدين ابن قيم الجوزية (المتوفى: 751هـ)	ShamAY	23606	0.72984
		ديوان ابن أبي حصينة	الأمير أبو الفتح الحسن بن عبد الله المشهور بابن أبي حصينة السلمي المعري	Sham19Y	148536	0.72979
		ليس من الإسلام	محمد الغزالي	ShamAY	33249	0.72967
		 تاج العقائد ومعدن الفوائد 	 علي بن محمد الوليد 	ABLibrary	8373	0.72967
		الضياء الشارق في رد شبهات الماذق المارق	سليمان بن سحمان بن مصلح بن حمدان بن مصلح بن حمدان بن مسفر بن محمد بن مالك بن عامر الخثعمي , التبالي , العسيري , النجدي (المتوفى: 1349هـ)	ShamAY	7664	0.72962
		صلح الحسن(ع)	الشيخ راضي آل ياسين	Masaha	2315	0.72916
		تاريخ الفقه الجعفري‏	هاشم معروف الحسني‏	Masaha	2707	0.72911
		تفسير من وحي القرآن [ج ١٦]	السيد محمد حسين فضل الله	Rafed	3281	0.72909
		تاريخ الفقه الجعفري‏	هاشم معروف الحسني‏	Masaha	3197	0.72906
		 شرح حكم الشيخ الأكبر 	 حسن بن موسى القادري 	ABLibrary	8861	0.72903
		الرّحلة الحجازيّة	الأمير شكيب أرسلان	Rafed	2385	0.72901
		أوراق دعوية	سالم العجمي	ShamAY	33503	0.72893
		البخلاء	عمرو بن بحر الجاحظ	Masaha	2332	0.7289
		تفسير من وحي القرآن [ج ٢٠]	السيد محمد حسين فضل الله	Rafed	3285	0.72886
		إحقاق الحقّ وإزهاق الباطل [ج ١]	السيّد نور الله الحسيني المرعشي التستري	Rafed	2654	0.72878
		تفسير المراغي [ج ١٤]	أحمد مصطفى المراغي	Rafed	1684	0.72872
		مجلة البيان (238 عددا)	تصدر عن المنتدى الإسلامي	Sham19Y	1541	0.72868
		مقالات في كلمات	علي بن مصطفى الطنطاوي (المتوفى: 1420 ه)	Sham19Y	17802	0.72867
		أسرار البلاغة فى علم البيان	أبو بكر عبد القاهر بن عبد الرحمن بن محمد الفارسي الأصل، الجرجاني الدار (المتوفى: 471 هـ)	ShamAY	32338	0.72865
		تفسير البيان الصافي لكلام الله الوافي [ج ٢]	الشيخ محمد حسن القبيسي العاملي	Rafed	3757	0.72862
		تفسير من وحي القرآن [ج ١٥]	السيد محمد حسين فضل الله	Rafed	3280	0.7286
		 تلخيص الشافي 	 الشيخ الطوسي 	ABLibrary	8390	0.72853
		 عنوان التوفيق في آداب الطريق ( ويليه شرح الصلاة المشيشية للنابلسي / شرح حزب البحر للإزميري ) 	 ابن عطاء الله السكندري 	ABLibrary	8791	0.72843
		تفسير غرائب القرآن ورغائب الفرقان [ج ٥]	نظام الدين الحسن بن محمّد بن حسين القمي النيسابوري	Rafed	1803	0.7284
		 الرحلة الحجازية ( الارتسامات اللطاف في خاطر الحاج إلى أقدس مطاف ) 	 شكيب أرسلان 	ABLibrary	9092	0.72836
		 البحر المورود في المواثيق والعهود 	 عبد الوهاب الشعراني 	ABLibrary	8833	0.72834
		 تصنيف غرر الحكم ودرر الكلم 	 عبد الواحد الآمدى التميمي 	ABLibrary	7906	0.7283
		تاريخ الفقه الجعفري	هاشم معروف الحسني	Rafed	3882	0.72828
		موعظة المؤمنين من إحياء علوم الدين	محمد جمال الدين بن محمد سعيد بن قاسم الحلاق القاسمي (المتوفى: 1332ه)	Sham19Y	22842	0.72824
		التفسير الوسيط للقرآن الكريم	محمد سيد طنطاوي	ShamAY	23590	0.7282
		موعظة المؤمنين من إحياء علوم الدين	محمد جمال الدين بن محمد سعيد بن قاسم الحلاق القاسمي (المتوفى: 1332ه)	ShamelaY19	22842	0.72811
		 تحفة السالكين ودلائل السائرين لمنهج المقربين 	 محمد بن حسن السمنودي الأزهري ( المنير ) 	ABLibrary	8862	0.72809
		الفتاوى الكبرى لابن تيمية	تقي الدين أبو العباس أحمد بن عبد الحليم بن عبد السلام بن عبد الله بن أبي القاسم بن محمد ابن تيمية الحراني الحنبلي الدمشقي (المتوفى: 728هـ)	ShamAY	9690	0.72807
		الرسائل الأدبية	عمرو بن بحر بن محبوب الكناني بالولاء، الليثي، أبو عثمان، الشهير بالجاحظ (المتوفى: 255هـ)	ShamAY	10670	0.72807
		فصول في الدعوة والإصلاح	علي بن مصطفى الطنطاوي (المتوفى: 1420هـ)	ShamAY	32246	0.72806
		مفتاح الأفكار للتأهب لدار القرار	أبو محمد عبد العزيز بن محمد بن عبد الرحمن بن عبد المحسن السلمان (المتوفى: 1422هـ)	ShamAY	120	0.72804
		رحلة ابن معصوم المدني أو سلوة الغريب وأسوة الأريب	السيد علي صدر الدين المدني	Rafed	2267	0.72801
		غرر الخصائص الواضحة، وعرر النقائض الفاضحة	أبو إسحق برهان الدين محمد بن إبراهيم بن يحيى بن علي المعروف بالوطواط (المتوفى: 718هـ)	ShamAY	1349	0.72799
		ربيع الأبرار و نصوص الأخبار - الجزء1	ابو القاسم محمود بن عمر الزمخشري	Masaha	2979	0.72794
		التّفسير القرآني للقرآن [ج ٩]	عبدالكريم الخطيب	Rafed	3351	0.72793
		مطمح الأنفس ومسرح التأنس في ملح أهل الأندلس	أبي نصر الفتح بن محمد بن عبيد الله بن خاقان ابن عبد الله القيسي الإشبيلي	ShamAY	1566	0.72781
		المستطرف في كل فن مستطرف - العلمية	شهاب الدين محمد بن أحمد أبي الفتح الأبشيهي	ShamAY	33781	0.72763
		تاج المفرق في تحلية علماء المشرق	خالد بن عيسى بن أحمد بن إبراهيم بن أبي خالد البلوي، أبو البقاء (المتوفى: بعد 767هـ)	ShamAY	478	0.72756
		العباس(ع)	السيد عبد الرزاق المقرم	Masaha	515	0.72755
		تفسير غرائب القرآن ورغائب الفرقان [ج ٢]	نظام الدين الحسن بن محمّد بن حسين القمي النيسابوري	Rafed	1793	0.72752
		عقائد الإمامية	الشيخ محمد رضا المظفر	Masaha	346	0.72748
		الميزان في تفسير القرآن [ج ١٢]	آية الله السيد محمد حسين الطباطبائي	Rafed	1444	0.72747
		 الاختلاف في اللفظ والرد على الجهمية والمشبهة 	 ابن قتيبة الدينوري 	ABLibrary	8308	0.72741
		فتحُ البيان في مقاصد القرآن	أبو الطيب محمد صديق خان بن حسن بن علي ابن لطف الله الحسيني البخاري القِنَّوجي (المتوفى: 1307هـ)	ShamAY	660	0.72727
		الفكر السامي في تاريخ الفقه الإسلامي	محمد بن الحسن بن العربيّ بن محمد الحجوي الثعالبي الجعفري الفاسي (المتوفى: 1376هـ)	ShamAY	10013	0.72692
		الروض الباسم في الذب عن سنة أبي القاسم - صلى الله عليه وسلم -	ابن الوزير، محمد بن إبراهيم بن علي بن المرتضى بن المفضل الحسني القاسمي، أبو عبد الله، عز الدين، من آل الوزير (المتوفى: 840ه)	ShamelaY19	36427	0.72692
		ديوان ابن أبي حصينة	الأمير أبو الفتح الحسن بن عبد الله المشهور بابن أبي حصينة السلمي المعري	ShamelaY19	148536	0.72684
		ديوان أبي تمام	أبي تمام الطائي حبيب بن أوس المتوفى سنة 231 هـ	ShamAY	37821	0.72682
		 الدرر النجفية من الملتقطات اليوسفية 	 المحقق البحراني 	ABLibrary	993	0.72681
		تفسير القاسمي = محاسن التأويل	محمد جمال الدين بن محمد سعيد بن قاسم الحلاق القاسمي (المتوفى: 1332هـ)	ShamAY	23631	0.72675
		قصص من التاريخ	علي بن مصطفى الطنطاوي (المتوفى: 1420هـ)	ShamAY	31980	0.72672
		 من ائمة الموحدين الإمام محيي الدين بن عربي 	 عبد الرحمن حسن محمود 	ABLibrary	8913	0.7267
		صلح الحسن عليه السلام	الشيخ راضي آل ياسين	Rafed	175	0.72667
		تفسير من وحي القرآن [ج ٢٣]	السيد محمد حسين فضل الله	Rafed	3288	0.72665
		عون الحنان في شرح الأمثال في القرآن	على أحمد عبد العال الطهطاوى	ShamAY	1480	0.72648
		الرحلة الحجازية المسماة الارتسامات اللطاف في خاطر الحاج إلى أقدس مطاف‏	شكيب أرسلان	Masaha	4551	0.72645
		تيسير الكريم الرحمن في تفسير كلام المنان	عبد الرحمن بن ناصر بن عبد الله السعدي (المتوفى: 1376هـ)	ShamAY	42	0.72643
		إغاثة اللهفان من مصائد الشيطان - المعرفة	محمد بن أبي بكر أيوب الزرعي أبو عبد الله	ShamAY	34412	0.72634
		تفسير التّحرير والتّنوير [ج ١]	الشيخ محمّد الطاهر ابن عاشور	Rafed	2905	0.72633
		الفواكه الدواني على رسالة ابن أبي زيد القيرواني - الثقافة الدينية	أحمد بن غنيم بن سالم النفراوي (المتوفى : 1126هـ)	ShamAY	34228	0.72624
		تفسير من وحي القرآن [ج ١٨]	السيد محمد حسين فضل الله	Rafed	3283	0.72618
		الجديد في تفسير القرآن المجيد [ج ١]	الشيخ محمّد السبزواري النجفي	Rafed	3699	0.72609
		الذخائر والعبقريات - معجم ثقافي جامع	عبد الرحمن بن عبد الرحمن بن سيد بن أحمد البرقوقي الأديب المصري (المتوفى: 1363هـ)	ShamAY	819	0.726
		سيرة حياة الشيخ عبد الرزاق عفيفي	محمد بن أحمد سيد أحمد	ShamAY	35825	0.72598
		رسائل الشريف المرتضى [ج ١]	علي بن الحسين الموسوي العلوي [ الشريف المرتضى علم الهدى ]	Rafed	3614	0.72598
		من معالم الحق في كفاحنا الإسلامي الحديث	محمد الغزالي	ShamAY	33257	0.72593
		الإسلام والإستبداد السياسي	محمد الغزالي	ShamAY	33238	0.72592
		الكتيبة الكامنة في من لقيناه بالأندلس من شعراء المائة الثامنة	لسان الدين بن الخطيب، محمد بن عبد الله (المتوفى: 776هـ)	ShamAY	1027	0.7259
		روح المعاني [ج ١]	أبي الفضل شهاب الدين السيّد محمود الألوسي البغدادي	Rafed	3178	0.72589
		دروس للشيخ محمد الحسن الددو الشنقيطي	محمد الحسن ولد محمد الملقب بـ"الددو" الشنقيطي	ShamAY	906	0.72585
		قواعد التحديث من فنون مصطلح الحديث	محمد جمال الدين بن محمد سعيد بن قاسم الحلاق القاسمي (المتوفى: 1332هـ)	ShamAY	9993	0.72576
		الفكر السامي في تاريخ الفقه الإسلامي	محمد بن الحسن بن العربي بن محمد الحجوي الثعالبي الجعفري الفاسي (المتوفى: 1376ه)	Sham19Y	10013	0.72576
		آثاَرُ ابْنُ بَادِيسَ	عبد الحميد محمد بن باديس الصنهاجي (المتوفى: 1359هـ)	ShamAY	428	0.72573
		 رحلة ابن معصوم المدني ( سلوة الغريب وأسوة الأريب ) 	 السيد علي صدر الدين المدني ( ابن معصوم ) 	ABLibrary	9080	0.72571
		الكشّاف [ج ٣]	محمود بن عمر الزمخشري	Rafed	3123	0.7257
		مع الناس	علي بن مصطفى الطنطاوي (المتوفى: 1420 هـ)	ShamAY	32334	0.72569
		الكشّاف [ج ٤]	محمود بن عمر الزمخشري	Rafed	3124	0.72568
		ديوان ابن هانئ الأندلسي	أبو القاسم محمد بن هانئ بن سعدون الأزدي الأندلسي	ShamAY	37881	0.72565
		مدارج السالكين بين منازل إياك نعبد وإياك نستعين	محمد بن أبي بكر بن أيوب بن سعد شمس الدين ابن قيم الجوزية (المتوفى: 751هـ)	ShamAY	8370	0.72562
		أعلام الدين في صفات المؤمنين	الحسن الديلمي	Masaha	1662	0.72561
		التّفسير القرآني للقرآن [ج ٢]	عبدالكريم الخطيب	Rafed	3344	0.72557
		موعظة المؤمنين من إحياء علوم الدين	محمد جمال الدين بن محمد سعيد بن قاسم الحلاق القاسمي (المتوفى: 1332هـ)	ShamAY	22842	0.72553
		كتاب التوحيد المسمى ب «التخلي عن التقليد والتحلي بالأصل المفيد»	عمر العرباوي الحملاوي (المتوفى: 1405ه)	ShamelaY19	115133	0.72553
		المستطرف في كل فن مستطرف	شهاب الدين محمد بن أحمد بن منصور الأبشيهي أبو الفتح (المتوفى: 852ه)	ShamelaY19	23802	0.72552
		منهاج التأسيس والتقديس في كشف شبهات داود بن جرجيس	عبد اللطيف بن عبد الرحمن بن حسن بن محمد بن عبد الوهاب آل الشيخ (المتوفى: 1293هـ)	ShamAY	12094	0.72549
		تفسير ستّ سور	الملّا حبيب الله الشريف الكاشاني	Rafed	1581	0.72545
		التّفسير القرآني للقرآن [ج ١١]	عبدالكريم الخطيب	Rafed	3353	0.72538
		المنتخب في تفسير القرآن الكريم	لجنة من علماء الأزهر	ShamAY	836	0.72532
		الفوائد المدنيّة	محمّد أمين الإسترابادي	Rafed	1325	0.72528
		أنوار التنزيل وأسرار التأويل [ج ١]	عبدالله بن عمر بن محمد الشيرازي الشافعي البيضاوي	Rafed	3166	0.72524
		آلاء الرحمن في تفسير القرآن [ج ٢]	الشيخ محمد جواد البلاغي	Rafed	3151	0.72516
		وحي القلم	مصطفى صادق بن عبد الرزاق بن سعيد بن أحمد بن عبد القادر الرافعي (المتوفى: 1356هـ)	ShamAY	11755	0.72511
		مقالات في كلمات	علي بن مصطفى الطنطاوي (المتوفى: 1420 هـ)	ShamAY	32363	0.72508
		تفسير من وحي القرآن [ج ١٣]	السيد محمد حسين فضل الله	Rafed	3276	0.72508
		حياة حافظ بن أحمد الحكمي	زيد بن محمد بن هادي المدخلي	ShamAY	32979	0.72504
		تفسير المراغي [ج ١٨]	أحمد مصطفى المراغي	Rafed	1688	0.72504
		مطمع الأنفس ومسرح التأنس في ملح أهل الأندلس	الفتح بن محمد بن عبيد الله بن خاقان ابن عبد الله القيسي، أبو نصر (المتوفى: 528هـ)	ShamAY	6910	0.72497
		زبدة التّفاسير [ج ١]	فتح الله بن شكر الله الشريف الكاشاني	Rafed	1713	0.72493
		عون الحنان في شرح الأمثال في القرآن	على أحمد عبد العال الطهطاوى	Sham19Y	38000	0.72489
		الكشاف - الجزء1	ابو القاسم محمود بن عمر الزمخشري	Masaha	3234	0.72487
		معالم الطريق إلى الله	أبو فيصل البدراني	ShamAY	1742	0.72482
		 الإمام السجاد جهاد وأمجاد 	 حسين الحاج حسن 	ABLibrary	7422	0.7248
		بحار الأنوار [ج ٣]	الشيخ محمّد باقر بن محمّد تقي المجلسي	Rafed	505	0.7248
		بيان المعاني [مرتب حسب ترتيب النزول]	عبد القادر بن ملا حويش السيد محمود آل غازي العاني (المتوفى: 1398ه)	ShamelaY19	23595	0.72478
		لمحات من محاسن الإسلام	محمد بن علي العرفج	ShamAY	33406	0.72476
		ديوان محمود سامي البارودي	محمود سامي باشا بن حسن حسين بن عبد الله البارودي المصري	ShamAY	37857	0.72476
		إغتنام الأوقات في الباقيات الصالحات قبل هجوم هام اللذات ومشتت الشمل ومفرق الجماعات	الواحدي :: عبد العزيز السلمان	ShamAY	34999	0.72475
		 البخلاء 	 الجاحظ 	ABLibrary	809	0.72472
		نظرات في القرآن الكريم	محمد الغزالي	ShamAY	36730	0.7247
		تحت راية القرآن	مصطفى صادق بن عبد الرزاق بن سعيد بن أحمد بن عبد القادر الرافعي (المتوفى: 1356ه)	ShamelaY19	21784	0.72465
		كشف الغطاء عن وجوه مراسم الاهتداء	محمد حسن بن معصوم القزويني	Rafed	345	0.72464
		فتاوى ابن الصلاح	عثمان بن عبد الرحمن، أبو عمرو، تقي الدين المعروف بابن الصلاح (المتوفى: 643هـ)	ShamAY	6137	0.72452
		الميزان في تفسير القرآن [ج ٤]	آية الله السيد محمد حسين الطباطبائي	Rafed	1433	0.72452
		اشارة السبق الى معرفة الحق - الجزء1	الشيخ أبي الحسن الحلبي	Masaha	616	0.72448
		ابو الشهداء الحسين بن علي عليه السلام	عباس محمود العقاد	Masaha	4073	0.72448
		 نقض الوشيعة أو الشيعة بين الحقائق الأوهم 	 السيد محسن الأمين 	ABLibrary	8670	0.72445
		مجموع رسائل الإمام الهادي إلى الحق القويم يحيى بن الحسين بن القاسم بن إبراهيم عليهم السلام	الناشر: مؤسسة الإمام زيد بن علي الثقافية	Rafed	3577	0.72443
		التعريف بالمصطلح الشريف	أحمد بن يحيى بن فضل الله القرشي العدوي العمري، شهاب الدين (المتوفى: 749هـ)	ShamAY	446	0.72441
		المنتخب من كتب شيخ الإسلام	علوي السقاف	ShamelaY19	22890	0.72438
		مذكرة التوحيد	عبد الرزاق عفيفي (المتوفى: 1415ه)	ShamelaY19	30863	0.72435
		الميزان في تفسير القرآن [ج ١١]	آية الله السيد محمد حسين الطباطبائي	Rafed	1440	0.72435
		العواصم والقواصم في الذب عن سنة أبي القاسم	ابن الوزير، محمد بن إبراهيم بن علي بن المرتضى بن المفضل الحسني القاسمي، أبو عبد الله، عز الدين، من آل الوزير (المتوفى: 840هـ)	ShamAY	3	0.72433
		شرح العقيدة الطّحاويّة	ابن أبي العزّ الحنفي	Rafed	3437	0.72431
		 غيث المواهب العلية في شرح الحكم العطائية 	 محمد بن ابراهيم النفزي الرندي 	ABLibrary	8804	0.7243
		الذخائر والعبقريات - معجم ثقافي جامع	عبد الرحمن بن عبد الرحمن بن سيد بن أحمد البرقوقي الأديب المصري (المتوفى: 1363ه)	ShamelaY19	36072	0.72429
		إغاثة اللهفان في مصايد الشيطان ط عالم الفوائد	أبو عبد الله محمد بن أبي بكر بن أيوب ابن قيم الجوزية (691 - 751)	ShamAY	38513	0.72414
		تفسير من وحي القرآن [ج ٦]	السيد محمد حسين فضل الله	Rafed	3265	0.72414
		نسيم الصبا	الحسن بن عمر بن الحسن بن حبيب، أبو محمد، بدر الدين الحلبي (المتوفى: 779هـ)	ShamAY	575	0.72407
		مفتاح الفلاح في عمل اليوم و الليلة	الشيخ البهائي	Masaha	1211	0.72407
		وانقضت أوهام العمر	السيّد جمال محمّد صالح	Rafed	1221	0.72406
		معالم الطريق إلى الله	أبو فيصل البدراني	ShamelaY19	96252	0.72404
		المنتخب في تفسير القرآن الكريم	لجنة من علماء الأزهر	Sham19Y	836	0.72404
		عون الحنان في شرح الأمثال في القرآن	على أحمد عبد العال الطهطاوى	ShamelaY19	38000	0.72393
		العواصم والقواصم في الذب عن سنة أبي القاسم	ابن الوزير، محمد بن إبراهيم بن علي بن المرتضى بن المفضل الحسني القاسمي، أبو عبد الله، عز الدين، من آل الوزير (المتوفى: 840ه)	Sham19Y	29677	0.72389
		دروس للشيخ سعود الشريم	سعود بن إبراهيم بن محمد آل شريم	ShamAY	7741	0.72384
		التفسير الواضح [ج ٣]	دكتور محمّد محمود حجازي	Rafed	3990	0.72378
		العقد المنضد	زيد بن محمد المدخلي	ShamAY	32975	0.72377
		تصنيف غرر الحكم ودرر الكلم‏	عبد الواحد بن محمد التميمي الآمدي	Masaha	4559	0.72377
		غاية الأماني في تفسير الكلام الرباني	أحمد بن إسماعيل بن عثمان الكوراني، شهاب الدين الشافعيّ ثم الحنفي (المتوفى: 893هـ)	ShamAY	1545	0.72375
		أعلام الدين في صفات المؤمنين	الشيخ الحسن بن أبي الحسن الديلمي	Rafed	335	0.7237
		التعريف بالمصطلح الشريف	أحمد بن يحيى بن فضل الله القرشي العدوي العمري، شهاب الدين (المتوفى: 749ه)	ShamelaY19	37051	0.72369
		كتاب التوحيد المسمى بـ «التخلي عن التقليد والتحلي بالأصل المفيد»	عمر العرباوي الحملاوي (المتوفى: 1405هـ)	ShamAY	31656	0.72368
		التفسير المبين	الشيخ محمد جواد مغنية	Masaha	2327	0.72367
		 فضائح الباطنية 	 الغزالي 	ABLibrary	8525	0.72363
		فضائح الباطنية	أبو حامد الغزالي	Rafed	3529	0.72359
		دلائل الإعجاز في علم المعاني	عبد القاهر بن عبد الرحمن الجرجاني	Rafed	2081	0.72356
		رحلة المكانسي‏	محمد بن عبد الوهاب المكانسي	Masaha	4382	0.72356
		مع الله دراسات في الدعوة والدعاة	محمد الغزالي	ShamAY	33254	0.72344
		الدّرر النجفيّة [ج ٣]	الشيخ يوسف بن أحمد البحراني [ صاحب الحدائق ]	Rafed	1553	0.72344
		المراجعات الريحانية	الشيخ محمد حسين كاشف الغطاء	Masaha	4072	0.72343
		تفسير غرائب القرآن ورغائب الفرقان [ج ٣]	نظام الدين الحسن بن محمّد بن حسين القمي النيسابوري	Rafed	1794	0.72341
		المستطرف في كل فن مستطرف	شهاب الدين محمد بن أحمد بن منصور الأبشيهي أبو الفتح (المتوفى: 852هـ)	ShamAY	23802	0.72339
		تفسير من وحي القرآن [ج ١٧]	السيد محمد حسين فضل الله	Rafed	3282	0.72315
		كشف الغطاء عن مبهمات الشريعة الغراء - الجزء1	الشيخ جعفر كاشف الغطاء	Masaha	814	0.72309
		مجلة المنار (كاملة 35 مجلدا)	مجموعة من المؤلفين، محمد رشيد بن علي رضا (المتوفى: 1354هـ) وغيره من كتاب المجلة	ShamAY	6947	0.72306
		 الشهاب الثاقب في وجوب صلاة الجمعة العيني 	 الفيض الكاشاني 	ABLibrary	9337	0.72305
		الفتاوى الكبرى - ط المعرفة	أحمد بن عبد الحليم بن تيمية الحراني أبو العباس	ShamAY	34363	0.72301
		أفلا تتفكرون	الشيخ: عبد العزيز بن ناصر الجليل	ShamAY	35032	0.72298
		أسرار البلاغة	أبو بكر عبد القاهر بن عبد الرحمن بن محمد الفارسي الأصل، الجرجاني الدار (المتوفى: 471هـ)	ShamAY	8187	0.72294
		 رسائل الجنيد 	 الجنيد البغدادي 	ABLibrary	8688	0.72294
		غاية الأماني في تفسير الكلام الرباني	أحمد بن إسماعيل بن عثمان الكوراني، شهاب الدين الشافعي ثم الحنفي (المتوفى: 893ه)	ShamelaY19	95562	0.72291
		الدر الفريد وبيت القصيد	محمد بن أيدمر المستعصمي (639 ه - 710 ه)	ShamelaY19	20762	0.7229
		مختصر الصواعق المرسلة على الجهمية المعطلة	محمد بن أبي بكر بن أيوب بن سعد شمس الدين ابن قيم الجوزية (المتوفى: 751 هـ)	ShamAY	37747	0.72288
		من هدى القرآن [ج ١٣]	السيّد محمّد تقي المدرّسي	Rafed	2142	0.72287
		حقوق الإنسان في الإسلام لعبد الفتاح عشماوي	عبد الفتاح بن سليمان عشماوي	ShamelaY19	23068	0.7228
		 الأسفار عن رسالة الأنوار فيما يتجلى لأهل الذكر من الأنوار 	 عبد الكريم بن ابراهيم الجيلي 	ABLibrary	8809	0.72279
		ديوان ابن شهاب	أبو بكر بن شهاب الحميني الحضرمي	ShamAY	37872	0.72276
		 حياة الإمام موسى بن جعفر ( ع ) 	 الشيخ باقر شريف القرشي 	ABLibrary	7505	0.72269
		الفردوس الأعلى	الشيخ محمد حسين كاشف الغطاء	Masaha	2350	0.72269
		البواكير	علي بن مصطفى الطنطاوي (المتوفى: 1420هـ)	ShamAY	32210	0.72263
		هل البقاء للأقوى أم للأصلح؟	علي بن نايف الشحود	ShamAY	33275	0.72259
		جامع السعادات - الجزء1	الشيخ محمد مهدي النراقي	Masaha	3357	0.72254
		جامع المسائل لابن تيمية ط عالم الفوائد - المجموعة الثامنة	شيخ الإسلام أحمد بن عبد الحليم بن عبد السلام ابن تيمية	ShamAY	37977	0.72252
		 عقائد الإمامية الإثني عشرية 	 السيد ابراهيم الموسوي الزنجانى النجفي 	ABLibrary	8514	0.72251
		من هدى القرآن [ج ١٤]	السيّد محمّد تقي المدرّسي	Rafed	2143	0.72251
		 أصول الدين 	 محمد حسن آل ياسين 	ABLibrary	8335	0.72246
		منهاج أهل الحق والاتباع في مخالفة أهل الجهل والابتداع	سليمان بن سحمان بن مصلح بن حمدان بن مصلح بن حمدان بن مسفر بن محمد بن مالك بن عامر الخثعمي , التبالي , العسيري , النجدي (المتوفى: 1349هـ)	ShamAY	12091	0.72241
		الفوائد المدنية و بذيله الشواهد المكية	السيد نور الدين العاملي	Masaha	1264	0.72241
		تحت راية القرآن	مصطفى صادق بن عبد الرزاق بن سعيد بن أحمد بن عبد القادر الرافعي (المتوفى: 1356ه)	Sham19Y	21784	0.72239
		تفسير من وحي القرآن [ج ٤]	السيد محمد حسين فضل الله	Rafed	3261	0.72238
		زبدة التّفاسير [ج ٥]	فتح الله بن شكر الله الشريف الكاشاني	Rafed	1721	0.72235
		 أدب الطف أو شعراء الحسين ( ع ) 	 جواد شبر 	ABLibrary	7408	0.72231
		الإنسان بين علو الهمة وهبوطها	علي بن نايف الشحود	ShamAY	34825	0.7223
		المعيار و الموازنة في فضائل الإمام أمير المؤمنين علي بن أبي طالب(ع)	جعفر بن محمد الإسكافي‏	Masaha	2874	0.72221
		المدخل إلى مذهب الإمام أحمد لابن بدران	عبد القادر بن أحمد بن مصطفى بن عبد الرحيم بن محمد بدران (المتوفى: 1346هـ)	ShamAY	6309	0.72214
		 تلخيص الشافي 	 الشيخ الطوسي 	ABLibrary	8391	0.72211
		دروس للشيخ سعود الشريم	سعود الشريم	Sham19Y	7741	0.72204
		بيان المعاني [مرتب حسب ترتيب النزول]	عبد القادر بن ملّا حويش السيد محمود آل غازي العاني (المتوفى: 1398هـ)	ShamAY	23595	0.72201
		أسرار البلاغة	أبو بكر عبد القاهر بن عبد الرحمن بن محمد الفارسي الأصل، الجرجاني الدار (المتوفى: 471ه)	Sham19Y	8187	0.72198
		نفح الطيب من غصن الأندلس الرطيب، وذكر وزيرها لسان الدين بن الخطيب	شهاب الدين أحمد بن محمد المقري التلمساني (المتوفى: 1041هـ)	ShamAY	1002	0.72195
		جامع المسائل لابن تيمية ط عالم الفوائد - المجموعة الأولى	شيخ الإسلام أحمد بن عبد الحليم بن عبد السلام ابن تيمية (661 - 728 هـ)	ShamAY	37979	0.72192
		تفسير المراغي [ج ١٥]	أحمد مصطفى المراغي	Rafed	1685	0.72181
		أصل الشيعة وأصولها	الشيخ محمد حسين كاشف الغطاء	Masaha	142	0.72181
		حياة محمد صلى الله عليه وآله وسلم	محمد حسين هيكل (المتوفى: 1376هـ)	ShamAY	9797	0.72175
		الصواعق المرسلة في الرد على الجهمية والمعطلة	محمد بن أبي بكر بن أيوب بن سعد شمس الدين ابن قيم الجوزية (المتوفى: 751هـ)	ShamAY	7345	0.72172
		الإمام السجّاد جهاد وأمجاد	الدكتور حسين الحاج حسن	Rafed	689	0.72172
		التفسير الواضح [ج ١]	دكتور محمّد محمود حجازي	Rafed	3987	0.7217
		مجلة التوحيد	جماعة أنصار السنة المحمدية - مصر	ShamAY	38793	0.72162
		حجة الله البالغة	أحمد بن عبد الرحيم بن الشهيد وجيه الدين بن معظم بن منصور المعروف بـ «الشاه ولي الله الدهلوي» (المتوفى: 1176هـ)	ShamAY	773	0.72159
		المقنعة (للشيخ المفيد)	الشيخ المفيد	Masaha	989	0.72157
		 إيقاظ الهمم في شرح حكم سيدي أحمد بن عطاء الله السكندري 	 أحمد بن محمد بن عجيبة الحسنى 	ABLibrary	8865	0.72155
		إرشاد النقاد إلى تيسير الاجتهاد	محمد بن إسماعيل بن صلاح بن محمد الحسني، الكحلاني ثم الصنعاني، أبو إبراهيم، عز الدين، المعروف كأسلافه بالأمير (المتوفى: 1182هـ)	ShamAY	6348	0.72152
		نقض الوشيعة	السيّد محسن الأمين العاملي	Rafed	3500	0.7214
		كنز الفوائد  - الجزء1	الشيخ القاضي أبي الفتح محمد بن علي الكراجكي	Masaha	4568	0.72134
		الوحي المحمدي	محمد رشيدرضا	Ghbook	9459	0.7213
		المدخل إلى مذهب الإمام أحمد لابن بدران	عبد القادر بن أحمد بن مصطفى بن عبد الرحيم بن محمد بدران (المتوفى: 1346ه)	Sham19Y	6309	0.72121
		أثر الدعوة الوهابية في الإصلاح الديني والعمراني في جزيرة العرب وغيرها	محمد حامد الفقي	ShamAY	7479	0.72115
		الاعتصام للشاطبي ت الهلالي	إبراهيم بن موسى بن محمد اللخمي الغرناطي الشهير بالشاطبي (المتوفى: 790ه)	ShamelaY19	21720	0.72111
		 كنز الفوائد 	 أبي الفتح الكراجكي 	ABLibrary	7902	0.72109
		التفسير المنير [ج ١]	الدكتور وهبة الزحيلي	Rafed	2938	0.72102
		الاعتصام للشاطبي ت الهلالي	إبراهيم بن موسى بن محمد اللخمي الغرناطي الشهير بالشاطبي (المتوفى: 790هـ)	ShamAY	441	0.721
		تفسير المراغي [ج ١٧]	أحمد مصطفى المراغي	Rafed	1687	0.72095
		تفسير من وحي القرآن [ج ٥]	السيد محمد حسين فضل الله	Rafed	3264	0.72092
		قبس من القرآن في صفات الرسول الاعظم ( صلي الله عليه و آله و سلم )	عبداللطيف بغدادي	Ghbook	5299	0.72089
		علو الهمة	محمد بن أحمد بن إسماعيل المقدم	ShamelaY19	96278	0.72087
		تفسير أبي السّعود [ج ٥]	أبي السعود محمّد بن محمّد العمادي	Rafed	3239	0.72086
		مباهج الفكر ومناهج العبر	أبو إسحق برهان الدين محمد بن إبراهيم بن يحيى بن علي المعروف بالوطواط (المتوفى: 718هـ)	ShamAY	771	0.72084
		الحطة في ذكر الصحاح الستة	أبو الطيب محمد صديق خان بن حسن بن علي ابن لطف الله الحسيني البخاري القِنَّوجي (المتوفى: 1307هـ)	ShamAY	10717	0.72079
		الفتح الرباني من فتاوى الإمام الشوكاني	محمد بن علي بن محمد بن عبد الله الشوكاني اليمني (المتوفى: 1250ه)	ShamelaY19	36543	0.72073
		الواضح في أصول الفقه	أبو الوفاء، علي بن عقيل بن محمد بن عقيل البغدادي الظفري، (المتوفى: 513ه)	Sham19Y	122232	0.72068
		الإسلام والطاقات المعطلة	محمد الغزالي	ShamAY	33240	0.72054
		رسائل الشريف المرتضى - الجزء1	السيد المرتضى	Masaha	998	0.72053
		تفسير التّحرير والتّنوير [ج ٢٢]	الشيخ محمّد الطاهر ابن عاشور	Rafed	2930	0.72047
		رسائل الشريف المرتضى [ج ٢]	علي بن الحسين الموسوي العلوي [ الشريف المرتضى علم الهدى ]	Rafed	3615	0.72043
		روح البيان	إسماعيل حقي بن مصطفى الإستانبولي الحنفي الخلوتي , المولى أبو الفداء (المتوفى: 1127ه)	Sham19Y	23612	0.72035
		منية المريد	الشهيد الثاني	Masaha	4698	0.72032
		اشارة السبق	أبو الحسن علي بن الحسن الحلبي	Rafed	1256	0.72024
		الكشّاف [ج ٢]	محمود بن عمر الزمخشري	Rafed	3120	0.72019
		ديوان لسان الدين الخطيب	محمد بن عبدالله بن سعيد السلماني اللوشي الأصل، الغرناطي الأندلسي، أبو عبد الله الشهير بـ " لسان الدين بن الخطيب "	ShamAY	37834	0.72014
		توحيد المفضّل	المفضل بن عمر الجعفي	Rafed	725	0.72011
		الميزان في تفسير القرآن [ج ١٠]	آية الله السيد محمد حسين الطباطبائي	Rafed	1439	0.72009
		التّفسير القرآني للقرآن [ج ٤]	عبدالكريم الخطيب	Rafed	3346	0.72006
		الكشّاف [ج ١]	محمود بن عمر الزمخشري	Rafed	3095	0.71999
		الأنوار الحيرية و الأقمار البدرية الأحمدية	الشيخ يوسف البحراني	Masaha	1442	0.71998
		تحت راية القرآن	مصطفى صادق بن عبد الرزاق بن سعيد بن أحمد بن عبد القادر الرافعي (المتوفى: 1356هـ)	ShamAY	21784	0.71996
		وانقضت أوهام العمر	السيد جمال محمد صالح	Masaha	481	0.71989
		حقوق الإنسان في الإسلام لعبد الفتاح عشماوي	عبد الفتاح بن سليمان عشماوي	ShamAY	23068	0.71988
		 نفح الطيب من غصن الأندلس الرطيب 	 أحمد بن محمد المقري التلمساني 	ABLibrary	9299	0.71985
		المدخل إلى مذهب الإمام أحمد بن حنبل - العلمية	عبد القادر بن أحمد بن مصطفى بن عبد الرحيم بن محمد بدران (المتوفى: 1346هـ)	ShamAY	34195	0.71976
		حجة الله البالغة - ط: إحياء العلوم	الإمام الكبير الشيخ أحمد المعروف بـ	ShamAY	34274	0.71975
		التفسير القرآني للقرآن	عبد الكريم يونس الخطيب (المتوفى: بعد 1390هـ)	ShamAY	23607	0.71962
		ديوان البوصيري	شرف الدين محمد بن سعيد بن حمّاد الجنوني الصنهاجي (608 ـ 696 هـ)	ShamAY	37846	0.71961
		مُخْتََصَرُ مِنْهَاجِ القَاصِدِينْ	نجم الدين، أبو العباس، أحمد بن عبد الرحمن بن قدامة المقدسي (المتوفى: 689هـ)	ShamAY	31600	0.71958
		مختصر منهاج القاصدين	نجم الدين، أبو العباس، أحمد بن عبد الرحمن بن قدامة المقدسي (المتوفى: 689ه)	ShamelaY19	98087	0.71958
		الأمثال من الكتاب والسنة	محمد بن علي بن الحسن بن بشر، أبو عبد الله، الحكيم الترمذي (المتوفى: نحو 320هـ)	ShamAY	6893	0.71956
		النبأ العظيم نظرات جديدة في القرآن الكريم	محمد بن عبد الله دراز (المتوفى : 1377هـ)	ShamAY	18795	0.71953
		احذروا اليأس فإنه قتال	علي بن نايف الشحود	ShamAY	34820	0.71953
		الاعتصام للشاطبي ت الهلالي	إبراهيم بن موسى بن محمد اللخمي الغرناطي الشهير بالشاطبي (المتوفى: 790ه)	Sham19Y	21720	0.71953
		 الوصايا 	 الحارث المحاسبي 	ABLibrary	8684	0.71948
		علو الهمة	محمد بن أحمد بن إسماعيل المقدم	ShamAY	1760	0.71944
		ركائز الإيمان بين العقل والقلب	محمد الغزالي	ShamAY	35258	0.71939
		 الجوهرة المضيئة في سلوك الطالب ونصح البرية 	 ابراهيم بن أبو المجد الدسوقي 	ABLibrary	8775	0.71935
		الرَّوضُ البَاسمْ في الذِّبِّ عَنْ سُنَّةِ أبي القَاسِم - صَلَّى اللَّهُ عَلَيْهِ وَسَلَّمَ -	ابن الوزير، محمد بن إبراهيم بن علي بن المرتضى بن المفضل الحسني القاسمي، أبو عبد الله، عز الدين، من آل الوزير (المتوفى: 840هـ)	ShamAY	28	0.71934
		رسائل الشريف المرتضى [ج ٤]	علي بن الحسين الموسوي العلوي [ الشريف المرتضى علم الهدى ]	Rafed	3626	0.71927
		هذا ديننا	محمد الغزالي	ShamAY	33259	0.71924
		تفسير الزمخشري = الكشاف عن حقائق غوامض التنزيل	أبو القاسم محمود بن عمرو بن أحمد، الزمخشري جار الله (المتوفى: 538ه)	ShamelaY19	23627	0.71923
		يوم الخلاص في ظل القائم المهدي عليه السلام	كامل سليمان	Masaha	3244	0.7192
		دستور الوحدة الثقافية بين المسلمين	محمد الغزالي	ShamAY	36046	0.71916
		مذكرة التوحيد	عبد الرزاق عفيفي (المتوفى: 1415هـ)	ShamAY	30863	0.71916
		التفسير الوسيط - مجمع البحوث	مجموعة من العلماء بإشراف مجمع البحوث الإسلامية بالأزهر	ShamelaY19	115098	0.7191
		تفسير من وحي القرآن [ج ١١]	السيد محمد حسين فضل الله	Rafed	3273	0.7191
		روح المعاني في تفسير القرآن العظيم والسبع المثاني	شهاب الدين محمود بن عبد الله الحسيني الألوسي (المتوفى: 1270ه)	ShamelaY19	22835	0.71907
		الحدائق الناضرة في أحكام العترة الطاهرة - الجزء1	الشيخ يوسف البحراني	Masaha	1398	0.71906
		علو الهمة	محمد بن أحمد بن إسماعيل المقدم	Sham19Y	96278	0.71905
		تفسير المراغي [ج ١٠]	أحمد مصطفى المراغي	Rafed	1680	0.71903
		98 خطبة للشيخ سامي الحمود	سامي الحمود	ShamAY	34755	0.71902
		 الإمام الصادق والمذاهب الأربعة 	 اسد حيدر 	ABLibrary	7426	0.71892
		دلائل الإعجاز في علم المعاني	أبو بكر عبد القاهر بن عبد الرحمن بن محمد الفارسي الأصل، الجرجاني الدار (المتوفى: 471هـ)	ShamAY	1056	0.71879
		الآداب النافعة بالألفاظ المختارة الجامعة	ابن شمس الخلافة، جعفر بن محمد (شمس الخلافة) ابن مختار الأفضلي، أبو الفضل، الملقب مجد الملك (المتوفى: 622هـ)	ShamAY	5433	0.71877
		دروس للشيخ علي بن عمر بادحدح	علي بن عمر بن أحمد بادحدح	ShamAY	905	0.71875
		بغية المرتاد في الرد على المتفلسفة والقرامطة والباطنية	تقي الدين أبو العباس أحمد بن عبد الحليم بن عبد السلام بن عبد الله بن أبي القاسم بن محمد ابن تيمية الحراني الحنبلي الدمشقي (المتوفى: 728ه)	Sham19Y	11071	0.71868
		حقوق الإنسان	محمد الغزالي	ShamAY	36044	0.71867
		توحيد المفضل‏	المفضل بن عمر	Masaha	4555	0.71867
		 شكوى الغريب عن الأوطان إلى علماء البلدان 	 عين القضاة 	ABLibrary	8718	0.71864
		الفرقان في تفسير القرآن بالقرآن والسنّة [ج ٢٩]	الشيخ محمد الصادقي	Rafed	3058	0.71861
		الأمثال من الكتاب والسنة	محمد بن علي بن الحسن بن بشر، أبو عبد الله، الحكيم الترمذي (المتوفى: نحو 320ه)	Sham19Y	6893	0.71854
		روح البيان	إسماعيل حقي بن مصطفى الإستانبولي الحنفي الخلوتي , المولى أبو الفداء (المتوفى: 1127ه)	ShamelaY19	23612	0.71849
		تحف العقول	ابن شعبة الحراني	Masaha	565	0.71848
		التّفسير القرآني للقرآن [ج ٦]	عبدالكريم الخطيب	Rafed	3348	0.71842
		 نفح الطيب من غصن الأندلس الرطيب 	 أحمد بن محمد المقري التلمساني 	ABLibrary	9297	0.71838
		الزهد والورع والعبادة	تقي الدين أبو العباس أحمد بن عبد الحليم بن عبد السلام بن عبد الله بن أبي القاسم بن محمد ابن تيمية الحراني الحنبلي الدمشقي (المتوفى: 728هـ)	ShamAY	6826	0.71834
		 انشاء الدوائر ( ويليه عُقلَة المستوفز وكتاب التدبيرات الالهية ) 	 ابن عربي 	ABLibrary	8733	0.71832
		مرقاة المفاتيح شرح مشكاة المصابيح	علي بن (سلطان) محمد، أبو الحسن نور الدين الملا الهروي القاري (المتوفى: 1014هـ)	ShamAY	8176	0.71827
		الحدائق الناضرة [ج ١]	الشيخ يوسف بن أحمد البحراني [ صاحب الحدائق ]	Rafed	2698	0.71826
		الميزان في تفسير القرآن [ج ١٣]	آية الله السيد محمد حسين الطباطبائي	Rafed	1446	0.71825
		باب الحوائج الإمام موسى الكاظم(ع)	أ. د. حسين الحاج حسن	Masaha	1917	0.71822
		بدائع السلك في طبائع الملك	محمد بن علي بن محمد الأصبحي الأندلسي، أبو عبد الله، شمس الدين الغرناطي ابن الأزرق (المتوفى: 896هـ)	ShamAY	7236	0.7182
		الإمتاع والمؤانسة - العلمية	أبو حيان علي بن محمد ابن العباس التوحيدي	ShamAY	33777	0.71819
		المدخل لابن الحاج	أبو عبد الله محمد بن محمد بن محمد العبدري الفاسي المالكي الشهير بابن الحاج (المتوفى: 737ه)	Sham19Y	11406	0.71816
		حجة الله البالغة ـ الكتب الحديثة	الإمام أحمد المعروف بشاه ولي الله ابن عبد الرحيم الدهلوي	ShamAY	34279	0.71812
		تفسير الزمخشري = الكشاف عن حقائق غوامض التنزيل	أبو القاسم محمود بن عمرو بن أحمد، الزمخشري جار الله (المتوفى: 538ه)	Sham19Y	23627	0.71805
		تفسير غرائب القرآن ورغائب الفرقان [ج ٤]	نظام الدين الحسن بن محمّد بن حسين القمي النيسابوري	Rafed	1802	0.71805
		التفسير الوسيط - مجمع البحوث	مجموعة من العلماء بإشراف مجمع البحوث الإسلامية بالأزهر	Sham19Y	115098	0.71796
		الرد على الشاذلي في حزبيه، وما صنفه في آداب الطريق	تقي الدين أبو العباس أحمد بن عبد الحليم بن عبد السلام بن عبد الله بن أبي القاسم بن محمد ابن تيمية الحراني الحنبلي الدمشقي (المتوفى: 728هـ)	ShamAY	1463	0.71791
		ظاهرة الإرجاء في الفكر الإسلامي	سفر الحوالي	Sham19Y	23586	0.7179
		مجالس التذكير من حديث البشير النذير	عبد الحميد محمد بن باديس الصنهاجي (المتوفى: 1359هـ)	ShamAY	86	0.71786
		الصناعتين: الكتابة والشعر	أبو هلال الحسن بن عبد الله بن سهل بن سعيد بن يحيى بن مهران العسكري (المتوفى: نحو 395ه)	ShamelaY19	23787	0.71786
		الرسائل العشر (للشيخ الطوسي)	الشيخ الطوسي	Masaha	1023	0.71786
		مقتل الحسين (ع)	السيد عبد الرزاق المقرم	Masaha	2351	0.7177
		تفسير التّحرير والتّنوير [ج ٢]	الشيخ محمّد الطاهر ابن عاشور	Rafed	2906	0.71765
		المطلب الحميد في بيان مقاصد التوحيد	عبد الرحمن بن حسن بن محمد بن عبد الوهاب بن سليمان التميمي (المتوفى: 1285هـ)	ShamAY	8555	0.71764
		خريدة القصر وجريدة العصر - قسم شعراء العراق جـ 4 المجلد الثاني 2	عماد الدين الكاتب الأصبهاني، محمد بن محمد صفي الدين بن نفيس الدين حامد بن أله، أبو عبد الله (المتوفى: 597هـ)	ShamAY	12833	0.71757
		أوائل المقالات في المذاهب والمختارات	الشيخ المفيد	Masaha	188	0.71746
		روح المعاني [ج ٢]	أبي الفضل شهاب الدين السيّد محمود الألوسي البغدادي	Rafed	3179	0.71744
		شرح القصيدة النونيّة [ج ١]	ابن القيّم الجوزيّة	Rafed	3430	0.71744
		المنتخب من كتب شيخ الإسلام ابن تيمية	علوي بن عبد القادر السَّقَّاف	ShamAY	22890	0.71742
		المنهج القويم	زيد بن محمد المدخلي	ShamAY	32978	0.71735
		خاتم النبيين صلى الله عليه وآله وسلم	محمد بن أحمد بن مصطفى بن أحمد المعروف بأبي زهرة (المتوفى: 1394هـ)	ShamAY	9800	0.71735
		المرشد الوجيز	الميرزا محسن آل عصفور	Rafed	875	0.71734
		التّفسير القرآني للقرآن [ج ٧]	عبدالكريم الخطيب	Rafed	3349	0.71734
		مائة سوأل عن الإسلام	محمد الغزالي	ShamAY	33250	0.71733
		شرح معاني شعر المتنبي لابن الإفليلي - السفر الثاني	إبراهيم بن محمد بن زكريا الزهري، من بني سعد بن أبي وقاص، أبو القاسم ابن الإِفلِيلي (المتوفى: 441هـ)	ShamAY	458	0.71732
		فضائح الباطنية	أبو حامد محمد بن محمد الغزالي الطوسي (المتوفى: 505هـ)	ShamAY	6554	0.71732
		نهاية الأرب في فنون الأدب	أحمد بن عبد الوهاب بن محمد بن عبد الدائم القرشي التيمي البكري، شهاب الدين النويري (المتوفى: 733هـ)	ShamAY	10283	0.71731
		أمالي المرزوقي	أبو على أحمد بن محمد بن الحسن المرزوقي الأصفهاني (المتوفى: 421هـ)	ShamAY	722	0.71728
		صفات العميان في القرآن الكريم	علي بن نايف الشحود	ShamAY	36747	0.71724
		الأمة بين سنتي الابتلاء والعمل	مجموعة من المؤلفين	ShamAY	1867	0.71709
		الوَاضِح في أصُولِ الفِقه	أبو الوفاء، علي بن عقيل بن محمد بن عقيل البغدادي الظفري، (المتوفى: 513هـ)	ShamAY	31699	0.71707
		أضواء على دعاء كميل	عز الدين بحر العلوم	Rafed	2808	0.71706
		تفسير التّحرير والتّنوير [ج ٨]	الشيخ محمّد الطاهر ابن عاشور	Rafed	2912	0.71706
		التفسير المنير للزحيلي	وهبة الزحيلي	ShamelaY19	22915	0.71703
		من هدى القرآن [ج ١١]	السيّد محمّد تقي المدرّسي	Rafed	2133	0.71701
		التقريب لتفسير التحرير والتنوير للطاهر بن عاشور	الواحدي	ShamAY	36932	0.71698
		روح البيان	إسماعيل حقي بن مصطفى الإستانبولي الحنفي الخلوتي , المولى أبو الفداء (المتوفى: 1127هـ)	ShamAY	23612	0.71696
		فاعلم أنه لا إله إلا الله - الصاوي	د/ صلاح الصاوي	ShamAY	35562	0.71696
		فصل الخطاب في الزهد والرقائق والآداب	محمد نصر الدين محمد عويضة	ShamelaY19	36375	0.71695
		دروس للشيخ علي بن عمر بادحدح	علي بن عمر بادحدح	Sham19Y	7721	0.71695
		 رسائل ابن العربي ( دار احياء التراث ) 	 ابن عربي 	ABLibrary	8750	0.71694
		أمالي المرزوقي	أبو على أحمد بن محمد بن الحسن المرزوقي الأصفهاني (المتوفى: 421ه)	Sham19Y	722	0.71693
		الرحلة الورثيلانيّة [ج ٢]	الحسين بن محمّد الورثيلاني	Rafed	2203	0.7169
		الشّهيد مسلم بن عقيل(ع)	السيد عبد الرزاق المقرم	Masaha	1702	0.71689
		 شرح القصيدة النونية المسماة الكافية الشافية في الانتصار للفرقة الناجية 	 ابن قيم الجوزية 	ABLibrary	8460	0.71687
		تفسير المراغي [ج ٢٠]	أحمد مصطفى المراغي	Rafed	1690	0.71687
		بيان المعاني (الترقي)	ملاحويش آل غازى عبدالقادر	ShamAY	34051	0.71676
		فصل الخطاب في الزهد والرقائق والآداب	محمد نصر الدين محمد عويضة	ShamAY	250	0.71676
		تراثنا الفكري في ميزان العقل والشرع	محمد الغزالي	ShamAY	36040	0.71672
		مفهوم الشكر عند ابن تيمية رحمه الله	أبو حمزة الشامي	ShamAY	35203	0.71669
		الأعلام العلية في مناقب ابن تيمية	عمرُ بنُ عليِّ بنِ موسى بنِ خليلٍ البغداديُّ الأزجيُّ البزَّارُ، سراجُ الدينِ أبو حفصٍ (المتوفى: 749هـ)	ShamAY	6659	0.71666
		 باب الحوائج الإمام موسى الكاظم ( ع ) 	 حسين الحاج حسن 	ABLibrary	7433	0.71659
		 مقتل الحسين ( ع ) ، المقرم 	 عبد الرزاق المقرم 	ABLibrary	7773	0.71655
		المهذب في تفسير سورة يس	علي بن نايف الشحود	ShamAY	33094	0.71653
		شعاع من المحراب	د. سليمان بن حمد العودة	ShamelaY19	20948	0.71652
		مجموع رسائل الحافظ ابن رجب الحنبلي	زين الدين عبد الرحمن بن أحمد بن رجب بن الحسن، السلامي، البغدادي، ثم الدمشقي، الحنبلي (المتوفى: 795ه)	ShamelaY19	95735	0.71649
		أشعار أولاد الخلفاء وأخبارهم	أبو بكر محمد بن يحيى بن عبد الله الصولي (المتوفى: 335هـ)	ShamAY	7822	0.71647
		السباق إلى العقول	الدكتور عبد الله قادري الأهدل	ShamAY	1879	0.71639
		 أدب الطف أو شعراء الحسين ( ع ) 	 جواد شبر 	ABLibrary	7405	0.71636
		 تقسيم الخواطر ( ويليه العرف العاطر في معرفة الخواطر ) 	 روزبهان البقلي الشيرازي ( شطاح فارس ) 	ABLibrary	8730	0.71633
		طالب العلم والسيرة الأخلاقية	السيّد عادل العلوي	Rafed	1372	0.71633
		إعجاز القرآن للباقلاني	أبو بكر الباقلاني محمد بن الطيب (المتوفى: 403هـ)	ShamAY	953	0.71632
		النص الكامل لكتاب العواصم من القواصم	القاضي محمد بن عبد الله أبو بكر بن العربي المعافري الاشبيلي المالكي (المتوفى: 543هـ)	ShamAY	1695	0.71632
		في ظلال القرآن [ج ٥]	سيّد قطب	Rafed	3885	0.71631
		شرح الطحاوية - ط دار السلام	صدر الدين محمد بن علاء الدين عليّ بن محمد ابن أبي العز الحنفي، الأذرعي الصالحي الدمشقي (المتوفى: 792هـ)	ShamAY	470	0.71629
		فصل الخطاب في الزهد والرقائق والآداب	محمد نصر الدين محمد عويضة	Sham19Y	36375	0.71628
		تفسير من وحي القرآن [ج ٩]	السيد محمد حسين فضل الله	Rafed	3270	0.71628
		مجموعة الرسائل والمسائل لابن تيمية - رشيد رضا	ابن تيمية	Sham19Y	11730	0.71621
		المختصر في تفسير القرآن الكريم	مجموعة من المؤلفين	Sham19Y	18102	0.7162
		ديوان الشريف الرضي - الجزء1	الشريف الرضي	Masaha	3399	0.71618
		المنهج القويم في اختصار «اقتضاء الصراط المستقيم لشيخ الإسلام ابن تيمية»	محمد بن علي بن أحمد بن عمر بن يعلى، أبو عبد الله، بدر الدين البعليّ (المتوفى: 778هـ)	ShamAY	9859	0.71616
		البيان الزاهر إلى فرسان المنابر	عبد الرحمن الأحمد	ShamAY	35154	0.71615
		ظاهرة الإرجاء في الفكر الإسلامي	سفر بن عبد الرحمن الحوالي	ShamAY	23586	0.71604
		كيف نتعامل مع السنة النبوية معالم وضوابط ط الوفاء	يوسف عبد الله القرضاوي	ShamAY	31650	0.71596
		ديوان صفي الدين الحلي	صفى الدين الحلى، عبدالعزيز بن سرايا على بن ابى القاسم السنبسى	ShamAY	37951	0.71592
		شرح معاني شعر المتنبي لابن الإفليلي - السفر الثاني	إبراهيم بن محمد بن زكريا الزهري، من بني سعد بن أبي وقاص، أبو القاسم ابن الإفليلي (المتوفى: 441ه)	ShamelaY19	37327	0.71591
		تفسير التّحرير والتّنوير [ج ٢٥]	الشيخ محمّد الطاهر ابن عاشور	Rafed	2934	0.71588
		لا تَحْسَبُوهُ شَرّاً لَكُمْ	فضيلة الشيخ عبد العزيز بن ناصر الجليل	ShamAY	35076	0.71577
		ديوان المعاني	أبو هلال الحسن بن عبد الله بن سهل بن سعيد بن يحيى بن مهران العسكري (المتوفى: نحو 395هـ)	ShamAY	6909	0.71577
		الدرر النجفية من الملتقطات اليوسفية - الجزء1	الشيخ يوسف البحراني	Masaha	1449	0.71573
		المطالع البدريّة في المنازل الروميّة	بدر الدين محمّد العامري الغزّي الدمشقي	Rafed	2309	0.71568
		أدب الطّف أو شعراء الحسين عليه السلام [ج ١٠]	جواد شبّر	Rafed	384	0.71568
		تفسير التّحرير والتّنوير [ج ٣]	الشيخ محمّد الطاهر ابن عاشور	Rafed	2907	0.71567
		بوارق القهر في تفسير سورة الدّهر	الملّا حبيب الله الشريف الكاشاني	Rafed	1573	0.71566
		ديوان الشيخ محسن أبو الحبّ ( الكبير )	الشيخ محسن أبو الحبّ	Rafed	1633	0.71564
		المحب والمحبوب والمشموم والمشروب	السري بن أحمد بن السري الكندي الرفاء (المتوفى: 362هـ)	ShamAY	731	0.71563
		الفرقان في تفسير القرآن بالقرآن والسنّة [ج ٢٦]	الشيخ محمد الصادقي	Rafed	3053	0.71562
		بغية المرتاد في الرد على المتفلسفة والقرامطة والباطنية	تقي الدين أبو العباس أحمد بن عبد الحليم بن عبد السلام بن عبد الله بن أبي القاسم بن محمد ابن تيمية الحراني الحنبلي الدمشقي (المتوفى: 728هـ)	ShamAY	11071	0.71554
		العاقبة في ذكر الموت	عبد الحق بن عبد الرحمن بن عبد الله بن الحسين بن سعيد إبراهيم الأزدي، الأندلسي الأشبيلي، المعروف بابن الخراط (المتوفى: 581هـ)	ShamAY	6862	0.71553
		تفسير من وحي القرآن [ج ٢]	السيد محمد حسين فضل الله	Rafed	3259	0.71551
		توضيح المقاصد وتصحيح القواعد في شرح قصيدة الإمام ابن القيم	أحمد بن إبراهيم بن حمد بن محمد بن حمد بن عبد الله بن عيسى (المتوفى: 1327هـ)	ShamAY	6362	0.71549
		موسوعة أخلاق القرآن [ج ١]	الدكتور أحمد الشرباصي	Rafed	3887	0.71549
		مفتاح دار السعادة ومنشور ولاية العلم والإرادة	أبو عبد الله محمد بن أبي بكر بن أيوب ابن قيم الجوزية (691 ه - 751 ه)	ShamelaY19	145411	0.71548
		روح المعاني في تفسير القرآن العظيم والسبع المثاني	محمود الألوسي أبو الفضل	ShamAY	34055	0.71547
		عقائد الإماميّة الإثنى عشريّة [ج ٢]	السيد إبراهيم الموسوي الزنجاني	Rafed	3538	0.71546
		إلزام النّاصب في إثبات الحجّة الغائب عجّل فرجه [ج ٢]	الشيخ علي اليزدي الحائري	Rafed	2566	0.71546
		خاتم النبيين صلى الله عليه وآله وسلم	محمد بن أحمد بن مصطفى بن أحمد المعروف بأبي زهرة (المتوفى: 1394ه)	Sham19Y	9800	0.7154
		كيف نفهم الإسلام	محمد الغزالي	ShamAY	33248	0.71539
		 حقائق المعرفة في علم الكلام 	 أحمد بن سليمان 	ABLibrary	8412	0.71536
		حكم الجاهلية	أحمد محمد شاكر	ShamAY	34764	0.71535
		الواضح في أصول الفقه	أبو الوفاء، علي بن عقيل بن محمد بن عقيل البغدادي الظفري، (المتوفى: 513ه)	ShamelaY19	122232	0.71535
		مجالس التذكير من حديث البشير النذير	عبد الحميد محمد بن باديس الصنهاجي (المتوفى: 1359ه)	ShamelaY19	34886	0.71534
		 شرح الأسماء الحسنى 	 ابو القاسم عبد الكريم القشيري 	ABLibrary	8454	0.71534
		علل وأدوية	محمد الغزالي	ShamAY	33244	0.71533
		 بلاغة الإمام علي بن الحسين ( ع ) 	 جعفر عباس الحائري 	ABLibrary	808	0.71533
		المدخل لابن الحاج	أبو عبد الله محمد بن محمد بن محمد العبدري الفاسي المالكي الشهير بابن الحاج (المتوفى: 737هـ)	ShamAY	11406	0.7153
		العاقبة في ذكر الموت	عبد الحق بن عبد الرحمن بن عبد الله بن الحسين بن سعيد إبراهيم الأزدي، الأندلسي الأشبيلي، المعروف بابن الخراط (المتوفى: 581ه)	Sham19Y	6862	0.71527
		 بحوث في الملل والنحل 	 الشيخ السبحاني 	ABLibrary	8358	0.71527
		توجيه النظر إلى أصول الأثر	طاهر بن صالح (أو محمد صالح) ابن أحمد بن موهب، السمعوني الجزائري، ثم الدمشقيّ (المتوفى: 1338هـ)	ShamAY	5981	0.71525
		مفهوم الصبر عند ابن تيمية رحمه الله	أبو حمزة الشامي	ShamAY	35204	0.7152
		نفح الأزهار في منتخبات الأشعار	شاكر بن مغامس بن محفوظ بن صالح شقير البتلوني (المتوفى: 1314ه)	ShamelaY19	28175	0.71517
		التفسير الوسيط - مجمع البحوث	مجموعة من العلماء بإشراف مجمع البحوث الإسلامية بالأزهر	ShamAY	31630	0.71514
		 الجوهرة المضيئة في سلوك الطالب ونصح البرية 	 ابراهيم بن أبو المجد الدسوقي 	ABLibrary	8776	0.71508
		المرأة العربية في جاهليتها وإسلامها	عبد الله بن عفيفي الباجوري (المتوفى: 1364هـ)	ShamAY	609	0.71502
		 رسائل الجاحظ 	 الجاحظ 	ABLibrary	8436	0.71502
		من بلاغة القرآن	أحمد أحمد عبد الله البيلي البدوي (المتوفى: 1384ه)	ShamelaY19	38085	0.71497
		المعجزة الكبرى القرآن	محمد بن أحمد بن مصطفى بن أحمد المعروف بأبي زهرة (المتوفى: 1394ه)	ShamelaY19	23137	0.71495
		المباهلة	عبد الله السبيتي	Rafed	1736	0.71492
		الكلام على مسألة السماع	أبو عبد الله محمد بن أبي بكر بن أيوب ابن قيم الجوزية (المتوفى: 751 هـ)	ShamAY	38482	0.71491
		 حياة الإمام موسى بن جعفر ( ع ) 	 الشيخ باقر شريف القرشي 	ABLibrary	7506	0.71488
		الإفصاح في الإمامة	محمّد بن محمّد النعمان العكبري [ الشيخ المفيد ]	Rafed	3676	0.71486
		ظاهرة الإرجاء في الفكر الإسلامي	سفر الحوالي	ShamelaY19	23586	0.71482
		الإفصاح في إمامة أمير المؤمنين عليه السلام	محمّد بن محمّد النعمان العكبري [ الشيخ المفيد ]	Rafed	1568	0.71482
		المنهج القويم في اختصار «اقتضاء الصراط المستقيم لشيخ الإسلام ابن تيمية»	محمد بن علي بن أحمد بن عمر بن يعلى، أبو عبد الله، بدر الدين البعلي (المتوفى: 778ه)	Sham19Y	9859	0.7148
		التيسير في أحاديث التفسير	محمد المكي الناصري (المتوفى: 1414ه)	ShamelaY19	115129	0.71477
		ديوان الهبل	الهبل	ShamAY	37831	0.71475
		التحرير والتنوير	محمد الطاهر بن محمد بن محمد الطاهر بن عاشور التونسي (المتوفى : 1393هـ)	ShamAY	9776	0.71473
		يتمة الدهر في محاسن أهل العصر	عبد الملك بن محمد بن إسماعيل أبو منصور الثعالبي (المتوفى: 429هـ)	ShamAY	6743	0.7147
		كنز الفوائد [ج ٢]	أبي الفتح محمد بن علي بن عثمان الكراجكي الطرابلسي	Rafed	3897	0.71468
		الجواب الكافي لمن سأل عن الدواء الشافي أو الداء والدواء	محمد بن أبي بكر بن أيوب بن سعد شمس الدين ابن قيم الجوزية (المتوفى: 751هـ)	ShamAY	158	0.71464
		 الأربعين في اصول الدين 	 الغزالي 	ABLibrary	8327	0.71462
		توضيح المقاصد وتصحيح القواعد في شرح قصيدة الإمام ابن القيم	أحمد بن إبراهيم بن حمد بن محمد بن حمد بن عبد الله بن عيسى (المتوفى: 1327ه)	Sham19Y	6362	0.71461
		الصناعتين: الكتابة والشعر	أبو هلال الحسن بن عبد الله بن سهل بن سعيد بن يحيى بن مهران العسكري (المتوفى: نحو 395هـ)	ShamAY	23787	0.71457
		المدهش	جمال الدين أبو الفرج عبد الرحمن بن علي بن محمد الجوزي (المتوفى: 597هـ)	ShamAY	6940	0.71456
		العبقات العنبرية	الشيخ محمد حسين كاشف الغطاء	Masaha	4085	0.71456
		عدة الداعي و نجاح الساعي	جمال الدين أحمد بن محمد الحلي	Masaha	1107	0.71453
		 مجمع البحرين في شرح الفصين ( حكم الفصوص وحكم الفتوحات لابن عربي ) 	 ناصر بن الحسن الشريف الكيلاني 	ABLibrary	8842	0.71447
		الخلاصةُ في تفسير سورة يس	علي بن نايف الشحود	ShamAY	33093	0.71446
		 المطالع البدرية في المنازل الرومية 	 محمد العامري الغزي 	ABLibrary	9207	0.71441
		إغاثة اللهفان من مصايد الشيطان	محمد بن أبي بكر بن أيوب بن سعد شمس الدين ابن قيم الجوزية (المتوفى: 751هـ)	ShamAY	11688	0.71438
		من بلاغة القرآن	أحمد أحمد عبد الله البيلي البدوي (المتوفى: 1384هـ)	ShamAY	1232	0.71436
		تفسير الزمخشري = الكشاف عن حقائق غوامض التنزيل	أبو القاسم محمود بن عمرو بن أحمد، الزمخشري جار الله (المتوفى: 538هـ)	ShamAY	23627	0.71434
		 اليواقيت والجواهر في بيان عقائد الأكابر ( وفي الحاشية الكبريت الأحمر ) 	 عبد الوهاب الشعراني 	ABLibrary	8836	0.71433
		دفاع عن السنة ورد شبه المستشرقين والكتاب المعاصرين	محمد بن محمد بن سويلم أبو شهبة (المتوفى: 1403ه)	ShamelaY19	37593	0.71425
		دفاع عن السنة ورد شبه المستشرقين والكتاب المعاصرين	محمد بن محمد بن سويلم أبو شهبة (المتوفى: 1403ه)	ShamelaY19	37972	0.7142
		نهاية الأرب في فنون الأدب‏ - الجزء1	أحمد بن عبد الوهاب النويري‏	Masaha	3070	0.7142
		الفوائد الطوسيّة	محمد بن الحسن الحرّ العاملي [ العلامة الشيخ حرّ العاملي ]	Rafed	1302	0.71416
		ديوان الصبابة	شهاب الدين أحمد بن أبي حجلة المغربي (المتوفى: 776هـ)	ShamAY	580	0.71415
		الكشاف عن حقائق غوامض التنزيل وعيون الأقاويل فى وجوه التأويل	العلامة جار الله أبو القاسم محمود بن عمر الزمخشرى (467 ـ 538 هـ)	ShamAY	34070	0.71413
		مقالات	آيت الله العظمي سيد محمد حسيني شيرازي	Ghbook	7829	0.71413
		الفوائد الطوسية	الحر العاملي	Masaha	1263	0.7141
		 إرشاد ذوي العقول إلى براءة الصوفية من الاتحاد والحلول 	 مجموعة مؤلفين 	ABLibrary	8828	0.71404
		 ذخائر الأعلاق شرح ترجمان الأشواق 	 ابن عربي 	ABLibrary	8736	0.71402
		لوامع الأنوار البهية وسواطع الأسرار الأثرية لشرح الدرة المضية في عقد الفرقة المرضية	شمس الدين، أبو العون محمد بن أحمد بن سالم السفاريني الحنبلي (المتوفى: 1188هـ)	ShamAY	8353	0.714
		من هدى القرآن [ج ١٢]	السيّد محمّد تقي المدرّسي	Rafed	2134	0.71396
		دروس الشيخ خالد الراشد	خالد الراشد	ShamAY	855	0.71378
		تفسير التّحرير والتّنوير [ج ٢١]	الشيخ محمّد الطاهر ابن عاشور	Rafed	2929	0.71377
		قضاياالمجتمع والأسرة والزواج	السيد محمد حسين الطباطبائي	Masaha	567	0.71373
		جنّة المأوى	الشيخ محمد حسين كاشف الغطاء	Rafed	862	0.71372
		فضائح الباطنية وفضائل المستظهرية - ط العصرية	أبو حامد محمد بن محمد الغزالي الطوسي (المتوفى: 505 هـ)	ShamAY	33901	0.71371
		صفات المفلحين في القرآن والسنة	علي بن نايف الشحود	ShamAY	34847	0.7137
		كلمات في مناسبات	عبد الله بن ضيف الله الرحيلي	Sham19Y	11356	0.71369
		تفسير التّحرير والتّنوير [ج ٢٠]	الشيخ محمّد الطاهر ابن عاشور	Rafed	2928	0.71369
		الأصول العامة في الفقه المقارن	السيد محمد تقي الحكيم	Masaha	4052	0.71369
		المختصر في تفسير القرآن الكريم	مجموعة من المؤلفين	ShamAY	32558	0.71363
		البحر المديد في تفسير القرآن المجيد [ج ٢]	أحمد بن محمد بن عجيبة	Rafed	3783	0.71362
		نفحة اليمن فيما يزول بذكره الشجن	أحمد بن محمد بن علي بن إبراهيم الأنصاري الشرواني (المتوفى: 1253هـ)	ShamAY	1022	0.71361
		مجموعة الرسائل والمسائل لابن تيمية - رشيد رضا	تقي الدين أبو العباس أحمد بن عبد الحليم بن تيمية الحراني (المتوفى : 728هـ)	ShamAY	11730	0.71359
		 تثبيت دلائل النبوة 	 القاضي عبد الجبار الهمذاني 	ABLibrary	7456	0.71358
		المنهج المسلوك في سياسة الملوك	عبد الرحمن بن نصر بن عبد الله، أبو النجيب، جلال الدين العدوي الشيزري الشافعي (المتوفى: نحو 590هـ)	ShamAY	7235	0.71357
		معيد النعم ومبيد النقم	تاج الدين عبد الوهاب بن تقي الدين السبكي (المتوفى: 771 هـ)	ShamAY	32458	0.71354
		الفصول المختارة	الشيخ المفيد	Masaha	4576	0.71347
		إحياء علوم الدين	أبو حامد محمد بن محمد الغزالي الطوسي (المتوفى: 505هـ)	ShamAY	9472	0.71346
		حُكمُ الجَاهِليَّةِ	أحمد بن محمد عبد القادر المعروف بأحمد شاكر (المتوفى: 1377هـ 1958م)	ShamAY	31963	0.71345
		العقد المفصل في قبيلة المجد المؤثل	حيدر بن سليمان بن داود الحلي الحسيني (المتوفى: 1304هـ)	ShamAY	5448	0.71345
		آلاء الرحمن في تفسير القرآن	محمد جواد بلاغي	Ghbook	2721	0.71343
		ميزان العمل	أبو حامد محمد بن محمد الغزالي الطوسي (المتوفى: 505هـ)	ShamAY	9264	0.71331
		 عنقا مغرب في ختم الأولياء وشمس المغرب 	 ابن عربي 	ABLibrary	8734	0.71329
		جدد حياتك	محمد الغزالي	ShamAY	36041	0.71327
		جامع السعادات	ملا محمد مهدي نراقي	Ghbook	9019	0.71324
		الاستقامة	تقي الدين أبو العباس أحمد بن عبد الحليم بن عبد السلام بن عبد الله بن أبي القاسم بن محمد ابن تيمية الحراني الحنبلي الدمشقي (المتوفى: 728هـ)	ShamAY	6820	0.71321
		من روائع القرآن - تأملات علمية وأدبية في كتاب الله عز وجل	محمد سعيد رمضان البوطي	ShamelaY19	38086	0.71317
		الموشى = الظرف والظرفاء	محمد بن أحمد بن إسحاق بن يحيى، أبو الطيب، المعروف بالوشاء (المتوفى: 325ه)	Sham19Y	26102	0.71317
		في موكب الدعوة	محمد الغزالي	ShamAY	33245	0.71314
		كشف القناع عن وجوه حجية الإجماع‏	الشيخ اسد الله التستري	Masaha	4176	0.71314
		الفرقان في تفسير القرآن بالقرآن والسنّة [ج ١٦]	الشيخ محمد الصادقي	Rafed	3033	0.7131
		الجديد في تفسير القرآن المجيد [ج ٥]	الشيخ محمّد السبزواري النجفي	Rafed	3710	0.71309
		ديوان عبد الجبار بن حمديس	عبد الجبار بن أبي بكر بن محمد بن حمديس الأزدي الصقلي أبو محمد	ShamAY	37952	0.71308
		تفسير التّحرير والتّنوير [ج ١١]	الشيخ محمّد الطاهر ابن عاشور	Rafed	2915	0.71307
		تفسير البيضاوي = أنوار التنزيل وأسرار التأويل	ناصر الدين أبو سعيد عبد الله بن عمر بن محمد الشيرازي البيضاوي (المتوفى: 685ه)	Sham19Y	23588	0.71304
		دروس الشيخ خالد الراشد	خالد الراشد	ShamelaY19	37421	0.71303
		دروس الشيخ عائض القرني	عائض بن عبد الله القرني	ShamAY	423	0.71297
		البحر المحيط في التفسير [ج ١]	محمّد بن يوسف [ أبي حيّان الأندلسي الغرناطي ]	Rafed	2415	0.71295
		ديوان عماد الدين الأصبهاني	محمد بن صفي الدين الملقب بـ عماد الدين الأصفهاني (1125 ـ 1201م )	ShamAY	37901	0.71292
		ديوان ابن نباتة المصري	جمال الدين بن نباتة المصري الفاروقي (المتوفى: 768 ه)	Sham19Y	148538	0.71281
		تفسير من وحي القرآن [ج ٢١]	السيد محمد حسين فضل الله	Rafed	3286	0.71275
		تفسير من وحي القرآن [ج ٢٤]	السيد محمد حسين فضل الله	Rafed	3289	0.71275
		الميزان في تفسير القرآن - الجزء1	السيد محمد حسين الطباطبائي	Masaha	51	0.71275
		لوامع الأنوار البهية وسواطع الأسرار الأثرية لشرح الدرة المضية في عقد الفرقة المرضية	شمس الدين، أبو العون محمد بن أحمد بن سالم السفاريني الحنبلي (المتوفى: 1188ه)	Sham19Y	8353	0.71274
		الذريعة الى مكارم الشريعة	أبو القاسم الحسين بن محمد المعروف بالراغب الأصفهانى (المتوفى: 502هـ)	ShamAY	1390	0.7127
		روح المعاني [ج ١٢]	أبي الفضل شهاب الدين السيّد محمود الألوسي البغدادي	Rafed	3198	0.71264
		الامام علي بن ابي طالب عليه السلام 	مهدي آيت اللهي ( دادور )	Ghbook	8344	0.71263
		تثبيت دلائل النبوة	القاضى عبد الجبار بن أحمد بن عبد الجبار الهمذاني الأسد أبادي، أبو الحسين المعتزلي (المتوفى: 415هـ)	ShamAY	9789	0.71261
		دفاع عن السُنَّة ورد شبه المُسْتَشْرِقِينَ والكتاب المعاصرين	محمد بن محمد بن سويلم أبو شُهبة (المتوفى: 1403هـ)	ShamAY	1103	0.71257
		الموسوعة القرآنيّة [ج ١٠]	ابراهيم الأبياري	Rafed	3869	0.71257
		تثبيت دلائل النبوة‏ - الجزء1	القاضي عبد الجبار	Masaha	1985	0.71257
		 الدرر النجفية من الملتقطات اليوسفية 	 المحقق البحراني 	ABLibrary	992	0.71255
		نفح الأزهار في منتخبات الأشعار	شاكر بن مغامس بن محفوظ بن صالح شقير البتلوني (المتوفى: 1314هـ)	ShamAY	28175	0.7125
		مباحث في إعجاز القرآن	د مصطفى مسلم	ShamAY	1505	0.71245
		الإفصاح في إمامة أمير المؤمنين(ع)	الشيخ المفيد	Masaha	147	0.71244
		دفاع عن السنة ورد شبه المستشرقين والكتاب المعاصرين	محمد بن محمد بن سويلم أبو شُهبة (المتوفى: 1403هـ)	ShamAY	1181	0.71238
		تفسير المراغي [ج ٢٣]	أحمد مصطفى المراغي	Rafed	1695	0.71235
		تفسير النسفي = مدارك التنزيل وحقائق التأويل	أبو البركات عبد الله بن أحمد بن محمود حافظ الدين النسفي (المتوفى: 710هـ)	ShamAY	1394	0.71233
		دروس للشيخ محمد المنجد	محمد صالح المنجد	ShamAY	419	0.71229
		المرأة العربية في جاهليتها وإسلامها	عبد الله بن عفيفي الباجوري (المتوفى: 1364ه)	ShamelaY19	37059	0.71229
		بستان الواعظين ورياض السامعين	جمال الدين أبو الفرج عبد الرحمن بن علي بن محمد الجوزي (المتوفى: 597هـ)	ShamAY	6948	0.71227
		القول المعتبر في بيان الإعجاز للحروف المقطعة من فواتح السور	إياس محمد حرب آل خطاب	ShamAY	627	0.71226
		اتحاف السادة المتقين بشرح إحياء علوم الدين	محمد بن محمد بن الحسيني الزبيدي الشهير بمرتضى	ShamAY	35035	0.71226
		الحق المبين في تصويب المجتهدين وتخطئة الأخباريين‏	الشيخ كاشف الغطاء	Masaha	3639	0.71226
		الميزان في تفسير القرآن [ج ١٤]	آية الله السيد محمد حسين الطباطبائي	Rafed	1447	0.71225
		الاستقامة	تقي الدين أبو العباس أحمد بن عبد الحليم بن عبد السلام بن عبد الله بن أبي القاسم بن محمد ابن تيمية الحراني الحنبلي الدمشقي (المتوفى: 728ه)	Sham19Y	6820	0.71224
		الإمام الصادق عليه السلام [ج ١]	الشيخ محمّد حسين المظفّر	Rafed	685	0.71224
		التفسير المنير [ج ٣]	الدكتور وهبة الزحيلي	Rafed	2944	0.71222
		روح المعاني في تفسير القرآن العظيم والسبع المثاني	شهاب الدين محمود بن عبد الله الحسيني الألوسي (المتوفى: 1270هـ)	ShamAY	22835	0.71217
		المنطلق	محمد أحمد الراشد	ShamAY	33335	0.71217
		الحسين و بطلة كربلاء	الشيخ محمد جواد مغنية	Masaha	1940	0.71213
		التفسير المنير في العقيدة والشريعة والمنهج	د وهبة بن مصطفى الزحيلي	ShamAY	22915	0.7121
		دروس رمضان	الشيخ محمد إبراهيم الحمد	ShamAY	1959	0.7121
		كنوز من السنة	محمد الغزالي	ShamAY	34812	0.71207
		رسالة الغفران ـ موافقا للمطبوع	أحمد بن عبد الله بن سليمان بن محمد التنوخي، المعروف بأبي العلاء	ShamAY	33783	0.71199
		تفسير التّحرير والتّنوير [ج ١٦]	الشيخ محمّد الطاهر ابن عاشور	Rafed	2920	0.71199
		تفسير التّحرير والتّنوير [ج ٥]	الشيخ محمّد الطاهر ابن عاشور	Rafed	2909	0.71198
		من بلاغة القرآن	أحمد أحمد عبد الله البيلي البدوي (المتوفى: 1384ه)	Sham19Y	38085	0.71197
		من هدى القرآن [ج ١٠]	السيّد محمّد تقي المدرّسي	Rafed	2132	0.71197
		الغدير في الكتاب والسنّة والأدب [ج ٤]	الشيخ عبد الحسين أحمد الأميني النجفي	Rafed	2003	0.71196
		نحو تفسير موضوعي	محمد الغزالي	ShamAY	36729	0.71188
		نفحة اليمن فيما يزول بذكره الشجن	أحمد بن محمد بن علي بن إبراهيم الأنصاري الشرواني (المتوفى: 1253ه)	ShamelaY19	35888	0.71185
		مقالات الشيخ محمد الغزالي	محمد الغزالي	ShamAY	33256	0.71182
		المنهل الحديث في شرح الحديث	الأستاذ الدكتور موسى شاهين لاشين	Sham19Y	14106	0.71173
		تفسير التّحرير والتّنوير [ج ١٨]	الشيخ محمّد الطاهر ابن عاشور	Rafed	2925	0.71168
		هداية العلم	السيد حسين شيخ الإسلامي	Rafed	1153	0.71166
		 الرحلة الورثيلانية ( بنزهة الأنظار في فضل علم التاريخ والأخبار ) 	 الحسين بن محمد الورثيلاني 	ABLibrary	9110	0.71165
		 نفح الطيب من غصن الأندلس الرطيب 	 أحمد بن محمد المقري التلمساني 	ABLibrary	9301	0.71163
		تفسير البيضاوي = أنوار التنزيل وأسرار التأويل	ناصر الدين أبو سعيد عبد الله بن عمر بن محمد الشيرازي البيضاوي (المتوفى: 685ه)	ShamelaY19	23588	0.71162
		لقاءات ملتقى أهل الحديث بالعلماء	ملتقى أهل الحديث	ShamAY	812	0.7116
		التفسير القرآني للقرآن	عبد الكريم يونس الخطيب (المتوفى: بعد 1390ه)	ShamelaY19	23607	0.71158
		دروس الشيخ عائض القرني	عائض بن عبد الله القرني	Sham19Y	7708	0.71156
		جامع المسائل لابن تيمية ط عالم الفوائد - المجموعة الخامسة	شيخ الإسلام أحمد بن عبد الحليم بن عبد السلام ابن تيمية (661 - 728 هـ)	ShamAY	37986	0.71151
		الدعوة في كلمة التوحيد	الشيخ محمّد صالح	Rafed	1956	0.71148
		فقه الرضا	منسوب للإمام الرضا(ع)	Masaha	982	0.71148
		نفح الطّيب [ج ١]	الشيخ أحمد بن محمد المقري التلمساني	Rafed	2786	0.71146
		 رسائل ومقالات 	 الشيخ السبحاني 	ABLibrary	8439	0.71145
		أنوار التنزيل وأسرار التأويل [ج ٥]	عبدالله بن عمر بن محمد الشيرازي الشافعي البيضاوي	Rafed	3175	0.71145
		الفرقان في تفسير القرآن بالقرآن والسنّة [ج ١٠]	الشيخ محمد الصادقي	Rafed	3021	0.71143
		الموشى = الظرف والظرفاء	محمد بن أحمد بن إسحاق بن يحيى، أبو الطيب، المعروف بالوشاء (المتوفى: 325ه)	ShamelaY19	26102	0.7114
		ديوان ابن نباتة المصري	جمال الدين بن نباتة المصري الفاروقي (المتوفى: 768 ه)	ShamelaY19	148538	0.71134
		كلمات في مناسبات	عبد الله بن ضيف الله الرحيلي	ShamAY	11356	0.71132
		 غور الأمور 	 الحكيم الترمذي 	ABLibrary	8696	0.7113
		مطالع البدور ومنازل السرور	علي بن عبد الله الغزولي البهائي الدمشقي (المتوفى: 815ه)	Sham19Y	5390	0.71129
		فيض الرحمن تفسير جواهر القرآن	أبو يوسف محمد زايد	ShamAY	33116	0.71128
		النكت العصرية في أخبار الوزراء المصرية	عمارة بن علي بن زيدان الحكمي المذحجي اليمني، أبو محمد، نجم الدين (المتوفى: 569هـ)	ShamAY	9248	0.71126
		البدائع في علوم القرآن 	محمد بن ابي بكر بن ايوب زرعي	Ghbook	2853	0.71126
		أيسر التفاسير لأسعد حومد	أسعد حومد	ShamAY	1787	0.71124
		تفسير أبي السّعود [ج ٧]	أبي السعود محمّد بن محمّد العمادي	Rafed	3247	0.71124
		رسائل الشريف المرتضي	سيدمهدي رجايي	Ghbook	15619	0.71121
		ديوان مهيار الديلمي	مهيار بن مرزويه، أبو الحسن الديلمي المتوفى سنة (428 هـ / 1037 م)	ShamAY	37863	0.7112
		التيسير في أحاديث التفسير	محمد المكي الناصري (المتوفى: 1414ه)	Sham19Y	115129	0.71116
		الرقائق	محمد أحمد الراشد	ShamAY	33337	0.71105
		التفسير الواضح	الحجازي، محمد محمود	Sham19Y	23589	0.71103
		الميزان في تفسير القرآن [ج ٣]	آية الله السيد محمد حسين الطباطبائي	Rafed	65	0.71102
		موقف القرآن الكريم من اليهود والنصارى	الواحدي :: علي بن نايف الشحود	ShamAY	36102	0.711
		مطالع البدور ومنازل السرور	علي بن عبد الله الغزولي البهائي الدمشقي (المتوفى: 815هـ)	ShamAY	5390	0.711
		تفسير المراغي [ج ٢٥]	أحمد مصطفى المراغي	Rafed	1702	0.71097
		التحفة السنية في شرح النخبة المحسنية	السيد عبد الله الجزائري	Masaha	1443	0.71096
		 الجوامع والفوارق بين السنة والشيعة 	 محمد جواد مغنيه 	ABLibrary	8406	0.71093
		المدخل لابن الحاج - الفكر	ابن الحاج	ShamAY	34247	0.71092
		ديوان جبران خليل جبران	جبران بن خليل جبران بن ميخائيل بن سعد، من أحفاد يوسف جبران الماروني شاعر لبناني (1300 - 1349 هـ / 1883 - 1931 م)	ShamAY	37946	0.71087
		منطلقات طالب العلم	أبو العلاء محمد بن حسين بن يعقوب السلفي المصري	ShamelaY19	98137	0.71082
		السنة ومكانتها في التشريع الإسلامي	مصطفى بن حسني السباعي (المتوفى: 1384هـ)	ShamAY	1005	0.71081
		القول المعتبر في بيان الإعجاز للحروف المقطعة من فواتح السور	إياس محمد حرب آل خطاب	Sham19Y	37350	0.71077
		النكت العصرية في أخبار الوزراء المصرية	عمارة بن علي بن زيدان الحكمي المذحجي اليمني، أبو محمد، نجم الدين (المتوفى: 569ه)	Sham19Y	9248	0.71077
		الإصباح على المصباح في معرفة الملك الفتاح	ابراهيم بن محمد بن أحمد المؤيدي	Rafed	3493	0.71076
		كيف نتعامل مع السنة النبوية ط الشروق	يوسف عبد الله القرضاوي	ShamAY	31649	0.71075
		السنة ومكانتها للسباعي ط المكتب الإسلامي	مصطفى بن حسني السباعي (المتوفى: 1384هـ)	ShamAY	1004	0.71074
		فتح العلي المالك في الفتوى على مذهب الإمام مالك	محمد بن أحمد بن محمد عليش، أبو عبد الله المالكي (المتوفى: 1299ه)	ShamelaY19	21688	0.71071
		البحر المحيط في التّفسير [ج ٢]	محمّد بن يوسف [ أبي حيّان الأندلسي الغرناطي ]	Rafed	2416	0.7107
		جامع المسائل لابن تيمية ط عالم الفوائد - المجموعة السابعة	شيخ الإسلام أحمد بن عبد الحليم بن عبد السلام ابن تيمية (661 - 728 هـ)	ShamAY	37973	0.71067
		الشهاب الثاقب في بيان معني الناصب	سيدمهدي رجايي	Ghbook	15623	0.71066
		الجديد في تفسير القرآن المجيد [ج ٦]	الشيخ محمّد السبزواري النجفي	Rafed	3720	0.71061
		شذا الريحان في روائع رمضان	جميلة المصريفي	ShamAY	35110	0.7106
		مجموعة الرسائل والمسائل - ط وهبة	تقي الدين أبو العباس أحمد بن عبد الحليم بن تيمية الحراني (المتوفى : 728هـ)	ShamAY	34371	0.71059
		مختصر الصواعق المرسلة على الجهمية والمعطلة	ابن الموصلي	ShamAY	8363	0.71056
		واقعنا المعاصر	الواحدي :: محمد قطب	ShamAY	33331	0.71053
		أنوار الربيع في أنواع البديع	صدر الدين المدني، علي بن أحمد بن محمد معصوم الحسني الحسيني، المعروف بعلي خان بن ميرزا أحمد، الشهير بابن معصوم (المتوفى: 1119هـ)	ShamAY	5446	0.71053
		بيان تلبيس الجهمية في تأسيس بدعهم الكلامية	تقي الدين أبو العباس أحمد بن عبد الحليم بن عبد السلام بن عبد الله بن أبي القاسم بن محمد ابن تيمية الحراني الحنبلي الدمشقي (المتوفى: 728هـ)	ShamAY	2864	0.7104
		البراهين الإسلامية في رد الشبهة الفارسية	عبد اللطيف بن عبد الرحمن بن حسن بن محمد بن عبد الوهاب آل الشيخ (المتوفى: 1293هـ)	ShamAY	7567	0.71038
		زهر الأكم في الأمثال والحكم	الحسن بن مسعود بن محمد، أبو علي، نور الدين اليوسي (المتوفى: 1102هـ)	ShamAY	7414	0.7103
		في سبيل العقيدة الإسلامية	عبد اللطيف بن علي بن أحمد بن محمد السلطاني القنطري الجزائري (المتوفى: 1404ه)	ShamelaY19	115132	0.71029
		مجلة الجامعة الإسلامية بالمدينة المنورة	الجامعة الإسلامية بالمدينة النبوية	ShamAY	4473	0.71028
		تفسير ابن عربي [ج ١]	محيي الدين بن علي بن أحمد بن عبدالله الطائي الحاتمي [ ابن عربي ]	Rafed	3854	0.71023
		القرآن منهاج حياة	غازي صبحي آق بيق	ShamAY	36734	0.71022
		الميزان في تفسير القرآن [ج ١]	آية الله السيد محمد حسين الطباطبائي	Rafed	63	0.71022
		درج الدرر في تفسير الآي والسور ط الحكمة	أبو بكر عبد القاهر بن عبد الرحمن بن محمد الفارسي الأصل، الجرجاني الدار (المتوفى: 471ه)	ShamelaY19	122173	0.71016
		بدائع الفوائد ط عالم الفوائد	أبو عبد الله محمد بن أبي بكر بن أيوب ابن قيم الجوزية (691 - 751)	ShamelaY19	145410	0.71012
		تأويلات أهل السنّة تفسير الماتريدي [ج ٤]	أبي منصور محمّد بن محمّد بن محمود الماتريدي	Rafed	3970	0.71011
		الميزان في تفسير القرآن [ج ١٨]	آية الله السيد محمد حسين الطباطبائي	Rafed	1451	0.71011
		الصراط المستقيم إلى مستحقي التقديم‏ - الجزء1	الشيخ علي النباطي‏	Masaha	2048	0.71005
		 الإمام الصادق والمذاهب الأربعة 	 اسد حيدر 	ABLibrary	7425	0.71002
		من هدى القرآن [ج ١٥]	السيّد محمّد تقي المدرّسي	Rafed	2144	0.70998
		زهر الأداب وثمر الألباب - العلمية	أبو إسحاق إبراهيم بن علي الحصري القيرواني	ShamAY	33784	0.70995
		أجوبة مسائل جار الله	السيد عبد الحسين شرف الدين	Masaha	75	0.70991
		مفاهيم القرآن [ج ٥]	الشيخ جعفر السبحاني	Rafed	273	0.7099
		ديوان سبط ابن التعاويذي	أبو الفتح محمد بن عبيد الله بن عبد الله، المعروف بـ"سبط ابن التعاويذي"	ShamAY	37949	0.70988
		معترك الأقران في إعجاز القرآن، ويُسمَّى (إعجاز القرآن ومعترك الأقران)	عبد الرحمن بن أبي بكر، جلال الدين السيوطي (المتوفى: 911هـ)	ShamAY	1417	0.70986
		تفسير البيضاوي = أنوار التنزيل وأسرار التأويل	ناصر الدين أبو سعيد عبد الله بن عمر بن محمد الشيرازي البيضاوي (المتوفى: 685هـ)	ShamAY	23588	0.70983
		 الإمام الصادق والمذاهب الأربعة 	 اسد حيدر 	ABLibrary	7424	0.70982
		في ظلال القرآن [ج ١]	سيّد قطب	Rafed	3878	0.70982
		الإمام الصادق(ع) - الجزء1	الشيخ محمد حسين المظفر	Masaha	1859	0.70977
		ديوان ابن دارج القسطلي	أحمد بن محمد بن العاصي بن دراج القسطلي الأندلسي أبو عمر	ShamAY	37866	0.70975
		في علوم القرآن دراسات ومحاضرات	محمد عبد السلام كفافى وعبد الله الشريف	ShamelaY19	38014	0.70975
		 خصوص النعم في شرح فصوص الحكم 	 علي بن أحمد المهائمي 	ABLibrary	8817	0.70974
		تفسير المراغي [ج ٢١]	أحمد مصطفى المراغي	Rafed	1691	0.70974
		الجماهر في معرفة الجواهر	أبو الريحان محمد بن أحمد البيروني الخوارزمي (المتوفى: 440هـ)	ShamAY	699	0.70967
		زهر الأكم في الأمثال والحكم	الحسن بن مسعود بن محمد، أبو علي، نور الدين اليوسي (المتوفى: 1102ه)	Sham19Y	7414	0.70967
		الشّهيد مسلم بن عقيل عليه السلام	السيد عبد الرزاق الموسوي المقرّم	Rafed	558	0.70967
		يا أيها الذين آمنوا نداءُ اللهِ تعالَى للمؤمِنينَ	علي بن نايف الشحود	ShamAY	34853	0.70966
		 نفح الطيب من غصن الأندلس الرطيب 	 أحمد بن محمد المقري التلمساني 	ABLibrary	9300	0.70963
		مباحث في إعجاز القرآن	د مصطفى مسلم	Sham19Y	9675	0.70959
		حاشية الدرة المضية في عقد الفرقة المرضية	عبد الرحمن بن محمد بن قاسم العاصمي الحنبلي النجدي (المتوفى: 1392هـ)	ShamAY	7369	0.70954
		 أنوار النبي ( ص ) أسرارها وأنواعها 	 ابن سبعين 	ABLibrary	7431	0.70953
		مفتاح دار السعادة ومنشور ولاية العلم والإرادة	محمد بن أبي بكر بن أيوب بن سعد شمس الدين ابن قيم الجوزية (المتوفى: 751هـ)	ShamAY	6840	0.70951
		السنة ومكانتها للسباعي ط المكتب الإسلامي	مصطفى بن حسني السباعي (المتوفى: 1384ه)	ShamelaY19	37638	0.7095
		من هدى القرآن [ج ١٨]	السيّد محمّد تقي المدرّسي	Rafed	2148	0.70943
		من روائع القرآن - تأملات علمية وأدبية في كتاب الله عز وجل	محّمد سَعيد رَمضان البوطي	ShamAY	1233	0.70942
		أدب الطّف أو شعراء الحسين عليه السلام [ج ٧]	جواد شبّر	Rafed	374	0.70942
		في سبيل العقيدة الإسلامية	عبد اللطيف بن علي بن أحمد بن محمد السلطاني القنطري الجزائري (المتوفى: 1404ه)	Sham19Y	115132	0.70939
		 الإلهيات على هدى الكتاب والسنة والعقل 	 الشيخ السبحاني 	ABLibrary	8345	0.70935
		الميزان في تفسير القرآن [ج ١٥]	آية الله السيد محمد حسين الطباطبائي	Rafed	1448	0.70935
		بيان تلبيس الجهمية في تأسيس بدعهم الكلامية	تقي الدين أبو العباس أحمد بن عبد الحليم بن عبد السلام بن عبد الله بن أبي القاسم بن محمد ابن تيمية الحراني الحنبلي الدمشقي (المتوفى: 728ه)	Sham19Y	2864	0.7093
		الموافقات. ط المعرفة - دراز	إبراهيم بن موسى الشاطبي اللخمي الغرناطي المالكي	ShamAY	34196	0.70928
		الموشى = الظرف والظرفاء	محمد بن أحمد بن إسحاق بن يحيى، أبو الطيب، المعروف بالوشاء (المتوفى: 325هـ)	ShamAY	26102	0.70925
		السنة ومكانتها في التشريع الإسلامي	مصطفى بن حسني السباعي (المتوفى: 1384ه)	ShamelaY19	37639	0.70922
		روح المعاني [ج ١٣]	أبي الفضل شهاب الدين السيّد محمود الألوسي البغدادي	Rafed	3200	0.70917
		 شجون المسجون وفنون المفتون 	 ابن عربي 	ABLibrary	8740	0.70916
		التّفسير القرآني للقرآن [ج ٣]	عبدالكريم الخطيب	Rafed	3345	0.7091
		تفسير ابن عربي [ج ٢]	محيي الدين بن علي بن أحمد بن عبدالله الطائي الحاتمي [ ابن عربي ]	Rafed	3855	0.70909
		شعاع من المحراب	د. سليمان بن حمد العودة	Sham19Y	20948	0.70906
		علم اليقين في أصول الدين [ج ١]	محمّد بن المرتضى [ الفيض الكاشاني ]	Rafed	3440	0.70893
		القائد إلى تصحيح العقائد (وهو القسم الرابع من كتاب «التنكيل بما تأنيب الكوثري من الأباطيل» )	عبد الرحمن بن يحيى بن علي بن محمد المعلمي العتمي اليماني (المتوفى: 1386هـ)	ShamAY	12761	0.70891
		تسهيل النظر وتعجيل الظفر في أخلاق الملك	أبو الحسن علي بن محمد بن محمد بن حبيب البصري البغدادي، الشهير بالماوردي (المتوفى: 450هـ)	ShamAY	7239	0.70889
		تاريخ مدينة دمشق [ج ٧٧]	أبي القاسم علي بن الحسن ابن هبة الله بن عبد الله الشافعي [ ابن عساكر ]	Rafed	2664	0.70887
		تفسير المراغي [ج ٣٠]	أحمد مصطفى المراغي	Rafed	1707	0.70887
		التيسير في أحاديث التفسير	محمد المكي الناصري (المتوفى: 1414هـ)	ShamAY	31629	0.70881
		الإسلام المفتري عليه بين الشيوعيين والرأسماليين	محمد الغزالي	ShamAY	33236	0.70877
		سراج الملوك	أبو بكر محمد بن محمد ابن الوليد الفهري الطرطوشي المالكي (المتوفى: 520هـ)	ShamAY	1585	0.70876
		حاشية الدرة المضية في عقد الفرقة المرضية	عبد الرحمن بن محمد بن قاسم العاصمي الحنبلي النجدي (المتوفى: 1392ه)	Sham19Y	7369	0.70876
		أين تقع لا إله إلا الله في دين المرجئة الجُدُد	محمد إبراهيم شقرة	ShamAY	37772	0.70872
		 شرح توحيد الصدوق 	 القاضي سعيد القمي 	ABLibrary	8479	0.70871
		الديباج الوضي في الكشف عن أسرار كلام الوصي (شرح نهج البلاغة)	يحيي بن حمزه الحسيني	Ghbook	15848	0.70871
		منهج الموازنة في الحكم على الأعيان عند شيخ الإسلام	أبو بكر بن عبد العزيز البغدادي	ShamAY	36526	0.70864
		تزيين الأسواق في أخبار العشاق	داود بن عمر الأنطاكي، المعروف بالأكمه (المتوفى: 1008هـ)	ShamAY	630	0.70864
		التفسير الواضح	الحجازي، محمد محمود	ShamAY	23589	0.70856
		البحر المحيط في التفسير	أبو حيان محمد بن يوسف بن علي بن يوسف بن حيان أثير الدين الأندلسي (المتوفى: 745ه)	ShamelaY19	23591	0.70856
		مقالات الشيخ سلمان العودة	سلمان بن فهد العودة	ShamAY	34748	0.70854
		البصائر والذخائر	أبو حيان التوحيدي، علي بن محمد بن العباس (المتوفى: نحو 400ه)	Sham19Y	26423	0.70854
		السيرة النبوية على ضوء القرآن والسنة	محمد بن محمد بن سويلم أبو شُهبة (المتوفى: 1403هـ)	ShamAY	9896	0.70852
		مصباح الظلام في الرد على من كذب الشيخ الإمام ونسبه إلى تكفير أهل الإيمان والإسلام	عبد اللطيف بن عبد الرحمن بن حسن بن محمد بن عبد الوهاب آل الشيخ (المتوفى: 1293هـ)	ShamAY	30868	0.7085
		مسالك الأفهام إلى آيات الأحكام - الجزء1	الفاضل الكاظمي	Masaha	1291	0.70844
		الجديد في تفسير القرآن المجيد [ج ٤]	الشيخ محمّد السبزواري النجفي	Rafed	3702	0.7084
		تفسير القاسمي [ج ٥]	محمّد جمال الدين القاسمي	Rafed	3914	0.70838
		أنوار النبي(ص) أسرارها و أنواعها	عبد الحق بن سبعين المرسي‏	Masaha	1941	0.70838
		دروس للشيخ صالح بن حميد	د صالح بن عبد الله بن حميد	ShamAY	907	0.70836
		تنزيه الأنبياء عمّا نسب اإيهم حثالة الأغبياء	أبو الحسن علي بن أحمد السبتي [ ابن خمير ]	Rafed	1909	0.70834
		ماذا خسر العالم بانحطاط المسلمين	علي أبو الحسن بن عبد الحي بن فخر الدين الندوي (المتوفى: 1420ه)	ShamelaY19	21575	0.70833
		المنهل الحديث في شرح الحديث	الأستاذ الدكتور موسى شاهين لاشين	ShamAY	38845	0.70832
		البصائر والذخائر	أبو حيان التوحيدي، علي بن محمد بن العباس (المتوفى: نحو 400ه)	ShamelaY19	26423	0.7083
		التفسير المنير [ج ٢]	الدكتور وهبة الزحيلي	Rafed	2943	0.7083
		المعجزة الكبرى القرآن	محمد بن أحمد بن مصطفى بن أحمد المعروف بأبي زهرة (المتوفى: 1394هـ)	ShamAY	23137	0.70828
		تفسير المراغي [ج ٢٢]	أحمد مصطفى المراغي	Rafed	1694	0.70827
		مفتاح دار السعادة ومنشور ولاية العلم والإرادة	محمد بن أبي بكر بن أيوب بن سعد شمس الدين ابن قيم الجوزية (المتوفى: 751ه)	Sham19Y	6840	0.70826
		من هدى القرآن [ج ٨]	السيّد محمّد تقي المدرّسي	Rafed	2110	0.70818
		الاعتذار للعزيز الغفار والانتصار لأهل السنة الأبرار	عبد العزيز بن منصور الكناني	ShamAY	33429	0.70817
		الإعتصام [ج ١ و ٢]	أبي اسحاق ابراهيم بن موسى بن محمد اللخمي الشاطبي الغرناطي	Rafed	3388	0.70814
		فن الذكر والدعاء عند خاتم الأنبياء	محمد الغزالي	ShamAY	34813	0.70812
		الخلافة	محمد رشيد بن علي رضا بن محمد شمس الدين بن محمد بهاء الدين بن منلا علي خليفة القلموني الحسيني (المتوفى: 1354هـ)	ShamAY	9682	0.70809
		التفسير المنير [ج ٢٥]	الدكتور وهبة الزحيلي	Rafed	2973	0.70803
		مصباح الظلام في الرد على من كذب الشيخ الإمام ونسبه إلى تكفير أهل الإيمان والإسلام	عبد اللطيف بن عبد الرحمن بن حسن بن محمد بن عبد الوهاب آل الشيخ (المتوفى: 1293ه)	ShamelaY19	30868	0.70802
		جمهرة مقالات الأستاذ محمود محمد شاكر	محمود شاكر، أبو فهر	ShamelaY19	20641	0.70788
		القول المعتبر في بيان الإعجاز للحروف المقطعة من فواتح السور	إياس محمد حرب آل خطاب	ShamelaY19	37350	0.70785
		ديوان علي بن محمد التهامي	أبو الحسن على بن محمد بن فهد التهامي المتوفى سنة 416 هـ	ShamAY	37899	0.70783
		أوضح التفاسير	محمد محمد عبد اللطيف بن الخطيب (المتوفى: 1402ه)	ShamelaY19	36432	0.70781
		الروض المعطار في خبر الأقطار	محمد بن عبد المنعم الحميري	Masaha	4113	0.70775
		الفرقان في تفسير القرآن بالقرآن والسنّة [ج ٢٥]	الشيخ محمد الصادقي	Rafed	3050	0.70773
		شرح الأربعين النووية - عبد الكريم الخضير	عبد الكريم الخضير	ShamelaY19	23423	0.70771
		مفيد العلوم ومبيد الهموم	ينسب لأبي بكر الخوارزمي محمد بن العباس (المتوفى: 383هـ)	ShamAY	10262	0.70769
		أوضح التفاسير	محمد محمد عبد اللطيف بن الخطيب (المتوفى: 1402هـ)	ShamAY	30	0.7076
		 المثنوي المعنوي ( معرب الدسوقي ) 	 جلال الدين الرومي 	ABLibrary	8765	0.70755
		 تاريخ طبرستان 	 محمد بن حسن بن اسفنديار 	ABLibrary	8994	0.70753
		شرح جوامع الأخبار - عبد الكريم الخضير	عبد الكريم الخضير	ShamelaY19	21803	0.70748
		الأمان من أخطار الأسفار و الأزمان	السيد علي بن موسى بن طاووس	Masaha	1016	0.70746
		القواعد الحسان لتفسير القرآن	أبو عبد الله، عبد الرحمن بن ناصر بن عبد الله بن ناصر بن حمد آل سعدي (المتوفى: 1376هـ)	ShamAY	9077	0.70744
		مجلة «الثقافة» السورية	خليل مردم بك	ShamAY	893	0.70743
		 هداية الأبرار إلى طريق الأئمة الأطهار ( ع ) 	 الشيخ حسين الكركي العاملي 	ABLibrary	9334	0.70733
		شعاع من المحراب	د. سليمان بن حمد العودة	ShamAY	38889	0.70731
		نظم اللآل في الحكم والأمثال	عبد الله فكري «باشا» بن محمد بليغ بن عبد الله بن محمد (المتوفى: 1306هـ)	ShamAY	5385	0.70731
		 رسائل ومقالات 	 الشيخ السبحاني 	ABLibrary	8442	0.70726
		تفسير بيان السعادة في مقامات العبادة [ج ٤]	سلطان محمّد الجنابذي [ سلطان علي شاه ]	Rafed	3373	0.70726
		في سبيل العقيدة الإسلامية	عبد اللطيف بن علي بن أحمد بن محمد السلطاني القنطري الجزائري (المتوفى: 1404هـ)	ShamAY	31655	0.70724
		تفسير من وحي القرآن [ج ٢٢]	السيد محمد حسين فضل الله	Rafed	3287	0.70724
		شرح نهج البلاغة (ط الحلبي)	عبد الحميد بن هبة الله بن محمد بن الحسين بن أبي الحديد، أبو حامد، عز الدين (المتوفى: 656هـ)	ShamAY	33785	0.70717
		كشف غياهب الظلام عن أوهام جلاء الأوهام وبراءة الشيخ محمد بن عبد الوهاب عن مفتريات هذا الملحد الكذاب	سليمان بن سحمان بن مصلح بن حمدان بن مصلح بن حمدان بن مسفر بن محمد بن مالك بن عامر الخثعمي , التبالي , العسيري , النجدي (المتوفى : 1349هـ)	ShamAY	11353	0.70714
		موسوعة أخلاق القرآن [ج ٢]	الدكتور أحمد الشرباصي	Rafed	3888	0.70711
		الفواكه الدواني على رسالة ابن أبي زيد القيرواني	أحمد بن غانم (أو غنيم) بن سالم ابن مهنا، شهاب الدين النفراوي الأزهري المالكي (المتوفى: 1126ه)	ShamelaY19	21589	0.70708
		 الإلهيات على هدى الكتاب والسنة والعقل 	 الشيخ السبحاني 	ABLibrary	8346	0.70707
		تفسير التّحرير والتّنوير [ج ٢٤]	الشيخ محمّد الطاهر ابن عاشور	Rafed	2933	0.70706
		روح المعاني [ج ٨]	أبي الفضل شهاب الدين السيّد محمود الألوسي البغدادي	Rafed	3192	0.70704
		كنز العرفان في فقه القرآن [ج ٢]	جمال الدين مقداد بن عبد الله السيوري الحلّي	Rafed	1264	0.70699
		رسائل الجاحظ (الكلامية)	عمرو بن بحر بن محبوب الكناني بالولاء، أبو عثمان، الشهير بالجاحظ (المتوفى: 255هـ)	ShamAY	34786	0.70693
		منطلقات طالب العلم	أبو العلاء محمد بن حسين بن يعقوب السلفي المصري	Sham19Y	98137	0.70693
		مرشد المغترب	السيد محمد سعيد الطباطبائي الحكيم	Masaha	597	0.70693
		خلق المسلم	محمد الغزالي	ShamAY	34811	0.70692
		 الميزان الذرية المبينة لعقائد الفرق العلية 	 عبد الوهاب الشعراني 	ABLibrary	8835	0.70692
		أخبار الزّمان	أبو الحسن علي بن الحسين بن علي الهذلي المسعودي	Rafed	1745	0.70692
		شرح الأربعين النووية - عبد الكريم الخضير	عبد الكريم الخضير	ShamAY	68	0.70687
		أنس المسجون وراحة المحزون	صفي الدين، أبو الفتح عيسى بن البحتري الحلبي (المتوفى: بعد 625ه)	ShamelaY19	120146	0.70684
		 الكلمة الغراء في تفضيل الزهراء ( ع ) وعقيلة الوحي زينب ( ع ) 	 السيد شرف الدين 	ABLibrary	7684	0.70684
		ديوان محمد العيد آل خليفة	محمد العيد بن محمد علي خليفة (المتوفى: 1399هـ)	ShamAY	1630	0.70682
		الرد الجميل على المشككين في الإسلام من القرآن والتوراة والإنجيل والعلم	عبد المجيد حامد صبح	ShamAY	7834	0.70682
		زبدة التّفاسير [ج ٤]	فتح الله بن شكر الله الشريف الكاشاني	Rafed	1714	0.7068
		فتح العلي المالك في الفتوى على مذهب الإمام مالك	محمد بن أحمد بن محمد عليش، أبو عبد الله المالكي (المتوفى: 1299هـ)	ShamAY	21688	0.70679
		جلاء العينين في محاكمة الأحمدين	نعمان بن محمود بن عبد الله، أبو البركات خير الدين، الآلوسي (المتوفى: 1317هـ)	ShamAY	9943	0.70679
		 مجموع رسائل الإمام المنصور بالله 	 المنصور بالله عبد الله بن حمزة بن سليمان 	ABLibrary	8589	0.70678
		مختصر الفتاوى المصرية لابن تيمية	محمد بن علي بن أحمد بن عمر بن يعلى، أبو عبد الله، بدر الدين البعليّ (المتوفى: 778هـ)	ShamAY	1627	0.70676
		التّفسير القرآني للقرآن [ج ٨]	عبدالكريم الخطيب	Rafed	3350	0.70671
		شرح القصيدة النونية = شرح الكافية الشافية - ط العلمية	محمد خليل هراس	ShamAY	33897	0.7067
		تفسير التّحرير والتّنوير [ج ٦]	الشيخ محمّد الطاهر ابن عاشور	Rafed	2910	0.70668
		تفسير التّحرير والتّنوير [ج ٢٣]	الشيخ محمّد الطاهر ابن عاشور	Rafed	2932	0.70665
		 شرح المقاصد 	 التفتازاني 	ABLibrary	8463	0.70662
		روح المعاني [ج ٦]	أبي الفضل شهاب الدين السيّد محمود الألوسي البغدادي	Rafed	3190	0.70661
		أسرار الآيات	صدر الدين محمّد بن إبراهيم الشيرازي	Rafed	3291	0.70661
		الفائق في غريب الحديث‌  - الجزء1	ابو القاسم محمود بن عمر الزمخشري	Masaha	3492	0.7066
		تعريب تاريخ طبرستان	محمد بن حسن بن إسفنديار	Masaha	4802	0.70653
		الإسلام والمناهج الإشتراكية	محمد الغزالي	ShamAY	33241	0.70652
		دراسات في الحديث والمحدّثين	هاشم معروف الحسني	Rafed	1826	0.70651
		تفسير غرائب القرآن ورغائب الفرقان [ج ٦]	نظام الدين الحسن بن محمّد بن حسين القمي النيسابوري	Rafed	1804	0.70649
		لماذا يمزق القرآن الكريم؟؟	علي بن نايف الشحود	ShamAY	33273	0.70647
		وصايا الرّسول لزوج البتول عليهم السلام	السيد علي الصدر	Masaha	1755	0.70647
		أمالي المرتضي - الجزء1	السيد المرتضى	Masaha	3390	0.70643
		في علوم القرآن دراسات ومحاضرات	محمد عبد السلام كفافى وعبد الله الشريف	ShamAY	1489	0.70641
		 منارات السائرين إلى حضرة الله ومقامات الطائرين 	 عبد الله بن محمد بن شاهاور الرازي 	ABLibrary	8755	0.70639
		 كيفية السلوك إلى رب العالمين 	 الحكيم الترمذي 	ABLibrary	8697	0.70639
		سر الفصاحة	أبو محمد عبد الله بن محمد بن سعيد بن سنان الخفاجي الحلبي (المتوفى: 466هـ)	ShamAY	11239	0.70636
		تفسير التّحرير والتّنوير [ج ٢٩]	الشيخ محمّد الطاهر ابن عاشور	Rafed	2939	0.70636
		مجموع كتب ورسائل الإمام القاسم بن إبراهيم الرسي ( 169 ـ 246 هـ ) [ج ١]	القاسم بن ابراهيم بن اسماعيل بن ابراهيم بن الحسن بن الحسن بن علي بن أبي طالب عليهم السلام	Rafed	3477	0.70635
		دلائل الإعجاز في علم المعاني	أبو بكر عبد القاهر بن عبد الرحمن بن محمد الفارسي الأصل، الجرجاني الدار (المتوفى: 471ه)	ShamelaY19	37697	0.70627
		 مجموع كتب ورسائل الإمام القاسم بن إبراهيم الرسي 	 القاسم بن إبراهيم الرسي 	ABLibrary	8591	0.70625
		رسائل السنة والشيعة لرشيد رضا	محمد رشيد بن علي رضا بن محمد شمس الدين بن محمد بهاء الدين بن منلا علي خليفة القلموني الحسيني (المتوفى: 1354هـ)	ShamAY	12723	0.70624
		التفسير المنير [ج ١٢]	الدكتور وهبة الزحيلي	Rafed	2955	0.70624
		أعيان الشيعة - الجزء1	السيد محسن الأمين	Masaha	1836	0.70624
		الكليات معجم في المصطلحات والفروق اللغوية	أيوب بن موسى الحسيني القريمي الكفوي، أبو البقاء الحنفي (المتوفى: 1094هـ)	ShamAY	7037	0.70623
		مجلة «الثقافة» السورية	خليل مردم بك	ShamelaY19	73350	0.7062
		 الدرر النجفية من الملتقطات اليوسفية 	 المحقق البحراني 	ABLibrary	994	0.70619
		كنز الفوائد [ج ١]	أبي الفتح محمد بن علي بن عثمان الكراجكي الطرابلسي	Rafed	3896	0.70619
		صيد الأفكار في الأدب والأخلاق والحكم والأمثال	القاضي/حسين بن محمد المهدي - عضو المحكمة العليا للجمهورية اليمنية	ShamAY	8372	0.7061
		جواب الاعتراضات المصرية على الفتيا الحموية - قطعة منه	تقي الدين أبو العباس أحمد بن عبد الحليم بن تيمية الحراني (المتوفى: 728هـ)	ShamAY	34353	0.70609
		الكلام على مسألة السماع	أبو عبد الله محمد بن أبي بكر بن أيوب ابن قيم الجوزية (المتوفى: 751 ه)	ShamelaY19	18318	0.70603
		العراق في أحاديث وآثار الفتن	أبو عبيدة مشهور بن حسن بن محمود آل سلمان	ShamAY	3346	0.70602
		الميزان في تفسير القرآن [ج ١٧]	آية الله السيد محمد حسين الطباطبائي	Rafed	1450	0.7059
		الحراب في صدر البهاء و الباب	محمد فاضل	Ghbook	7032	0.7059
		وقاية الأذهان والألباب ولباب أصول السنة والكتاب‏	الشيخ محمد رضا النجفي الأصفهاني	Masaha	4267	0.70588
		 أنوار الحكمة 	 الفيض الكاشاني 	ABLibrary	8351	0.70586
		شرح جوامع الأخبار - عبد الكريم الخضير	عبد الكريم الخضير	ShamAY	65	0.70584
		تاريخ طبرستان	بهاء الدين محمد بن حسن بن إسفنديار	Rafed	2197	0.7058
		ديوان حيدر بن سليمان الحلي	حيدر بن سليمان بن داود الحلي الحسيني	ShamAY	37945	0.70576
		بهجة قلوب الأبرار وقرة عيون الأخيار في شرح جوامع الأخبار	أبو عبد الله، عبد الرحمن بن ناصر بن عبد الله بن ناصر بن حمد آل سعدي (المتوفى: 1376ه)	ShamelaY19	31304	0.70575
		الفرقان في تفسير القرآن بالقرآن والسنة [ج ٥]	الشيخ محمد الصادقي	Rafed	3015	0.70575
		 هداية الأمة إلى معارف الأئمة 	 ابو جعفر محمد جواد الخراساني 	ABLibrary	8675	0.70574
		علم التفسير كيف نشأ وتطور حتى انتهى إلى عصرنا الحاضر	عبد المنعم النمر (المتوفى: 1991 م)	ShamelaY19	37996	0.70571
		المفَصَّلُ في موضوعات سور القرآن	علي بن نايف الشحود	ShamAY	36743	0.7057
		تفسير القاسمي [ج ٢]	محمّد جمال الدين القاسمي	Rafed	3907	0.7057
		تاريخ مدينة دمشق [ج ٧٨]	الناشر: دار الفكر للطباعة والنشر والتوزيع	Rafed	2665	0.70566
		البصائر والذخائر	أبو حيان التوحيدي، علي بن محمد بن العباس (المتوفى: نحو 400هـ)	ShamAY	26423	0.70564
		تذكرة بالإخبار عن اتّفاقات الأسفار	محمّد بن أحمد بن جبير الأندلسي	Rafed	2185	0.70557
		عصمة الأنبياء عليهم السلام في القرآن الكريم	الشيخ جعفر السبحاني	Rafed	3503	0.70555
		التفسير المنير [ج ١٣]	الدكتور وهبة الزحيلي	Rafed	2956	0.70553
		 لطائف الأعلام في إشارات أهل الإلهام 	 عبد الرزاق الكاشاني ( القاشاني ) 	ABLibrary	8795	0.7055
		روض الأخيار المنتخب من ربيع الأبرار	محمد بن قاسم بن يعقوب الأماسي الحنفي، محيي الدين، ابن الخطيب قاسم (المتوفى: 940هـ)	ShamAY	10512	0.70542
		الرسائل الأحمديّة [ج ٣]	الشيخ أحمد آل طعّان	Rafed	1358	0.70538
		شرح ديوان المتنبي للواحدي	أبو الحسن علي بن أحمد بن محمد بن علي الواحدي، النيسابوري، الشافعي (المتوفى: 468هـ)	ShamAY	754	0.70537
		منحة القريب المجيب في الرد على عباد الصليب	عبد العزيز بن حمد بن ناصر بن عثمان آل معمر (المتوفى: 1244هـ)	ShamAY	10895	0.70534
		منهج الاعتدال	الشيخ: عدنان بن محمد العرعور	ShamelaY19	147099	0.70533
		دروس للشيخ صالح بن حميد	صالح بن حميد	Sham19Y	7735	0.70533
		موسوعة أخلاق القرآن [ج ٤]	الدكتور أحمد الشرباصي	Rafed	3904	0.70532
		كلمه الامام المهدي ( عليه السلام )	حسن شيرازي	Ghbook	6560	0.7053
		غياث الأمم في التياث الظلم - دار الدعوة	عبد الملك بن عبد الله بن يوسف الجويني أبو المعالي	ShamAY	34346	0.70522
		الاعتصام للشاطبي ت الشقير والحميد والصيني	إبراهيم بن موسى بن محمد اللخمي الغرناطي الشهير بالشاطبي (المتوفى: 790ه)	ShamelaY19	36558	0.70517
		الملل والنحل	أبو الفتح محمد بن عبد الكريم بن أبى بكر أحمد الشهرستاني (المتوفى: 548ه)	Sham19Y	11812	0.70517
		دلائل الإعجاز في علم المعاني	أبو بكر عبد القاهر بن عبد الرحمن بن محمد الفارسي الأصل، الجرجاني الدار (المتوفى: 471هـ)	ShamAY	1039	0.70516
		مجموع رسائل الإمام المنصور بالله عبدالله بن حمزه [ج ٢]	المنصور بالله عبدالله بن حمزة	Rafed	3420	0.70513
		شرح الأربعين النووية - عبد الكريم الخضير	عبد الكريم الخضير	Sham19Y	23423	0.70509
		تفسير من وحي القرآن [ج ١٤]	السيد محمد حسين فضل الله	Rafed	3277	0.70509
		تفسير الصّافي [ج ١]	محمّد بن المرتضى [ الفيض الكاشاني ]	Rafed	3028	0.70508
		المورد العذب الزلال فيما انتقد على بعض المناهج الدعوية من العقائد والأعمال	أحمد النجمي	ShamAY	33354	0.70506
		روض الأخيار المنتخب من ربيع الأبرار	محمد بن قاسم بن يعقوب الأماسي الحنفي، محيي الدين، ابن الخطيب قاسم (المتوفى: 940ه)	Sham19Y	10512	0.70506
		 المثنوي المعنوي ( معرب الدسوقي ) 	 جلال الدين الرومي 	ABLibrary	8761	0.70502
		وَقَفَاتٌ على الطَّريق	علي بن نايف الشحود	ShamAY	359	0.70501
		تفسير التّحرير والتّنوير [ج ١٤]	الشيخ محمّد الطاهر ابن عاشور	Rafed	2918	0.70501
		الكواشف الجلية عن معاني الواسطية	الواحدي	ShamAY	35649	0.70499
		الكليات معجم في المصطلحات والفروق اللغوية	أيوب بن موسى الحسيني القريمي الكفوي، أبو البقاء الحنفي (المتوفى: 1094ه)	Sham19Y	7037	0.70494
		الميزان في تفسير القرآن [ج ١٦]	آية الله السيد محمد حسين الطباطبائي	Rafed	1449	0.70494
		 حق اليقين في معرفة أصول الدين 	 السيد عبد الله الشبر 	ABLibrary	8411	0.70493
		البحر المحيط في التّفسير [ج ٥]	محمّد بن يوسف [ أبي حيّان الأندلسي الغرناطي ]	Rafed	2423	0.70493
		مقالات الشيخ عبد الرحمن عبد الخالق	عبد الرحمن عبد الخالق اليوسف	ShamAY	34712	0.70492
		تفسير التّحرير والتّنوير [ج ١٧]	الشيخ محمّد الطاهر ابن عاشور	Rafed	2924	0.7049
		علم التفسير كيف نشأ وتطور حتى انتهى إلى عصرنا الحاضر	عبد المنعم النمر (المتوفى: 1991 م)	ShamAY	1474	0.70487
		 سيرة الأئمة الاثني عشر ( ع ) 	 هاشم معروف الحسني 	ABLibrary	7548	0.70486
		الفرقان في تفسير القرآن بالقرآن والسنّة [ج ١٤]	الشيخ محمد الصادقي	Rafed	3026	0.70486
		 ديوان الحقائق ومجموع الرقائق 	 الشيخ عبد الغني النابلسي 	ABLibrary	8856	0.70484
		مناهل العرفان في علوم القرآن	محمد عبد العظيم الزُّرْقاني (المتوفى: 1367هـ)	ShamAY	7249	0.70483
		تفسير التّحرير والتّنوير [ج ١٩]	الشيخ محمّد الطاهر ابن عاشور	Rafed	2926	0.70478
		جمهرة مقالات الأستاذ محمود محمد شاكر	محمود شاكر، أبو فهر	ShamAY	38846	0.70476
		المسائل التي خالف فيها رسول الله صلى الله عليه وسلم أهل الجاهلية - ت السعيد	محمد بن عبد الوهاب	ShamAY	33889	0.70474
		خطوات إلى السعادة	عبد المحسن بن محمد بن عبد الرحمن القاسم القحطاني	ShamAY	32279	0.70473
		منهج الاعتدال	الشيخ: عدنان بن محمد العرعور	Sham19Y	147099	0.7047
		100 كتاب للشيخ سعيد عبد العظيم	سعيد عبد العظيم	ShamAY	32991	0.70469
		مدارك النظر في السياسة بين التطبيقات الشّرعية والانفعالات الحَمَاسية	عبد المالك رمضاني	ShamAY	33171	0.70465
		التفسير المنير [ج ٢٠]	الدكتور وهبة الزحيلي	Rafed	2965	0.70465
		دلائل الإعجاز في علم المعاني	أبو بكر عبد القاهر بن عبد الرحمن بن محمد الفارسي الأصل، الجرجاني الدار (المتوفى: 471ه)	Sham19Y	12055	0.70464
		في ظلال القرآن	سيد قطب إبراهيم حسين الشاربي (المتوفى: 1385هـ)	ShamAY	1623	0.70462
		الملل والنّحل [ج ١]	أبي الفتح محمد بن عبدالكريم بن أبي بكر أحمد الشهرستاني	Rafed	3569	0.7046
		ديوان ابن زمرك	محمد بن يوسف الصريحي الاندلسي الغرناطي	ShamAY	37869	0.70452
		روح البيان - إحياء التراث	إسماعيل حقي بن مصطفى الإستانبولي الحنفي الخلوتي	ShamAY	34059	0.70451
		البحر المحيط في التفسير	أبو حيان محمد بن يوسف بن علي بن يوسف بن حيان أثير الدين الأندلسي (المتوفى: 745ه)	Sham19Y	23591	0.7045
		الكلمة الغراء في تفضيل الزهراء(ع) وعقيلة الوحي‏	السيد عبد الحسين شرف الدين	Masaha	2858	0.70449
		منطلقات طالب العلم	أبو العلاء محمد بن حسين بن يعقوب السلفي المصري	ShamAY	31621	0.70445
		الغياثي غياث الأمم في التياث الظلم	عبد الملك بن عبد الله بن يوسف بن محمد الجويني، أبو المعالي، ركن الدين، الملقب بإمام الحرمين (المتوفى: 478هـ)	ShamAY	8323	0.70443
		الأمثل في تفسير كتاب الله المنزل [ج ٨]	آية الله مكارم الشيرازي	Rafed	2048	0.70443
		هَلْ تَخَلَّى اللهُ عَنْ أُمَّةِ مُحَمَّدٍ - صلى الله عليه وسلم -؟	علي بن نايف الشحود	ShamAY	33276	0.7044
		روح المعاني [ج ١١]	أبي الفضل شهاب الدين السيّد محمود الألوسي البغدادي	Rafed	3197	0.70437
		القواعد الحسان في أسرار الطاعة والاستعداد لرمضان	المعتز بالله أبو محمد رضا أحمد صمدي	ShamAY	2248	0.70436
		الصحيح من سيرة النبي الأعظم - الجزء1	السيد جعفر مرتضى العاملي	Masaha	2754	0.70433
		تفسير من وحي القرآن [ج ٧]	السيد محمد حسين فضل الله	Rafed	3268	0.70431
		الموسوعة القرآنيّة خصائص السور [ج ٢]	الناشر: دار التقريب بين المذاهب الإسلامية	Rafed	3727	0.70431
		التبصير في الدين وتمييز الفرقة الناجية عن الفرق الهالكين	طاهر بن محمد الأسفراييني، أبو المظفر (المتوفى: 471هـ)	ShamAY	6376	0.7043
		صبح الأعشى في صناعة الإنشاء	أحمد بن علي بن أحمد الفزاري القلقشندي ثم القاهري (المتوفى: 821هـ)	ShamAY	9429	0.70427
		الإصابة في تمييز الصحابة - الجزء1	ابن حجر العسقلاني‏	Masaha	1844	0.70426
		الأجوبة المفيدة عن أسئلة المناهج الجديدة	صالح الفوزان	ShamAY	35460	0.70422
		 الدرر النجفية من الملتقطات اليوسفية 	 المحقق البحراني 	ABLibrary	991	0.70421
		الدّرر النجفيّة [ج ٢]	الشيخ يوسف بن أحمد البحراني [ صاحب الحدائق ]	Rafed	1550	0.7042
		 بحار الأنوار 	 العلامة المجلسي 	ABLibrary	772	0.70419
		شرح العقيدة الواسطية، ويليه ملحق الواسطية	محمد بن خليل حسن هراس (المتوفى: 1395ه)	ShamelaY19	22934	0.70415
		أدب الاختلاف في الإسلام	طه جابر فياض العلواني	ShamAY	1523	0.70414
		توضِيحُ الأحكَامِ مِن بُلوُغ المَرَام	أبو عبد الرحمن عبد الله بن عبد الرحمن بن صالح بن حمد بن محمد بن حمد بن إبراهيم البسام التميمي (المتوفى: 1423هـ)	ShamAY	31912	0.70413
		الاجتهاد و التقليد (هداية الأبرار إلى طريق الأئمة الأطهار)	الشيخ الحسين بن شهاب الدين الكركي	Masaha	1254	0.70413
		في ظلال القرآن [ج ٤]	سيّد قطب	Rafed	3884	0.70412
		 مناظرات عقائدية بين الشيعة وأهل السنة 	 السيد أمير محمد القزويني 	ABLibrary	8645	0.70408
		أبجد العلوم	أبو الطيب محمد صديق خان بن حسن بن علي ابن لطف الله الحسيني البخاري القِنَّوجي (المتوفى: 1307هـ)	ShamAY	9579	0.70406
		التوضيح عن توحيد الخلاق في جواب أهل العراق وتذكرة أولي الألباب في طريقة الشيخ محمد بن عبد الوهاب	سليمان بن عبد الله بن محمد بن عبد الوهاب (المتوفى: 1233هـ)	ShamAY	7597	0.70399
		إكفار الملحدين في ضروريات الدين	محمد أنور شاه بن معظم شاه الكشميري الهندي (المتوفى: 1353ه)	ShamelaY19	21788	0.70397
		كتاب المسئولية في الإسلام	عبد الله قادري الأهدل	ShamAY	33349	0.70387
		طرق تدريس التربية الإسلامية نماذج لإعداد دروسها	دكتور/ عبد الرشيد عبد العزيز سالم	ShamAY	10007	0.70383
		شفاء العليل في مسائل القضاء والقدر والحكمة والتعليل	محمد بن أبي بكر بن أيوب بن سعد شمس الدين ابن قيم الجوزية (المتوفى: 751ه)	Sham19Y	12021	0.7038
		التفسير الواضح	الحجازي، محمد محمود	ShamelaY19	23589	0.70378
		الفلاكة والمفلوكون	أحمد بن علي بن عبد الله، شهاب الدين الدلجي المصري (المتوفى: 838ه)	Sham19Y	36075	0.70376
		بهجة قلوب الأبرار وقرة عيون الأخيار في شرح جوامع الأخبار	أبو عبد الله، عبد الرحمن بن ناصر بن عبد الله بن ناصر بن حمد آل سعدي (المتوفى: 1376هـ)	ShamAY	31304	0.70372
		حروب صلاح الدين وفتح بيت المقدس «وهو الكتاب المسمى الفتح القسي في الفتح القدسي»	أبو عبد الله، محمد بن (محمد صفي الدين) ابن (نفيس الدين حامد) بن أُلْه، عِمَاد الدِّين الكاتب الأصبهاني (المتوفى: 597هـ)	ShamAY	32076	0.7037
		ديوان محمد العيد آل خليفة	محمد العيد بن محمد علي خليفة (المتوفى: 1399ه)	ShamelaY19	95843	0.70362
		الجامع الكبير في صناعة المنظوم من الكلام والمنثور	نصر الله بن محمد بن محمد بن عبد الكريم الشيباني، الجزري، أبو الفتح، ضياء الدين، المعروف بابن الأثير الكاتب (المتوفى: 637هـ)	ShamAY	865	0.70361
		تفسير المراغي [ج ١٦]	أحمد مصطفى المراغي	Rafed	1686	0.70356
		مفاهيم القرآن [ج ٧]	الشيخ جعفر السبحاني	Rafed	348	0.70353
		مناظرات عقائديّة بين الشيعة وأهل السنّة	السيد أمير محمد القزويني	Rafed	3531	0.70347
		الأحكام السلطانية للماوردي	أبو الحسن علي بن محمد بن محمد بن حبيب البصري البغدادي، الشهير بالماوردي (المتوفى: 450ه)	ShamelaY19	22881	0.70346
		مختصر كتاب الاعتصام	علوي السقاف	ShamelaY19	22888	0.70343
		التنقيذ لأحكام التقليد	السيد محمد الموسوي الزنجاني	Masaha	2637	0.70343
		التنقيذ لأحكام التقليد	السيد محمد الموسوي الزنجاني	Masaha	3131	0.70343
		تفسير آيات أشكلت على كثير من العلماء حتى لا يوجد في طائفة من كتب التفسير فيها القول الصواب بل لا يوجد فيها إلا ما هو خطأ	شيخ الإسلام أحمد بن عبد الحليم بن عبد السلام ابن تيمية	ShamAY	34374	0.7034
		الجامع الكبير في صناعة المنظوم من الكلام والمنثور	نصر الله بن محمد بن محمد بن عبد الكريم الشيباني، الجزري، أبو الفتح، ضياء الدين، المعروف بابن الأثير الكاتب (المتوفى: 637ه)	ShamelaY19	37475	0.70336
		مناهل العرفان في علوم القرآن	محمد عبدالعظيم الزرقاني	ShamAY	34096	0.7033
		موسوعة محاسن الإسلام ورد شبهات اللئام	أحمد بن سليمان أيوب، ونخبة من الباحثين	ShamelaY19	146418	0.7033
		الفواكه الدواني على رسالة ابن أبي زيد القيرواني	أحمد بن غانم (أو غنيم) بن سالم ابن مهنا، شهاب الدين النفراوي الأزهري المالكي (المتوفى: 1126هـ)	ShamAY	21589	0.70329
		من هدى القرآن [ج ١٦]	السيّد محمّد تقي المدرّسي	Rafed	2145	0.70328
		اخلاقيات الامام علي امير المومنين عليه السلام	هادي مدرسي	Ghbook	16479	0.70324
		ديوان ابن معصوم المدني	علي صدر الدين بن محمد معصوم المدني ( 1052 ـ 1119 هـ	ShamAY	37878	0.70323
		الاعتصام ـ للشاطبى موافق للمطبوع	الشاطبي، إبراهيم بن موسى	ShamAY	33844	0.70319
		الميزان في تفسير القرآن	محمد حسين طباطبايي	Ghbook	9833	0.70316
		لمعات التنقيح في شرح مشكاة المصابيح	عبد الحق بن سيف الدين بن سعد الله البخاري الدهلوي الحنفي «المولود بدهلي في الهند سنة (958 ه) والمتوفى بها سنة (1052 ه) رحمه الله تعالى»	ShamelaY19	145212	0.70315
		التّفسير الكاشف [ج ٧]	الناشر: دار الأنوار ، طباعة ـ نشر ـ توزيع	Rafed	2771	0.70315
		الرد على القائلين بوحدة الوجود	علي بن (سلطان) محمد، أبو الحسن نور الدين الملا الهروي القاري (المتوفى: 1014هـ)	ShamAY	6541	0.70309
		آثار البلاد وأخبار العباد	زكريّا بن محمّد بن محمود القزويني	Rafed	349	0.70308
		التوضيح عن توحيد الخلاق في جواب أهل العراق وتذكرة أولي الألباب في طريقة الشيخ محمد بن عبد الوهاب	سليمان بن عبد الله بن محمد بن عبد الوهاب (المتوفى: 1233ه)	Sham19Y	7597	0.70305
		الفلك الدائر على المثل السائر (مطبوع بآخر الجزء الرابع من المثل السائر)	عبد الحميد بن هبة الله بن محمد بن الحسين بن أبي الحديد، أبو حامد، عز الدين (المتوفى: 656هـ)	ShamAY	10550	0.70303
		حياة الإمام الحسن بن علي عليهما السلام دراسة وتحليل [ج ٢]	باقر شريف القرشي	Rafed	611	0.703
		الإعجاز البياني للقرآن ومسائل ابن الأزرق	عائشة محمد علي عبد الرحمن المعروفة ببنت الشاطئ (المتوفى: 1419هـ)	ShamAY	12759	0.70298
		تفسير التّحرير والتّنوير [ج ٢٦]	الشيخ محمّد الطاهر ابن عاشور	Rafed	2935	0.70296
		تفسير التّحرير والتّنوير [ج ٢٧]	الشيخ محمّد الطاهر ابن عاشور	Rafed	2936	0.70288
		الفلاكة والمفلوكون	أحمد بن علي بن عبد الله، شهاب الدين الدَّلْجي المصري (المتوفى: 838هـ)	ShamAY	821	0.70285
		دروس الشيخ عبد الكريم الخضير	عبد الكريم بن عبد الله بن عبد الرحمن بن حمد الخضير	ShamelaY19	23349	0.70284
		التّفسير الكاشف [ج ٢]	محمّد جواد مغنية	Rafed	2752	0.70283
		البحر المحيط في التّفسير [ج ٤]	محمّد بن يوسف [ أبي حيّان الأندلسي الغرناطي ]	Rafed	2420	0.7028
		من هدى القرآن [ج ٦]	السيّد محمّد تقي المدرّسي	Rafed	2108	0.7028
		سلسلة القمم لأهل الهمم	عائض بن عبد الله القرني	ShamAY	424	0.70278
		الاجتهاد و التقليد (التعليقة على معالم الأصول)	السيد علي الموسوي القزويني	Masaha	1588	0.70276
		علم التفسير كيف نشأ وتطور حتى انتهى إلى عصرنا الحاضر	عبد المنعم النمر (المتوفى: 1991 م)	Sham19Y	37996	0.70269
		الرسائل العشر	أبي جعفر محمّد بن الحسن بن علي بن الحسن الطّوسي [ شيخ الطائفة ]	Rafed	1252	0.70262
		تفسير التّحرير والتّنوير [ج ٣٠]	الشيخ محمّد الطاهر ابن عاشور	Rafed	2940	0.70258
		أخبار الزمان ومن أباده الحدثان، وعجائب البلدان والغامر بالماء والعمران	أبو الحسن على بن الحسين بن على المسعودي (المتوفى: 346هـ)	ShamAY	8620	0.70257
		المهذب - الجزء1	القاضي ابن البراج	Masaha	722	0.70255
		الرسائل الأصولية	الوحيد البهبهاني	Masaha	3458	0.70253
		في ظلال القرآن [ج ٢]	سيّد قطب	Rafed	3879	0.70251
		الاجتهاد والتقليد وتقليد غير الأئمة الأربعة		ShamAY	37600	0.7025
		أخبار الزمان ومن أباده الحدثان، وعجائب البلدان والغامر بالماء والعمران	أبو الحسن على بن الحسين بن على المسعودي (المتوفى: 346ه)	Sham19Y	8620	0.70245
		بداية المعارف الإلهيّة في شرح عقائد الإماميّة [ج ٢]	الشيخ محمّد رضا المظفّر	Rafed	2653	0.70239
		المجموع شرح المهذب ((مع تكملة السبكي والمطيعي))	أبو زكريا محيي الدين يحيى بن شرف النووي (المتوفى: 676هـ)	ShamAY	2186	0.70238
		ديوان ابن الخياط	أبو عبد الله أحمد بن محمد بن علي التغلبي المعروف بابن الخياط الدمشقي (450 - 517)	Sham19Y	148537	0.70238
		التّفسير القرآني للقرآن [ج ١٠]	عبدالكريم الخطيب	Rafed	3352	0.70238
		أدب الدنيا والدين	أبو الحسن علي بن محمد بن محمد بن حبيب البصري البغدادي، الشهير بالماوردي (المتوفى: 450هـ)	ShamAY	765	0.70233
		بريقة محمودية في شرح طريقة محمدية وشريعة نبوية في سيرة أحمدية	محمد بن محمد بن مصطفى بن عثمان، أبو سعيد الخادمى الحنفي (المتوفى: 1156ه)	ShamelaY19	21654	0.70232
		التفسير الوسيط للقرآن الكريم [ج ٥]	الدكتور محمد سيد طنطاوي	Rafed	3942	0.70226
		أصول الإيمان	عبدالقاهر التميمي الشافعي	Rafed	3271	0.70225
		المرأة في ظلّ الإسلام	السّيدة مريم نور الدّين فضل الله	Masaha	1730	0.70222
		أدب الاختلاف في الإسلام	طه جابر فياض العلواني	Sham19Y	1523	0.70221
		قصة آدم عليه السلام	الواحدي :: ياسر برهامي	ShamAY	34985	0.7022
		الضوء اللامع المبين عن مناهج المحدثين	أحمد محرم الشيخ ناجي	ShamAY	7452	0.70219
		الأساس في التفسير [ج ٤]	سعيد حوّى	Rafed	3137	0.70217
		محاسبة النفس	إبراهيم بن علي الكفعمي	Masaha	517	0.70212
		ماذا خسر العالم بانحطاط المسلمين	علي أبو الحسن بن عبد الحي بن فخر الدين الندوي (المتوفى: 1420هـ)	ShamAY	21575	0.7021
		 المقدمات من كتاب نص النصوص 	 السيد حيدر الآملي 	ABLibrary	8806	0.70209
		أعلام النبوة للماوردي	أبو الحسن علي بن محمد بن محمد بن حبيب البصري البغدادي، الشهير بالماوردي (المتوفى: 450هـ)	ShamAY	9768	0.70203
		تفسير آيات الأحكام للسايس	محمد علي السايس الأستاذ بالأزهر الشريف	ShamelaY19	23599	0.70202
		نهج الحقّ وكشف الصدق	الحسن بن يوسف بن علي المطّهر [ العلامة الحلّي ]	Rafed	3527	0.70201
		شرح العقيدة الأصفهانية - ط الرشد	أحمد بن عبد الحليم بن تيمية الحراني أبو العباس	ShamAY	34373	0.70199
		الأحكام السلطانية للماوردي	أبو الحسن علي بن محمد بن محمد بن حبيب البصري البغدادي، الشهير بالماوردي (المتوفى: 450هـ)	ShamAY	22881	0.70198
		رحلة أفوقاي الأندلسي	أحمد بن قاسم الحجري أفوقاي	Rafed	3140	0.70196
		الملل والنحل	أبو الفتح محمد بن عبد الكريم بن أبى بكر أحمد الشهرستاني (المتوفى: 548هـ)	ShamAY	11812	0.70195
		 شرح العقائد النسفية 	 التفتازاني 	ABLibrary	8458	0.70194
		أنوار التنزيل وأسرار التأويل [ج ٤]	عبدالله بن عمر بن محمد الشيرازي الشافعي البيضاوي	Rafed	3174	0.70194
		من بلاغة القرآن	احمد احمد بدوي	Ghbook	8904	0.70194
		 سيد المرسلين 	 الشيخ السبحاني 	ABLibrary	7634	0.70191
		الفردوس الاعلي	محمد حسين آل كاشف الغطاء	Ghbook	11123	0.70191
		شرح المنظومة الميمية في الآداب الشرعية	عبد الكريم الخضير	ShamelaY19	27194	0.70186
		 دراسات في علم الدراية 	 علي أكبر غفاري 	ABLibrary	923	0.70186
		لوامع الدرر في هتك أستار المختصر [شرح «مختصر خليل» للشيخ خليل بن إسحاق الجندي المالكي (ت: 776 ه)]	محمد بن محمد سالم المجلسي الشنقيطي (1206 - 1302 ه)	ShamelaY19	149697	0.70184
		تعليقة على معالم الاصول [ج ٧]	السيّد علي الموسوي القزويني	Rafed	1392	0.70179
		أحكام القرآن [ج ٣]	أبي بكر محمّد بن عبدالله [ ابن العربي ]	Rafed	3220	0.70172
		تفسير المراغي [ج ٢٤]	أحمد مصطفى المراغي	Rafed	1696	0.7017
		 المعجزة القرآنية 	 دكتور محمد حسن هيتو 	ABLibrary	8620	0.70168
		بحوث ودراسات من موقع الإسلام اليوم	مجموعة من المؤلفين	ShamAY	36432	0.70163
		أصل الشيعة وأصولها	الشيخ محمد حسين كاشف الغطاء	Rafed	344	0.70162
		الإلهيّات على هدى الكتاب والسنّة والعقل [ج ٤]	الشيخ حسن محمد مكي العاملي	Rafed	3382	0.70162
		تفسير من وحي القرآن [ج ٣]	السيد محمد حسين فضل الله	Rafed	3260	0.70161
		الكشاف عن حقائق التنزيل وعيون الأقاويل في وجوه التأويل	أبو القاسم محمود بن عمر الزمخشري الخوارزمي	ShamAY	34052	0.7016
		 بحوث في الملل والنحل 	 الشيخ السبحاني 	ABLibrary	8360	0.7016
		دستور معالم الحكم ومأثور مكارم الشيم	أبو عبد الله محمد بن سلامة بن جعفر بن علي بن حكمون القضاعي المصري (المتوفى: 454هـ)	ShamAY	35175	0.70154
		أجوبة التسولي عن مسائل الأمير عبد القادر في الجهاد	علي بن عبد السلام بن علي، أبو الحسن التسولي المالكي (المتوفى: 1258ه)	ShamelaY19	35276	0.70153
		فقه السيرة النبوية مع موجز لتاريخ الخلافة الراشدة	محمد سعيد رمضان البوطي	ShamelaY19	23657	0.70149
		الاستعْدادُ للموتِ	علي بن نايف الشحود	ShamAY	345	0.70147
		 الكواكب الزاهرة 	 عبد القادر الشاذلي 	ABLibrary	8823	0.70147
		دروس الشيخ عبد الكريم الخضير	عبد الكريم بن عبد الله بن عبد الرحمن بن حمد الخضير	ShamAY	160	0.70146
		إقامة الحجة والدليل وإيضاح المحجة والسبيل	سليمان بن سحمان بن مصلح بن حمدان بن مصلح بن حمدان بن مسفر بن محمد بن مالك بن عامر الخثعمي , التبالي , العسيري , النجدي (المتوفى: 1349هـ)	ShamAY	7516	0.70145
		 أعلام النبوة 	 علي بن محمد البغدادي الماوردي 	ABLibrary	8340	0.70141
		سرّ الفصاحة	أبي محمّد عبد الله بن سعيد بن سنان الخفاجي الحلبي	Rafed	2077	0.70139
		نثار الأزهار في الليل والنهار	محمد بن مكرم بن على، أبو الفضل، جمال الدين ابن منظور الأنصاري الرويفعى الإفريقى (المتوفى: 711هـ)	ShamAY	2072	0.70138
		فتاوى ورسائل سماحة الشيخ محمد بن إبراهيم بن عبد اللطيف آل الشيخ	محمد بن إبراهيم بن عبد اللطيف آل الشيخ (المتوفى: 1389هـ)	ShamAY	8476	0.70137
		شرح أسماء الله الحسنى	زين الدين أبي القاسم عبدالكريم ابن هوازن بن عبدالملك ابن طلحة بن محمد النيسابوري القشيري	Rafed	3485	0.70137
		 تلخيص الشافي 	 الشيخ الطوسي 	ABLibrary	8392	0.70133
		 ديوان السيد رضا الهندي 	 السيد رضا الموسوي الهندي 	ABLibrary	888	0.70132
		 المثنوي المعنوي ( معرب الدسوقي ) 	 جلال الدين الرومي 	ABLibrary	8763	0.70131
		الاستغاثة [ج ١]	أبو القاسم علي بن أحمد الكوفي	Rafed	1755	0.7013
		 رحلة ابن جبير ( تذكرة بالأخبار عن اتفاقات الأسفار ) ( دار السويدي ) 	 ابن جبير 	ABLibrary	9024	0.70128
		الفرقان في تفسير القرآن بالقرآن والسنّة [ج ٢٢]	الشيخ محمد الصادقي	Rafed	3045	0.70127
		 حياة الإمام الحسن بن علي ( ع ) 	 الشيخ باقر شريف القرشي 	ABLibrary	7491	0.70125
		لطائف الإشارات = تفسير القشيري	عبد الكريم بن هوازن بن عبد الملك القشيري (المتوفى: 465هـ)	ShamAY	23629	0.70123
		شفاء العليل في مسائل القضاء والقدر والحكمة والتعليل	محمد بن أبي بكر أيوب الزرعي أبو عبد الله	ShamAY	34426	0.70122
		الزواجر عن اقتراف الكبائر	أحمد بن محمد بن علي بن حجر الهيتمي السعدي الأنصاري، شهاب الدين شيخ الإسلام، أبو العباس (المتوفى: 974ه)	ShamelaY19	21629	0.7012
		مختصر التحفة الاثني عشرية	الألوسي، محمود شكري	ShamelaY19	36091	0.70117
		شرح زروق على متن الرسالة لابن أبي زيد القيرواني	شهاب الدين أبو العباس أحمد بن أحمد بن محمد بن عيسى البرنسي الفاسي، المعروف بـ زروق (المتوفى: 899هـ)	ShamAY	32008	0.70112
		شفاء العليل في مسائل القضاء والقدر والحكمة والتعليل	محمد بن أبي بكر بن أيوب بن سعد شمس الدين ابن قيم الجوزية (المتوفى: 751هـ)	ShamAY	12021	0.70104
		هل يعتبر الفراعنة بمصرع من سبقهم؟	علي بن نايف الشحود	ShamAY	1609	0.70103
		 حياة الإمام محمد الباقر ( ع ) 	 الشيخ باقر شريف القرشي 	ABLibrary	7503	0.70102
		البحر المحيط في التفسير	أبو حيان محمد بن يوسف بن علي بن يوسف بن حيان أثير الدين الأندلسي (المتوفى: 745هـ)	ShamAY	23591	0.70101
		دروس للشيخ سلمان العودة	سلمان بن فهد بن عبد الله العودة	ShamAY	7729	0.701
		البحر المحيط في التّفسير [ج ٣]	محمّد بن يوسف [ أبي حيّان الأندلسي الغرناطي ]	Rafed	2417	0.70099
		نفح الطّيب [ج ٥]	الشيخ أحمد بن محمد المقري التلمساني	Rafed	2801	0.70097
		قاعدة في المحبة	تقي الدين أبو العباس أحمد بن عبد الحليم بن عبد السلام بن عبد الله بن أبي القاسم بن محمد ابن تيمية الحراني الحنبلي الدمشقي (المتوفى: 728هـ)	ShamAY	11289	0.70093
		الشهب الثاقبه (تلخيص الصوارم المهرقه في رد الصواعق المحرقه)	نورالله تستري	Ghbook	11353	0.70091
		تحرير المقال في موازنة الأعمال وحكم غير المكلفين في العقبى والمآل	أبو طالب وأبو المجد عقيل بن عطية بن أبي أحمد جعفر بن محمد بن عطية القضاعي الأندلسي الطرطوشي، ثم المراكشي (المتوفى: 608ه)	ShamelaY19	22712	0.70089
		ديوان الشريف الرضي	محمد بن الحسين بن موسى، أبو الحسن، الرضي العلوي الحسيني الموسوي.	ShamAY	37890	0.70081
		معارج القبول بشرح سلم الوصول إلى علم الأصول	حافظ بن أحمد بن علي الحكمي (المتوفى: 1377هـ)	ShamAY	20854	0.70079
		الأمثل في تفسير كتاب الله المنزل [ج ٢٠]	آية الله مكارم الشيرازي	Rafed	2067	0.70079
		شرح حلية طالب العلم	الواحدي :: ابن عثيمين	ShamAY	35127	0.70076
		نثار الأزهار في الليل والنهار	محمد بن مكرم بن على، أبو الفضل، جمال الدين ابن منظور الأنصاري الرويفعى الإفريقى (المتوفى: 711ه)	ShamelaY19	37632	0.70076
		الفرقان في تفسير القرآن بالقرآن والسنّة [ج ٢٧]	الشيخ محمد الصادقي	Rafed	3054	0.70076
		روح المعاني [ج ١٥]	أبي الفضل شهاب الدين السيّد محمود الألوسي البغدادي	Rafed	3203	0.70075
		مجلة «الزهور» المصرية	أنطون الجميل	ShamAY	335	0.70074
		شرح المنظومة الميمية في الآداب الشرعية	عبد الكريم الخضير	ShamAY	183	0.70071
		التّفسير الحديث [ج ٥]	محمّد عزّة دروزة	Rafed	3723	0.70071
		زبدة التّفاسير [ج ٧]	فتح الله بن شكر الله الشريف الكاشاني	Rafed	1738	0.7007
		الصفات الإلهية في الكتاب والسنة النبوية في ضوء الإثبات والتنزيه	أبو أحمد محمد أمان بن علي جامي علي (المتوفى: 1415هـ)	ShamAY	10423	0.70066
		مرعاة المفاتيح شرح مشكاة المصابيح	أبو الحسن عبيد الله بن محمد عبد السلام بن خان محمد بن أمان الله بن حسام الدين الرحماني المباركفوري (المتوفى: 1414هـ)	ShamAY	8862	0.70065
		الدعوة والدعاء شرع من الله لجميع عباده	سعد الحصين	ShamAY	33510	0.70061
		حصوننا مهددة من داخلها	محمد محمد حسين (المتوفى: 1402ه)	ShamelaY19	121375	0.70061
		تفسير الراغب الأصفهاني	أبو القاسم الحسين بن محمد المعروف بالراغب الأصفهانى (المتوفى: 502هـ)	ShamAY	1641	0.70057
		الارشاد و التطريز في فضل ذكر الله و تلاوه كتابه العزيز	عبدالله بن اسعد بن علي يافعي	Ghbook	2795	0.70054
		القسم العربي من موقع (الإسلام، سؤال وجواب)	الموقع بإشراف الشيخ محمد صالح المنجد - حفظه الله -	ShamelaY19	26332	0.70051
		بابا الفاتيكان في الميزان	علي بن نايف الشحود	ShamAY	35270	0.70049
		طالب العلم و السيره الاخلاقيه	عادل علوي	Ghbook	4625	0.70049
		نفح الطّيب [ج ٣]	الشيخ أحمد بن محمد المقري التلمساني	Rafed	2799	0.70048
		نحو دراسة مؤثرة التوحيد والعقيدة نموذجاً	سلطان علي	ShamAY	35122	0.70038
		ديوان الشريف المرتضى	علي بن الحسين بن موسى بن محمد بن إبراهيم أبو القاسم.	ShamAY	37891	0.70037
		 الخيال عالم البرزخ والمثال من كلام الشيخ الأكبر 	 محمود محمود الغراب 	ABLibrary	8909	0.70035
		موسوعة محاسن الإسلام ورد شبهات اللئام	أحمد بن سليمان أيوب، ونخبة من الباحثين	Sham19Y	146418	0.70034
		تحرير التحبير في صناعة الشعر والنثر وبيان إعجاز القرآن	عبد العظيم بن الواحد بن ظافر ابن أبي الإصبع العدواني، البغدادي ثم المصري (المتوفى: 654ه)	ShamelaY19	26520	0.70033
		تحرير المقال في موازنة الأعمال وحكم غير المكلفين في العقبى والمآل	أَبُو طالب وأَبُو المجد عقيل بن عطية بن أبي أحمد جعفر بن محمد بن عطية القضاعي الأندلسيّ الطّرطوشيّ، ثُمّ المَرّاكُشيّ (المتوفى: 608هـ)	ShamAY	2035	0.70031
		علوم الحديث ومصطلحه - عرض ودراسة	د. صبحي إبراهيم الصالح (المتوفى: 1407ه)	ShamelaY19	96229	0.70028
		(الحماسة المغربية) مختصر كتاب صفوة الأدب ونخبة ديوان العرب	أبو العباس أحمد بن عبد السلام الجرّاوي التادلي (المتوفى: 609هـ)	ShamAY	6902	0.70027
		تحرير التحبير في صناعة الشعر والنثر وبيان إعجاز القرآن	عبد العظيم بن الواحد بن ظافر ابن أبي الإصبع العدواني، البغدادي ثم المصري (المتوفى: 654ه)	Sham19Y	26520	0.70027
		مجموعة الرسائل والمسائل النجدية (الجزء الأول)	لبعض علماء نجد الأعلام	ShamAY	12064	0.70026
		مفهوم الولاء والبراء في القرآن والسنة	علي بن نايف الشحود	ShamAY	1615	0.70025
		تفسير الشريف المرتضى [ج ٣]	الناشر: شركة الأعلمي للمطبوعات	Rafed	3798	0.70022
		تعريب سيد المرسلين - الجزء1	جعفر الهادي	Masaha	2887	0.70021
		فقه السيرة للغزالي	محمد الغزالي السقا (المتوفى: 1416هـ)	ShamAY	23659	0.7002
		شرح المقاصد [ج ١]	مسعود بن عمر بن عبدالله [ سعد الدين التفتازاني ]	Rafed	3513	0.70015
		عصمة الانبياء في القرآن الكريم	الشيخ جعفر السبحاني	Masaha	341	0.70014
		رحلة الشنقيطي إلى إفريقيا ط عالم الفوائد	محمد الأمين بن محمد المختار الجكني الشنقيطي (1325 - 1393)	ShamelaY19	20555	0.70006
		 تثبيت دلائل النبوة 	 القاضي عبد الجبار الهمذاني 	ABLibrary	7457	0.7
		المرأة في ظلّ الإسلام	السّيدة مريم نور الدّين فضل الله	Rafed	76	0.69999
		(الحماسة المغربية) مختصر كتاب صفوة الأدب ونخبة ديوان العرب	أبو العباس أحمد بن عبد السلام الجراوي التادلي (المتوفى: 609ه)	Sham19Y	6902	0.69996
		لا يأتون بمثله	الواحدي :: محمد قطب	ShamAY	33326	0.69995
		العقد الفريد - الجزء1	ابن عبد ربه	Masaha	2985	0.69995
		الميزان في تفسير القرآن [ج ٢]	آية الله السيد محمد حسين الطباطبائي	Rafed	67	0.69992
		مع الخطيب ! فى خطوطه العريضة	لطف الله الصّافي	Rafed	1515	0.69989
		التّفسير القرآني للقرآن [ج ٥]	عبدالكريم الخطيب	Rafed	3347	0.69986
		خلفيات ماساه الزهراء (س)	سيد جعفرمرتضي حسيني عاملي	Ghbook	3900	0.69978
		طرق تدريس التربية الإسلامية نماذج لإعداد دروسها	دكتور/ عبد الرشيد عبد العزيز سالم	Sham19Y	10007	0.69977
		فقه السيرة النبوية مع موجز لتاريخ الخلافة الراشدة	محمد سعيد رمضان البوطي	Sham19Y	23657	0.69977
		ديوان ابن الخياط	أبو عبد الله أحمد بن محمد بن علي التغلبي المعروف بابن الخياط الدمشقي (450 - 517)	ShamelaY19	148537	0.69974
		إكفار الملحدين في ضروريات الدِّين	محمد أنور شاه بن معظم شاه الكشميري الهندي (المتوفى: 1353هـ)	ShamAY	21788	0.69971
		من هدى القرآن [ج ١٧]	السيّد محمّد تقي المدرّسي	Rafed	2147	0.69971
		أعلام النبوّة	أبي الحسن علي بن محمد الماوردي الشافعي	Rafed	3313	0.69971
		الخلاصة في أحكام أهل الذمة	الواحدي :: علي بن نايف الشحود	ShamAY	36075	0.6997
		التّفسير القرآني للقرآن [ج ١٢]	عبدالكريم الخطيب	Rafed	3355	0.69967
		آل رسول الله وأولياؤه	محمد بن عبد الرحمن بن محمد بن عبد الله بن عبد الرحمن بن محمد بن قاسم العاصمي الحنبلي (المتوفى: 1421هـ)	ShamAY	7335	0.69966
		مرعاة المفاتيح شرح مشكاة المصابيح	أبو الحسن عبيد الله بن محمد عبد السلام بن خان محمد بن أمان الله بن حسام الدين الرحماني المباركفوري (المتوفى: 1414ه)	Sham19Y	8862	0.69958
		الكافي في الفقه	الشيخ أيي الصلاح الحلبي	Masaha	582	0.69957
		الجامع في الرسائل الدعوية	علي بن نايف الشحود	ShamAY	33260	0.69955
		 كشف المحجوب 	 علي الهجويري 	ABLibrary	8710	0.69949
		 المثنوي المعنوي ( معرب الدسوقي ) 	 جلال الدين الرومي 	ABLibrary	8764	0.69948
		شرح التّسهيل المسمّى تمهيد القواعد بشرح تسهيل الفوائد [ج ١١]	محمّد بن يوسف بن أحمد [ ناظر الجيش ]	Rafed	1900	0.69946
		مقتل الحسين ( عليه السلام )	عبدالرزاق موسوي مقدم	Ghbook	5987	0.69946
		حطم صنمك وكن عند نفسك صغيرا	مجدي الهلالي	ShamelaY19	36328	0.69941
		المهذب في تفسير سورة الملك	علي بن نايف الشحود	ShamAY	33098	0.69939
		المزدكية هي أصل الاشتراكية	عبد اللطيف بن علي بن أحمد بن محمد السلطاني القنطري الجزائري (المتوفى: 1404هـ)	ShamAY	31736	0.69939
		بحوث في الملل والنّحل [ج ٤]	الشيخ جعفر السبحاني	Rafed	62	0.69939
		آيات الأحكام	محمد بن علي الاسترابادي	Rafed	3183	0.69936
		أنوار التنزيل وأسرار التأويل [ج ٢]	عبدالله بن عمر بن محمد الشيرازي الشافعي البيضاوي	Rafed	3168	0.69934
		الدرر النجفيه من الملتقطات اليوسفيه	يوسف بن احمد بن ابراهيم بحراني آل عصفور	Ghbook	12119	0.69934
		اصول العقيدة	السيد محمد سعيد الطباطبائي الحكيم	Masaha	603	0.69934
		منبع الحياة و حجية قول المجتهد من الأموات	السيد نعمة الله الجزائري	Masaha	1496	0.69929
		 نفح الطيب من غصن الأندلس الرطيب 	 أحمد بن محمد المقري التلمساني 	ABLibrary	9298	0.69928
		التّفسير القرآني للقرآن [ج ١٣]	عبدالكريم الخطيب	Rafed	3356	0.69927
		باهر البرهان فى معانى مشكلات القرآن	محمود بن أبي الحسن (علي) بن الحسين النيسابورىّ الغزنوي، أبو القاسم، الشهير بـ (بيان الحق) (المتوفى: بعد 553هـ)	ShamAY	925	0.6992
		مناهل العرفان (الكتاب العربي)	محمد عبد العظيم الزرقاني	ShamAY	34077	0.69919
		تفسير البيان الصافي لكلام الله الوافي [ج ٥]	الشيخ محمد حسن القبيسي العاملي	Rafed	3760	0.69917
		من أعلام المجددين	صالح بن فوزان بن عبد الله الفوزان	Sham19Y	12066	0.69907
		القول السديد في وجوب الاهتمام بالتوحيد	إسلام محمود دربالة	ShamAY	35496	0.69903
		مجتمع المدينة قبل الهجرة وبعدها	حسن خالد	ShamAY	38427	0.69903
		 طهارة القلوب والخضوع لعلام الغيوب 	 عبد العزيز الدريني 	ABLibrary	8783	0.69903
		شرح العقيدة الواسطية، ويليه ملحق الواسطية	محمد بن خليل حسن هرّاس (المتوفى: 1395هـ)	ShamAY	22934	0.69901
		إرشاد القلوب - الجزء1	الحسن الديلمي	Masaha	145	0.69901
		 اليواقيت والجواهر في بيان عقائد الأكابر ( وفي الحاشية الكبريت الأحمر ) 	 عبد الوهاب الشعراني 	ABLibrary	8837	0.69898
		 نسمات الأسحار 	 علي بن عطية الهيتي ( شيخ علوان ) 	ABLibrary	8829	0.69896
		التفسير المنير [ج ٢١]	الدكتور وهبة الزحيلي	Rafed	2966	0.69895
		تذكرة بالأخبار عن اتقافات الأسفار  - الجزء1	محمد بن أحمد ابن جبير	Masaha	4170	0.69894
		الإلهيّات على هدى الكتاب والسنّة والعقل [ج ٣]	الشيخ حسن محمد مكي العاملي	Rafed	3381	0.69893
		ثم اهتديت	الدكتور محمّد التيجاني السماوي	Rafed	249	0.69891
		المعجزة القرآنيّة	الدكتور محمد حسن هيتو	Rafed	3435	0.69891
		لطائف الإشارات = تفسير القشيري	عبد الكريم بن هوازن بن عبد الملك القشيري (المتوفى: 465ه)	ShamelaY19	23629	0.69884
		الأساس في التفسير [ج ٥]	سعيد حوّى	Rafed	3138	0.69883
		الدعوة الإسلامية في عهدها المكي: مناهجها وغاياتها	دكتور رؤوف شلبي	ShamAY	11736	0.6988
		الدكتور علي جمعة إلى أين	طلحة محمد المسير	ShamelaY19	37659	0.69877
		الأدب النبوي	محمد عبد العزيز بن علي الشاذلي الخَوْلي (المتوفى: 1349هـ)	ShamAY	9763	0.69875
		النفحة المسكية في الرحلة المكية	عبد الله بن حسين السويدي البغدادي	Masaha	4134	0.69872
		التفسير المنير [ج ١٦]	الدكتور وهبة الزحيلي	Rafed	2961	0.69864
		سوء الخلق	محمد بن إبراهيم بن أحمد الحمد	Sham19Y	11245	0.69862
		الخطابة الإسلامية	عبد العاطي محمد شلبي، عبد المعطي عبد المقصود	ShamAY	10779	0.69861
		الرسائل الجديدة والفرائد الحديثة	الشيخ علي المشكيني	Masaha	3459	0.69859
		قبسات من الرسول	الواحدي :: محمد قطب	ShamAY	37401	0.69858
		تحفة الناظر وغنية الذاكر في حفظ الشعائر وتغيير المناكر	أبو عبد الله محمد بن أحمد بن قاسم بن سعيد العقباني التلمساني (فقيه توفي بتلمسان عام 871 ه - 1467 م)	ShamelaY19	18493	0.69858
		النبوة والأنبياء في القُرآنِ والسنَّةِ	علي بن نايف الشحود	ShamAY	35268	0.69856
		السياسة الشرعية في الشئون الدستورية والخارجية والمالية	عبد الوهاب خلاف (المتوفى: 1375هـ)	ShamAY	8678	0.69852
		الهوامل والشوامل سؤالات أبي حيان التوحيد لأبي علي مسكويه	أبو علي أحمد بن محمد بن يعقوب مسكويه (المتوفى: 421هـ)	ShamAY	4135	0.69852
		بريقة محمودية في شرح طريقة محمدية وشريعة نبوية في سيرة أحمدية	محمد بن محمد بن مصطفى بن عثمان، أبو سعيد الخادمى الحنفي (المتوفى: 1156هـ)	ShamAY	21654	0.69849
		 رسائل ابن حزم الأندلسي 	 ابن حزم 	ABLibrary	8431	0.69848
		الكوكب الدري على جامع الترمذي	رشيد أحمد الكنكوهي (المتوفى: 1323 ه)	ShamelaY19	150962	0.69846
		 الفوائد البهية في شرح عقائد الإمامية 	 الشيخ محمد جميل حمود 	ABLibrary	8528	0.69839
		 رحلة أفوقاي الأندلسي 	 حمد بن قاس الحجري أفوقاي 	ABLibrary	9081	0.69839
		 شرح الأنفاس الروحانية لأئمة السلف الصوفية 	 محمد بن عبد الملك الديلمي 	ABLibrary	8727	0.69836
		نهج الحقّ وكشف الصدق‏	العلامة الحلي	Masaha	4552	0.69836
		الصفات الإلهية في الكتاب والسنة النبوية في ضوء الإثبات والتنزيه	أبو أحمد محمد أمان بن علي جامي علي (المتوفى: 1415ه)	Sham19Y	10423	0.69835
		خَصائِصُ المنْهَجِ الإسلاميِّ في القرآن الكريم	علي بن نايف الشحود	ShamAY	357	0.69832
		اراء علماء المسلمين فى التقية والصحابة وصيانة القران الكريم	السيد مرتضى الرضوي	Rafed	125	0.6983
		 آثار البلاد واخبار العباد 	 زكريا القزويني 	ABLibrary	8917	0.69825
		مَوسوعةُ المفاهيمِ الإسْلاميَّةِ	الواحدي :: علي بن نايف الشحود	ShamAY	32994	0.69822
		صيانة القرآن من التحريف	محمّد هادي معرفة	Rafed	3432	0.69821
		آثار البلاد وأخبار العباد	زكريا بن محمد القزويني	Masaha	4128	0.69821
		باهر البرهان فى معانى مشكلات القرآن	محمود بن أبي الحسن (علي) بن الحسين النيسابورى الغزنوي، أبو القاسم، الشهير ب (بيان الحق) (المتوفى: بعد 553ه)	ShamelaY19	37538	0.69819
		أدب الدنيا والدين ط الهلال	أبو الحسن علي بن محمد بن محمد بن حبيب البصري البغدادي، الشهير بالماوردي (المتوفى: 450هـ)	ShamAY	33725	0.69818
		 رحلة المكناسي 	 محمد بن عبد الوهاب المكناسي 	ABLibrary	9109	0.69817
		 معرفة الإمام 	 السيد محمد حسين الطهراني 	ABLibrary	8893	0.69815
		التفسير المنير [ج ٦]	الدكتور وهبة الزحيلي	Rafed	2948	0.69809
		أعلام النبوّة	أبو حاتم الرازي	Rafed	3391	0.69807
		الطريق من هنا	محمد الغزالي	ShamAY	36035	0.69805
		طريقك الى الإخلاص والفقه في الدين	عبد الله بن ضيف الله الرحيلي	ShamAY	11247	0.69804
		تفسير التّحرير والتّنوير [ج ٤]	الشيخ محمّد الطاهر ابن عاشور	Rafed	2908	0.69797
		الشيعة في مسارهم التاريخي	السيد محسن الأمين	Masaha	2363	0.69796
		شرح كتاب الصيام من تقريب الأسانيد	عبد الكريم الخضير	ShamelaY19	23839	0.69795
		الزواجر عن اقتراف الكبائر	أحمد بن محمد بن علي بن حجر الهيتمي السعدي الأنصاري، شهاب الدين شيخ الإسلام، أبو العباس (المتوفى: 974هـ)	ShamAY	21629	0.69792
		التّفسير الكاشف [ج ٦]	محمّد جواد مغنية	Rafed	2770	0.6979
		تفسير الشريف المرتضى [ج ٢]	الناشر: شركة الأعلمي للمطبوعات	Rafed	3794	0.69789
		فقه السيرة النبوية مع موجز لتاريخ الخلافة الراشدة	محّمد سَعيد رَمضان البوطي	ShamAY	23657	0.69788
		تأويل مشكل القرآن	أبو محمد عبد الله بن مسلم بن قتيبة الدينوري (المتوفى: 276ه)	ShamelaY19	23596	0.69787
		التّفسير الكاشف [ج ٤]	محمّد جواد مغنية	Rafed	2765	0.69787
		ثم اهـتديت	د. محمد التيجاني السماوي	Masaha	227	0.69784
		القواعد العلمية في النقد عند شيخ الإسلام ابن تيمية	عبد الله الحيالي	ShamAY	37494	0.69783
		الحدائق الناضره في احكام العتره الطاهره	يوسف بحراني	Ghbook	10764	0.69777
		شرح نونية القرني	كَامِلَةُ الكَوارِي	ShamAY	35708	0.69775
		فقه السيرة للغزالي	محمد الغزالي السقا (المتوفى: 1416ه)	ShamelaY19	23659	0.69768
		التفسير الوسيط للقرآن الكريم [ج ٢]	الدكتور محمد سيد طنطاوي	Rafed	3932	0.69768
		سيّد المرسلين صلّى الله عليه وآله [ج ١]	الشيخ جعفر السبحاني	Rafed	185	0.69766
		مجاني الأدب في حدائق العرب	رزق الله بن يوسف بن عبد المسيح بن يعقوب شيخو (المتوفى: 1346هـ)	ShamAY	259	0.69765
		مجلة «الزهور» المصرية	أنطون الجميل	ShamelaY19	36534	0.69763
		كتاب الصّناعتين الكتابة والشعر	أبي هلال الحسن بن عبدالله بن سهل العسكري	Rafed	3296	0.69761
		 المثنوي المعنوي ( معرب الدسوقي ) 	 جلال الدين الرومي 	ABLibrary	8766	0.6976
		الكوكب الأنور على عقد الجوهر في مولد النبي الأزهر(ص)	جعفر بن حسن البرزنجي‏	Masaha	2859	0.69759
		آثار البلاد وأخبار العباد	زكريا بن محمد بن محمود القزويني (المتوفى: 682هـ)	ShamAY	9631	0.69752
		مجمع البيان في تفسير القرآن - الجزء1	الشيخ ابو علي الفضل بن الحسن الطبرسي	Masaha	2554	0.69752
		لوامع الدرر في هتك أستار المختصر [شرح «مختصر خليل» للشيخ خليل بن إسحاق الجندي المالكي (ت: 776 ه)]	محمد بن محمد سالم المجلسي الشنقيطي (1206 - 1302 ه)	Sham19Y	149697	0.69749
		المكتبة الالكترونية للشيخ محمد أمان الجامي	محمد أمان الجامي	ShamAY	34757	0.69746
		إلى المجمع العلمي العربي بدمشق	السيد عبدالحسين شرف الدين الموسوي	Rafed	3436	0.69744
		منازل الآخرة والمطالب الفاخرة	الشيخ عباس القمي	Masaha	1751	0.69743
		الفرقان في تفسير القرآن بالقرآن والسنّة [ج ١١]	الشيخ محمد الصادقي	Rafed	3022	0.69739
		تفسير غرائب القرآن ورغائب الفرقان [ج ١]	نظام الدين الحسن بن محمّد بن حسين القمي النيسابوري	Rafed	1792	0.69737
		جامع الرسائل لابن تيمية - رشاد سالم	ابن تيمية	ShamelaY19	22653	0.69736
		 جمع المقال في إثبات كرامات الأولياء في الحياة وبعد الانتقال 	 مجموعة مؤلفين 	ABLibrary	8851	0.69733
		تفسير التّحرير والتّنوير [ج ١٠]	الشيخ محمّد الطاهر ابن عاشور	Rafed	2914	0.6973
		التّفسير القرآني للقرآن [ج ١٥]	عبدالكريم الخطيب	Rafed	3358	0.69728
		الدعوة إلى الله في أقطار مختلفة	محمد تقي الدين الهلالي	ShamAY	33508	0.69727
		آيات الأحكام في تفسير كلام الملك العلام (للأسترآبادي)	محمد بن علي بن ابراهيم الاسترابادي	Masaha	1149	0.69726
		شفاء العليل	شمس الدّين محمّد بن أبي بكر بن أيّوب الزّرعي [ ابن قيّم الجوزيّة ]	Rafed	3602	0.69725
		روح المعاني [ج ٧]	أبي الفضل شهاب الدين السيّد محمود الألوسي البغدادي	Rafed	3191	0.69724
		رحلة أفوقاي الأندلسي‏	أحمد بن قاسم الحجري	Masaha	4509	0.69719
		سلسلة علو الهمة - المقدم	محمد أحمد إسماعيل المقدم	ShamelaY19	37002	0.69718
		رسائل آل طوق القطيفي [ج ٣]	الشيخ أحمد آل طوق	Rafed	1409	0.69716
		الهوامل والشوامل سؤالات أبي حيان التوحيد لأبي علي مسكويه	أبو علي أحمد بن محمد بن يعقوب مسكويه (المتوفى: 421ه)	Sham19Y	4135	0.69713
		روح المعاني [ج ٩]	أبي الفضل شهاب الدين السيّد محمود الألوسي البغدادي	Rafed	3193	0.69712
		الصداقة والصديق	أبو حيان التوحيدي، علي بن محمد بن العباس (المتوفى: نحو 400هـ)	ShamAY	11485	0.69711
		مجموعة الرسائل والمسائل النجدية	مجموعة من المؤلفين	Sham19Y	16865	0.69709
		الفتاوى الشرعية في المسائل الطبية	الواحدي :: ابن جبرين	ShamAY	33199	0.69706
		المحاسن النفسانيه	حسين آل عصفور	Ghbook	12080	0.69699
		موسوعة التاريخ الاسلامي - الجزء1	الشيخ محمد هادي اليوسفي	Masaha	3036	0.69699
		 الكشكول 	 الشيخ البهائي العاملي 	ABLibrary	8844	0.69698
		الملل والنحل - المعرفة	محمد بن عبد الكريم بن أبي بكر أحمد الشهرستاني	ShamAY	33890	0.69697
		الخلاصة في خصائص العقيدة الإسلامية	علي بن نايف الشحود	ShamAY	35273	0.69696
		التبيان في أقسام القرآن	محمد بن أبي بكر بن أيوب بن سعد شمس الدين ابن قيم الجوزية (المتوفى: 751هـ)	ShamAY	7572	0.69693
		تفسير البيان الصافي لكلام الله الوافي [ج ٣]	الشيخ محمد حسن القبيسي العاملي	Rafed	3758	0.6969
		التفسير الوسيط للقرآن الكريم [ج ٧]	الدكتور محمد سيد طنطاوي	Rafed	3945	0.69689
		تفسير التّحرير والتّنوير [ج ١٥]	الشيخ محمّد الطاهر ابن عاشور	Rafed	2919	0.69689
		جلاء البصائر في الرد على كتابي شفاء الفؤاد والذخائر		ShamAY	35531	0.69681
		الفلاكة والمفلوكون	أحمد بن علي بن عبد الله، شهاب الدين الدلجي المصري (المتوفى: 838ه)	ShamelaY19	36075	0.69678
		تاريخ مدينة دمشق [ج ٨٠]	أبي القاسم علي بن الحسن ابن هبة الله بن عبد الله الشافعي [ ابن عساكر ]	Rafed	2667	0.6967
		أقاويل الثقات في تأويل الأسماء والصفات والآيات المحكمات والمشتبهات	مرعي بن يوسف بن أبى بكر بن أحمد الكرمى المقدسي الحنبلى (المتوفى: 1033هـ)	ShamAY	6454	0.69669
		ركائز الإيمان	محمد قطب	ShamAY	35274	0.69668
		الزواجر عن اقتراف الكبائر - العصرية	الواحدي :: ابن حجر الهيتمي	ShamAY	33753	0.69663
		رؤية إسلامية لأحوال العالم المعاصر	محمد قطب	ShamAY	34766	0.69661
		العقد الفريد	أبو عمر، شهاب الدين أحمد بن محمد بن عبد ربه ابن حبيب ابن حدير بن سالم المعروف بابن عبد ربه الأندلسي (المتوفى: 328ه)	ShamelaY19	23789	0.69652
		رفقا بالقوارير - نصائح للأزواج	أمة الله بنت عبد المطلب - موقع مكتبة المسجد النبوي	ShamelaY19	22876	0.69651
		الحقيقة الضائعة رحلتي نحو مذهب آل البيت(ع)	الشيخ معتصم سيد أحمد	Masaha	240	0.69651
		المقدمات الممهدات	أبو الوليد محمد بن أحمد بن رشد القرطبي (المتوفى: 520ه)	ShamelaY19	21735	0.69649
		سماحة الإسلام في الدعوة إلى الله والعلاقات الإنسانية منهاجا ... وسيرة	عبد العظيم إبراهيم محمد المطعني (المتوفى: 1429هـ)	ShamAY	1411	0.69647
		تفسير الصافي - الجزء1	الفيض الكاشاني	Masaha	16	0.69646
		 مشارق أنوار القلوب ومفاتح أسرار الغيوب ( ويليه سر الأسرار في كشف الأنوار للغزالي ) 	 عبد الرحمن الأنصاري الدباغ 	ABLibrary	8782	0.69645
		تصحيح إعتقادات الإمامية	الشيخ المفيد	Masaha	220	0.6964
		 المكتوبات ( الدرر المكنونات النفيسة ) 	 أحمد الفاروقي السرهندي 	ABLibrary	8846	0.69639
		مرآة العقول [ج ٧]	الشيخ محمّد باقر بن محمّد تقي المجلسي	Rafed	1022	0.69639
		رحلة الشنقيطي إلى إفريقيا ط عالم الفوائد	محمد الأمين بن محمد المختار الجكني الشنقيطي (1325 - 1393)	ShamAY	38792	0.69638
		 شرح الجامي على فصوص الحكم 	 عبد الرحمن جامي 	ABLibrary	8819	0.69637
		فصل الخطاب في شرح مسائل الجاهلية (مطبوع مع رسالة قطف الثمر لصديق حسن خان)	أبو المعالي محمود شكري بن عبد الله بن محمد بن أبي الثناء الألوسي (المتوفى: 1342هـ)	ShamAY	9637	0.69633
		جامع لطائف التفسير	عبد الرحمن بن محمد القماش	ShamAY	33107	0.69632
		نقض أصول العقلانيين	سليمان بن صالح الخراشي	ShamAY	3935	0.69628
		تبسيط العقائد الإسلامية	حسن محمد أيوب (المتوفى: 1429هـ)	ShamAY	913	0.69627
		 النور الأبهر في الدفاع عن الشيخ الأكبر 	 مجموعة مؤلفين 	ABLibrary	8805	0.69626
		 معرفة المعاد 	 السيد محمد حسين الطهراني 	ABLibrary	8873	0.69623
		العصبةُ المؤمنة بين عناية الرحمن ومكر الشيطان	علي بن نايف الشحود	ShamAY	353	0.69621
		دروس للشيخ نبيل العوضي	نبيل بن علي العوضي	ShamAY	902	0.6962
		المفصل في فقه الدعوة إلى الله تعالى	علي بن نايف الشحود	ShamAY	33269	0.69618
		 فتوح الغيب 	 عبد القادر الجيلاني 	ABLibrary	8722	0.69618
		تفسير البحر المحيط ـ موافق للمطبوع	محمد بن يوسف الشهير بأبي حيان الأندلسي دار النشر: دار الكتب العلمية - لبنان/ بيروت - 1422 هـ - 2001 م	ShamAY	34064	0.69614
		المهذب في ثمرات الإيمان	علي بن نايف الشحود	ShamAY	35267	0.69608
		تفسير المراغي [ج ٢٧]	أحمد مصطفى المراغي	Rafed	1704	0.69606
		النبوات - ط السلفية	أحمد بن عبد الحليم بن تيمية الحراني أبو العباس	ShamAY	34366	0.69603
		دليل الفالحين لطرق رياض الصالحين	محمد علي بن محمد بن علان بن إبراهيم البكري الصديقي الشافعي (المتوفى: 1057هـ)	ShamAY	140	0.69602
		تحرير التحبير في صناعة الشعر والنثر وبيان إعجاز القرآن	عبد العظيم بن الواحد بن ظافر ابن أبي الإصبع العدواني، البغدادي ثم المصري (المتوفى: 654هـ)	ShamAY	26520	0.69602
		مع الشيعه الاماميه في عقائدهم	آيت الله العظمي جعفر سبحاني	Ghbook	5067	0.69602
		نشأة النثر الحديث وتطوره	عمر الدسوقي	ShamAY	12116	0.696
		الفرقان في تفسير القرآن بالقرآن والسنّة [ج ١٢]	الشيخ محمد الصادقي	Rafed	3023	0.69597
		الإعجاز اللغوي والبياني في القرآن الكريم	علي بن نايف الشحود	ShamAY	36742	0.69595
		شرح الزرقاني على المواهب اللدنية بالمنح المحمدية	أبو عبد الله محمد بن عبد الباقي بن يوسف بن أحمد بن شهاب الدين بن محمد الزرقاني المالكي (المتوفى: 1122هـ)	ShamAY	26568	0.69594
		الفَرق بين الفِرق	عبدالقاهر بن طاهر البغدادي	Rafed	3488	0.69593
		مجموع رسائل الحافظ ابن رجب الحنبلي	زين الدين عبد الرحمن بن أحمد بن رجب بن الحسن، السَلامي، البغدادي، ثم الدمشقي، الحنبلي (المتوفى: 795هـ)	ShamAY	1625	0.69591
		كشف الشبهتين	سليمان بن سحمان بن مصلح بن حمدان بن مصلح بن حمدان بن مسفر بن محمد بن مالك بن عامر الخثعمي , التبالي , العسيري , النجدي (المتوفى: 1349هـ)	ShamAY	11352	0.69589
		إخراج الناس من عبادة العباد لعبادة الله وحده	علي بن نايف الشحود	ShamAY	34821	0.69588
		 الإنسان الكامل في معرفة الأواخر والأوائل 	 عبد الكريم بن ابراهيم الجيلي 	ABLibrary	8810	0.69586
		التّفسير القرآني للقرآن [ج ١٦]	عبدالكريم الخطيب	Rafed	3359	0.69586
		شرح كتاب الصيام من تقريب الأسانيد	عبد الكريم الخضير	ShamAY	73	0.6958
		طريق الهجرتين وباب السعادتين - ط عالم الفوائد	ابن القيم	ShamAY	38387	0.69574
		من أعلام المجددين	صالح بن فوزان بن عبد الله الفوزان	ShamAY	12066	0.69574
		الموسوعة القرآنيّة [ج ١١]	ابراهيم الأبياري	Rafed	3870	0.69574
		تفسير التّحرير والتّنوير [ج ٢٨]	الشيخ محمّد الطاهر ابن عاشور	Rafed	2937	0.69572
		المقدمات العشر في نقض أصول صوفية العصر	عبد العزيز بن ريس الريس	ShamAY	35699	0.6957
		المعيار المعرب والجامع المغرب عن فتاوي أهل إفريقية والأندلس والمغرب	الوَنْشَرِيسي	ShamAY	34230	0.69569
		المزدكية هي أصل الاشتراكية	عبد اللطيف بن علي بن أحمد بن محمد السلطاني القنطري الجزائري (المتوفى: 1404ه)	ShamelaY19	123658	0.69568
		الجديد في تفسير القرآن المجيد [ج ٣]	الشيخ محمّد السبزواري النجفي	Rafed	3701	0.69568
		سلسلة علو الهمة - المقدم	محمد أحمد إسماعيل المقدم	ShamAY	375	0.69567
		الفصل في الملل والأهواء والنّحل [ج ١]	أبي محمد علي بن أحمد [ ابن حزم الأندلسي الظاهري ]	Rafed	3571	0.69564
		الغلو واثره في الانحرافات العقدية والمنهجية عند الفرق والأحزاب والجماعات الإسلامية	أبو سيف خليل بن إبراهيم العراقي الأثري	ShamAY	35730	0.69562
		حياة الإمام محمّد الباقر عليه السلام دراسة وتحليل [ج ١]	باقر شريف القرشي	Rafed	613	0.69562
		العقد الفريد	أبو عمر، شهاب الدين أحمد بن محمد بن عبد ربه ابن حبيب ابن حدير بن سالم المعروف بابن عبد ربه الأندلسي (المتوفى: 328هـ)	ShamAY	23789	0.69553
		 تحقيق ما للهند 	 أبو ريحان البيروني 	ABLibrary	9023	0.69552
		تفسير التّحرير والتّنوير [ج ٧]	الشيخ محمّد الطاهر ابن عاشور	Rafed	2911	0.69549
		 التبصير في الدين وتمييز الفرقة الناجية عن الفرق الهالكين 	 ابو المظفر الاسفرايني 	ABLibrary	8375	0.69543
		الإسرائيليات والموضوعات في كتب التفسير	محمد بن محمد بن سويلم أبو شُهبة (المتوفى: 1403هـ)	ShamAY	8671	0.6954
		رسائل الشيخ محمد بن إبراهيم الحمد في العقيدة	محمد بن إبراهيم بن أحمد الحمد	ShamAY	962	0.69538
		مختصر عجائب الدنيا	شاه إبراهيم ابن وصيف	Masaha	4092	0.69538
		حُصُوُننا مهدَّدة من دَاخِلِهَا	محمد محمد حسين (المتوفى: 1402هـ)	ShamAY	31682	0.69537
		مسائل لخصها الشيخ محمد بن عبد الوهاب من كلام بن تيمية (مطبوع ضمن مؤلفات الشيخ محمد بن عبد الوهاب، الجزء الثاني عشر)	محمد بن عبد الوهاب بن سليمان التميمي النجدي (المتوفى: 1206هـ)	ShamAY	11572	0.69537
		أبهى المداد في شرح مؤتمر علماء بغداد [ج ٢]	مقاتل بن عطيّة	Rafed	3309	0.69537
		القرآن وإعجازه العلمي	محمد إسماعيل ابراهيم	ShamAY	1188	0.69533
		تطهير الاعتقاد عن أدران الإلحاد ويليه شرح الصدور في تحريم رفع القبور	محمد بن إسماعيل الصنعاني، محمد بن علي بن محمد الشوكاني	ShamAY	11098	0.69532
		نتائج البحوث وخواتيم الكتب	هذه نتائج وخواتيم رسائل علمية وأبحاث لمؤلفين مختلفين تحوي خلاصات ما فيها	ShamelaY19	95557	0.6953
		حق اليقين في معرفه اصول الدين	سيد عبدالله شبر	Ghbook	16235	0.6953
		فقه النوازل	بكر بن عبد الله أبو زيد بن محمد بن عبد الله بن بكر بن عثمان بن يحيى بن غيهب بن محمد (المتوفى : 1429هـ)	ShamAY	10776	0.69527
		ديوان بشار بن برد	أبو معاذ بشار بن برد بن يرجوخ العقيلى 95 - 167 هـ	ShamAY	37930	0.69526
		من هنا نعلم	محمد الغزالي	ShamAY	33258	0.69524
		عمّار بن ياسر	الشيخ محمد جواد الفقيه	Rafed	66	0.69523
		إتحاف الإلف بذكر الفوائد الألف والنيف من سورة يوسف	سليم الهلالي	ShamAY	38627	0.69522
		الموضح عن جهة إعجاز القرآن	علي بن الحسين الموسوي العلوي [ الشريف المرتضى علم الهدى ]	Rafed	3620	0.69519
		ديوان السري الرفاء	أبو الحسن السرى بن أحمد بن السرى الكندى - 366 هـ	ShamAY	37885	0.69515
		تفسير أبي السّعود [ج ٣]	أبي السعود محمّد بن محمّد العمادي	Rafed	3235	0.69515
		مفاهيم ينبغي أن تصحح	الواحدي :: محمد قطب	ShamAY	33328	0.69513
		الأجوبة المفيدة لمهمات العقيدة	عبد الرحمن بن محمد بن خلف بن عبد الله الدوسري (المتوفى: 1399هـ)	ShamAY	9209	0.69508
		الوساطه بين المتنبي وخصومه ونقد شعره	أبو الحسن علي بن عبد العزير القاضي الجرجاني (المتوفى: 392هـ)	ShamAY	489	0.69508
		التفسير الميسر	نخبة من أساتذة التفسير	ShamAY	1407	0.69506
		الأساس في التفسير [ج ١]	سعيد حوّى	Rafed	3117	0.69505
		القُدْوَةُ الحَسَنَةُ وأَثَرُها في بِناءِ الجِيلِ	علي بن نايف الشحود	ShamAY	33264	0.69503
		 شفاء العليل في مسائل القضاء والقدر والحكمة والتعليل 	 ابن قيم الجوزية 	ABLibrary	8482	0.69503
		السرائر الحاوي لتحرير الفتاوي - الجزء1	ابن إدريس الحلي	Masaha	719	0.69499
		الحق المر	محمد الغزالي	ShamAY	36032	0.69498
		 شرح توحيد الصدوق 	 القاضي سعيد القمي 	ABLibrary	8480	0.69497
		شرح كتاب الفقه الأكبر للإمام الأعظم أبي حنيفة	الملّا علي القاري الحنفي	Rafed	3451	0.69497
		الفرقان في تفسير القرآن بالقرآن والسنّة [ج ٢٠]	الشيخ محمد الصادقي	Rafed	3043	0.69495
		التقرير في حكم وخطورة التكفير والتفجير	يوسف بن محمد الدخيل	ShamAY	33490	0.69494
		تفسير من وحي القرآن [ج ١]	السيد محمد حسين فضل الله	Rafed	3257	0.69494
		دروس الشيخ محمد إسماعيل المقدم	محمد أحمد إسماعيل المقدم	ShamelaY19	37018	0.69492
		الاربعين في اصول الدين 	ابوحامد محمد بن محمد بن محمد غزالي	Ghbook	2710	0.69491
		مشكلات الأحاديث النبوية وبيانها	عبد الله بن علي النجدي القصيمي :: عبد الله القصيمي	ShamAY	35972	0.6949
		كيف ندعو الناس	محمد بن قطب بن إبراهيم	ShamAY	22387	0.69489
		كنز العرفان في فقه القرآن [ج ١]	جمال الدين مقداد بن عبد الله السيوري الحلّي	Rafed	1262	0.69486
		الرسالة المحمدية	السيد سليمان الندوي الحسيني (المتوفى: 1373هـ)	ShamAY	9821	0.69484
		أمراض القلوب وشفاؤها	تقي الدين أبو العباس أحمد بن عبد الحليم بن عبد السلام بن عبد الله بن أبي القاسم بن محمد ابن تيمية الحراني الحنبلي الدمشقي (المتوفى: 728هـ)	ShamAY	1512	0.69481
		وقاية الأذهان	الشيخ أبي المجد محمّد رضا النجفي الإصفهاني	Rafed	819	0.69481
		مجموعة أبحاث في مناهج المفسرين		ShamAY	36986	0.69475
		 أبهى المداد في شرح مؤتمر علماء بغداد 	 مقاتل ابن عطية 	ABLibrary	8320	0.69475
		التّفسير الكاشف [ج ٥]	محمّد جواد مغنية	Rafed	2766	0.69475
		التفسير الموضوعي 1 - جامعة المدينة	مناهج جامعة المدينة العالمية	ShamAY	1657	0.69473
		شرح الطحاوية ت الأرناؤوط	صدر الدين محمد بن علاء الدين عليّ بن محمد ابن أبي العز الحنفي، الأذرعي الصالحي الدمشقي (المتوفى: 792هـ)	ShamAY	8352	0.69469
		 المفاخر العلية في المآثر الشاذلية 	 أحمد بن محمد الشافعي الشاذلي 	ABLibrary	8863	0.69464
		إعجاز القرآن العلمي والبلاغي والحسابي	محمّد حسن قنديل	Rafed	3107	0.69462
		الأساس في التفسير [ج ٦]	سعيد حوّى	Rafed	3139	0.69456
		 خطط الشام 	 محمد كرد علي 	ABLibrary	9058	0.69455
		مشكلات في طريق الحياة الإسلامية	محمد الغزالي	ShamAY	33253	0.69453
		تقريب المعارف	أبي الصّلاح تقيّ بن نجم الحلبي	Rafed	699	0.69453
		الأدب الصغير والأدب الكبير	عبد الله بن المقفع (المتوفى: 142هـ)	ShamAY	7528	0.69452
		 موسوعة التاريخ الإسلامي 	 الشيخ محمد هادي اليوسفي الغروي 	ABLibrary	7853	0.69449
		القسم العربي من موقع (الإسلام، سؤال وجواب)	الموقع بإشراف الشيخ محمد صالح المنجد - حفظه الله -	ShamAY	26332	0.69448
		الخلاصة في حياة الأنبياء	الواحدي :: علي بن نايف الشحود	ShamAY	36083	0.69444
		الدّرر النجفيّة [ج ١]	الشيخ يوسف بن أحمد البحراني [ صاحب الحدائق ]	Rafed	1549	0.69443
		الصداقة بين العلماء	الواحدي :: محمد بن إبراهيم الحمد	ShamAY	33493	0.69441
		التّفسير الكاشف [ج ٣]	محمّد جواد مغنية	Rafed	2753	0.69441
		المفصل في شرح الشروط العمرية	الواحدي :: علي بن نايف الشحود	ShamAY	36098	0.6944
		بدع الاعتقاد وأخطارها على المجتمعات الإسلامية		ShamAY	35514	0.69439
		مجموع الفتاوى	تقي الدين أبو العباس أحمد بن عبد الحليم بن تيمية الحراني (المتوفى: 728هـ)	ShamAY	7289	0.69438
		إلى الإسلام من جديد	علي أبو الحسن بن عبد الحي بن فخر الدين الندوي (المتوفى: 1420ه)	ShamelaY19	37561	0.69435
		الروض المعطار في خبر الأقطار	أبو عبد الله محمد بن عبد الله بن عبد المنعم الحِميرى (المتوفى: 900هـ)	ShamAY	1043	0.69431
		مجموعة الرسائل والمسائل النجدية	مجموعة من المؤلفين	ShamAY	37978	0.69428
		فتاوى الشيخ البراك من موقع الإسلام اليوم	الواحدي :: عبد الرحمن بن ناصر البراك	ShamAY	37660	0.69425
		الروض المعطار في خبر الأقطار	أبو عبد الله محمد بن عبد الله بن عبد المنعم الحميرى (المتوفى: 900ه)	Sham19Y	1043	0.69423
		الزهرة	أبو بكر محمد بن داود بن علي بن خلف الأصبهاني ثم البغدادي الظاهري (المتوفى: 297هـ)	ShamAY	738	0.69422
		الإسلام والأوضاع الإقتصادية	محمد الغزالي	ShamAY	33239	0.69416
		بحر الدموع	جمال الدين أبو الفرج عبد الرحمن بن علي بن محمد الجوزي (المتوفى: 597ه)	Sham19Y	2506	0.69412
		 ولاية الفقيه في حكومة الإسلام 	 السيد محمد حسين الطهراني 	ABLibrary	9447	0.69412
		شيعة ممدوحة .. وأشياع مذمومة	أحمد بن محمد السعيد	ShamAY	37811	0.69407
		الزهرة	أبو بكر محمد بن داود بن علي بن خلف الأصبهاني ثم البغدادي الظاهري (المتوفى: 297ه)	Sham19Y	738	0.69406
		من تراث شيخ الإسلام ابن تيمية: «المسائل والأجوبة» (وفيها «جواب سؤال أهل الرحبة» ) لشيخ الإسلام ابن تيمية، ومعه «اختيارات شيخ الإسلام ابن تيمية» للحافظ العلامة محمد بن عبد الهادي، مع «ترجمة شيخ الإسلام ابن تيمية» لمؤرخ الإسلام الحافظ الذهبي	تقي الدين أبو العَباس أحمد بن عبد الحليم بن عبد السلام بن عبد الله بن أبي القاسم بن محمد ابن تيمية الحراني الحنبلي الدمشقي (المتوفى: 728هـ)	ShamAY	13088	0.69405
		 إلى المجمع العلمي العربي بدمشق 	 السيد شرف الدين 	ABLibrary	8679	0.69403
		المسلمون قوّة الوحدة في عالم القوى	عبد القادر الإدريسي السوداني	Rafed	1237	0.69401
		 ينابيع النصيحة في العقائد الصحيحة 	 الأمير الحسين بن بدر الدين 	ABLibrary	8681	0.69395
		قذائف الحق	محمد الغزالي السقا (المتوفى: 1416هـ)	ShamAY	9818	0.69391
		بحار الأنوار [ج ٧٨]	الشيخ محمّد باقر بن محمّد تقي المجلسي	Rafed	1105	0.69391
		سوء الخلق	محمد بن إبراهيم بن أحمد الحمد	ShamAY	11245	0.6939
		التبيان في أيمان القرآن ط عالم الفوائد	أبو عبد الله محمد بن أبي بكر بن أيوب ابن قيم الجوزية (691 - 751)	ShamelaY19	18337	0.6939
		نحو ثقافة إسلامية أصيلة	سليمان الأشقر، عمر	ShamelaY19	96254	0.69389
		تنوير الصدور في التحذير من فتنة القبور	الواحدي :: وليد السعيدان	ShamAY	36203	0.69387
		التفسير الموضوعي 1 - جامعة المدينة	مناهج جامعة المدينة العالمية	ShamelaY19	31076	0.69387
		تراثنا ـ العددان [ 71 و 72 ]	مؤسسة آل البيت عليهم السلام لإحياء التراث ـ قم	Rafed	3304	0.69387
		بحر الدموع	جمال الدين أبو الفرج عبد الرحمن بن علي بن محمد الجوزي (المتوفى: 597هـ)	ShamAY	2506	0.69383
		البيان في مداخل الشيطان	عبد الحميد جاسم أحمد الجاسم البلالي	ShamelaY19	35115	0.69383
		نتائج البحوث وخواتيم الكتب	هذه نتائج وخواتيم رسائل علمية وأبحاث لمؤلفين مختلفين تحوي خلاصات ما فيها	ShamAY	1540	0.69374
		العائدون إلى الله	محمد بن عبد العزيز المسند	ShamAY	35160	0.69372
		عرائس البيان في حقائق القرآن [ج ١]	أبي محمّد صدر الدين روزبهان بن أبي نصر البقلي	Rafed	3943	0.69371
		 الموضح عن جهة إعجاز القرآن 	 الشريف المرتضى 	ABLibrary	8653	0.6937
		الموسوعة القرآنية، خصائص السور	جعفر شرف الدين	ShamelaY19	21769	0.69368
		البحر المحيط في التّفسير [ج ٩]	محمّد بن يوسف [ أبي حيّان الأندلسي الغرناطي ]	Rafed	2456	0.69366
		السِّياحة ُبينَ المفهومِ الإسلاميِّ والمفهومِ الجاهليِّ	الواحدي :: علي بن نايف الشحود	ShamAY	36093	0.69364
		سماحة الإسلام في الدعوة إلى الله والعلاقات الإنسانية منهاجا ... وسيرة	عبد العظيم إبراهيم محمد المطعني (المتوفى: 1429ه)	Sham19Y	1411	0.69363
		 المغني في أبواب التوحيد والعدل 	 القاضي عبد الجبار الهمذاني 	ABLibrary	8636	0.69362
		مقالات في الامام الحسين عليه السلام	عبد الساده محمد الحداد	Ghbook	12322	0.69361
		تفسير الإيجي جامع البيان في تفسير القرآن	محمد بن عبد الرحمن بن محمد بن عبد الله الحسني الحسيني الإِيجي الشافعيّ (المتوفى: 905هـ)	ShamAY	20	0.69359
		المنتقى من منهاج الاعتدال في نقض كلام أهل الرفض والاعتزال	شمس الدين أبو عبد الله محمد بن أحمد بن عثمان بن قَايْماز الذهبي (المتوفى: 748هـ)	ShamAY	6531	0.69357
		لوامع الانوار العرشيه في شرح الصحيفه السجاديه	محمد باقربن محمد  ملاباشي شيرازي	Ghbook	12851	0.69356
		 مرشد المغترب 	 السيد محمد سعيد الحكيم 	ABLibrary	9617	0.69355
		الروضة الندية (ومعها: التعليقاتُ الرَّضية على «الرَّوضة النّديَّة» )	أبو الطيب محمد صديق خان بن حسن بن علي ابن لطف الله الحسيني البخاري القِنَّوجي (المتوفى: 1307هـ)	ShamAY	9293	0.69353
		أصول الفقه المسمى إجابة السائل شرح بغية الآمل	محمد بن إسماعيل بن صلاح بن محمد الحسني، الكحلاني ثم الصنعاني، أبو إبراهيم، عز الدين، المعروف كأسلافه بالأمير (المتوفى: 1182هـ)	ShamAY	6315	0.69352
		مختصر كتاب الاعتصام	علوي بن عبد القادر السَّقَّاف	ShamAY	22888	0.69346
		 الأنوار في علم الاسرار ومقامات الأبرار 	 عبد الرحمن بن محمد البكري 	ABLibrary	8701	0.69344
		البحر المحيط في التّفسير [ج ٦]	محمّد بن يوسف [ أبي حيّان الأندلسي الغرناطي ]	Rafed	2424	0.69343
		البحر المحيط في التّفسير [ج ٨]	محمّد بن يوسف [ أبي حيّان الأندلسي الغرناطي ]	Rafed	2429	0.69338
		روح المعاني [ج ٤]	أبي الفضل شهاب الدين السيّد محمود الألوسي البغدادي	Rafed	3184	0.69337
		تفسير المراغي [ج ١٩]	أحمد مصطفى المراغي	Rafed	1689	0.69337
		الطب النبوي‏	ابن القيم الجوزي	Masaha	2051	0.69337
		أصول بلا أصول - بحث واف في رد عدوان الصوفية ومدعي المهدية على مصادر التلقى، والمرجعية الشرعية	محمد بن أحمد بن إسماعيل المقدم	ShamelaY19	96616	0.69336
		التفسير المنير [ج ١٧]	الدكتور وهبة الزحيلي	Rafed	2962	0.69336
		293 محاضرة للشيخ المنجد	محمد صالح المنجد	ShamAY	34720	0.69335
		كشف ما ألقاه إبليس من البهرج والتلبيس على قلب داود بن جرجيس	عبد الرحمن بن حسن بن محمد بن عبد الوهاب بن سليمان التميمي (المتوفى: 1285ه)	Sham19Y	11354	0.69335
		التعصب بين المسيحية والإسلام	محمد الغزالي	ShamAY	36030	0.69334
		المقدمات الممهدات	أبو الوليد محمد بن أحمد بن رشد القرطبي (المتوفى: 520هـ)	ShamAY	32011	0.69332
		تحفة الترك فيما يجب أن يعمل في الملك	إبراهيم بن علي بن أحمد بن عبد الواحد ابن عبد المنعم الطرسوسي، نجم الدين الحنفي (المتوفى: 758هـ)	ShamAY	1044	0.69324
		الفرقان في تفسير القرآن بالقرآن والسنّة [ج ٣٠]	الشيخ محمد الصادقي	Rafed	3059	0.69323
		شرح اللؤلؤ المكنون في أحوال الأسانيد والمتون	عبد الكريم الخضير	ShamelaY19	23405	0.69321
		الأساس في التفسير	سعيد حوّى (المتوفى 1409 هـ)	ShamAY	32601	0.6932
				ShamAY	32600	0.6932
		 الذريعة إلى حافظ الشريعة ( شرح أصول الكافي ) 	 رفيع الدين محمد بن محمد مؤمن الجيلاني 	ABLibrary	7913	0.69319
		 معرفة المعاد 	 السيد محمد حسين الطهراني 	ABLibrary	8877	0.69319
		 شرح كتاب الفقه الأكبر 	 ملا علي القاري 	ABLibrary	8481	0.69318
		دراسات في علوم القرآن - محمد بكر إسماعيل	محمد بكر إسماعيل (المتوفى: 1426هـ)	ShamAY	10002	0.69317
		الإيمان الأوسط - ط طيبة	شيخ الإسلام أحمد بن عبد الحليم بن تيمية	ShamAY	34372	0.69316
		الفرقان في تفسير القرآن بالقرآن والسنّة [ج ٢]	الشيخ محمد الصادقي	Rafed	3004	0.69315
		جامع الرسائل لابن تيمية - رشاد سالم	تقي الدين أبو العَباس أحمد بن عبد الحليم بن عبد السلام بن عبد الله بن أبي القاسم بن محمد ابن تيمية الحراني الحنبلي الدمشقي (المتوفى : 728هـ)	ShamAY	22653	0.69312
		 الرعاية لحقوق الله 	 الحارث المحاسبي 	ABLibrary	8682	0.69308
		العقائد الإسلامية	سيد سابق (المتوفى: 1420هـ)	ShamAY	1136	0.69306
		السيل الجرار المتدفق على حدائق الأزهار	محمد بن علي بن محمد بن عبد الله الشوكاني اليمني (المتوفى: 1250هـ)	ShamAY	7342	0.69305
		التفسير الجامع لسورة الملك	أبو يوسف بن اسماعيل المصري	ShamAY	33110	0.69303
		الدرة النجفية	السيد بحر العلوم	Masaha	1509	0.69303
		 تكملة شوارق الألهام 	 محمد المحمدي الگيلاني 	ABLibrary	8389	0.69301
		حطِّم صنمك وكن عند نفسك صغيرًا	مجدي الهلالي	ShamAY	232	0.69291
		 رسائل في ولاية الفقيه 	 رحمان ستايش ومحمد كاظم 	ABLibrary	9633	0.6929
		دروس الشيخ محمد إسماعيل المقدم	محمد أحمد إسماعيل المقدم	ShamAY	383	0.69286
		التفسير المنير [ج ١١]	الدكتور وهبة الزحيلي	Rafed	2954	0.69284
		 أدب الطف أو شعراء الحسين ( ع ) 	 جواد شبر 	ABLibrary	7406	0.69283
		 معرفة المعاد 	 السيد محمد حسين الطهراني 	ABLibrary	8874	0.69279
		البحر المديد ـ موافق للمطبوع	أحمد بن محمد بن المهدي بن عجيبة الحسني الإدريسي الشاذلي الفاسي أبو العباس	ShamAY	34062	0.69277
		موسوعة الرقائق والأدب - ياسر الحمداني	ياسر بن أحمد بن محمود بن أحمد بن أبي الحمد الكويس الحمداني	ShamAY	1258	0.69274
		مختارات من أجمل الشعر في مدح الرسول	محمد سعيد رمضان البوطي	Sham19Y	23670	0.69273
		العلم النافع سبيل النجاه	آيت الله العظمي حسيني	Ghbook	8000	0.69272
		إلى الإسلام من جديد	علي أبو الحسن بن عبد الحي بن فخر الدين الندوي (المتوفى: 1420هـ)	ShamAY	985	0.69271
		تفسير القاسمي [ج ٨]	محمّد جمال الدين القاسمي	Rafed	3928	0.69271
		روضة المحبين ونزهة المشتاقين	محمد بن أبي بكر بن أيوب بن سعد شمس الدين ابن قيم الجوزية (المتوفى: 751هـ)	ShamAY	11229	0.69269
		رسائل الشيخ محمد بن إبراهيم الحمد في العقيدة	محمد بن إبراهيم بن أحمد الحمد	Sham19Y	962	0.69264
		الكافي في الفقه	أبي الصّلاح تقيّ بن نجم الحلبي	Rafed	1312	0.69264
		الأحكام السلطانية لأبي يعلى الفراء	أبو يعلى ابن الفراء	ShamelaY19	22877	0.69263
		قضايا المرأة بين التقاليد الراكدة والوافدة	محمد الغزالي	ShamAY	33246	0.6926
		كتاب المكاسب (للشيخ الأنصاري) - الجزء1	الشيخ مرتضى الأنصاري	Masaha	822	0.69258
		شرح مقدمة في أصول التفسير لابن تيمية	د. مُساعِدُ بن سُلَيْمَان بن نَاصِر الطَّيَّار	ShamAY	31802	0.69254
		من تاريخ النحو العربي	سعيد بن محمد بن أحمد الأفغاني (المتوفى: 1417هـ)	ShamAY	9937	0.69253
		التبر المسبوك في نصيحة الملوك	أبو حامد محمد بن محمد الغزالي الطوسي (المتوفى: 505هـ)	ShamAY	4129	0.69252
		أمالي المرتضى غرر الفوائد ودرر القلائد (معتزلي)	الشريف المرتضى علي بن الحسين الموسوي العلوي (355 - 436 ه)	ShamelaY19	20937	0.69252
		مجمع الحكم والأمثال في الشعر العربي	أحمد قبش بن محمد نجيب	ShamAY	32578	0.69247
		نصائح الهدى والدين	الشيخ محمد جواد البلاغي	Masaha	449	0.69246
		البرهان في علوم القرآن	أبو عبد الله بدر الدين محمد بن عبد الله بن بهادر الزركشي (المتوفى: 794هـ)	ShamAY	11436	0.69242
		تفسير أبي السّعود [ج ٢]	أبي السعود محمّد بن محمّد العمادي	Rafed	3234	0.69242
		تقويم اللسانين	محمد تقي الدين الهلالي	ShamelaY19	150601	0.69241
		معارج القبول بشرح سلم الوصول	حافظ بن أحمد حكمي	ShamelaY19	20854	0.69241
		 بحار الأنوار 	 العلامة المجلسي 	ABLibrary	752	0.69236
		السيل الجرار المتدفق على حدائق الأزهار	محمد بن علي بن محمد الشوكاني	ShamAY	34277	0.69235
		فلسفة الحج في الاسلام	الشيخ حسن طراد	Rafed	98	0.69235
		موسوعة الغزو الفكري والثقافي وأثره على المسلمين	علي بن نايف الشحود	ShamAY	33270	0.69234
		المنتخب من الشعر والبيان .. مكتبة الخطيب والداعية من الشعر	الواحدي :: أمير بن محمد المدري	ShamAY	34542	0.69232
		موسوعة أخلاق القرآن [ج ٦]	الدكتور أحمد الشرباصي	Rafed	3906	0.69232
		الخصال الموجبة لدخول النار	علي بن نايف الشحود	ShamAY	34830	0.6923
		 الذخيرة في علم الكلام 	 الشريف المرتضى 	ABLibrary	8424	0.69227
		شرح الصحيفة الكاملة السجّاديّة	السيّد محمّد باقر المشتهر بمحقّق الداماد	Rafed	2878	0.69224
		 بحار الأنوار 	 العلامة المجلسي 	ABLibrary	757	0.69217
		 دراسات في منهاج السنة لمعرفة ابن تيمية ، مدخل لشرح منهاج الكرامة 	 السيد علي الحسيني الميلاني 	ABLibrary	918	0.69216
		تذكرة أولي النهى والعرفان بأيام الله الواحد الديان وذكر حوادث الزمان	إبراهيم بن عبيد آل عبد المحسن «من علماء أهل القصيم»	ShamelaY19	145210	0.69214
		من هدى القرآن [ج ١]	السيّد محمّد تقي المدرّسي	Rafed	2095	0.69212
		أنوار التنزيل وأسرار التأويل [ج ٣]	عبدالله بن عمر بن محمد الشيرازي الشافعي البيضاوي	Rafed	3171	0.69208
		الامام السجاد علي زين العابدين (عليه السلام)	عبدالقادر احمد عطا	Ghbook	6348	0.69205
		كتاب السرائر [ج ١]	أبي جعفر محّمد بن منصور بن أحمد بن إدريس الحلّي	Rafed	1267	0.69202
		أصول الفقه المسمى إجابة السائل شرح بغية الآمل	محمد بن إسماعيل بن صلاح بن محمد الحسني، الكحلاني ثم الصنعاني، أبو إبراهيم، عز الدين، المعروف كأسلافه بالأمير (المتوفى: 1182ه)	Sham19Y	6315	0.69197
		الفن القصي في القرآن الكريم	محمد خلف الله	Masaha	2356	0.69192
		الرد علي الشاذلي في حزبيه - ت العمران - ط عالم الفوائد	شيخ الإسلام أحمد بن عبد الحليم بن عبد السلام ابن تيمية (661 - 728 هـ)	ShamAY	38471	0.69191
		الخصائص	أبو الفتح عثمان بن جني الموصلي (المتوفى: 392هـ)	ShamAY	9986	0.69191
		سر تأخر العرب والمسلمين	محمد الغزالي	ShamAY	36048	0.69189
		مجلة لغة العرب العراقية - مجلة شهرية أدبية علمية تاريخية	أنستاس الكرملي	ShamelaY19	36540	0.69185
		فصل الخطاب في شرح (مسائل الجاهلية، التي خالف فيها رسول الله صلى الله عليه وسلم أهل الجاهلية لمحمد بن عبد الوهاب رحمه الله)	أبو المعالي محمود شكري بن عبد الله بن محمد بن أبي الثناء الألوسي (المتوفى: 1342ه)	ShamelaY19	30866	0.69176
		التفسير الوسيط للقرآن الكريم [ج ٤]	الدكتور محمد سيد طنطاوي	Rafed	3938	0.69176
		بلاغ الرسالة القرآنية؛ من أجل إبصار لآيات الطريق	فريد الأنصاري المغربي (المتوفى: 1430 هـ)	ShamAY	32367	0.69175
		ديوان معروف الرصافي	معروف الرصافي	ShamAY	37861	0.69173
		ينابيع النصيحة في العقائد الصحيحة	السيد الأمير الحسين بن بدر الدين	Rafed	3448	0.69173
		شرح  نهج البلاغه (ابن  ميثم)	كمال الدين ميثم بن علي بن ميثم ابن ميثم بحراني	Ghbook	15955	0.69171
		دروس للشيخ عبد العزيز بن باز	عبد العزيز بن عبد الله بن باز (المتوفى : 1420هـ)	ShamAY	7680	0.6917
		نضرة الإغريض في نصرة القريض	المظفر بن الفضل بن يحيى، أبو علي، العلوي الحسيني العراقي (المتوفى: 656هـ)	ShamAY	629	0.6917
		التعليق على شرح السنة للبربهاري - ناصر العقل	ناصر بن عبد الكريم العلي العقل	ShamAY	744	0.69168
		المدخل لدراسة القرآن الكريم	محمد بن محمد بن سويلم أبو شهبة (المتوفى: 1403ه)	ShamelaY19	29719	0.69168
		الطب النبوي (جزء من كتاب زاد المعاد لابن القيم)	محمد بن أبي بكر بن أيوب بن سعد شمس الدين ابن قيم الجوزية (المتوفى: 751ه)	ShamelaY19	23649	0.69167
		القرآن وإعجازه العلمي	محمد إسماعيل ابراهيم	Sham19Y	1188	0.69166
		ذكريات - علي الطنطاوي	علي بن مصطفى الطنطاوي (المتوفى: 1420هـ)	ShamAY	32099	0.69165
		الطب النبوي لابن القيم - الفكر	الواحدي :: ابن القيم	ShamAY	34417	0.69164
		 الكهف والرقيم في شرح بسم الله الرحمن الرحيم ( ويليه مراتب الوجود وحقيقة كل موجود ونسيم السحر ) 	 عبد الكريم بن ابراهيم الجيلي 	ABLibrary	8815	0.69164
		تفسير التّحرير والتّنوير [ج ١٣]	الشيخ محمّد الطاهر ابن عاشور	Rafed	2917	0.69164
		الشعائر الحسينيه في الميزان الفقهي 	عبدالحسين حلي	Ghbook	5965	0.69164
		 فيه ما فيه 	 جلال الدين الرومي 	ABLibrary	8769	0.6916
		من تاريخ النحو العربي	سعيد بن محمد بن أحمد الأفغاني (المتوفى: 1417ه)	Sham19Y	9937	0.69159
		الامام زين العابدين علي بن الحسين بن اميرالمومنين علي بن ابي طالب عليهم السلام 	عبدالرزاق مقرم	Ghbook	6354	0.69158
		رسالة التوحيد المسمى بـ تقوية الإيمان	إسماعيل بن عبد الغني بن وَلي الله بن عبد الرحيم العُمري الدهلوي (المتوفى: 1246هـ)	ShamAY	1123	0.69157
		تفسير آيات الأحكام للسايس	محمد علي السايس الأستاذ بالأزهر الشريف	ShamAY	23599	0.69155
		المهَذَّبُ في تفسيرِ جزء عَمَّ	علي بن نايف الشحود	ShamAY	33097	0.69155
		لباب الآداب لأسامة بن منقذ	أبو المظفر مؤيد الدولة مجد الدين أسامة بن مرشد بن علي بن مقلد بن نصر بن منقذ الكناني الكلبي الشيزري (المتوفى: 584هـ)	ShamAY	10496	0.69155
		نضرة الإغريض في نصرة القريض	المظفر بن الفضل بن يحيى، أبو علي، العلوي الحسيني العراقي (المتوفى: 656ه)	Sham19Y	629	0.69154
		العودة إلى القرآن لماذا وكيف	مجدي الهلالي	ShamelaY19	36397	0.69153
		مختارات من أجمل الشعر في مدح الرسول	محمد سعيد رمضان البوطي	ShamelaY19	23670	0.69152
		من وحي الثورة الحسينية	هاشم معروف الحسني	Rafed	160	0.69147
		نواهد الأبكار وشوارد الأفكار = حاشية السيوطي على تفسير البيضاوي	عبد الرحمن بن أبي بكر، جلال الدين السيوطي (المتوفى: 911ه)	ShamelaY19	29882	0.69146
		 ولاية الفقيه في حكومة الإسلام 	 السيد محمد حسين الطهراني 	ABLibrary	9446	0.69145
		الأخلاق الفاضلة قواعد ومنطلقات لاكتسابها	عبد الله بن ضيف الله الرحيلي	ShamAY	7527	0.69143
		تهذيب الرياسة وترتيب السياسة	أبو عبد الله محمد بن علي بن الحسن القَلْعي الشافعي (المتوفى: 630هـ)	ShamAY	7240	0.69138
		التعليق على شرح السنة للبربهاري - ناصر العقل	ناصر بن عبد الكريم العلي العقل	ShamelaY19	37718	0.69138
		البيان في مداخل الشيطان	عبد الحميد جاسم أحمد الجاسم البلالي	ShamAY	227	0.69137
		 تنبيهات حول المبدأ والمعاد 	 ميرزا حسنعلي مرواريد 	ABLibrary	8397	0.69137
		روح المعاني [ج ١٠]	أبي الفضل شهاب الدين السيّد محمود الألوسي البغدادي	Rafed	3196	0.69137
		ديوان ابن معتوق	شهاب الدين بن معتوق الموسوي الحويزي.	ShamAY	37877	0.69135
		الفرقان في تفسير القرآن بالقرآن والسنّة [ج ٢٨]	الشيخ محمد الصادقي	Rafed	3057	0.69133
		الطب النبوي - الكتاب العربي	محمد بن أبي بكر بن أيوب بن سعد شمس الدين ابن قيم الجوزية (المتوفى : 751هـ)	ShamAY	34416	0.69128
		نعمة الذريعة في نصرة الشريعة	إبراهيم بن محمد بن إبراهيم الحَلَبي الحنفي (المتوفى: 956هـ)	ShamAY	6558	0.69125
		الخصائص	أبو الفتح عثمان بن جني الموصلي (المتوفى: 392ه)	Sham19Y	9986	0.69124
		أسواق العرب في الجاهلية والإسلام	سعيد بن محمد بن أحمد الأفغاني (المتوفى: 1417هـ)	ShamAY	9999	0.69123
		الموسوعة القرآنيّة [ج ٩]	ابراهيم الأبياري	Rafed	3868	0.69122
		اسرار البلاغه في علم البيان 	عبدالقاهر بن عبد الرحمن جرجاني	Ghbook	450	0.69121
		مجلة لغة العرب العراقية - مجلة شهرية أدبية علمية تاريخية	أنستاس الكرملي	ShamAY	340	0.69119
		التفسير البياني للقرآن الكريم	عائشة محمد علي عبد الرحمن المعروفة ببنت الشاطئ (المتوفى: 1419هـ)	ShamAY	1389	0.69119
		موسوعة فقه الابتلاء	الواحدي :: علي بن نايف الشحود	ShamAY	36105	0.69118
		ضوابط للدراسات الفقهية	الواحدي :: سلمان العودة	ShamAY	37571	0.69117
		الميزان في تفسير القرآن [ج ٦]	آية الله السيد محمد حسين الطباطبائي	Rafed	1435	0.69111
		الرّوض المعطار في خبر الأقطار	محمّد عبدالمنعم الحميري	Rafed	3786	0.69107
		نداء الريان في فقه الصوم وفضل رمضان	سيد حسين العفاني	ShamelaY19	22886	0.69105
		الإبهاج في شرح المنهاج (شرح على منهاج الوصول إلى علم الأصول للقاضي البيضاوي المتوفى سنة 685 ه)	شيخ الإسلام علي بن عبد الكافي السبكي (المتوفى: 756 ه) وولده تاج الدين عبد الوهاب بن علي السبكي (المتوفى: 771 ه)	ShamelaY19	147104	0.69105
		محاضرات الشيخ محمد الغزالي في إصلاح الفرد والمجتمع	محمد الغزالي	ShamAY	33251	0.69104
		الإيمانُ والعملُ الصالحُ سَببُ النَّجاحِ والفلاحِ	علي بن نايف الشحود	ShamAY	34826	0.69102
		الفتوى الحموية الكبرى	تقي الدين أبو العباس أحمد بن عبد الحليم بن عبد السلام بن عبد الله بن أبي القاسم بن محمد ابن تيمية الحراني الحنبلي الدمشقي (المتوفى: 728ه)	ShamelaY19	18381	0.69101
		نفائس التأويل - الجزء1	السيد المرتضى	Masaha	2507	0.691
		التحفه السنيه في شرح النخبه المحسنيه	عبدالله بن نورالدين بن نعمت الله موسوي الجزايري	Ghbook	11904	0.69096
		السنة في الشريعة الاسلامية	السيد محمد تقي الحكيم	Masaha	559	0.69096
		أشعار الشعراء الستة الجاهليين	أبو الحجاج، يوسف بن سليمان بن عيسى الشنتمري الأندلسي المعروف بالأعلم (المتوفى: 476هـ)	ShamAY	5449	0.69095
		الطريق إلى الإسلام	محمد بن إبراهيم بن أحمد الحمد	ShamAY	8382	0.69091
		الفائق في غريب الحديث والأثر	أبو القاسم محمود بن عمرو بن أحمد، الزمخشري جار الله (المتوفى: 538هـ)	ShamAY	7015	0.69088
		من هدى القرآن [ج ٥]	السيّد محمّد تقي المدرّسي	Rafed	2107	0.69086
		القلائد من فرائد الفوائد	الواحدي :: مصطفى السباعي	ShamAY	34556	0.69085
		الحجج القاطعة على أن الروافض ضد الإسلام على ممر التاريخ بلا مدافعة		ShamAY	35608	0.69083
		الميزان في تفسير القرآن [ج ٥]	آية الله السيد محمد حسين الطباطبائي	Rafed	1434	0.69083
		رسالة التوحيد المسمى ب تقوية الإيمان	إسماعيل بن عبد الغني بن ولي الله بن عبد الرحيم العمري الدهلوي (المتوفى: 1246ه)	Sham19Y	1123	0.69078
		 معرفة الإمام 	 السيد محمد حسين الطهراني 	ABLibrary	8885	0.69077
		معجز أحمد (شرح لديوان المتنبي)	أحمد بن عبد الله بن سليمان بن محمد بن سليمان، أبو العلاء المعري، التنوخي (المتوفى: 449هـ)	ShamAY	753	0.69076
		حاشية مقدمة التفسير (المقدمة والحاشية كلاهما للشيخ ابن قاسم رحمه الله)	عبد الرحمن بن محمد بن قاسم العاصمي القحطاني الحنبلي النجدي (المتوفى: 1392هـ)	ShamAY	7371	0.69076
		 التعليقات على شرح الدواني للعقائد العضدية 	 سيد جمال الدين الافغاني ( بقلم محمد عبده ) 	ABLibrary	8387	0.69075
		الاتجاهات الفقهية عند أصحاب الحديث في القرن الثالث الهجري	الدكتور عبد المجيد محمود عبد المجيد	ShamelaY19	122392	0.69071
		كشف ما ألقاه إبليس من البهرج والتلبيس على قلب داود بن جرجيس	عبد الرحمن بن حسن بن محمد بن عبد الوهاب بن سليمان التميمي (المتوفى: 1285هـ)	ShamAY	11354	0.69069
		تلخيص كتاب الاستغاثة = الرد على البكري	تقي الدين أبو العباس أحمد بن عبد الحليم بن عبد السلام بن عبد الله بن أبي القاسم بن محمد ابن تيمية الحراني الحنبلي الدمشقي (المتوفى: 728هـ)	ShamAY	34352	0.69067
		 جواهر النصوص في حل كلمات الفصوص 	 الشيخ عبد الغني النابلسي 	ABLibrary	8854	0.69067
		تفسير المراغي [ج ٢٨]	أحمد مصطفى المراغي	Rafed	1705	0.69066
		بحار الأنوار [ج ٦٠]	الشيخ محمّد باقر بن محمّد تقي المجلسي	Rafed	1054	0.69065
		الفرقان في تفسير القرآن بالقرآن والسنّة [ج ١٨]	الشيخ محمد الصادقي	Rafed	3039	0.69065
		البيان في مداخل الشيطان	عبد الحميد جاسم أحمد الجاسم البلالي	Sham19Y	35115	0.69064
		الخصائص [ج ١]	أبي الفتح عثمان بن جنّي	Rafed	2068	0.69062
		الرسالة التبوكية = زاد المهاجر إلى ربه ط عالم الفوائد	أبو عبد الله محمد بن أبي بكر بن أيوب ابن قيم الجوزية (659 - 751)	ShamAY	38507	0.69061
		دروس الشيخ سعد البريك	الدكتور سعد البريك	ShamelaY19	37429	0.69059
		الانوار الحيرية و الاقمار البدرية الاحمدية	يوسف بحراني	Ghbook	10356	0.69057
		عقائد الإماميّة	الشيخ محمّد رضا المظفّر	Rafed	3141	0.69056
		تفسير التّحرير والتّنوير [ج ١٢]	الشيخ محمّد الطاهر ابن عاشور	Rafed	2916	0.69056
		الخطابة - جامعة المدينة	مناهج جامعة المدينة العالمية	ShamAY	1662	0.69055
		الصواعق المرسلة الشهابية على الشبه الداحضة الشامية	سليمان بن سحمان بن مصلح بن حمدان بن مصلح بن حمدان بن مسفر بن محمد بن مالك بن عامر الخثعمي , التبالي , العسيري , النجدي (المتوفى: 1349هـ)	ShamAY	7663	0.69055
		ديوان ابن نباتة المصري	جمال الدين بن نباته المصرى المتوفى سنة 768هـ	ShamAY	37880	0.69053
		الفائق في غريب الحديث والأثر	أبو القاسم محمود بن عمرو بن أحمد، الزمخشري جار الله (المتوفى: 538ه)	Sham19Y	7015	0.69053
		المحاسن و الأضداد	عمرو بن بحر الجاحظ	Masaha	2334	0.69052
		رفع الأستار لإبطال أدلة القائلين بفناء النار	محمد بن إسماعيل بن صلاح بن محمد الحسني، الكحلاني ثم الصنعاني، أبو إبراهيم، عز الدين، المعروف كأسلافه بالأمير (المتوفى: 1182هـ)	ShamAY	1756	0.69051
		أمالي السيد المرتضى *	الشريف المرتضى	ShamAY	34519	0.69051
		النفحة المسكية فى الرحلة المكية	عبد الله بن حسين بن مرعي بن ناصر الدين البغدادي، أبو البركات السويدي (المتوفى: 1174هـ)	ShamAY	12086	0.69047
		دروس الشيخ محمد إسماعيل المقدم	محمد أحمد إسماعيل المقدم	Sham19Y	37018	0.69045
		كيف تكون من الأوائل (15 وسيلة لتصبح من الأوائل)	أبو مالك محمد بن حامد بن عبد الوهاب	ShamAY	33736	0.69043
		 دراسات في نهج البلاغة 	 الشيخ محمد مهدي شمس الدين 	ABLibrary	917	0.6904
		التبيان في تفسير القرآن - الجزء1	الشيخ الطوسي	Masaha	150	0.6904
		شرح درة الغواص في أوهام الخواص (مطبوع ضمن «درة الغواص وشرحها وحواشيها وتكملتها»)	أحمد بن محمد الخفاجي المصري	ShamelaY19	29600	0.69037
		تأويلات أهل السنّة تفسير الماتريدي [ج ٥]	أبي منصور محمّد بن محمّد بن محمود الماتريدي	Rafed	3971	0.69024
		الغدير في الكتاب والسنّة والأدب [ج ٧]	الشيخ عبد الحسين أحمد الأميني النجفي	Rafed	2015	0.69023
		آداب الرد على المخالف ومنهج ابن باز في الرد على المخالف	حمد بن عبد العزيز بن عتيق	ShamAY	36471	0.69022
		بلوغ الغاية من تهذيب بداية الهداية للإمام أبي حامد الغزالي (رحمه الله)	وائل حافظ خلف	ShamelaY19	37549	0.69021
		خطط الشام [ج ٥]	محمّد كرد علي	Rafed	2285	0.69021
		من وحي الثورة الحسينية	هاشم معروف الحسني‏	Masaha	1750	0.69021
		الجذور اليهودية للشيعة في كتاب علل الشرايع للصدوق الشيعي	محمد عبد المنعم القيعي	ShamAY	35607	0.69018
		دروس الشيخ سعد البريك	الدكتور سعد البريك	ShamAY	859	0.69017
		نتائج البحوث وخواتيم الكتب	هذه نتائج وخواتيم رسائل علمية وأبحاث لمؤلفين مختلفين تحوي خلاصات ما فيها	Sham19Y	95557	0.69017
		التفسير ورجاله للطاهر بن عاشور		ShamAY	36931	0.69016
		موسوعة الرقائق والأدب - ياسر الحمداني	ياسر بن أحمد بن محمود بن أحمد بن أبي الحمد الكويس الحمداني	ShamelaY19	38154	0.69016
		جيش التوشيح	محمد بن عبد الله بن سعيد السلماني اللوشي الأصل، الغرناطي الأندلسي، أبو عبد الله، الشهير بلسان الدين ابن الخطيب (المتوفى: 776ه)	Sham19Y	95575	0.69016
		دروس للشيخ علي القرني	علي بن عبد الخالق القرني	ShamAY	900	0.69014
		سفينة النجاة	الفيض الكاشاني	Masaha	1287	0.69009
		أبكار الأفكار في أصول الدّين [ج ٤]	أبي الحسن علي بن محمد بن سالم الثعلبي [ سيف الدين الآمدي ]	Rafed	3406	0.69006
		نفح الطّيب [ج ٤]	الشيخ أحمد بن محمد المقري التلمساني	Rafed	2800	0.69006
		 نظرة في كتاب الصراع بين الإسلام والوثنية ( من فيض الغدير ) 	 الشيخ الأميني 	ABLibrary	8664	0.69004
		مجلة لغة العرب العراقية - مجلة شهرية أدبية علمية تاريخية	أنستاس الكرملي	Sham19Y	36540	0.69002
		مختصر منهاج السنة	تقي الدين أبو العباس أحمد بن عبد الحليم بن عبد السلام بن عبد الله بن أبي القاسم بن محمد ابن تيمية الحراني الحنبلي الدمشقي (المتوفى: 728هـ)	ShamAY	21512	0.69
		حاشية مقدمة التفسير (المقدمة والحاشية كلاهما للشيخ ابن قاسم رحمه الله)	عبد الرحمن بن محمد بن قاسم العاصمي القحطاني الحنبلي النجدي (المتوفى: 1392ه)	Sham19Y	7371	0.68999
		الميزان في تفسير القرآن [ج ٢٠]	آية الله السيد محمد حسين الطباطبائي	Rafed	1453	0.68998
		الرواشح السماوية في شرح الأحاديث الإمامية	السيد محمد باقر الميرداماد	Masaha	4682	0.68997
		 الفوائد البهية في شرح عقائد الإمامية 	 الشيخ محمد جميل حمود 	ABLibrary	8529	0.68996
		البحوث التربوية في مجلة البيان	علي بن نايف الشحود	ShamAY	34827	0.68994
		نفح الطّيب [ج ٢]	الشيخ أحمد بن محمد المقري التلمساني	Rafed	2788	0.68993
		الإنصاف في التنبيه على الأسباب التي أوجبت الاختلاف بين المسلمين	أبو محمد عبد الله بن محمد بن السيد البطليوسي (المتوفى: 521هـ)	ShamAY	6350	0.68986
		رسائل في اللغة (رسائل ابن السيد البطليوسي)	أبو محمد عبد الله بن السيد البطليوسي (444 - 521 هـ)	ShamAY	38985	0.68979
		مختصر منهاج السنة	تقي الدين أبو العباس أحمد بن عبد الحليم بن عبد السلام بن عبد الله بن أبي القاسم بن محمد ابن تيمية الحراني الحنبلي الدمشقي (المتوفى: 728ه)	ShamelaY19	21512	0.68978
		العبرات للمنفلوطي	مصطفى لطفي بن محمد لطفي بن محمد حسن لطفي المنفلوطي (المتوفى: 1343ه)	Sham19Y	26382	0.68978
		تراثنا ـ العدد [ 27 ]	مؤسسة آل البيت عليهم السلام لإحياء التراث ـ قم	Rafed	2767	0.68977
		المحاسن والأضداد	عمرو بن بحر بن محبوب الكناني بالولاء، الليثي، أبو عثمان، الشهير بالجاحظ (المتوفى: 255هـ)	ShamAY	10511	0.68976
		الأحكام السلطانية لأبي يعلى الفراء	القاضي أبو يعلى ، محمد بن الحسين بن محمد بن خلف ابن الفراء (المتوفى : 458هـ)	ShamAY	22877	0.68975
		المحاسن والأضداد	عمرو بن بحر بن محبوب الكناني بالولاء، الليثي، أبو عثمان، الشهير بالجاحظ (المتوفى: 255ه)	Sham19Y	10511	0.68974
		شبهات النصارى حول الإسلام	وليد كمال شكر	ShamAY	35366	0.68968
		اراء علماء المسلمين فى التقية والصحابة وصيانة القران الكريم	السيد مرتضى الرضوي	Masaha	1660	0.68967
		 الانتصارات الإسلامية في كشف شبه النصرانية 	 سليمان بن عبد القوي الطوفي الصرصي الحنبلي 	ABLibrary	8313	0.68966
		أحكام القرآن [ج ٤]	أبي بكر محمّد بن عبدالله [ ابن العربي ]	Rafed	3221	0.68965
		حاشية الوافي	الوحيد البهبهاني	Masaha	1518	0.68958
		إنك خلقت للأمومة .. ولن تثنيك أفواههم المسمومة	أحمد بن محمد السعيد العزيزى	ShamAY	33447	0.68957
		 الحور العين 	 أبو سعيد بن نشوان الحميري 	ABLibrary	8418	0.6895
		كيف نحب الله ونشتاق إليه	مجدي الهلالي	ShamelaY19	36410	0.68948
		روائع البيان تفسير آيات الأحكام	محمد علي الصابوني	ShamAY	12347	0.68947
		شرح اللؤلؤ المكنون في أحوال الأسانيد والمتون	عبد الكريم الخضير	ShamAY	139	0.68944
		مع المصطفي	الواحدي :: عائشة عبد الرحمن بنت الشاطئ	ShamAY	34436	0.68943
		الإصابة في تمييز الصحابة [ج ١]	أحمد بن علي بن حجر العسقلاني	Rafed	3386	0.68942
		التفسير المظهري	المظهري، محمد ثناء الله	Sham19Y	21766	0.68939
		كشف الغطاء عن مبهمات الشريعه الغراء (ط - الحديثه)	حسن بن جعفر بن خضر نجفي كاشف الغطاء	Ghbook	12118	0.68938
		المدخل لدراسة القرآن الكريم	محمد بن محمد بن سويلم أبو شُهبة (المتوفى: 1403هـ)	ShamAY	1454	0.68937
		تفسير النيسابوري = غرائب القرآن ورغائب الفرقان	نظام الدين الحسن بن محمد بن حسين القمي النيسابوري (المتوفى: 850ه)	ShamelaY19	23613	0.6893
		صيحة تحذير من دعاة التنصير	محمد الغزالي	ShamAY	36049	0.68925
		الخصائص	عثمان بن جني ابن جني	Ghbook	16345	0.68925
		الفتاوى الحديثية لابن حجر الهيتمي	أحمد بن محمد بن علي بن حجر الهيتمي السعدي الأنصاري، شهاب الدين شيخ الإسلام، أبو العباس (المتوفى: 974هـ)	ShamAY	1922	0.68922
		محمد بن عبد الوهاب عقيدته السلفية ودعوته الإصلاحية وثناء العلماء عليه	أحمد بن حجر بن محمد بن حجر بن أحمد بن حجر بن طامي بن حجر بن سند بن سعدون آل بوطامي البنعلي (المتوفى: 1423هـ)	ShamAY	11382	0.68921
		من أسباب عذاب القبر	سعيد بن مسفر بن مفرح القحطاني	ShamAY	7737	0.68918
		 معرفة المعاد 	 السيد محمد حسين الطهراني 	ABLibrary	8871	0.68918
		الدكتور علي جمعة إلى أين	طلحة محمد المسير	ShamAY	1054	0.68916
		البلاغة الواضحة	علي الحازم ومصطفى أمين	Rafed	2038	0.68914
		العبرات للمنفلوطي	مصطفى لطفي بن محمد لطفي بن محمد حسن لطفي المنفلوطي (المتوفى: 1343ه)	ShamelaY19	26382	0.68912
		 دستور معالم الحكم ومأثور مكارم الشيم من كلام أمير المؤمنين علي ابن أبي طالب ( ك ) 	 محمد بن سلامة القضاعي 	ABLibrary	877	0.6891
		التفسير المنير [ج ١٤]	الدكتور وهبة الزحيلي	Rafed	2957	0.6891
		التفسير المنير [ج ٧]	الدكتور وهبة الزحيلي	Rafed	2949	0.68909
		التّفسير الكاشف [ج ١]	محمّد جواد مغنية	Rafed	2746	0.68898
		مواهب الرحمن في تفسير القرآن [ج ٣]	آية الله السيّد عبد الأعلى السبزواري	Rafed	3908	0.68897
		الخلاصة في أصول الحوار وأدب الاختلاف	علي بن نايف الشحود	ShamAY	33262	0.68891
		معالم المدرستين - الجزء1	السيد مرتضى العسكري	Masaha	3379	0.68891
		تفسير النيسابوري = غرائب القرآن ورغائب الفرقان	نظام الدين الحسن بن محمد بن حسين القمي النيسابوري (المتوفى: 850هـ)	ShamAY	23613	0.6889
		درء القول القبيح بالتحسين والتقبيح	سليمان بن عبد القوي بن الكريم الطوفي الصرصري، أبو الربيع، نجم الدين (المتوفى: 716 ه)	ShamelaY19	148531	0.6889
		زبدة البيان في أحكام القرآن	الشيخ أحمد بن محمّد الأردبيلي [ المقدّس الأردبيلي ]	Rafed	1584	0.6889
		عين اليقين [ج ٢]	محمّد بن المرتضى [ الفيض الكاشاني ]	Rafed	3592	0.6889
		من مشاهير المجددين في الإسلام	صالح بن فوزان بن عبد الله الفوزان	ShamelaY19	31084	0.68886
		شرح الورقات - عبد الكريم الخضير	عبد الكريم الخضير	ShamAY	152	0.68884
		أثر الإيمان في تحصين الأمة الإسلامية ضد الأفكار الهدامة	عبد الله بن عبد الرحمن الجربوع	ShamAY	7265	0.6888
		 رحلة العبدري 	 أبو عبد الله العبدري 	ABLibrary	9101	0.68875
		الإنصاف في بيان أسباب الاختلاف للدهلوي	أحمد بن عبد الرحيم بن الشهيد وجيه الدين بن معظم بن منصور المعروف بـ «الشاه ولي الله الدهلوي» (المتوفى: 1176هـ)	ShamAY	422	0.68874
		مجموعة الرسائل والمسائل والفتاوى	حمد بن ناصر بن عثمان بن معمر النجدي التميمي الحنبلي (المتوفى: 1225هـ)	ShamAY	11380	0.68874
		خصائص التراكيب دارسة تحليلية لمسائل علم المعاني	محمد محمد أبو موسى	ShamAY	3334	0.68873
		وَا مُحَمَّدَاهُ {إِنَّ شَانِئَكَ هُوَ الْأَبْتَرُ}	أبو التراب سيد بن حسين بن عبد الله العفاني	ShamAY	2059	0.68873
		تأويلات أهل السنّة تفسير الماتريدي [ج ٣]	أبي منصور محمّد بن محمّد بن محمود الماتريدي	Rafed	3969	0.68873
		الرد على البكري تلخيص كتاب الاستغاثة - ط الغرباء	أحمد بن عبد الحليم بن تيمية الحراني أبو العباس	ShamAY	34402	0.68872
		قضاء الأرب في أسئلة حلب	أبو الحسن تقي الدين علي بن عبد الكافي السبكي (المتوفى: 756 ه)	ShamelaY19	18610	0.68872
		أصول الوصول إلى الله تعالى	أبو العلاء محمد بن حسين بن يعقوب السلفي المصري	ShamelaY19	98088	0.6887
		مَعالِمُ الطَّريقِ في ظلالِ القُرآنِ	علي بن نايف الشحود	ShamAY	36749	0.68869
		 عين اليقين الملقب بالأنوار والأسرار 	 الفيض الكاشاني 	ABLibrary	8520	0.68868
		الخطابة - جامعة المدينة	مناهج جامعة المدينة العالمية	ShamelaY19	31513	0.68867
		مقالات وبحوث الدكتور عبد الكريم بكار	عبد الكريم بكار	ShamAY	34762	0.68866
		رحلة العبدري	أبو عبدالله العبدري	Rafed	2452	0.68866
		رفع الأستار لإبطال أدلة القائلين بفناء النار	محمد بن إسماعيل بن صلاح بن محمد الحسني، الكحلاني ثم الصنعاني، أبو إبراهيم، عز الدين، المعروف كأسلافه بالأمير (المتوفى: 1182ه)	Sham19Y	1756	0.68864
		 تلخيص الشافي 	 الشيخ الطوسي 	ABLibrary	8393	0.68863
		العبرات للمنفلوطي	مصطفى لطفي بن محمد لطفي بن محمد حسن لطفي المَنْفَلُوطي (المتوفى: 1343هـ)	ShamAY	1511	0.68862
		بدائع الفوائد	محمد بن أبي بكر بن أيوب بن سعد شمس الدين ابن قيم الجوزية (المتوفى: 751ه)	Sham19Y	12003	0.68861
		اللآلي العبقريّة في شرح العينيّة الحميريّة	محمّد بهاء الدين الاصبهاني	Rafed	178	0.68861
		روح المعاني [ج ٣]	أبي الفضل شهاب الدين السيّد محمود الألوسي البغدادي	Rafed	3181	0.68859
		الفوائد الملية لشرح الرسالة النفلية	الشهيد الثاني	Masaha	1146	0.68858
		حسن الأسوة بما ثبت من الله ورسوله في النسوة	أبو الطيب محمد صديق خان بن حسن بن علي ابن لطف الله الحسيني البخاري القِنَّوجي (المتوفى : 1307هـ)	ShamAY	3485	0.68854
		بحار الأنوار [ج ٦٤]	الشيخ محمّد باقر بن محمّد تقي المجلسي	Rafed	1064	0.68854
		موسوعة الأخلاق والزهد والرقائق	ياسر عبد الرحمن	ShamAY	2038	0.68852
		دعوة إلى السنة في تطبيق السنة منهجا وأسلوبا	عبد الله بن ضيف الله الرحيلي	Sham19Y	11195	0.68848
		وقايه الاذهان و الالباب و لباب اصول السنه و الكتاب	هادي نجفي	Ghbook	12922	0.68845
		قصة البشرية	الشيخ محمد إبراهيم الحمد	Sham19Y	1979	0.68843
		مواقف يوم القيامة	السيد الجميلى	ShamAY	35206	0.68842
		إتحاف النبلاء بسيرة العلامة عبد الرزاق عفيفي	راشد بن عثمان الزهراني	ShamAY	35810	0.68841
		 بد العارف 	 ابن سبعين 	ABLibrary	8759	0.68841
		ديوان ابن حيوس	محمد بن سلطان بن محمد بن حيوس، الغنوي	ShamAY	37864	0.68839
		 جامع العلوم في اصطلاحات الفنون الملقب بدستور العلماء 	 القاضى عبد النبي بن عبد الرسول الأحمد نگري 	ABLibrary	8403	0.68837
		التعرف لمذهب أهل التصوف	أبو بكر محمد بن أبي إسحاق بن إبراهيم بن يعقوب الكلاباذي البخاري الحنفي (المتوفى: 380هـ)	ShamAY	6518	0.68836
		مختصر سنا البرق الشامي	الفتح بن علي بن محمد البنداري الأصفهاني، أبو إبراهيم (المتوفى: 643هـ)	ShamAY	5400	0.68836
		رسائل الشهيد الثاني - الجزء1	الشهيد الثاني	Masaha	1160	0.68833
		بغية الإيضاح لتلخيص المفتاح في علوم البلاغة	عبد المتعال الصعيدي (المتوفى: 1391هـ)	ShamAY	10281	0.68831
		الإيمان لابن تيمية	تقي الدين أبو العباس أحمد بن عبد الحليم بن عبد السلام بن عبد الله بن أبي القاسم بن محمد ابن تيمية الحراني الحنبلي الدمشقي (المتوفى: 728هـ)	ShamAY	7564	0.68827
		الخلاصة في بيان رأي شيخ الإسلام ابن تيمية بالرافضة	علي بن نايف الشحود	ShamAY	35264	0.68825
		مع الحديدي في شرحه: مقتطفات هامة من شرح ابن ابي الحديد	علي خادمي	Ghbook	15626	0.68825
		التفسير المنير [ج ٢٣]	الدكتور وهبة الزحيلي	Rafed	2971	0.68823
		أخبار الآحاد في الحديث النبوي	عبدالله بن عبدالرحمن بن عبدالله بن الجبرين	ShamAY	37251	0.68822
		معركة المصحف في العالم الإسلامي	محمد الغزالي	ShamAY	33255	0.68822
		فصل الخطاب في شرح مسائل الجاهلية (المسائل التي خالف فيها رسول الله صلى الله عليه وسلم أهل الجاهلية)	أبو المعالي محمود شكري بن عبد الله بن محمد بن أبي الثناء الألوسي (المتوفى: 1342هـ)	ShamAY	8549	0.68822
		ذيل نفحة الريحانة ـ موافقا للمطبوع	محمد أمين بن فضل الله بن محب الدين بن محمد المحبي	ShamAY	34600	0.6882
		الاعجاز و التحدي في القرآن الكريم 	محمد حسين طباطبايي	Ghbook	2828	0.68817
		تفسير ابن جزي = التسهيل لعلوم التنزيل	أبو القاسم، محمد بن أحمد بن محمد بن عبد الله، ابن جزي الكلبي الغرناطي (المتوفى: 741ه)	ShamelaY19	23626	0.68811
		خطط الشام ج 5	محمد بن عبد الرزاق بن محمَّد، كُرْد عَلي (المتوفى: 1372هـ)	ShamAY	33802	0.6881
		الولاء والبراء والعداء في الإسلام	أبو فيصل البدراني	ShamAY	1718	0.68809
		الإيمان والكفر في الكتاب والسنة	الشيخ جعفر السبحاني	Masaha	133	0.68803
		الشيخ محمد بن عبد الوهاب المجدد المفترى عليه	أحمد بن حجر بن محمد بن حجر بن أحمد بن حجر بن طامي بن حجر بن سند بن سعدون آل بوطامي البنعلي (المتوفى: 1423هـ)	ShamAY	7654	0.68801
		حياه محمد	محمدحسين هيكل	Ghbook	15496	0.68796
		تفسير الإيجي جامع البيان في تفسير القرآن	محمد بن عبد الرحمن بن محمد بن عبد الله الحسني الحسيني الإيجي الشافعي (المتوفى: 905ه)	ShamelaY19	29743	0.68795
		زهرة التفاسير	محمد بن أحمد بن مصطفى بن أحمد المعروف بأبي زهرة (المتوفى: 1394ه)	ShamelaY19	37071	0.68794
		موسوعة الأخلاق والزهد والرقائق	ياسر عبد الرحمن	Sham19Y	96918	0.68794
		أحكام عصاة المؤمنين	مروان كجك	ShamAY	7490	0.6879
		تفسير بيان السعادة في مقامات العبادة [ج ٣]	سلطان محمّد الجنابذي [ سلطان علي شاه ]	Rafed	3372	0.68781
		مجلة البحوث الإسلامية - مجلة دورية تصدر عن الرئاسة العامة لإدارات البحوث العلمية والإفتاء والدعوة والإرشاد	الرئاسة العامة لإدارات البحوث العلمية والإفتاء والدعوة والإرشاد	ShamAY	1991	0.6878
		قصة البشرية	محمد إبراهيم الحمد :: محمد بن إبراهيم الحمد	ShamAY	1979	0.68775
		حقيقة البدعة وأحكامها	سعيد بن ناصر الغامدي	ShamelaY19	21539	0.68775
		جيش التوشيح	محمد بن عبد الله بن سعيد السلماني اللوشي الأصل، الغرناطي الأندلسي، أبو عبد الله، الشهير بلسان الدين ابن الخطيب (المتوفى: 776ه)	ShamelaY19	95575	0.68773
		من أسباب عذاب القبر	سعيد بن مسفر	Sham19Y	7737	0.68773
		تفسير أبي السّعود [ج ٤]	أبي السعود محمّد بن محمّد العمادي	Rafed	3236	0.68773
		ديوان الشيخ أحمد سحنون	أحمد سحنون	ShamAY	1781	0.68771
		مقامات الحريري	أبو محمد القاسم بن علي الحريري (المتوفى: 516ه)	ShamelaY19	26585	0.68771
		الفصول المهمة في تأليف الأمة	السيد عبد الحسين شرف الدين	Masaha	670	0.6877
		مختارات من أجمل الشعر في مدح الرسول	محّمد سَعيد رَمضان البوطي	ShamAY	23670	0.68767
		موسوعة الأخلاق والزهد والرقائق	ياسر عبد الرحمن	ShamelaY19	96918	0.68767
		المدخل لدراسة القرآن الكريم	محمد بن محمد بن سويلم أبو شهبة (المتوفى: 1403ه)	Sham19Y	29719	0.68766
		اصل الشيعه و اصولها	محمد حسين آل كاشف الغطاء	Ghbook	12190	0.68766
		الطراز لأسرار البلاغة وعلوم حقائق الإعجاز	يحيى بن حمزة بن علي بن إبراهيم، الحسيني العلوي الطالبي الملقب بالمؤيد بالله (المتوفى: 745ه)	ShamelaY19	23788	0.68765
		من وحي الإسلام [ج ٢]	الشيخ حسن طراد	Rafed	147	0.68765
		تفسير غريب القرآن - الكواري	كاملة بنت محمد بن جاسم بن علي آل جهام الكواري	ShamelaY19	37660	0.68764
		 الكوكب الأنور على عقد الجوهر في مولد النبي الأزهر ( ص ) 	 جعفر بن البرزنجي 	ABLibrary	7691	0.68764
		جامع الشتات	الشيخ الخواجوئي	Masaha	1457	0.68763
		دلائل الإعجاز - الكتاب العربي	أبو بكر عبدالقاهر بن عبدالرحمن بن محمد الجرجاني	ShamAY	34098	0.68762
		 الوصلة إلى الحبيب في وصف الطيبات والطيب 	 عمر بن أحمد العقيلي الحلبي ( ابن العديم ) 	ABLibrary	9892	0.68762
		الامام علي عليه السلام سيرته وقيادته في ضوء المنهج التحليلي	الدكتور محمد حسين علي الصّغير	Rafed	274	0.68761
		إلى المجمع العالمي بدمشق	السيد عبد الحسين شرف الدين	Masaha	83	0.68759
		قاعدة جليلة في التوسل والوسيلة لشيخ الإسلام ابن تيمية	ربيع بن هادي المدخلي	ShamAY	33000	0.68758
		مرآة العقول [ج ١٠]	الشيخ محمّد باقر بن محمّد تقي المجلسي	Rafed	1028	0.68756
		الفرق بين الفرق وبيان الفرقة الناجية	عبد القاهر بن طاهر بن محمد بن عبد الله البغدادي التميمي الأسفراييني، أبو منصور (المتوفى: 429هـ)	ShamAY	6520	0.68755
		الفصول والغايات في تمجيد الله والمواعظ	أحمد بن عبد الله بن سليمان بن محمد بن سليمان، أبو العلاء المعري، التنوخي (المتوفى: 449هـ)	ShamAY	612	0.68754
		تراثنا ـ العدد [ 6 ]	مؤسسة آل البيت عليهم السلام لإحياء التراث ـ قم	Rafed	2636	0.68754
		الخلاصة في فضائل الجهاد في سبيل الله	الواحدي :: علي بن نايف الشحود	ShamAY	36088	0.68749
		دعوة إلى السنة في تطبيق السنة منهجا وأسلوبا	عبد الله بن ضيف الله الرحيلي	ShamAY	11195	0.68749
		 أبكار الأفكار في أصول الدين 	 سيف الدين الآمدي 	ABLibrary	8317	0.68749
		عيون الحكم والمواعظ	علي بن محمد الليثي الواسطي	Masaha	4575	0.68744
		رحلة ابن جبير	محمّد بن أحمد بن جبير الأندلسي	Rafed	2273	0.68737
		معالم القربة في طلب الحسبة	محمد بن محمد بن أحمد بن أبي زيد بن الأخوة، القرشي، ضياء الدين (المتوفى: 729هـ)	ShamAY	10526	0.68733
		في الأدب الحديث	عمر الدسوقي	Sham19Y	11565	0.68733
		مقامات الحريري	أبو محمد القاسم بن علي الحريري (المتوفى: 516هـ)	ShamAY	26585	0.68732
		فصل الخطاب في شرح مسائل الجاهلية (المسائل التي خالف فيها رسول الله صلى الله عليه وسلم أهل الجاهلية)	أبو المعالي محمود شكري بن عبد الله بن محمد بن أبي الثناء الألوسي (المتوفى: 1342ه)	Sham19Y	8549	0.6873
		تفسير المراغي [ج ٢٦]	أحمد مصطفى المراغي	Rafed	1703	0.6873
		الهدى إلى دين المصطفى [ج ١]	الشيخ محمد جواد البلاغي	Rafed	3374	0.68726
		الجمل	محمّد بن محمّد النعمان العكبري [ الشيخ المفيد ]	Rafed	1726	0.68726
		الإعلام بفوائد عمدة الأحكام	ابن الملقن سراج الدين أبو حفص عمر بن علي بن أحمد الشافعي المصري (المتوفى: 804هـ)	ShamAY	31785	0.68722
		الساق على الساق في ما هو الفارياق	أحمد فارس بن يوسف بن منصور الشدياق (المتوفى: 1304هـ)	ShamAY	9693	0.6872
		إيضاح المحصول من برهان الأصول	أبو عبد الله محمد بن علي بن عمر المازري (536 ه)	Sham19Y	16974	0.68719
		 رسائل ومقالات 	 الشيخ السبحاني 	ABLibrary	8443	0.68717
		التعيين في شرح الأربعين	سليمان بن عبد القوي بن عبد الكريم الطوفي الصرصري، أبو الربيع، نجم الدين (المتوفى: 716 هـ)	ShamAY	32456	0.68716
		تفسير أبي السّعود [ج ٨]	أبي السعود محمّد بن محمّد العمادي	Rafed	3256	0.68711
		البرهان في أصول الفقه	عبد الملك بن عبد الله بن يوسف بن محمد الجويني، أبو المعالي، ركن الدين، الملقب بإمام الحرمين (المتوفى: 478هـ)	ShamAY	7439	0.68707
		جامع الشتات	محمد اسماعيل بن الحسين بن محمدرضا مازندراني خواجوئي	Ghbook	15608	0.68706
		شرح الورقات - عبد الكريم الخضير	عبد الكريم الخضير	Sham19Y	12878	0.68704
		دروس للشيخ عبد الله بن عبد الرحمن الجبرين	عبد الله بن عبد الرحمن بن عبد الله بن جبرين	ShamAY	897	0.68702
		تنوير المقباس من تفسير ابن عباس	الفيروزآبادي	ShamAY	31591	0.68698
		تراثنا ـ العددان [ 35 و 36 ]	مؤسسة آل البيت عليهم السلام لإحياء التراث ـ قم	Rafed	2789	0.68697
		جيش التوشيح	محمد بن عبد الله بن سعيد السلماني اللوشي الأصل، الغرناطي الأندلسي، أبو عبد الله، الشهير بلسان الدين ابن الخطيب (المتوفى: 776هـ)	ShamAY	1559	0.68696
		الولاء والبراء والعداء في الإسلام	أبو فيصل البدراني	ShamelaY19	96246	0.68692
		التفسير والمفسّرون في ثوبه القشيب [ج ١]	محمّد هادي معرفة	Rafed	4026	0.6869
		الفقه المقارن أصوله وآثاره وأمثلته	الدكتور صلاح محمد أبو الحاج	ShamAY	37527	0.68689
		تهذيب اقتضاء الصراط المستقيم	شحاتة صقر	ShamAY	556	0.68688
		أصول الوصول إلى الله تعالى	أبو العلاء محمد بن حسين بن يعقوب السلفي المصري	Sham19Y	98088	0.68684
		التعرف لمذهب أهل التصوف	أبو بكر محمد بن أبي إسحاق بن إبراهيم بن يعقوب الكلاباذي البخاري الحنفي (المتوفى: 380ه)	Sham19Y	6518	0.68679
		شرح التلقين	أبو عبد الله محمد بن علي بن عمر التميمي المازري المالكي (المتوفى: 536ه)	ShamelaY19	121376	0.68677
		الخلاصة في بيان أسباب اختلاف الفقهاء	الواحدي :: علي بن نايف الشحود	ShamAY	36080	0.68676
		أيسر التفاسير لكلام العليّ الكبير [ج ١]	أبي بكر جابر الجزائري	Rafed	3464	0.68674
		أجوبة مسائل و رسائل في مختلف فنون المعرفة	ابن إدريس الحلي	Masaha	1009	0.68671
		كيف نحب الله ونشتاق إليه	مجدي الهلالي	ShamAY	284	0.6867
		هداية القرآن للتي هي أقوم	علي بن نايف الشحود	ShamAY	159	0.68669
		هداية الحيارى في أجوبة اليهود والنصارى	شمس الدّين محمّد بن أبي بكر بن أيّوب الزّرعي [ ابن قيّم الجوزيّة ]	Rafed	3470	0.68667
		 ولاية الفقيه ، تأريخها ومبانيها 	 محسن الحيدري 	ABLibrary	9626	0.68666
		أصول الفقه الذي لا يسع الفقيه جهله	عياض بن نامي بن عوض السلمي	ShamelaY19	36379	0.68664
		ديوان الشيخ أحمد سحنون	أحمد سحنون	ShamelaY19	96335	0.68663
		من هدى القرآن [ج ٩]	السيّد محمّد تقي المدرّسي	Rafed	2129	0.68662
		الإيمان الكبير لابن تيمية - مشكول	ابن تيمية	ShamAY	35410	0.68653
		مباحث في التفسير الموضوعي	مصطفى مسلم	ShamAY	7314	0.68653
		أضواء على عقائد الشيعة الإماميّة وتأريخهم	الشيخ جعفر السبحاني	Rafed	3659	0.68653
		فرج المهموم - معرفة نهج الحلال من علم النجوم	السيد علي بن موسى بن طاووس	Masaha	1035	0.68652
		التفسير المظهري	المظهري، محمد ثناء الله	ShamAY	21766	0.68651
		شرح الطيبي على مشكاة المصابيح المسمى ب (الكاشف عن حقائق السنن)	شرف الدين الحسين بن عبد الله الطيبي (743ه)	ShamelaY19	122257	0.68651
		المناهج التفسيريّة في علوم القرآن	الشيخ جعفر السبحاني	Rafed	39	0.68648
		علم التفسير	عبدالمنعم احمد النمر	Ghbook	8748	0.68648
		رسالة إلى أهل الثغر بباب الأبواب	أبو الحسن علي بن إسماعيل بن إسحاق بن سالم بن إسماعيل بن عبد الله بن موسى بن أبي بردة بن أبي موسى الأشعري (المتوفى: 324ه)	Sham19Y	11214	0.68644
		الرسائل الفقهيّة [ج ٢]	محمد اسماعيل بن الحسين بن محمد رضا المازندراني الخاجوئي	Rafed	1391	0.68637
		الفتوحات الربانية على الأذكار النواوية	محمد بن علان الصديقي الشافعي الأشعري المكي (المتوفى: 1057 ه)	ShamelaY19	23625	0.68635
		اللقاء الشهري	محمد بن صالح بن محمد العثيمين (المتوفى : 1421هـ)	ShamAY	7686	0.68634
		كمال الدين و تمام النعمة - الجزء1	الشيخ الصدوق	Masaha	2494	0.68631
		المهذّب [ج ١]	عبد العزيز بن البرّاج الطرابلسي	Rafed	1276	0.68629
		رحلة ابن جبير  - الجزء1	محمد بن أحمد ابن جبير	Masaha	4171	0.68629
		النخبة في الحكمة العملية و الأحكام الشرعية	الفيض الكاشاني	Masaha	1265	0.68629
		الشافي في العقائد و الأخلاق و الأحكام - الجزء1	الفيض الكاشاني	Masaha	1257	0.68628
		المكاسب المحرمه (للاراكي)	محمد علي اراكي	Ghbook	15435	0.68627
		المفهم لما أشكل من تلخيص كتاب مسلم	أبو العباس أحمد بن عمر بن إبراهيم القرطبي (578 - 656 ه)	ShamelaY19	132524	0.68624
		التبيان في أقسام القرآن - الفكر	محمد بن أبي بكر أيوب الزرعي ابن القيم أبو عبد الله	ShamAY	34413	0.68622
		شرح التلقين	أبو عبد الله محمد بن علي بن عمر التميمي المازري المالكي (المتوفى: 536ه)	Sham19Y	121376	0.68622
		تفسير ابن جزي = التسهيل لعلوم التنزيل	أبو القاسم، محمد بن أحمد بن محمد بن عبد الله، ابن جزي الكلبي الغرناطي (المتوفى: 741هـ)	ShamAY	23626	0.68621
		 عيون مسائل النفس وسرح العيون في شرح العيون 	 حسن حسن زاده آملى 	ABLibrary	8521	0.68621
		تاريخ آداب العرب	مصطفى صادق بن عبد الرزاق بن سعيد بن أحمد بن عبد القادر الرافعي (المتوفى: 1356هـ)	ShamAY	10548	0.68619
		التفسير المنير [ج ٨]	الدكتور وهبة الزحيلي	Rafed	2950	0.68619
		التوضيحات الجلية، لأبيات البردة المردية	محمد بوخبزة	ShamAY	35696	0.68618
		ملامح رئيسية للمنهج السلفي	علاء بكر	ShamAY	34779	0.68611
		شرح لامية شيخ الإسلام	عبد الكريم الخضير	ShamelaY19	27248	0.6861
		دقائق التفسير الجامع لتفسير ابن تيمية	تقي الدين أبو العباس أحمد بن عبد الحليم بن عبد السلام بن عبد الله بن أبي القاسم بن محمد ابن تيمية الحراني الحنبلي الدمشقي (المتوفى: 728هـ)	ShamAY	5487	0.68609
		أضواء على الثقافة الاسلامية	الدكتورة نادية شريف العمري	ShamAY	8669	0.68609
		التفسير المنير [ج ٤]	الدكتور وهبة الزحيلي	Rafed	2945	0.68608
		تحليل العروة	راضي بن محمد حسين التبريزي	Masaha	2729	0.68608
		زهرة التفاسير	محمد بن أحمد بن مصطفى بن أحمد المعروف بأبي زهرة (المتوفى: 1394هـ)	ShamAY	439	0.68607
		مختصر الأمثل في تفسير كتاب الله المنزل [ج ١]	آية الله مكارم الشيرازي	Rafed	3859	0.68607
		الإصابة في تمييز الصحابة	أبو الفضل أحمد بن علي بن محمد بن أحمد بن حجر العسقلاني (المتوفى: 852ه)	Sham19Y	9767	0.68604
		بحوث في الملل والنّحل [ج ١]	الشيخ جعفر السبحاني	Rafed	40	0.68604
		بلوغ الغاية من تهذيب بداية الهداية للإمام أبي حامد الغزالي (رحمه الله)	وائل حافظ خلف	Sham19Y	37549	0.68603
		الأساس في السنة وفقهها - السيرة النبوية	سعيد حوى (المتوفى 1409 ه)	ShamelaY19	18332	0.68597
		درج الدرر في تفسير الآي والسور ط الفكر	أبو بكر عبد القاهر بن عبد الرحمن بن محمد الفارسي الأصل، الجرجاني الدار (المتوفى: 471ه)	ShamelaY19	122187	0.68596
		معراج الهداية	الدكتور سعيد يعقوب	Rafed	1202	0.68593
		أصُولُ الِفقهِ الذي لا يَسَعُ الفَقِيهِ جَهلَهُ	عياض بن نامي بن عوض السلمي	ShamAY	251	0.68592
		 الإمامة 	 السيد محمد باقر الشفتي الجيلاني 	ABLibrary	8347	0.68591
		الإيمان والرد على أهل البدع (مطبوع ضمن مجموعة الرسائل والمسائل النجدية لبعض علماء نجد الأعلام، الجزء الثاني)	عبد الرحمن بن حسن بن محمد بن عبد الوهاب بن سليمان التميمي (المتوفى: 1285هـ)	ShamAY	9841	0.68589
		شرح درة الغواص في أوهام الخواص (مطبوع ضمن «درة الغواص وشرحها وحواشيها وتكملتها»)	أحمد بن محمد الخفاجي المصري	ShamAY	38970	0.68589
		بحوث في الملل والنّحل [ج ٢]	الشيخ جعفر السبحاني	Rafed	42	0.68588
		الفخري في الآداب السلطانية والدول الإسلامية	محمد بن علي بن طباطبا المعروف بابن الطقطقي (المتوفى: 709ه)	Sham19Y	12400	0.68582
		في الميزان الجديد	محمد مندور (المتوفى: 1385هـ)	ShamAY	9971	0.68581
		السيوف المشرقة ومختصر الصواقع المحرقة	الألوسي، محمود شكري	ShamAY	1783	0.68581
		الجديد في تفسير القرآن المجيد	محمد بن حبيب الله سبزواري نجفي	Ghbook	2680	0.6858
		الهداية إلى بلوغ النهاية في علم معاني القرآن وتفسيره، وأحكامه، وجمل من فنون علومه	أبو محمد مكي بن أبي طالب حموش بن محمد بن مختار القيسي القيرواني ثم الأندلسي القرطبي المالكي (المتوفى: 437ه)	ShamelaY19	22593	0.68575
		السيوف المشرقة ومختصر الصواقع المحرقة	الألوسي، محمود شكري	ShamelaY19	96337	0.68575
		 معرفة المعاد 	 السيد محمد حسين الطهراني 	ABLibrary	8872	0.68574
		تفسير غريب القرآن - الكواري	كاملة بنت محمد بن جاسم بن علي آل جهام الكواري	ShamAY	1055	0.68573
		البيان والإشهار لكشف زيغ الملحد الحاج مختار	فوزان بن سابق بن فوزان (المتوفى: 1373هـ)	ShamAY	7569	0.68572
		الإصابة في تمييز الصحابة	أبو الفضل أحمد بن علي بن محمد بن أحمد بن حجر العسقلاني (المتوفى: 852هـ)	ShamAY	9767	0.68567
		فقه القرآن - الجزء1	القطب الراوندي	Masaha	708	0.68565
		البرهان في أصول الفقه	عبد الملك بن عبد الله بن يوسف بن محمد الجويني، أبو المعالي، ركن الدين، الملقب بإمام الحرمين (المتوفى: 478ه)	Sham19Y	7439	0.68563
		عروس الأفراح في شرح تلخيص المفتاح	أحمد بن علي بن عبد الكافي، أبو حامد، بهاء الدين السبكي (المتوفى: 773 هـ)	ShamAY	32378	0.6856
		الحدائق الناضرة [ج ١٠]	الشيخ يوسف بن أحمد البحراني [ صاحب الحدائق ]	Rafed	2845	0.68557
		الفصل في الملل والأهواء والنحل	أبو محمد علي بن أحمد بن سعيد بن حزم الأندلسي القرطبي الظاهري (المتوفى: 456هـ)	ShamAY	6521	0.68555
		التبيان في أيمان القرآن ط عالم الفوائد	أبو عبد الله محمد بن أبي بكر بن أيوب ابن قيم الجوزية (691 - 751)	ShamAY	38512	0.68553
		أثر الإيمان في تحصين الأمة الإسلامية ضد الأفكار الهدامة	عبد الله بن عبد الرحمن الجربوع	Sham19Y	7265	0.68551
		دروس للشيخ سعيد بن مسفر	سعيد بن مسفر بن مفرح القحطاني	ShamAY	908	0.68548
		تنبيهات حول المبدأ والمعاد	الميرزا حسنعلي مرواريد	Rafed	724	0.68548
		في الأدب الحديث	عمر الدسوقي	ShamAY	11565	0.68545
		القول المبين في سيرة سيد المرسلين	محمد الطيب النجار (المتوفى: 1411هـ)	ShamAY	8530	0.68544
		أدب الطّف أو شعراء الحسين عليه السلام [ج ٨]	جواد شبّر	Rafed	379	0.68544
		كيف نحب الله ونشتاق إليه	مجدي الهلالي	Sham19Y	36410	0.68542
		السقيفه 	محمد رضا مظفر	Ghbook	16290	0.6854
		الوافية في أصول الفقه‏	الفاضل التوني	Masaha	3595	0.6854
		الحسنة والسيئة	تقي الدين أبو العباس أحمد بن عبد الحليم بن عبد السلام بن عبد الله بن أبي القاسم بن محمد ابن تيمية الحراني الحنبلي الدمشقي (المتوفى: 728هـ)	ShamAY	7609	0.68539
		الإحكام في أصول الأحكام لابن حزم	أبو محمد علي بن أحمد بن سعيد بن حزم الأندلسي القرطبي الظاهري (المتوفى: 456هـ)	ShamAY	10432	0.68537
		عبقرية الشريف الرضي	محمد زكي مبارك	Masaha	2343	0.68536
		الفرقان في تفسير القرآن بالقرآن والسنّة [ج ١٧]	الشيخ محمد الصادقي	Rafed	3038	0.68534
		العقيدة في الله عز وجل	صالح الرقب	ShamAY	35629	0.68526
		التعليقة على المكاسب - الجزء1	السيد عبد الحسين اللاري	Masaha	5034	0.68526
		أصول الدعوة	عبد الكريم زيدان	ShamelaY19	22615	0.68522
		التّفسير الحديث [ج ٣]	محمّد عزّة دروزة	Rafed	3695	0.68517
		التدمرية: تحقيق الإثبات للأسماء والصفات وحقيقة الجمع بين القدر والشرع	تقي الدين أبو العباس أحمد بن عبد الحليم بن عبد السلام بن عبد الله بن أبي القاسم بن محمد ابن تيمية الحراني الحنبلي الدمشقي (المتوفى: 728ه)	ShamelaY19	22666	0.68515
		السحر الحلال في الحكم والأمثال	أحمد بن إبراهيم بن مصطفى الهاشمي (المتوفى: 1362هـ)	ShamAY	6903	0.68514
		مِفْرَقُ الطَّريقِ في القُرآن الكَريم	علي بن نايف الشحود	ShamAY	358	0.68513
		القرآنُ الكريمُ وقَضايا العقيدةِ	علي بن نايف الشحود	ShamAY	356	0.68513
		تهذيب اقتضاء الصراط المستقيم	شحاتة صقر	ShamelaY19	36155	0.6851
		أضواء إسلامية على عقيدة سيد قطب وفكره	ربيع بن هادي المدخلي	ShamAY	33031	0.68503
		الفوائد البهيّة في شرح عقائد الإماميّة [ج ١]	الشيخ محمّد جميل حمّود	Rafed	3511	0.68503
		 تأويل الدعائم 	 القاضي النعمان المغربي 	ABLibrary	9316	0.68502
		الدعوة الإسلامية تستقبل عامها الخامس عشر	محمد الغزالي	ShamAY	36034	0.68498
		قضاء الأرب في أسئلة حلب	أبو الحسن تقي الدين علي بن عبد الكافي السبكي (المتوفى: 756 هـ)	ShamAY	32675	0.68497
		سلسلة أعمال القلوب .. للمنجد	الواحدي :: محمد صالح المنجد	ShamAY	34974	0.68495
		شرح كتاب الفوائد	عمر عبد الكافى شحاتة	ShamelaY19	37045	0.68493
		متشابه القرآن و مختلفه - الجزء1	ابن شهر آشوب المازندراني	Masaha	1039	0.68493
		الهداية إلى بلوغ النهاية في علم معاني القرآن وتفسيره، وأحكامه، وجمل من فنون علومه	أبو محمد مكي بن أبي طالب حَمّوش بن محمد بن مختار القيسي القيرواني ثم الأندلسي القرطبي المالكي (المتوفى: 437هـ)	ShamAY	12	0.68491
		فقه الابتلاء, وأقدار الله المؤلمة	أبو فيصل البدراني	ShamelaY19	96250	0.68488
		مجمع البحرين [ج ١]	الشيخ فخر الدين الطريحي	Rafed	1234	0.68485
		من وحي الإسلام [ج ١]	الشيخ حسن طراد	Rafed	145	0.6848
		حكم ومواعظ من حياة الانبياء عليهم السلام [ج ٢]	مرتضى الميلاني	Rafed	110	0.68478
		شأن الدعاء	أبو سليمان حمد بن محمد بن إبراهيم بن الخطاب البستي المعروف بالخطابي (المتوفى: 388ه)	ShamelaY19	95700	0.68477
		العودة إلى القرآن لماذا وكيف	مجدي الهلالي	ShamAY	269	0.68475
		بدائع الفوائد	محمد بن أبي بكر بن أيوب بن سعد شمس الدين ابن قيم الجوزية (المتوفى: 751هـ)	ShamAY	12003	0.68471
		دقائق التفسير الجامع لتفسير ابن تيمية	تقي الدين أبو العباس أحمد بن عبد الحليم بن عبد السلام بن عبد الله بن أبي القاسم بن محمد ابن تيمية الحراني الحنبلي الدمشقي (المتوفى: 728ه)	Sham19Y	5487	0.6847
		موسوعة الدفاع عن رسول الله صلى الله عليه وسلم	علي بن نايف الشحود	ShamAY	37384	0.68469
		أسرار المحبين في رمضان	أبو العلاء محمد بن حسين بن يعقوب السلفي المصري	ShamAY	31774	0.68463
		بلوغ الغاية من تهذيب بداية الهداية للإمام أبي حامد الغزالي (رحمه الله)	وائل حافظ خلف	ShamAY	955	0.6846
		أحكام القرآن  [ج ١]	أبي بكر أحمد بن علي الرازي الجصّاص	Rafed	1987	0.6846
		سورة الواقعة ومنهجها في العقائد (دراسات في التفسير الموضوعي للقرآن الكريم)	محمود محمد غريب: من علماء الأزهر الشريف والموجه الديني لشباب جامعة القاهرة	ShamAY	5437	0.68458
		 المقدمة في التصوف 	 السلمي 	ABLibrary	8705	0.68458
		علماء المغرب ومقاومتهم للبدع والتصوف والقبورية والمواسم	أبو سفيان مصطفى باحو السلاوي المغربي	ShamelaY19	96922	0.68457
		قوت القلوب في معاملة المحبوب ووصف طريق المريد إلى مقام التوحيد	محمد بن علي بن عطية الحارثي، أبو طالب المكي (المتوفى: 386هـ)	ShamAY	482	0.68451
		فصل الخطاب في شرح (مسائل الجاهلية، التي خالف فيها رسول الله صلى الله عليه وسلم أهل الجاهلية لمحمد بن عبد الوهاب رحمه الله)	أبو المعالي محمود شكري بن عبد الله بن محمد بن أبي الثناء الألوسي (المتوفى: 1342هـ)	ShamAY	30866	0.6845
		محمد بن عبد الوهاب عقيدته السلفية ودعوته الإصلاحية وثناء العلماء عليه	أحمد بن حجر بن محمد بن حجر بن أحمد بن حجر بن طامي بن حجر بن سند بن سعدون آل بوطامي البنعلي (المتوفى: 1423ه)	Sham19Y	11382	0.6845
		 أنوار الحقيقة وأطوار الطريقة وأسرار الشريعة 	 السيد حيدر الآملي 	ABLibrary	8807	0.68446
		أصول الوصول إلى الله تعالى	أبو العلاء محمد بن حسين بن يعقوب السلفي المصري	ShamAY	31601	0.68442
		 الذخيرة في الحقيقة 	 علي بن محمد الوليد 	ABLibrary	8423	0.68441
		تنزيه الأنبياء عما نسب إليهم حثالة الأغبياء	أبو الحسن علي بن أحمد السبتي الأموي المعروف بـ «ابن خمير» (المتوفى: 614هـ)	ShamAY	6470	0.6844
		ألوية النصر في الرد على خوارج العصر	سعود بن صالح السعدي	ShamAY	37779	0.6844
		الفصل في الملل والأهواء والنحل	أبو محمد علي بن أحمد بن سعيد بن حزم الأندلسي القرطبي الظاهري (المتوفى: 456ه)	Sham19Y	6521	0.68438
		الوجيز في تفسير القرآن العزيز [ج ١]	الشيخ علي بن الحسين بن أبي جامع العاملي	Rafed	3840	0.68437
		سلسلة الخطب المنبرية (1) الرقائق	عبد الله إبراهيم الكيلاني	ShamAY	35037	0.68434
		فقه أشراط الساعة	محمد بن أحمد بن إسماعيل المقدم	ShamAY	31964	0.68434
		تفسير القاسمي [ج ٦]	محمّد جمال الدين القاسمي	Rafed	3917	0.68432
		الإمام الصادق عليه السلام [ج ٢]	الشيخ محمّد حسين المظفّر	Rafed	686	0.68432
		المسالك والممالك للبكري - الجزء1	عبد الله بن عبد العزيز البكري	Masaha	3951	0.68429
		القُرآنُ الكريمُ في مواجهِةِ الجاهليَّة	علي بن نايف الشحود	ShamAY	354	0.68428
		مواقف وعبر من حياة العلامة الألباني يرويها بنفسه رحمه الله	أبو مالك محمد بن حامد بن عبد الوهاب	ShamAY	34136	0.68425
		 الاربعينيات لكشف أنوار القدسيات 	 القاضي سعيد القمي 	ABLibrary	8853	0.68424
		علماء المغرب ومقاومتهم للبدع والتصوف والقبورية والمواسم	أبو سفيان مصطفى باحُّو السلاوي المغربي	ShamAY	2039	0.68423
		آداب العلماء والمتعلمين	الحسين بن المنصور بالله القاسم بن محمد بن علي اليمني (المتوفى: 1050هـ)	ShamAY	649	0.68422
		شفاء العليل في مسائل القضاء والقدر والحكمة والتعليل - ط الجيل	محمد بن أبي بكر بن أيوب بن سعد شمس الدين ابن قيم الجوزية (المتوفى: 751هـ)	ShamAY	34403	0.68421
		الموسوعة القرآنية، خصائص السور	جعفر شرف الدين	ShamAY	21769	0.6842
		جواهر الكلام [ج ٢٢]	الشيخ محمّد حسن النّجفي	Rafed	654	0.68417
		الطراز لأسرار البلاغة وعلوم حقائق الإعجاز	يحيى بن حمزة بن علي بن إبراهيم، الحسيني العلويّ الطالبي الملقب بالمؤيد باللَّه (المتوفى: 745هـ)	ShamAY	23788	0.68416
		التدريب في الفقه الشافعي المسمى ب «تدريب المبتدي وتهذيب المنتهي»	سراج الدين أبي حفص عمر بن رسلان البلقيني الشافعي	ShamelaY19	19230	0.68416
		رسالة إلى أهل الثغر بباب الأبواب	أبو الحسن علي بن إسماعيل بن إسحاق بن سالم بن إسماعيل بن عبد الله بن موسى بن أبي بردة بن أبي موسى الأشعري (المتوفى: 324هـ)	ShamAY	11214	0.68412
		زهرة التفاسير	محمد بن أحمد بن مصطفى بن أحمد المعروف بأبي زهرة (المتوفى: 1394ه)	Sham19Y	37071	0.68412
		دو فصلنامه « ميقات الحج »	محمد محمدي ري شهري	Ghbook	3479	0.68407
		شرح حديث النزول	تقي الدين أبو العباس أحمد بن عبد الحليم بن عبد السلام بن عبد الله بن أبي القاسم بن محمد ابن تيمية الحراني الحنبلي الدمشقي (المتوفى: 728هـ)	ShamAY	11258	0.68406
		فقه الابتلاء, وأقدار الله المؤلمة	أبو فيصل البدراني	ShamAY	1740	0.68405
		الجموع البهية للعقيدة السلفية التي ذكرها العلامة الشِّنقيطي في تفسيره أضواء البيان	أبو المنذر المنياوي	ShamAY	8488	0.68402
		علوم القرآن الكريم - نور الدين عتر	نور الدين محمد عتر الحلبي	ShamelaY19	29910	0.68401
		الوثائق الدفاعية عن علماء السلفية الشرعية		ShamAY	35506	0.68395
		بحوث في الملل والنحل - الجزء1	الشيخ جعفر السبحاني	Masaha	658	0.68395
		جهاد الدعوة بين عجز الداخل وكيد الخارج	محمد الغزالي	ShamAY	36042	0.68393
		الخلاصة في فقه القلوب	الواحدي :: علي بن نايف الشحود	ShamAY	36091	0.68393
		السراج المنير في الإعانة على معرفة بعض معاني كلام ربنا الحكيم الخبير	شمس الدين، محمد بن أحمد الخطيب الشربيني الشافعي (المتوفى: 977هـ)	ShamAY	1466	0.6839
		تفسير المراغي [ج ٢٩]	أحمد مصطفى المراغي	Rafed	1706	0.68389
		الاستدلال بالظني في العقيدة	فتحي سليم	ShamAY	35720	0.68385
		تهذيب الأخلاق وتطهير الأعراق	أبو علي أحمد بن محمد بن يعقوب مسكويه (المتوفى: 421ه)	Sham19Y	12720	0.68385
		سيدالمرسلين صلي الله عليه و آله	آيت الله العظمي جعفر سبحاني	Ghbook	10441	0.68385
		رفقاً بالقوارير - نصائح للأزواج	أمة الله بنت عبد المطلب - موقع مكتبة المسجد النبوي	ShamAY	22876	0.68384
		بدائع الفوائد - نزار الباز	محمد بن أبي بكر أيوب الزرعي أبو عبد الله	ShamAY	34422	0.68384
		علم المعاني	الدكتور عبدالعزيز عتيق	Rafed	2555	0.68382
		تفسير القاسمي [ج ٤]	محمّد جمال الدين القاسمي	Rafed	3912	0.68382
		شبهات المشككين	مجموعة من المؤلفين	ShamAY	434	0.6838
		مختصر عجائب الدنيا	الشيخ إبراهيم بن وصيف شاه	Rafed	2460	0.6838
		البيان في تفسير القرآن	السيّد أبو القاسم الموسوي الخوئي	Rafed	691	0.68378
		روح المعاني [ج ١٤]	أبي الفضل شهاب الدين السيّد محمود الألوسي البغدادي	Rafed	3201	0.68377
		المكاسب والورع والشبهة وبيان مباحها ومحظورها واختلاف الناس في طلبها والرد على الغالطين فيه	الحارث بن أسد المحاسبي، أبو عبد الله (المتوفى: 243هـ)	ShamAY	6230	0.68376
		مناهج المفسرين	عبدالحليم محمود	Ghbook	9472	0.68376
		بحر الفوائد في شرح الفرائد - الجزء1	الشيخ محمد حسن الآشتياني	Masaha	3332	0.68376
		خصائصُ المنهجِ الإلهيِّ في ظلالِ القرآنِ	علي بن نايف الشحود	ShamAY	36745	0.68368
		الميزان في تفسير القرآن [ج ١٩]	آية الله السيد محمد حسين الطباطبائي	Rafed	1452	0.68368
		شرح منظومة الإيمان	البشير بن محمد عصام المسفيوي المراكشي	ShamAY	858	0.6836
		شرح لامية شيخ الإسلام	عبد الكريم الخضير	ShamAY	17	0.68359
		إيضاح المحصول من برهان الأصول	أبو عبد الله محمد بن علي بن عمر المازري (536 هـ)	ShamAY	32514	0.68358
		دراسات في التصوف والفلسفة الإسلامية	صالح الرقب	ShamAY	33866	0.68357
		الطب النبوي (جزء من كتاب زاد المعاد لابن القيم)	محمد بن أبي بكر بن أيوب بن سعد شمس الدين ابن قيم الجوزية (المتوفى: 751هـ)	ShamAY	23649	0.68355
		تنزيه الأنبياء عليهم السلام‏	السيد المرتضى	Masaha	4743	0.68354
		عدة الصابرين وذخيرة الشاكرين	محمد بن أبي بكر بن أيوب بن سعد شمس الدين ابن قيم الجوزية (المتوفى: 751هـ)	ShamAY	11274	0.6835
		تحفة الطالب والجليس في كشف شبه داود بن جرجيس	عبد اللطيف بن عبد الرحمن بن حسن بن محمد بن عبد الوهاب آل الشيخ (المتوفى: 1293هـ)	ShamAY	11082	0.68348
		الموافقات	إبراهيم بن موسى بن محمد اللخمي الغرناطي الشهير بالشاطبي (المتوفى: 790هـ)	ShamAY	11435	0.68347
		ما دل عليه القرآن مما يعضد الهيئة الجديدة القويمة بالبرهان	أبو المعالي محمود شكري بن عبد الله بن محمد بن أبي الثناء الألوسي (المتوفى: 1342هـ)	ShamAY	5551	0.68346
		التنبيهات اللطيفة على ما احتوت عليه العقيدة الواسطية من المباحث المنيفة	أبو عبد الله، عبد الرحمن بن ناصر بن عبد الله بن ناصر بن حمد آل سعدي (المتوفى: 1376هـ)	ShamAY	9430	0.68346
		التفسير المنير [ج ٥]	الدكتور وهبة الزحيلي	Rafed	2946	0.68346
		المقابسات	أبو حيان التوحيدي، علي بن محمد بن العباس (المتوفى: نحو 400ه)	Sham19Y	10916	0.68344
		لمسات بيانية في نصوص من التنزيل - كتاب	فاضل بن صالح بن مهدي بن خليل البدري السامرائي	ShamAY	9097	0.68343
		بدائع الفوائد - ط عالم الفوائد	أبو عبد الله محمد بن أبي بكر بن أيوب ابن قيم الجوزية	ShamAY	34433	0.68343
		درء تعارض العقل والنقل	تقي الدين أبو العباس أحمد بن عبد الحليم بن عبد السلام بن عبد الله بن أبي القاسم بن محمد ابن تيمية الحراني الحنبلي الدمشقي (المتوفى: 728ه)	ShamelaY19	21506	0.68343
		شرح أصول اعتقاد أهل السنة للالكائي - حسن أبو الأشبال	أبو الأشبال حسن الزهيري آل مندوه المنصوري المصري	ShamelaY19	37437	0.68342
		 عجائب المخلوقات وغرايب الموجودات 	 زكريا القزويني 	ABLibrary	9136	0.68342
		زبدة البيان في أحكام القرآن	المقدس الأردبيلي	Masaha	1168	0.68342
		شرح باب توحيد الألوهية من فتاوى ابن تيمية	ناصر بن عبد الكريم العلي العقل	ShamelaY19	37720	0.68332
		الإمامة الإلهية - الجزء2	الشيخ صادق الساعدي	Masaha	86	0.68332
		ما دل عليه القرآن مما يعضد الهيئة الجديدة القويمة بالبرهان	أبو المعالي محمود شكري بن عبد الله بن محمد بن أبي الثناء الألوسي (المتوفى: 1342ه)	Sham19Y	5551	0.68327
		نثر الدر في المحاضرات	منصور بن الحسين الرازي، أبو سعد الآبى (المتوفى: 421هـ)	ShamAY	7853	0.68324
		المنقذ من الضلال	أبو حامد محمد بن محمد الغزالي الطوسي (المتوفى: 505ه)	Sham19Y	9246	0.68321
		 منازل السائرين ( شرح القاساني ) 	 عبد الله الأنصاري الهروي 	ABLibrary	8792	0.6832
		تفسير آيات الأحكام - محمد علي سايس	محمد علي السايس	ShamAY	34049	0.68317
		اليواقيت والدرر في شرح نخبة ابن حجر	زين الدين محمد المدعو بعبد الرؤوف بن تاج العارفين بن علي بن زين العابدين الحدادي ثم المناوي القاهري (المتوفى: 1031هـ)	ShamAY	5979	0.68316
		فيض الرحيم الرحمن في أحكام ومواعظ رمضان	أبو محمد عبد الله بن محمد أحمد الطيار	ShamAY	34939	0.68315
		عدة الصابرين وذخيرة الشاكرين	محمد بن أبي بكر أيوب الزرعي أبو عبد الله	ShamAY	34428	0.68311
		التلخيص الحبير في تخريج أحاديث الرافعي الكبير	أبو الفضل أحمد بن علي بن محمد بن أحمد بن حجر العسقلاني (المتوفى: 852هـ)	ShamAY	1581	0.68311
		تفسير غريب القرآن - الكواري	كاملة بنت محمد بن جاسم بن علي آل جهام الكواري	Sham19Y	37660	0.68311
		نشر العبير في منظومة قواعد التفسير	عمر الحدوشي	ShamAY	36820	0.68308
		معراج الهداية	د. سعيد يعقوب	Masaha	383	0.68308
		 أربعة كتب إسماعيلية 	 مجموعة مؤلفين 	ABLibrary	8324	0.68307
		المسائل والأجوبة في الحديث والتفسير	أبو محمد عبد الله بن مسلم بن قتيبة الدينوري (213 - 276 ه)	ShamelaY19	151010	0.68306
		من هدى القرآن [ج ٧]	السيّد محمّد تقي المدرّسي	Rafed	2109	0.68306
		ثمار القلوب في المضاف والمنسوب	عبد الملك بن محمد بن إسماعيل أبو منصور الثعالبي (المتوفى: 429هـ)	ShamAY	32557	0.68305
		شرح التلقين	أبو عبد الله محمد بن علي بن عمر التَّمِيمي المازري المالكي (المتوفى: 536هـ)	ShamAY	31683	0.68304
		مجالس مع فضيلة الشيخ محمد الأمين الجكني الشنقيطي - رحمه الله تعالى -	أحمد بن محمد الأمين بن أحمد بن المختار المحضريّ، ثم الإبراهيمي، ثم الجكنيّ الشنقيطي (المتوفى: 1434 هـ)	ShamAY	32526	0.68303
		 جامع العلوم في اصطلاحات الفنون الملقب بدستور العلماء 	 القاضى عبد النبي بن عبد الرسول الأحمد نگري 	ABLibrary	8402	0.68303
		فرق معاصرة تنتسب إلى الإسلام وبيان موقف الإسلام منها	د. غالب بن علي عواجي	ShamAY	9336	0.68298
		ما دل عليه القرآن مما يعضد الهيئة الجديدة القويمة بالبرهان	أبو المعالي محمود شكري بن عبد الله بن محمد بن أبي الثناء الألوسي (المتوفى: 1342هـ)	ShamAY	1529	0.68294
		تراثنا ـ العدد [ 34 ]	مؤسسة آل البيت عليهم السلام لإحياء التراث ـ قم	Rafed	2785	0.68294
		نفحات القرآن [ج ٨]	آية الله مكارم الشيرازي	Rafed	3823	0.68294
		الأساس في التفسير [ج ٣]	سعيد حوّى	Rafed	3136	0.68293
		التدمرية: تحقيق الإثبات للأسماء والصفات وحقيقة الجمع بين القدر والشرع	تقي الدين أبو العباس أحمد بن عبد الحليم بن عبد السلام بن عبد الله بن أبي القاسم بن محمد ابن تيمية الحراني الحنبلي الدمشقي (المتوفى: 728ه)	Sham19Y	22666	0.68291
		زبدة التّفاسير [ج ٢]	فتح الله بن شكر الله الشريف الكاشاني	Rafed	1711	0.68291
		التربية الذاتية من الكتاب والسنة	هاشم علي الأهدل	ShamAY	35129	0.6829
		الرسالة الموضحة في ذكر سرقات أبي الطيب المتنبي وساقط شعره	محمد بن الحسن بن المظفر الحاتمي، أبو علي (المتوفى: 388هـ)	ShamAY	777	0.68289
		منازل الحور العين في قلوب العارفين برب العالمين	أبو محمد عبد الكريم بن صالح بن عبد الكريم الحميد	ShamelaY19	37571	0.68289
		أصول مهذبة	غلام حسين التبريزي	Masaha	2399	0.68287
		مختصر الأمثل في تفسير كتاب الله المنزل [ج ٢]	آية الله مكارم الشيرازي	Rafed	3860	0.68284
		شرح باب توحيد الألوهية من فتاوى ابن تيمية	ناصر بن عبد الكريم العلي العقل	ShamAY	747	0.68282
		الحدائق النديّة في شرح الفوائد الصمديّة	السيد علي خان المدني الشيرازي	Rafed	1952	0.68282
		الفخري في الآداب السلطانية والدول الإسلامية	محمد بن علي بن طباطبا المعروف بابن الطقطقي (المتوفى: 709هـ)	ShamAY	12400	0.68278
		 معرفة المعاد 	 السيد محمد حسين الطهراني 	ABLibrary	8880	0.68273
		المنار في علوم القرآن مع مدخل في أصول التفسير ومصادره	الدكتور محمد علي الحسن، كلية الدراسات الإسلامية بجامعة الإمارات العربية المتحدة	ShamelaY19	38092	0.68271
		 كشف الغمة في معرفة الأئمة ( ط . ق ) 	 علي بن أبي الفتح الإربلي 	ABLibrary	7908	0.6827
		الجمل و النصرة لسيد العترة في حرب البصرة	الشيخ المفيد	Masaha	1939	0.6827
		مدخل لدراسة العقيدة الإسلامية	د عثمان جمعة ضميرية	ShamAY	9991	0.68268
		الرسالة للقيرواني	أبو محمد عبد الله بن (أبي زيد) عبد الرحمن النفزي، القيرواني، المالكي (المتوفى: 386ه)	Sham19Y	11373	0.68268
		في ظلال القرآن [ج ٣]	سيّد قطب	Rafed	3880	0.68267
		مجمع البحرين‌  - الجزء1	الشيخ فخر الدين الطريحي	Masaha	3694	0.68266
		المنتخب من تفسير القرآن [ج ١]	أبو عبدالله محمّد بن أحمد بن إدريس الحلّي	Rafed	3827	0.68264
		تفسير القاسمي [ج ٧]	محمّد جمال الدين القاسمي	Rafed	3927	0.68259
		مسالك الأفهام إلى تنقيح شرائع الإسلام - الجزء1	الشهيد الثاني	Masaha	1193	0.68258
		التفسير الوسيط للقرآن الكريم [ج ١١]	الدكتور محمد سيد طنطاوي	Rafed	3951	0.68257
		يا اباذر !	آيت الله العظمي حسيني	Ghbook	7995	0.68257
		 بحار الأنوار 	 العلامة المجلسي 	ABLibrary	753	0.68256
		مختصر الأمثل في تفسير كتاب الله المنزل [ج ٣]	آية الله مكارم الشيرازي	Rafed	3861	0.68256
		شعراء الغدير في القرن - الجزء7	الشيخ عبد الحسين الأميني النجفي	Masaha	313	0.68254
		وا محمداه {إن شانئك هو الأبتر}	أبو التراب سيد بن حسين بن عبد الله العفاني	ShamelaY19	96964	0.68251
		الشيخ الإمام محمد بن عبد الوهاب ومنهجه في مباحث العقيدة	آمنة محمد نصير	ShamAY	7656	0.6825
		السراج المنير في الإعانة على معرفة بعض معاني كلام ربنا الحكيم الخبير	شمس الدين، محمد بن أحمد الخطيب الشربيني الشافعي (المتوفى: 977ه)	Sham19Y	1466	0.6825
		كشف كذب اللئيم حول الإسلام العظيم		ShamAY	35352	0.68248
		الرسالة التدمرية - المطبعة السلفية	الواحدي :: ابن تيمية	ShamAY	34381	0.68245
		شرح كتاب الفوائد	عمر عبد الكافى شحاتة	ShamAY	392	0.68244
		صناعة الفتوى وفقه الأقليات	الشيخ العلامة عبد الله بن بيه	ShamAY	37601	0.68244
		التاريخ القويم لمكة وبيت الله الكريم‏  - الجزء1	محمد طاهر الكردي	Masaha	4343	0.68244
		موسوعة علوم القرآن	عبد القادر محمد منصور	ShamelaY19	38103	0.6824
		قواعد الأحكام في مصالح الأنام	أبو محمد عز الدين عبد العزيز بن عبد السلام بن أبي القاسم بن الحسن السلمي الدمشقي، الملقب بسلطان العلماء (المتوفى: 660هـ)	ShamAY	8608	0.68237
		الذب عن مذهب الإمام مالك	أبو محمد عبد الله بن (أبي زيد) عبد الرحمن النفزي، القيرواني، المالكي (المتوفى: 386 ه)	ShamelaY19	18606	0.68234
		مدخل إلى تفسير القرآن وعلومه	عدنان محمد زرزور	ShamelaY19	38031	0.68233
		البرهان في علوم القرآن (ط المعرفة)	محمد بن بهادر بن عبد الله الزركشي أبو عبد الله	ShamAY	34086	0.68231
		رحلة ابن جبير ط دار بيروت	ابن جبير، محمد بن أحمد بن جبير الكناني الأندلسي، أبو الحسين (المتوفى: 614هـ)	ShamAY	11203	0.68229
		معجم الأدباء = إرشاد الأريب إلى معرفة الأديب	شهاب الدين أبو عبد الله ياقوت بن عبد الله الرومي الحموي (المتوفى: 626هـ)	ShamAY	9788	0.68229
		بداية الهداية	أبو حامد محمد بن محمد الغزالي الطوسي (المتوفى: 505هـ)	ShamAY	12718	0.68229
		فتح العلي الحميد في شرح كتاب مفيد المستفيد في كفر تارك التوحيد	مدحت بن الحسن آل فراج	ShamelaY19	35760	0.68228
		الإيمان بالجن بين الحقيقة والتهويل	علي بن نايف الشحود	ShamAY	34	0.68225
		الانتصار للصحب والآل من افتراءات السماوي الضال	إبراهيم بن عامر بن علي الرحيلي	ShamelaY19	21551	0.68224
		اليواقيت والدرر في شرح نخبة ابن حجر	زين الدين محمد المدعو بعبد الرؤوف بن تاج العارفين بن علي بن زين العابدين الحدادي ثم المناوي القاهري (المتوفى: 1031ه)	Sham19Y	5979	0.68221
		 تأويل الدعائم 	 القاضي النعمان المغربي 	ABLibrary	9315	0.68221
		 رياضة النفس ( ويليه نحو القلوب ) 	 الحكيم الترمذي 	ABLibrary	8695	0.68221
		جامع المسائل لابن تيمية ط عالم الفوائد - المجموعة الثانية	شيخ الإسلام أحمد بن عبد الحليم بن عبد السلام ابن تيمية (661 - 728 هـ)	ShamAY	37980	0.68213
		المدينة المنورة عاصمة الإسلام الأولى	محمد السيد الوكيل	ShamAY	38492	0.68212
		المقصد الأسنى في شرح معاني أسماء الله الحسنى	أبو حامد محمد بن محمد الغزالي الطوسي (المتوفى: 505هـ)	ShamAY	6465	0.68211
		الكَشْف المُبْدِي لتمويه أبي الحسن السُّبكيّ، تكملة «الصّارم المنكي»	محمد بن حسين بن سليمان بن إبراهيم الفقيه (المتوفى: 1355هـ)	ShamAY	9063	0.68211
		شرح معاني شعر المتنبي لابن الإفليلي - السفر الأول	إبراهيم بن محمد بن زكريا الزهري، من بني سعد بن أبي وقاص، أبو القاسم ابن الإِفلِيلي (المتوفى: 441هـ)	ShamAY	454	0.6821
		 الكتاب التذكاري ( محيي الدين بن عربي في الذكرى المئوية الثامنة ) 	 مجموعة مؤلفين 	ABLibrary	8903	0.6821
		الإيمان والرد على أهل البدع	عبد الرحمن بن حسن آل الشيخ	ShamAY	35723	0.68209
		خطبة الوداع فوائد وفرائد	محمد أحمد عبد الغني	ShamAY	34977	0.68205
		التفسير الموضوعي لسورة الكهف	أحمد بن محمد الشرقاوى	ShamAY	33132	0.68204
		الفرقان في تفسير القرآن بالقرآن والسنّة [ج ٢٣]	الشيخ محمد الصادقي	Rafed	3046	0.68199
		المفصل في الرد على شبهات أعداء الإسلام	علي بن نايف الشحود	ShamAY	33267	0.68197
		الفتوى الحموية الكبرى	تقي الدين أبو العَباس أحمد بن عبد الحليم بن عبد السلام بن عبد الله بن أبي القاسم بن محمد ابن تيمية الحراني الحنبلي الدمشقي (المتوفى: 728هـ)	ShamAY	18381	0.68197
		التفسير المنير [ج ٩]	الدكتور وهبة الزحيلي	Rafed	2952	0.68194
		المغرب في حلى المغرب	أبو الحسن على بن موسى بن سعيد المغربي الأندلسي (المتوفى: 685هـ)	ShamAY	6633	0.68191
		فتاوى الأئمة في النوازل المدلهمة، وتبرئة دعوة وأتباع محمد بن عبدالوهاب من تهمة التطرف والإرهاب	محمد بن حسين بن سعيد بن هادي بن عبد الرحمن بن محمد بن حسن بن سفران القحطاني	ShamelaY19	36570	0.6819
		 بحار الأنوار 	 العلامة المجلسي 	ABLibrary	762	0.6819
		 تاريخ نجد ( روضة الأفكار والأفهام ) 	 حسين بن غنام 	ABLibrary	9010	0.6819
		الحسنة والسيئة - ت غازي	الواحدي :: ابن تيمية	ShamAY	34359	0.68189
		منهج الأنبياء في الدعوة إلى الله فيه الحكمة والعقل	ربيع بن هادي المدخلي	ShamAY	33033	0.68187
		نظرات حول الإعداد الروحي	الشيخ محمد مهدي الآصفي	Masaha	577	0.68187
		مرآة الكمال - الجزء1	الشيخ عبد الله المامقاني	Masaha	3241	0.68186
		قطف الثمر في بيان عقيدة أهل الأثر	أبو الطيب محمد صديق خان بن حسن بن علي ابن لطف الله الحسيني البخاري القِنَّوجي (المتوفى: 1307هـ)	ShamAY	3874	0.68183
		 شرح بدء الأمالي 	 أحمد بن علي الرازي 	ABLibrary	8476	0.68182
		معالم الأصول(مع حاشية سلطان العلماء)	الشيخ جمال الدين الحسن بن زين الدين‏ العاملي	Masaha	4330	0.6818
		روضات الجنات في احوال العلماء و السادات	محمد باقر الموسوي الخوانساري الاصبهاني	Ghbook	16245	0.68179
		سلوة الأحزان للاجتناب عن مجالسة الأحداث والنسوان	نُسب لأبي بكر الخفاف (المتوفى: 543 هـ) ، والظاهر أنه لمحمد بن حميد المشتولي (المتوفى: بعد 1167هـ)	ShamAY	655	0.68178
		 في رحاب أهل البيت ( ع ) 	 لجنة بحوث المجمع العالمي لأهل البيت ( ع ) 	ABLibrary	8565	0.68177
		التفسير الوسيط للقرآن الكريم [ج ١٥]	الدكتور محمد سيد طنطاوي	Rafed	3957	0.68177
		قطر الولي على حديث الولي = ولاية الله والطريق إليها	محمد بن علي بن محمد بن عبد الله الشوكاني اليمني (المتوفى: 1250هـ)	ShamAY	6886	0.68176
		النبوات لابن تيمية	تقي الدين أبو العباس أحمد بن عبد الحليم بن عبد السلام بن عبد الله بن أبي القاسم بن محمد ابن تيمية الحراني الحنبلي الدمشقي (المتوفى: 728هـ)	ShamAY	11817	0.68175
		شرح الطيبي على مشكاة المصابيح المسمى بـ (الكاشف عن حقائق السنن)	شرف الدين الحسين بن عبد الله الطيبي (743هـ)	ShamAY	31697	0.68175
		الفتح الرباني من فتاوى الإمام الشوكاني	محمد بن علي بن محمد بن عبد الله الشوكاني اليمني (المتوفى: 1250هـ)	ShamAY	344	0.68175
		الحسام الماحق لكل مشرك ومنافق	أبو شكيب محمد تقي الدين بن عبد القادر الهلالي (المتوفى: 1407ه)	Sham19Y	1702	0.68175
		توجيهاتٌ قرآنيةٌ لأصحابِ الدَّعوةِ	علي بن نايف الشحود	ShamAY	33271	0.68174
		 بحوث في الملل والنحل 	 الشيخ السبحاني 	ABLibrary	8357	0.68174
		فصول من السياسة الشرعية في الدعوة إلى الله	عبد الرحمن بن عبد الخالق	ShamAY	33520	0.68172
		ففروا إلى الله - القلموني	أبو ذر القلموني، عبد المنعم بن حسين بن حنفي بن حسن بن الشاهد	ShamAY	912	0.68171
		الغدير في الكتاب والسنّة والأدب [ج ٣]	الشيخ عبد الحسين أحمد الأميني النجفي	Rafed	2001	0.68171
		التأصيل الإسلامي للعلوم الإجتماعية	الواحدي :: محمد قطب	ShamAY	33319	0.68169
		حقيقة دعوة الإمام الشيخ محمد بن عبد الوهاب السلفية	عبد الله بن سعد الرويشد	Sham19Y	11164	0.68167
		أنس المسجون وراحة المحزون	صفيّ الدين، أبو الفتح عيسى بن البحتري الحلبي (المتوفى: بعد 625هـ)	ShamAY	31707	0.68166
		 شرح أصول الكافي 	 صدر الدين محمد الشيرازي ( صدر المتألهين ) 	ABLibrary	7918	0.68165
		الفوائد البهيّة في شرح عقائد الإماميّة [ج ٢]	الشيخ محمّد جميل حمّود	Rafed	3512	0.68162
		من مشاهير المجددين في الإسلام	صالح بن فوزان بن عبد الله الفوزان	Sham19Y	31084	0.6816
		 قواعد التصوف 	 أبي العباس أحمد زروق الفاسي 	ABLibrary	8821	0.68159
		الرسائل الاعتقاديه	سيدمهدي رجايي	Ghbook	15607	0.68159
		أيسر التفاسير لكلام العلي الكبير	جابر بن موسى بن عبد القادر بن جابر أبو بكر الجزائري	ShamAY	10088	0.68154
		قواعد العقائد	أبو حامد محمد بن محمد الغزالي الطوسي (المتوفى: 505ه)	Sham19Y	6397	0.68152
		الذب عن مذهب الإمام مالك	أبو محمد عبد الله بن (أبي زيد) عبد الرحمن النفزي، القيرواني، المالكي (المتوفى: 386 ه)	Sham19Y	18606	0.68149
		لئالي الاخبار	محمدنبي بن احمد تويسركاني	Ghbook	12165	0.68147
		حجه المحققين في الرد علي المتشدقين	لجنة البحوث و الدراسات بالطريقة العزمية	Ghbook	7625	0.68145
		تعريف بشروح الكتب الستة	أبو عبد العزيز الحربي	ShamAY	35959	0.68144
		شرح أصول اعتقاد أهل السنة للالكائي - حسن أبو الأشبال	أبو الأشبال حسن الزهيري آل مندوه المنصوري المصري	ShamAY	647	0.6814
		الجامع الصحيح للسيرة النبوية	الأستاذ الدكتور سعد المرصفي	Sham19Y	17666	0.68139
		منهج أهل السنة والجماعة في نقد الرجال والكتب والطوائف	ربيع بن هادي المدخلي	ShamAY	33009	0.68138
		 أدب الطف أو شعراء الحسين ( ع ) 	 جواد شبر 	ABLibrary	7407	0.68138
		المعجزة القرآنية حقائق علمية قاطعة	أحمد عمر أبو شوفة	ShamAY	1473	0.68135
		حقيقة دعوة الإمام الشيخ محمد بن عبد الوهاب السلفية	عبد الله بن سعد الرويشد	ShamAY	11164	0.68135
		الغصون اليانعة في محاسن شعراء المائة السابعة	أبو الحسن على بن موسى بن سعيد المغربي الأندلسي (المتوفى: 685هـ)	ShamAY	9235	0.6813
		 مصطلحات الفقه 	 الشيخ علي المشكيني 	ABLibrary	9775	0.68128
		شرح معاني شعر المتنبي لابن الإفليلي - السفر الأول	إبراهيم بن محمد بن زكريا الزهري، من بني سعد بن أبي وقاص، أبو القاسم ابن الإفليلي (المتوفى: 441ه)	ShamelaY19	37065	0.68127
		حوار مع صديقي الملحد	مصطفى محمود	ShamAY	35536	0.68124
		 معرفة المعاد 	 السيد محمد حسين الطهراني 	ABLibrary	8879	0.68123
		حقيقة البدعة وأحكامها	سعيد بن ناصر الغامدي	ShamAY	21539	0.68122
		درء تعارض العقل والنقل	تقي الدين أبو العباس أحمد بن عبد الحليم بن عبد السلام بن عبد الله بن أبي القاسم بن محمد ابن تيمية الحراني الحنبلي الدمشقي (المتوفى: 728ه)	Sham19Y	21506	0.68122
		جامع المسائل لابن تيمية ط عالم الفوائد - المجموعة الثالثة	شيخ الإسلام أحمد بن عبد الحليم بن عبد السلام ابن تيمية (661 - 728 ه)	Sham19Y	17835	0.68122
		آراء حول القرآن 	علي علامه فاني اصفهاني	Ghbook	2750	0.6812
		مرهم العلل المعضلة في الرد على أئمة المعتزلة	أبو محمد عفيف الدين عبد الله بن أسعد بن علي بن سليمان اليافعي (المتوفى: 768هـ)	ShamAY	6555	0.68119
		كشف الأسرار شرح أصول البزدوي	عبد العزيز بن أحمد بن محمد، علاء الدين البخاري الحنفي (المتوفى: 730هـ)	ShamAY	9062	0.68118
		التعليقات الأثرية على العقيدة الطحاوية لأئمة الدعوة السلفية	مجموعة من المؤلفين	ShamAY	954	0.68118
		معالم الدين وملاذ المجتهدين‏	الشيخ جمال الدين الحسن بن زين الدين‏ العاملي	Masaha	4331	0.68118
		مختصر زاد المعاد	محمد بن عبد الوهاب بن سليمان التميمي النجدي (المتوفى: 1206ه)	ShamelaY19	31457	0.68117
		منهج علماء الحديث والسنة في أصول الدين	د مصطفى محمد حلمي	ShamAY	1382	0.68112
		كشف المغطى من المعاني والألفاظ الواقعة في الموطا	محمد الطاهر بن عاشور (المتوفى: 1393 ه)	ShamelaY19	150963	0.68112
		الأمثل في تفسير كتاب الله المنزل [ج ١٤]	آية الله مكارم الشيرازي	Rafed	2059	0.68111
		الروضة المختارة ـ القصائد الهاشميّات والقصائد العلويّات	الناشر: مؤسسة الأعلمي للمطبوعات	Rafed	286	0.68109
		فكر محمد أسد (ليو بولد فايس)	د. إبراهيم عوض	ShamAY	33357	0.68106
		الصراط .. أصول منهج أهل السنة والجماعة في الاعتقاد والعمل	عبد الرحمن بن عبد الخالق	ShamAY	35764	0.68106
		لمسات بيانية في نصوص من التنزيل - كتاب	فاضل بن صالح بن مهدي بن خليل البدري السامرائي	Sham19Y	9097	0.68106
		تفسير التّحرير والتّنوير [ج ٩]	الشيخ محمّد الطاهر ابن عاشور	Rafed	2913	0.68105
		الرحلة الشامية (1910)	الأَمير محمَّد عَلي بن محمد توفيق بن إسماعيل بن إبراهيم بن محمد علي (المتوفى: 1374هـ)	ShamAY	387	0.68104
		صوارم اليقين (رد على الزيدية في تشكيكهم في السنة النبوية)	يحيى المنصور بالله	ShamAY	35743	0.68102
		نداء الريان في فقه الصوم وفضل رمضان	أبو التراب سيد بن حسين بن عبد الله العفاني	ShamAY	22886	0.68102
		مواقف الشيعة - الجزء1	الشيخ علي الأحمدي الميانجي	Masaha	451	0.68101
		المقابسات	أبو حيان التوحيدي، علي بن محمد بن العباس (المتوفى: نحو 400هـ)	ShamAY	10916	0.68099
		الرحلة الشامية (1910)	الأمير محمد علي بن محمد توفيق بن إسماعيل بن إبراهيم بن محمد علي (المتوفى: 1374ه)	ShamelaY19	37027	0.68098
		تفسير أبي السّعود [ج ٦]	الناشر: دار إحياء التراث العربي للطباعة والنشر والتوزيع	Rafed	3246	0.68098
		موسوعة الخطب والدروس	علي بن نايف الشحود	ShamAY	32986	0.68093
		جواهر القرآن	أبو حامد محمد بن محمد الغزالي الطوسي (المتوفى: 505هـ)	ShamAY	9883	0.68093
		المنقذ من الضلال	أبو حامد محمد بن محمد الغزالي الطوسي (المتوفى: 505هـ)	ShamAY	9246	0.6809
		مرآة العقول [ج ١١]	الشيخ محمّد باقر بن محمّد تقي المجلسي	Rafed	1030	0.68089
		 هداية الحيارى في أجوبة اليهود والنصارى 	 ابن قيم الجوزية 	ABLibrary	8676	0.68084
		شرح كتاب الفوائد	عمر عبد الكافى شحاتة	Sham19Y	37045	0.68083
		مقالات الشيخ ربيع المدخلي	ربيع بن هادي المدخلي	ShamAY	33041	0.68082
		التفسير الوسيط للقرآن الكريم [ج ١٠]	الدكتور محمد سيد طنطاوي	Rafed	3950	0.68081
		فتاوى الأئمة في النوازل المدلهمة، وتبرئة دعوة وأتباع محمد بن عبدالوهاب من تهمة التطرف والإرهاب	محمد بن حسين بن سعيد بن هادي بن عبد الرحمن بن محمد بن حسن بن سفران القحطاني	ShamAY	847	0.6808
		قطر الولي على حديث الولي = ولاية الله والطريق إليها	محمد بن علي بن محمد بن عبد الله الشوكاني اليمني (المتوفى: 1250ه)	Sham19Y	6886	0.68077
		مصطلحات في كتب العقائد	محمد بن إبراهيم بن أحمد الحمد	ShamAY	12070	0.68076
		البرهان في أصول الفقه. ط الوفاء- الديب	عبد الملك بن عبد الله بن يوسف الجويني أبو المعالي	ShamAY	34188	0.68076
		مدخل إلى تفسير القرآن وعلومه	عدنان محمد زرزور	ShamAY	1492	0.68072
		 بحوث في الملل والنحل 	 الشيخ السبحاني 	ABLibrary	8356	0.68072
		مبادئ الإيمان‌	الشيخ محمد حسين كاشف الغطاء	Masaha	3538	0.68072
		مفاهيم القرآن [ج ٣]	الشيخ جعفر السبحاني	Rafed	240	0.68071
		الدين العالمي ومنهج الدعوة إليه	عطية صقر	ShamelaY19	95667	0.6807
		موسوعة الخطب والدروس الرمضانية	علي بن نايف الشحود	ShamAY	33048	0.68067
		كتاب أثر التربية الإسلامية في أمن المجتمع الإسلامي	الواحدي :: عبد الله قادري الأهدل	ShamAY	35022	0.68064
		فرق معاصرة تنتسب إلى الإسلام وبيان موقف الإسلام منها	د. غالب بن علي عواجي	Sham19Y	9336	0.68062
		شريعة الله لا شريعة البشر	شحاتة محمد صقر	ShamelaY19	36159	0.68057
		النبوغ المغربي في الأدب العربي	عبد الله كنون الحسني (المتوفى: 1409 ه)	ShamelaY19	148529	0.68057
		أحمد عز الدين البيانوني الداعية المربي	د. عبد المجيد البيانوني	ShamAY	38599	0.68056
		ظلام من الغرب	محمد الغزالي	ShamAY	33243	0.68056
		الفتاوى الحديثية لابن حجر الهيتمي (ط الحلبي)	أحمد شهاب الدين بن حجر الهيتمي المكي.	ShamAY	34350	0.68055
		المسائل الماردينية - وهي مسائل يكثر وقوعها ويحصل الابتلاء بها	تقي الدين أبو العباس أحمد بن عبد الحليم بن عبد السلام بن عبد الله بن أبي القاسم بن محمد ابن تيمية الحراني الحنبلي الدمشقي (المتوفى: 728ه)	ShamelaY19	96844	0.68054
		الايمان و الكفر في الكتاب و السنه	آيت الله العظمي جعفر سبحاني	Ghbook	5037	0.6805
		 المسالك والممالك 	 أبي عبيد البكري 	ABLibrary	9204	0.68048
		الانتصار للقرآن 	ابوبكر محمد بن طيب باقلاني	Ghbook	2849	0.68047
		بذل المجهود في إفحام اليهود ت طويلة	السموأل بن يحيى بن عباس المغربي (المتوفى: نحو 570هـ)	ShamAY	146	0.68044
		شبهات وردود	موقع الكاشف	ShamAY	33308	0.68039
		الشبهات التي أثيرت حول دعوة الشيخ محمد بن عبد الوهاب (مطبوع ضمن بحوث ندوة دعوة الشيخ محمد بن عبد الوهاب)	عبد الكريم الخطيب	ShamAY	7648	0.68037
		تسلية المُجالس وزينة المَجالس [ج ١]	السيد محمد بن أبي طالب الحسيني الكركي الحائري	Rafed	158	0.68033
		تهذيب الأخلاق وتطهير الأعراق	أبو علي أحمد بن محمد بن يعقوب مسكويه (المتوفى: 421هـ)	ShamAY	12720	0.68031
		إتحاف أهل الألباب بمعرفة التوحيد والعقيدة في سؤال وجواب	وليد بن راشد السعيدان	ShamAY	35615	0.6803
		المفصل في شرح آية الولاء والبراء	علي بن نايف الشحود	ShamAY	33095	0.68027
		إعتاب الكتاب	ابن الأبار، محمد بن عبد الله بن أبي بكر القضاعي البلنسي (المتوفى: 658هـ)	ShamAY	8190	0.68025
		 لواقح الأنوار القدسية في بيان العهود المحمدية 	 عبد الوهاب الشعراني 	ABLibrary	8840	0.68024
		متن الطحاوية بتعليق الألباني	أبو جعفر أحمد بن محمد بن سلامة بن عبد الملك بن سلمة الأزدي الحجري المصري المعروف بالطحاوي (المتوفى: 321هـ)	ShamAY	9568	0.68023
		 البيزرة 	 بازيار الحسن بن الحسين ( ظنّا ) 	ABLibrary	9841	0.68023
		 بحار الأنوار 	 العلامة المجلسي 	ABLibrary	771	0.68022
		السلسل العذب والمنهل الأحلى	محمد بن أبي بكر الحضرمي	ShamAY	35860	0.68021
		 الكشف عن مناهج الأدلة في عقائد الملة 	 ابن رشد 	ABLibrary	8577	0.68019
		أحكام القرآن للجصاص ط العلمية	أحمد بن علي أبو بكر الرازي الجصاص الحنفي (المتوفى: 370هـ)	ShamAY	7370	0.68016
		نيل المرام من تفسير آيات الأحكام	أبو الطيب محمد صديق خان بن حسن بن علي ابن لطف الله الحسيني البخاري القِنَّوجي (المتوفى: 1307هـ)	ShamAY	9759	0.68015
		التبصرة لابن الجوزي	جمال الدين أبو الفرج عبد الرحمن بن علي بن محمد الجوزي (المتوفى: 597ه)	Sham19Y	26351	0.68015
		خطب ودروس الشيخ عبد الرحيم الطحان	عبد الرحيم الطحان	ShamelaY19	21782	0.68013
		الرد الشامل على عمر كامل	د. عبد الله بن حسين الموجان	ShamAY	35467	0.68011
		الفساد السياسي	محمد الغزالي	ShamAY	36037	0.6801
		قواعد العقائد	أبو حامد محمد بن محمد الغزالي الطوسي (المتوفى: 505هـ)	ShamAY	6397	0.68007
		الاخلاق	عبدالله بن محمدرضا شبر حسيني كاظميني	Ghbook	12378	0.68005
		المفَصَّلُ في عواملِ النَّصر والهزيمةِ	علي بن نايف الشحود	ShamAY	33268	0.68002
		الرسائل الفقهيّة [ج ١]	محمد اسماعيل بن الحسين بن محمد رضا المازندراني الخاجوئي	Rafed	1384	0.68001
		كشف الأسرار عن أصول فخر الإسلام البزدوي - العلمية	عبد العزيز بن أحمد بن محمد، علاء الدين البخاري (المتوفى: 730هـ)	ShamAY	34199	0.67999
		بحوث ندوة أثر القرآن الكريم في تحقيق الوسطية ودفع الغلو	مجموعة من المؤلفين	ShamelaY19	31448	0.67999
		مختصر الميزان في تفسير القران	محمد حسين طباطبايي	Ghbook	12207	0.67994
		الفواكه الشهية في الخطب المنبرية والخطب المنبرية على المناسبات	أبو عبد الله، عبد الرحمن بن ناصر بن عبد الله بن ناصر بن حمد آل سعدي (المتوفى: 1376ه)	ShamelaY19	30921	0.67993
		خزانة الأدب وغاية الأرب لابن حجة الحموي	ابن حجة الحموي، تقي الدين أبو بكر بن علي بن عبد الله الحموي الأزراري (المتوفى: 837هـ)	ShamAY	8675	0.67991
		شرح أصول اعتقاد أهل السنة للالكائي - حسن أبو الأشبال	أبو الأشبال حسن الزهيري آل مندوه المنصوري المصري	Sham19Y	37437	0.67986
		أنيس الفضلاء من سير أعلام النبلاء فوائد - وطرائف - ونُكت - وأخبار	محمد المنصور بن إبراهيم	ShamAY	35866	0.67983
		 مجموعه رسائل ابن عربي 	 ابن عربي 	ABLibrary	8752	0.67983
		 منتقد المنافع في شرح المختصر النافع 	 ملا حبيب الله الشريف الكاشاني 	ABLibrary	9405	0.67981
		 معرفة الإمام 	 السيد محمد حسين الطهراني 	ABLibrary	8896	0.67981
		البلدان	أبي عبدالله أحمد بن محمد بن إسحاق الهمذاني [ ابن الفقيه ]	Rafed	3770	0.67981
		التفكر والاعتبار بآياتِ الكسوف والزلازل والإعصار	أبو محمد عبد الكريم بن صالح بن عبد الكريم الحميد	ShamAY	1006	0.67979
		صفحات من صبر العلماء على شدائد العلم والتحصيل	عبد الفتاح أبو غدة	ShamAY	33769	0.67979
		ندوة علوم الحديث علوم وآفاق	بحوث لمجموعة من المؤلفين	ShamAY	38477	0.67978
		محاضرات الدكتور محمد الطرهوني	محمد بن رزق الطرهوني	ShamAY	37284	0.67977
		الأشاعرة		ShamAY	35644	0.67977
		عقائد الإماميّة الإثنى عشريّة [ج ٣]	السيد إبراهيم الموسوي الزنجاني	Rafed	3539	0.67976
		الجامع الصحيح للسيرة النبوية	الأستاذ الدكتور سعد المرصفي	ShamAY	32331	0.67975
		التعيين في شرح الأربعين	سليمان بن عبد القوي بن عبد الكريم الطوفي الصرصري، أبو الربيع، نجم الدين (المتوفى: 716 ه)	ShamelaY19	18568	0.6797
		المسالك والممالك للبكري	أبو عبيد عبد الله بن عبد العزيز بن محمد البكري الأندلسي (المتوفى: 487ه)	ShamelaY19	23849	0.67968
		التفسير المنير [ج ١٥]	الدكتور وهبة الزحيلي	Rafed	2960	0.67968
		الانتصار للقرآن للباقلاني	محمد بن الطيب بن محمد بن جعفر بن القاسم، القاضي أبو بكر الباقلاني المالكي (المتوفى: 403هـ)	ShamAY	1397	0.67966
		خزائن الأحكام‏  - الجزء1	آغا بن عابد الدربندي	Masaha	3642	0.67965
		وصايا الرّسول لزوج البتول عليهم السلام	السيد علي الحسيني الصدر	Rafed	403	0.67964
		المعجزة القرآنية حقائق علمية قاطعة	أحمد عمر أبو شوفة	ShamelaY19	37987	0.67963
		خطبة الكتاب المؤمل للرد إلى الأمر الأول	أبو القاسم شهاب الدين عبد الرحمن بن إسماعيل بن إبراهيم المقدسي الدمشقي المعروف بأبي شامة (المتوفى: 665ه)	Sham19Y	14447	0.67961
		ندوة علوم الحديث علوم وآفاق	بحوث لمجموعة من المؤلفين	Sham19Y	1398	0.67959
		معجم أصول الفقه	خالد رمضان حسن	Masaha	2364	0.67957
		المستقصى في أمثال العرب	أبو القاسم محمود بن عمرو بن أحمد، الزمخشري جار الله (المتوفى: 538هـ)	ShamAY	6895	0.67956
		رافضة المدينة النخاولة		ShamAY	35305	0.67955
		رسائل فلسفية للرازي	أبو بكر، محمد بن زكريا الرازي (المتوفى: 313هـ)	ShamAY	12834	0.67955
		تراثنا ـ العددان [ 83 و 84 ]	مؤسسة آل البيت عليهم السلام لإحياء التراث ـ قم	Rafed	3624	0.67955
		دعوة أهل البدع	خالد بن أحمد الزهراني	ShamAY	33317	0.67954
		البلدان لابن الفقيه‏	أحمد بن محمد ابن الفقيه	Masaha	3715	0.67952
		بلوغ الأمل في تقرير قاعدةالجزاء من جنس العمل	محمد شومان	ShamAY	37557	0.67951
		 كتاب الزكاة 	 ميرزا محمد حسن الآشتياني 	ABLibrary	9392	0.67949
		جواب الإعتراضات المصرية علي الفتيا الحموية - ت شمس - ط عالم الفوائد	شيخ الإسلام أحمد بن عبد الحليم بن عبد السلام ابن تيمية (661 - 728 هـ)	ShamAY	38455	0.67942
		 كتاب المعرفة 	 ابن عربي 	ABLibrary	8738	0.67941
		منهاج السنة النبوية في نقض كلام الشيعة القدرية	تقي الدين أبو العباس أحمد بن عبد الحليم بن عبد السلام بن عبد الله بن أبي القاسم بن محمد ابن تيمية الحراني الحنبلي الدمشقي (المتوفى: 728هـ)	ShamAY	927	0.6794
		مدخل لدراسة العقيدة الإسلامية	د عثمان جمعة ضميرية	Sham19Y	9991	0.6794
		فتاوي الخليلي على المذهب الشافعي	محمد بن محمد، ابن شَرَف الدين الخليلي الشافعيّ القادري (المتوفى: 1147هـ)	ShamAY	1126	0.67938
		أيسر التفاسير لكلام العلي الكبير	جابر بن موسى بن عبد القادر بن جابر أبو بكر الجزائري	Sham19Y	10088	0.67937
		شأن الدعاء	أبو سليمان حمد بن محمد بن إبراهيم بن الخطاب البستي المعروف بالخطابي (المتوفى: 388هـ)	ShamAY	1624	0.67936
		 الله ، القصد المجرد في معرفة الاسم المفرد ( ويليه حبة المحبة ) 	 ابن عطاء الله السكندري 	ABLibrary	8788	0.67936
		الأمثل في تفسير كتاب الله المنزل [ج ١]	آية الله مكارم الشيرازي	Rafed	2022	0.67935
		تأويل الدعائم - الجزء1	ابو حنيفة	Masaha	990	0.67935
		اللطائف	جمال الدين أبو الفرج عبد الرحمن بن علي بن محمد الجوزي (المتوفى: 597هـ)	ShamAY	243	0.67932
		التبصرة لابن الجوزي	جمال الدين أبو الفرج عبد الرحمن بن علي بن محمد الجوزي (المتوفى: 597ه)	ShamelaY19	26351	0.67932
		تهنئة أهل الإسلام بتجديد بيت الله الحرام	إبراهيم بن محمّد بن عيسى الميموني	Rafed	2234	0.67932
		إرشاد طلاب الحقائق إلى معرفة سنن خير الخلائق - صلى الله عليه وسلم -	محيي الدين أبو زكريا يحيى بن شرف النووي الدمشقي (631 - 676 ه)	ShamelaY19	127654	0.67926
		كنز العرفان في فقه القرآن - الجزء1	المقداد السيوري	Masaha	1121	0.67925
		دراسة في نصوص العصر الجاهلي تحليل وتذوق	السيد أحمد عمارة	ShamAY	11184	0.67924
		مشاهير أعلام المسلمين	علي بن نايف الشحود	ShamAY	35792	0.67923
		موسوعة التاريخ الإسلامي	الشيخ محمد هادي اليوسفي الغروي	ShamAY	37152	0.67922
		ديوان علي الجارم	علي بن صالح بن عبد الفتاح الجارم	ShamAY	37961	0.67921
		المعجزة القرآنية حقائق علمية قاطعة	أحمد عمر أبو شوفة	Sham19Y	37987	0.67921
		مشارق أنوار اليقين في أسرار أمير المؤمنين(ع)	حافظ رجب البرسي‏	Masaha	2876	0.67921
		الرسول الاعظم (ص) مع خلفائه	مهدي قرشي	Ghbook	5278	0.6792
		 أعيان الشيعة 	 السيد محسن الأمين 	ABLibrary	80	0.67918
		الذب عن مذهب الإمام مالك	أبو محمد عبد الله بن (أبي زيد) عبد الرحمن النفزي، القيرواني، المالكي (المتوفى: 386 هـ)	ShamAY	32672	0.67917
		الرحلة الشامية (1910)	الأمير محمد علي بن محمد توفيق بن إسماعيل بن إبراهيم بن محمد علي (المتوفى: 1374ه)	Sham19Y	37027	0.67917
		من مشاهير المجددين في الإسلام	صالح بن فوزان بن عبد الله الفوزان	ShamAY	31084	0.67916
		الإحكام لابن حزم - دار الحديث	علي بن أحمد بن حزم الأندلسي أبو محمد	ShamAY	34182	0.67916
		أصول وتاريخ الفرق الإسلامية	مصطفى بن محمد بن مصطفى	ShamAY	35717	0.67914
		الرسالة للقيرواني	أبو محمد عبد الله بن (أبي زيد) عبد الرحمن النفزي، القيرواني، المالكي (المتوفى: 386هـ)	ShamAY	11373	0.67913
		المسالك والممالك للبكري	أبو عبيد عبد الله بن عبد العزيز بن محمد البكري الأندلسي (المتوفى: 487هـ)	ShamAY	23849	0.67912
		الرسائل الأربع [ج ٣]	عدّة من الأفاضل	Rafed	3937	0.67911
		نوادر المخطوطات	عبد السلام محمد هارون (المتوفى: 1408ه)	ShamelaY19	21514	0.6791
		شذرات الذهب دراسة في البلاغة القرآنية	محمود توفيق محمد سعد	ShamAY	2124	0.67907
		طبقات الشعراء لابن المعتز	عبد الله بن محمد ابن المعتز العباسي (المتوفى: 296هـ)	ShamAY	7867	0.67902
		الانتصار للصحب والآل من افتراءات السماوي الضال	إبراهيم بن عامر بن عليّ الرّحيلي	ShamAY	1790	0.67901
		حماسة الخالديين = بالأشباه والنظائر من أشعار المتقدمين والجاهليين والمخضرمين	الخالديان أبو بكر محمد بن هاشم الخالدي، (المتوفى: نحو 380هـ) ، و أبو عثمان سعيد بن هاشم الخالدي (المتوفى: 371هـ)	ShamAY	10806	0.67901
		نهاية إسرائيل والولايات المتحدة الأمريكية من ومتى وكيف؟ دراسة تحليلية للقرآن والسنة والتوراة والإنجيل	خالد عبد الواحد	ShamAY	37705	0.67898
		نوادر المخطوطات	عبد السلام محمد هارون (المتوفى: 1408هـ)	ShamAY	21514	0.67898
		التفسير والمفسرون	الدكتور محمد السيد حسين الذهبي (المتوفى: 1398ه)	Sham19Y	12393	0.67897
		عده الداعي و نجاح الساعي	احمد بن شمس الدين محمد ابن فهد حلي	Ghbook	2579	0.67897
		الرسائل الفقهية	الوحيد البهبهاني	Masaha	3461	0.67896
		دروس للشيخ إبراهيم الدويش	إبراهيم بن عبد الله الدويش	ShamAY	7711	0.67894
		الإسلام وخرافة السيف		ShamAY	33284	0.67891
		وأنذرهم يوم الحسرة أَهوالُ الموتِ والقِيامَةِ	محمد أحمد عبد الغني	ShamAY	34976	0.6789
		التّفسير القرآني للقرآن [ج ١٤]	عبدالكريم الخطيب	Rafed	3357	0.67889
		مقامات الزمخشري	أبو القاسم محمود بن عمرو بن أحمد، الزمخشري جار الله (المتوفى: 538ه)	ShamelaY19	26586	0.67888
		الإعجاز العلمي في القرآن د. حكمت الحريري- اليمن	د. حكمت الحريري	ShamAY	37004	0.67884
		الواضح في علوم القرآن	مصطفى ديب البغا، محيى الدين ديب مستو	ShamAY	1156	0.67884
		 شرح أصول الكافي 	 صدر الدين محمد الشيرازي ( صدر المتألهين ) 	ABLibrary	7915	0.67884
		كتاب الأزمنة والأمكنة	الشيخ أبي علي أحمد بن محمد بن الحسن المرزوقي الاصفهاني	Rafed	2404	0.67883
		مطالع التمام ونصائح الأنام ومنجاة الخواص والعوام في رد إباحة إغرام ذوي الجنايات والإجرام زيادة على ما شرع الله من الحدود والأحكام	القاضي أبي العباس أحمد الشماع الهنتاتي (ت 833هـ)	ShamAY	36197	0.67882
		 أربع رسائل كلامية 	 الشهيد الأول 	ABLibrary	8323	0.67881
		رسائل الإمام حسن البنا	حسن البنا	ShamAY	33353	0.6788
		دروس للشيخ أبي إسحاق الحويني	أبو إسحاق الحويني الأثري حجازي محمد شريف	ShamAY	898	0.6788
		نزهة النظر في توضيح نخبة الفكر في مصطلح أهل الأثر	أبو الفضل أحمد بن علي بن محمد بن أحمد بن حجر العسقلاني (المتوفى: 852هـ)	ShamAY	12115	0.67877
		البحور الزاخرة في علوم الآخرة	محمد بن أحمد بن سالم بن سليمان السفاريني الحنبلي (1114 - 1188 ه)	ShamelaY19	132973	0.67877
		جامع المسائل لابن تيمية ط عالم الفوائد - المجموعة الثالثة	شيخ الإسلام أحمد بن عبد الحليم بن عبد السلام ابن تيمية (661 - 728 هـ)	ShamAY	37982	0.67872
		 بحار الأنوار 	 العلامة المجلسي 	ABLibrary	786	0.67872
		 مجلة فقه أهل البيت ( ع ) 	 مجموعة مؤلفين 	ABLibrary	9751	0.67871
		أدب الكتاب للصولي	أبو بكر محمد بن يحى الصولي (المتوفى: 335هـ)	ShamAY	1601	0.6787
		الاسلام ينابيعه. مناهجه. غاياته	محمّد أمين زين الدين	Rafed	823	0.6787
		الأشباه والنظائر في النحو [ج ٤]	جلال الدين عبد الرحمن بن أبي بكر السيوطي	Rafed	2070	0.67869
		تفريغ الفواد لمعرفه المبدا و المعاد	ابوالقاسم بن محمد بن احمد ابوالقاسم نراقي	Ghbook	14752	0.67869
		المداراة وأثرها في العلاقات العامة بين الناس	د محمد بن سعد بن عبد الرحمن آل سعود	ShamAY	8908	0.67867
		تأملات فى فقه الدعوة	طلعت عفيفي	ShamAY	33355	0.67866
		شرح صحيح مسلم - حسن أبو الأشبال	أبو الأشبال حسن الزهيري آل مندوه المنصوري المصري	ShamelaY19	37026	0.67863
		 دروس في العقائد الإسلامية 	 الشيخ ناصر مكارم الشيرازي 	ABLibrary	8422	0.67863
		محاضرات في الإلهيّات	الشيخ علي الربّاني الگلبايگاني	Rafed	2446	0.67861
		معجم افتراءات الغرب على الإسلام	أنور محمود زناتي - جامعة عين شمس	ShamAY	33409	0.6786
		تصنيف الناس بين الظن واليقين	بكر بن عبد الله أبو زيد	ShamAY	34768	0.67858
		دروس الشيخ أسامة سليمان	أسامة علي محمد سليمان	ShamAY	888	0.67858
		الرسائل الأحمديّة [ج ٢]	الشيخ أحمد آل طعّان	Rafed	1332	0.67856
		مختصر الأسئلة والأجوبة الأصولية على العقيدة الواسطية	أبو محمد عبد العزيز بن محمد بن عبد الرحمن بن عبد المحسن السلمان (المتوفى: 1422هـ)	ShamAY	9827	0.67855
		الأوراق قسم أخبار الشعراء	أبو بكر محمد بن يحيى بن عبد الله الصولي (المتوفى: 335هـ)	ShamAY	10532	0.67854
		تَذْكِرَةُ السَّامِعِ والمُتَكَلِّم في أَدَب العَالِم والمُتَعَلِّم	الشيخ العالم بدر الدين أبو عبد الله محمد بن إبراهيم بن سعد الله بن جماعة الكناني المتوفى سنة 733هـ	ShamAY	34810	0.67853
		علم اليقين في أصول الدين [ج ٢]	محمّد بن المرتضى [ الفيض الكاشاني ]	Rafed	3444	0.67853
		الملل والنّحل [ج ٢]	أبي الفتح محمد بن عبدالكريم بن أبي بكر أحمد الشهرستاني	Rafed	3570	0.67852
		أحكام القرآن [ج ١-٢]	عماد الدين بن محمد الطبري [ الكيا الهرّاسي ]	Rafed	3146	0.67851
		تأويلات أهل السنّة تفسير الماتريدي [ج ٦]	أبي منصور محمّد بن محمّد بن محمود الماتريدي	Rafed	3972	0.67849
		موسوعة أخلاق القرآن [ج ٥]	الدكتور أحمد الشرباصي	Rafed	3905	0.67849
		نظرات في التربية الإيمانية	مجدي الهلالي	ShamelaY19	36414	0.67845
		مطارح الأنظار [ج ٣]	الميرزا أبو القاسم الكلانتري الطهراني	Rafed	997	0.67845
		منهاج السنة النبوية في نقض كلام الشيعة القدرية	تقي الدين أبو العباس أحمد بن عبد الحليم بن عبد السلام بن عبد الله بن أبي القاسم بن محمد ابن تيمية الحراني الحنبلي الدمشقي (المتوفى: 728ه)	Sham19Y	927	0.67842
		موسوعة الأسئلة العقائديّة [ج ٥]	مركز الأبحاث العقائديّة	Rafed	1394	0.67842
		دروس للشيخ عطية سالم	عطية بن محمد سالم (المتوفى: 1420هـ)	ShamAY	8	0.67841
		روضة القضاة وطريق النجاة	علي بن محمد بن أحمد، أبو القاسم الرحبي المعروف بابن السمناني (المتوفى: 499 ه)	ShamelaY19	18608	0.67841
		فتح العلي الحميد في شرح كتاب مفيد المستفيد في كفر تارك التوحيد	مدحت بن الحسن آل فراج	ShamAY	32146	0.6784
		تحقيق ما للهند	محمد بن أحمد أبو ريحان البيروني	Masaha	4804	0.67839
		السيدة سكينة ابنة الإمام الشهيد أبي عبدالله الحسين عليه السلام	السيد عبد الرزاق الموسوي المقرّم	Rafed	60	0.67837
		شرح مقدمة التسهيل لعلوم التنزيل لابن جزي	د مساعد بن سليمان بن ناصر الطيار	ShamAY	31795	0.67836
		منهج التربية الإسلامية	محمد بن قطب بن إبراهيم	ShamAY	7255	0.67834
		السُّمُوُّ الرُّوحِيُّ الْأَعْظَمُ وَالْجَمَالُ الْفَنِّيُّ فِي الْبَلاَغَة النَّبَوِيَّة	مصطفى صادق بن عبد الرزاق بن سعيد بن أحمد بن عبد القادر الرافعي (المتوفى: 1356هـ)	ShamAY	1241	0.67834
		إرشاد العباد إلى سبيل الرشاد	زين الدين عبد العزيز المليباري	ShamAY	35125	0.67832
		رحلة ابن جبير ط دار الهلال	ابن جبير، محمد بن أحمد بن جبير الكناني الأندلسي، أبو الحسين (المتوفى: 614هـ)	ShamAY	10883	0.6783
		من فقه الأقليات المسلمة (كتاب الأمة)	خالد محمد عبد القادر	ShamAY	36322	0.67829
		علوم البلاغة «البيان، المعاني، البديع»	أحمد بن مصطفى المراغي (المتوفى: 1371هـ)	ShamAY	9997	0.67828
		بحوث في الملل والنّحل [ج ٦]	الشيخ جعفر السبحاني	Rafed	200	0.67827
		درء تعارض العقل والنقل	تقي الدين أبو العباس أحمد بن عبد الحليم بن عبد السلام بن عبد الله بن أبي القاسم بن محمد ابن تيمية الحراني الحنبلي الدمشقي (المتوفى: 728هـ)	ShamAY	21506	0.67826
		شرح منظومة الزمزمي في علوم القرآن	عبد الكريم الخضير	ShamAY	36814	0.67824
		فتاوى السبكي	أبو الحسن تقي الدين علي بن عبد الكافي السبكي (المتوفى: 756هـ)	ShamAY	11498	0.67822
		موسوعة الأخلاق الإسلامية - الدرر السنية	مجموعة من المؤلفين	ShamelaY19	38218	0.67822
		رحلة ابن معصوم المدني	سيد عليخان بن احمد مدني شيرازي حسيني	Ghbook	9505	0.6782
		الحدائق الناضرة [ج ٨]	الشيخ يوسف بن أحمد البحراني [ صاحب الحدائق ]	Rafed	2831	0.67818
		الاقتضاب في شرح أدب الكتاب	أبو محمد عبد الله بن محمد بن السِّيد البَطَلْيَوسي (المتوفى: 521 هـ)	ShamAY	32581	0.67817
		الروضة المختارة ـ القصائد الهاشميّات والقصائد العلويّات	مؤسسة الأعلمي للمطبوعات	Masaha	1700	0.67817
		الموسوعة العقدية - الدرر السنية	مجموعة من المؤلفين	ShamelaY19	38058	0.67815
		 تحليل الكلام في فقه الإسلام 	 الشيخ راضي النجفي التبريزي 	ABLibrary	9606	0.67814
		 نشر المحاسن الغالية في فضائل مشايخ الصوفية أصحاب المقامات العالية 	 عبد الله بن أسعد اليافعي اليمني المكي 	ABLibrary	8801	0.67811
		البلدان لابن الفقيه	أبو عبد الله أحمد بن محمد بن إسحاق الهمداني المعروف بابن الفقيه (ت 365)	Sham19Y	11685	0.67809
		مدخل إلى تفسير القرآن وعلومه	عدنان محمد زرزور	Sham19Y	38031	0.67808
		تهنئة أهل الإسلام بتجديد بيت الله الحرام‏	إبراهيم بن محمد الميموني	Masaha	4446	0.67807
		اتجاهات التفسير في القرن الرابع عشر	أ. د. فهد بن عبد الرحمن بن سليمان الرومي	ShamAY	8679	0.67806
		ألف فتوى للشيخ الألباني = مجموع فتاوى العلامة الألباني (الأجزاء الأول والثاني والثالث)	ناصر الدين الألباني	ShamAY	33152	0.67805
		وصول الأخيار إلى اصول الأخبار	الشيخ حسين بن عبد الصمد العاملي	Rafed	1816	0.67803
		الفرقان في تفسير القرآن بالقرآن والسنّة [ج ١٩]	الشيخ محمد الصادقي	Rafed	3042	0.67802
		 البحر المحيط في أصول الفقه 	 الزركشي 	ABLibrary	802	0.67797
		التبصرة لابن الجوزي	جمال الدين أبو الفرج عبد الرحمن بن علي بن محمد الجوزي (المتوفى: 597هـ)	ShamAY	26351	0.67795
		 الأنوار الجلالية في شرح الفصول النصيرية 	 المقداد السيوري 	ABLibrary	8350	0.67794
		 ولاية الفقيه في حكومة الإسلام 	 السيد محمد حسين الطهراني 	ABLibrary	9445	0.67791
		المنار في علوم القرآن مع مدخل في أصول التفسير ومصادره	الدكتور محمد علي الحسن، كلية الدراسات الإسلامية بجامعة الإمارات العربية المتحدة	ShamAY	1235	0.67786
		فرائد الأصول - الجزء1	الشيخ مرتضى الأنصاري	Masaha	4022	0.67783
		رحلة فريزر إلى بغداد سنة 1834	جيمس بيلي فريزر	Masaha	3968	0.67782
		نهاية الوصول إلى علم الأصول [ج ٥]	الحسن بن يوسف بن علي المطّهر [ العلامة الحلّي ]	Rafed	3668	0.67781
		التفسير الوسيط للقرآن الكريم [ج ٣]	الدكتور محمد سيد طنطاوي	Rafed	3933	0.6778
		محمد بخيت المطيعي شيخ الإسلام والمفتي العالمي	د. محمد الدسوقي	ShamAY	38610	0.67779
		التعليقات المختصرة على متن العقيدة الطحاوية	صالح بن فوزان بن عبد الله الفوزان	ShamelaY19	21523	0.67778
		 بلوغ الأرب وكنوز الذهب في معرفة المذهب 	 علي بن عبد الله بن قاسم الشهاري الصنعاني 	ABLibrary	8371	0.67777
		وقرن في بيوتكن	عماد الدين السمان	ShamAY	35124	0.67774
		شرح المشكل من شعر المتنبي	علي بن إسماعيل بن سيده (المتوفى: 458هـ)	ShamAY	775	0.67774
		الأمثل في تفسير كتاب الله المنزل [ج ١٢]	آية الله مكارم الشيرازي	Rafed	2056	0.67774
		دروس الشيخ أسامة سليمان	أسامة علي محمد سليمان	ShamelaY19	37774	0.67771
		الحَركة العِلميّة في عصر الرسول وخُلفائه	محمد السيد الوكيل	ShamAY	38441	0.6777
		 دفع الشبه عن الرسول ( ص ) 	 الحصني الدمشقي 	ABLibrary	925	0.67769
		 الإكليل من أخبار اليمن وأنساب حمير 	 الحسن الهمداني ( ابن الحائك ) 	ABLibrary	8963	0.67768
		أُصُوْلٌ بِلاَ أُصُوْلٍ - بحثٌ وافٍ في ردِّ عُدوانِ الصُّوفيةِ ومُدَّعِي المَهْدِيَّةِ على مصادر التلقى، والمرجعيةِ الشرعيةِ	محمد بن أحمد بن إسماعيل المقدم	ShamAY	1971	0.67767
		حلية البشر في تاريخ القرن الثالث عشر	عبد الرزاق بن حسن بن إبراهيم البيطار الميداني الدمشقي (المتوفى: 1335ه)	ShamelaY19	31371	0.67767
		مسائل وفتاوى نجدية (طبع ضمن الرسائل والمسائل النجدية، الجزء الرابع، القسم الأول)	عبد الرحمن بن حسن بن محمد بن عبد الوهاب بن سليمان التميمي (المتوفى: 1285هـ)	ShamAY	11573	0.67765
		الكافي في فقه أهل المدينة	أبو عمر يوسف بن عبد الله بن محمد بن عبد البر بن عاصم النمري القرطبي (المتوفى: 463هـ)	ShamAY	7367	0.67765
		فتوح الغيب في الكشف عن قناع الريب (حاشية الطيبي على الكشاف)	شرف الدين الحسين بن عبد الله الطيبي (المتوفى: 743 ه)	ShamelaY19	20891	0.67764
		أعلام المغرب والأندلس في القرن الثامن	إسماعيل بن يوسف بن محمد بن نصر الخزرجي الأنصاري النصري، أبو الوليد، المعروف بابن الأحمر (المتوفى: 807ه)	ShamelaY19	120143	0.67762
		الوحي والإنسان - قراءة معرفية	محمد السيد الجليند	ShamAY	10903	0.67759
		الأساس في السنة وفقهها - السيرة النبوية	سعيد حوّى (المتوفى 1409 هـ)	ShamAY	38484	0.67759
		شرح الوصية الكبرى	يوسف بن محمد علي الغفيص	ShamelaY19	37779	0.67759
		أصول الدعوة	عبد الكريم زيدان	ShamAY	22615	0.67757
		تنزيه الأنبياء	علي بن الحسين الموسوي العلوي [ الشريف المرتضى علم الهدى ]	Rafed	1746	0.67751
		نظرة في كتاب الصراع بين الإسلام والوثنيّة لعبدالله علي القصيمي	العلامة الأميني	Rafed	3519	0.6775
		التفسير المظهري	المظهري، محمد ثناء الله	ShamelaY19	21766	0.67749
		تفسير الصافي	ملا محسن فيض كاشاني	Ghbook	5225	0.67749
		قطب السرور في أوصاف الأنبذة والخمور	الرقيق القيرواني، أبو اسحاق إبراهيم بن القاسم المعروف بالرقيق النديم (المتوفى: نحو 425ه)	Sham19Y	672	0.67747
		ديوان ابن الخياط	ابن الخياط، احمد بن محمد بن على بن يحيى التغلبى 450 - 517 هـ	ShamAY	37837	0.67746
		القول المفيد في أدلة الاجتهاد والتقليد	محمد بن علي بن محمد بن عبد الله الشوكاني اليمني (المتوفى: 1250هـ)	ShamAY	6359	0.67745
		 تأويل الدعائم 	 القاضي النعمان المغربي 	ABLibrary	9317	0.6774
		مواهب الرحمن في تفسير القرآن [ج ٤]	آية الله السيّد عبد الأعلى السبزواري	Rafed	3916	0.67737
		 علم اليقين في أصول الدين 	 الفيض الكاشاني 	ABLibrary	8517	0.67735
		 حياة الإمام زين العابدين ( ع ) 	 الشيخ باقر شريف القرشي 	ABLibrary	7500	0.67732
		بحار الأنوار [ج ٦١]	الشيخ محمّد باقر بن محمّد تقي المجلسي	Rafed	1058	0.6773
		الامامه (حجه الاسلام شفتي)	محمد باقر شفتي گيلاني	Ghbook	15561	0.67727
		قطب السرور في أوصاف الأنبذة والخمور	الرقيق القيرواني، أبو اسحاق إبراهيم بن القاسم المعروف بالرقيق النديم (المتوفى: نحو 425هـ)	ShamAY	672	0.67726
		مقاصد الرعاية لحقوق الله عز وجل أو مختصر رعاية المحاسبي	أبو محمد عز الدين عبد العزيز بن عبد السلام بن أبي القاسم بن الحسن السلمي الدمشقي، الملقب بسلطان العلماء (المتوفى: 660هـ)	ShamAY	6875	0.67725
		التفسير الوسيط للقرآن الكريم [ج ٨]	الدكتور محمد سيد طنطاوي	Rafed	3946	0.67725
		مرآة العقول [ج ٨]	الشيخ محمّد باقر بن محمّد تقي المجلسي	Rafed	1024	0.67724
		جامع المسائل لابن تيمية ط عالم الفوائد - المجموعة الرابعة	شيخ الإسلام أحمد بن عبد الحليم بن عبد السلام ابن تيمية (661 - 728 هـ)	ShamAY	37985	0.67723
		التفسير المنير [ج ١٨]	الدكتور وهبة الزحيلي	Rafed	2963	0.67722
		الفرقان في تفسير القرآن بالقرآن والسنّة [ج ١٥]	الشيخ محمد الصادقي	Rafed	3032	0.67722
		نهج الحق وكشف الصدق	العلامة الحلي	Masaha	474	0.67721
		سياحة في عالم التشيع - الحوزة العلمية أسرار وخفايا	محب الدين الكاظمي	ShamAY	35682	0.6772
		قواعد الأحكام في مصالح الأنام - ط المعارف	أبو محمد عز الدين عبد العزيز بن عبد السلام بن أبي القاسم بن الحسن السلمي الدمشقي، الملقب بسلطان العلماء (المتوفى: 660هـ)	ShamAY	34198	0.67718
		الإسلام وأوضاعنا السياسية	عبد القادر عودة (المتوفى: 1373ه)	ShamelaY19	96559	0.67717
		التفسير الوسيط للقرآن الكريم [ج ١٢]	الدكتور محمد سيد طنطاوي	Rafed	3952	0.67717
		التدمرية: تحقيق الإثبات للأسماء والصفات وحقيقة الجمع بين القدر والشرع	تقي الدين أبو العباس أحمد بن عبد الحليم بن عبد السلام بن عبد الله بن أبي القاسم بن محمد ابن تيمية الحراني الحنبلي الدمشقي (المتوفى: 728هـ)	ShamAY	22666	0.67714
		شرح زاد المستقنع - عبد الكريم الخضير	عبد الكريم الخضير	ShamelaY19	23834	0.67712
		أحكام المرتد عند شيخ الإسلام ابن تيمية	الواحدي :: علي بن نايف الشحود	ShamAY	36065	0.67711
		 مشرع الخصوص إلى معاني النصوص ( النصوص في تحقيق الطور المخصوص ) 	 علي بن أحمد المهائمي 	ABLibrary	8816	0.67708
		تحفة القادم	ابن الأبار، محمد بن عبد الله بن أبي بكر القضاعي البلنسي (المتوفى: 658ه)	ShamelaY19	26108	0.67707
		 مختصر عجائب الدنيا 	 الشيخ إبراهيم بن وصيف شاه 	ABLibrary	9180	0.67707
		علوم القرآن الكريم - نور الدين عتر	نور الدين محمد عتر الحلبي	ShamAY	1460	0.67703
		المقدمة في فقه العصر	د. فضل بن عبد الله مراد	ShamelaY19	130550	0.67701
		 شرح الأربعين حديثا 	 أبي المعالي القونوي 	ABLibrary	8772	0.67699
		تفسير الصّافي [ج ٤]	محمّد بن المرتضى [ الفيض الكاشاني ]	Rafed	3035	0.67699
		 عين اليقين الملقب بالأنوار والأسرار 	 الفيض الكاشاني 	ABLibrary	8519	0.67695
		الجامع لسيرة شيخ الإسلام ابن تيمية خلال سبعة قرون	محمد عزيز بن شمس وعلي بن محمد العمران	ShamAY	32317	0.67693
		السياسة الشرعية في إصلاح الراعي والرعية	تقي الدين أبو العباس أحمد بن عبد الحليم بن عبد السلام بن عبد الله بن أبي القاسم بن محمد ابن تيمية الحراني الحنبلي الدمشقي (المتوفى: 728ه)	ShamelaY19	31237	0.67693
		مدخل التفسير	محمد فاضل لنكراني	Ghbook	8893	0.67693
		 مجلة فقه أهل البيت ( ع ) 	 مجموعة مؤلفين 	ABLibrary	9742	0.67692
		تأويل مختلف الحديث	أبو محمد عبد الله بن مسلم بن قتيبة الدينوري (المتوفى: 276هـ)	ShamAY	7292	0.67691
		شيخ الإسلام ابن تيمية لم يكن ناصبياً	سليمان بن صالح الخراشي	ShamAY	9700	0.67689
		الوسيط في علوم ومصطلح الحديث	محمد بن محمد بن سويلم أبو شُهبة (المتوفى: 1403هـ)	ShamAY	9987	0.67689
		روح المعاني [ج ٥]	أبي الفضل شهاب الدين السيّد محمود الألوسي البغدادي	Rafed	3189	0.67688
		الغزو الثقافي	محمد الغزالي	ShamAY	36036	0.67687
		السيرة النبوية - دروس وعبر	مصطفى بن حسني السباعي (المتوفى: 1384ه)	ShamelaY19	20364	0.67687
		أربع رسائل كلاميّة	محمّد بن جمال الدّين مكّي العاملي الجزيني [ الشهيد الأول ]	Rafed	694	0.67686
		بحوث في الملل والنّحل [ج ٣]	الشيخ جعفر السبحاني	Rafed	61	0.67685
		هداية الحيارى في أجوبة اليهود والنصارى	محمد بن أبي بكر بن أيوب بن سعد شمس الدين ابن قيم الجوزية (المتوفى: 751ه)	ShamelaY19	22707	0.67684
		عبد الله بن الصديق الغماري الحافظ الناقد	د. فاروق حمادة	ShamAY	38600	0.67682
		 روض الرياحين في حكايات الصالحين ( نزهة العيون النواظر . . . ) 	 عبد الله بن أسعد اليافعي اليمني المكي 	ABLibrary	8803	0.67676
		 تسلية المجالس وزينة المجالس ( مقتل الحسين ع ) 	 السيد محمد بن أبي طالب الحسيني الكركي الحائري 	ABLibrary	7469	0.67675
		 المثنوي المعنوي ( معرب الدسوقي ) 	 جلال الدين الرومي 	ABLibrary	8762	0.67674
		تربة الحسين عليه السلام الإستشفاء والتبرّك بها ـ السجود عليها دراسة وتحليل [ج ٣]	الشيخ أمين حبيب آل درويش	Rafed	2554	0.67674
		شرح الأربعين النووية - العباد	عبد المحسن بن حمد بن عبد المحسن بن عبد الله بن حمد العباد البدر	ShamelaY19	36944	0.67673
		النور السافر عن أخبار القرن العاشر	محي الدين عبد القادر بن شيخ بن عبد الله العَيْدَرُوس (المتوفى: 1038هـ)	ShamAY	6676	0.67671
		الإيمان بالقضاء والقدر - الحمد	محمد بن إبراهيم الحمد	ShamAY	35414	0.6767
		تفسير الشريف المرتضى [ج ١]	الناشر: شركة الأعلمي للمطبوعات	Rafed	3793	0.6767
		فدك في التاريخ	آية الله السيّد محمّد باقر الصدر	Rafed	187	0.67666
		الأنوار الساطعات لآيات جامعات أو البرهان المحكم في أن القرآن يدي للتي هي أقوم	الواحدي :: عبد العزيز السلمان	ShamAY	35006	0.67665
		شرح لمعة الاعتقاد - ناصر العقل	ناصر بن عبد الكريم العلي العقل	ShamelaY19	37724	0.67664
		 كامل البهائي في السقيفة 	 عماد الدين حسن بن علي الطبري ( تعريب : فاخر ) 	ABLibrary	7648	0.67663
		مقالات الدكتور إبراهيم عوض	إبراهيم عوض	ShamAY	34715	0.67661
		دَفْعُ الشُبَه عن الرسول(ص) والرسالة	أبو بكر الحصني الدمشقي	Masaha	257	0.6766
		رسائل وفتاوى العلامة عبد الله بن عبد الرحمن أبي بطين (مطبوع ضمن مجموعة الرسائل والمسائل النجدية، الجزء الثاني)	عبد الله بن عبد الرحمن بن عبد العزيز بن عبد الرحمن بن عبد الله بن سلطان بن خميس الملقب بـ"أبابطين" (المتوفى: 1282هـ)	ShamAY	11212	0.67659
		التكفير وضوابطه - السقار	منقذ بن محمود السقار	ShamelaY19	95566	0.67654
		إرشاد الفحول إلى تحقيق الحق من علم الأصول	محمد بن علي بن محمد بن عبد الله الشوكاني اليمني (المتوفى: 1250هـ)	ShamAY	11437	0.67653
		القول الرشيد في سرد فوائد التوحيد - الجزء الأول	وليد السعيدان	ShamAY	35763	0.67653
		سلسلة الأسماء والصفات	محمد الحسن الددو الشنقيطي	ShamAY	7699	0.67653
		جمل العلم والعمل	علي بن الحسين الموسوي العلوي [ الشريف المرتضى علم الهدى ]	Rafed	1250	0.67653
		صدق الله العظيم وكذبت النبوءات	علي بن نايف الشحود	ShamAY	1775	0.67652
		الإسلام وضرورات الحياة	الواحدي :: عبد الله قادري الأهدل	ShamAY	33416	0.67651
		أحكام القرآن للجصاص ت قمحاوي	أحمد بن علي أبو بكر الرازي الجصاص الحنفي (المتوفى: 370ه)	ShamelaY19	23579	0.67648
		سبل النجاة من الفتنة	عبد الحميد السحيباني	ShamAY	34975	0.67647
		الموسوعة القرآنيّة خصائص السور [ج ١]	الناشر: دار التقريب بين المذاهب الإسلامية	Rafed	3726	0.67647
		شرح الصحيفه السجاديه الكامله	محمد باقر بن محمد ميرداماد	Ghbook	15646	0.67647
		التّفسير الحديث [ج ٦]	محمّد عزّة دروزة	Rafed	3724	0.67643
		معدن الجواهر ورياضة الخواطر	الشيخ القاضي أبي الفتح محمد بن علي الكراجكي	Masaha	4571	0.67643
		الشهاب الثاقب في وجوب صلاة الجمعة العيني	الفيض الكاشاني	Masaha	1259	0.67643
		التفسير المنير [ج ٢٩]	الدكتور وهبة الزحيلي	Rafed	2977	0.67642
		 غرر الحكم ودرر الكلم 	 عبد الواحد الآمدى التميمي 	ABLibrary	7905	0.67639
		السيدة سكينة ابنة الإمام الشهيد أبي عبدالله الحسين(ع)	السيد عبد الرزاق المقرم	Masaha	1701	0.67639
		العمدة في محاسن الشعر وآدابه	أبو على الحسن بن رشيق القيرواني الأزدي (المتوفى: 463 هـ)	ShamAY	10909	0.67638
		شرح لمعة الاعتقاد - ناصر العقل	ناصر بن عبد الكريم العلي العقل	ShamAY	750	0.67637
		حَاشِيةُ الشِّهَابِ عَلَى تفْسيرِ البَيضَاوِي، الْمُسَمَّاة: عِنَايةُ القَاضِى وكِفَايةُ الرَّاضِى عَلَى تفْسيرِ البَيضَاوي	شهاب الدين أحمد بن محمد بن عمر الخفاجي المصري الحنفي (المتوفى: 1069هـ)	ShamAY	1535	0.67631
		خطبة الكتاب المؤمل للرد إلى الأمر الأول	أبو القاسم شهاب الدين عبد الرحمن بن إسماعيل بن إبراهيم المقدسي الدمشقي المعروف بأبي شامة (المتوفى: 665هـ)	ShamAY	31992	0.67631
		شرح الطحاوية لناصر العقل	ناصر بن عبد الكريم العلي العقل	ShamelaY19	37433	0.67626
		شرح صحيح مسلم - حسن أبو الأشبال	أبو الأشبال حسن الزهيري آل مندوه المنصوري المصري	ShamAY	109	0.67624
		ذكرى العاقل وتنبيه الغافل	الواحدي :: عبد القادر الجزائري	ShamAY	34499	0.6762
		المجلى في شرح القواعد المثلى في صفات الله وأسمائه الحسنى للعلامة محمد صالح العثيمين	كاملة بنت محمد بن جاسم بن علي آل جهام الكواري	ShamAY	6942	0.67619
		حقيقة الإيمان	طارق عبد الحليم	ShamAY	2024	0.67618
		الأمان من أخطار الأسفار والأزمان	السيّد رضي الدين أبو القاسم علي بن موسى بن جعفر بن طاووس الحسني الحلّي [ السيّد بن طاووس ]	Rafed	524	0.67614
		شرح كتاب الرقاق من صحيح البخاري ـ لابن عثيمين	ابن عثيمين	ShamAY	34747	0.6761
		مرآة الحرمين - الجزء1	إبراهيم رفعت باشا	Masaha	4126	0.6761
		السيرة النبوية لأبي الحسن الندوي	علي أبو الحسن بن عبد الحي بن فخر الدين الندوي (المتوفى: 1420هـ)	ShamAY	9914	0.67608
		حصاد الغرور	محمد الغزالي	ShamAY	36043	0.67606
		قاعدة جليلة في التوسل والوسيلة	تقي الدين أبو العباس أحمد بن عبد الحليم بن عبد السلام بن عبد الله بن أبي القاسم بن محمد ابن تيمية الحراني الحنبلي الدمشقي (المتوفى: 728ه)	ShamelaY19	22649	0.67606
		الذريعة إلى حافظ الشريعة - الجزء1	رفيع الدين محمد الجيلاني	Masaha	4739	0.67606
		فقه القرآن [ج ١]	قطب الدين سعيد بن هبة الله الراوندي [ قطب الدين الراوندي ]	Rafed	1287	0.67602
		التّفسير الحديث  [ج ٢]	محمّد عزّة دروزة	Rafed	3690	0.67598
		كلمه الرسول الاعظم ( صلي الله عليه و آله )	حسن شيرازي	Ghbook	5309	0.67598
		ثم اهتديت ...	محمد تيجاني سماوي	Ghbook	7621	0.67597
		الإمامة في ضوء الكتاب والسنة	ابن تيمية	ShamAY	35288	0.67595
		شرح الطحاوية - ط الأوقاف السعودية	صدر الدين محمد بن علاء الدين عليّ بن محمد ابن أبي العز الحنفي، الأذرعي الصالحي الدمشقي (المتوفى: 792هـ)	ShamAY	479	0.67595
		مجمع البيان في تفسير القرآن	طبرسي ( معروف ) ، امين الاسلام ابوعلي فضل بن حسن ( صاحب مجمع البيان و اعلام الوري و... )	Ghbook	15517	0.67595
		أيهما أعظم؟ محمد أم المسيح ؟		ShamAY	35347	0.67593
		التفسير والمفسرون	الدكتور محمد السيد حسين الذهبي (المتوفى: 1398هـ)	ShamAY	12393	0.67593
		التحفة المهدية شرح العقيدة التدمرية	فالح بن مهدي بن سعد بن مبارك آل مهدي، الدوسري (المتوفى: 1392هـ)	ShamAY	7260	0.67593
		روضة القضاة وطريق النجاة	علي بن محمد بن أحمد، أبو القاسم الرحبيّ المعروف بابن السِّمناني (المتوفى: 499 هـ)	ShamAY	32673	0.67592
		الاخلاق والتزكية في رحاب القرآن والسنة	عبد الكريم الحمداوي	ShamAY	34946	0.67591
		شرح حديث لبيك اللهم لبيك	زين الدين عبد الرحمن بن أحمد بن رجب بن الحسن، السَلامي، البغدادي، ثم الدمشقي، الحنبلي (المتوفى: 795هـ)	ShamAY	5767	0.67587
		رسائل وأبحاث عبد العزيز الشاعر	أبو عمر عبد العزيز بن توفيق الشاعر	ShamAY	34729	0.67586
		مجمع البحرين لليازجي = مقامات اليازجي	ناصيف بن عبد الله بن ناصيف بن جنبلاط، الشهير باليازجى، نصراني الديانة (المتوفى: 1287هـ)	ShamAY	189	0.67586
		شرح التجريد الصريح لأحاديث الجامع الصحيح - عبد الكريم الخضير	عبد الكريم الخضير	ShamAY	62	0.67584
		الشيعة والقرآن	إحسان إلهي ظهير الباكستاني (المتوفى: 1407ه)	ShamelaY19	37550	0.67583
		نظرات في كتاب الله	حسن أحمد عبد الرحمن محمد البنا الساعاتي (المتوفى: 1368هـ)	ShamAY	1191	0.67582
		شرح زاد المستقنع - عبد الكريم الخضير	عبد الكريم الخضير	ShamAY	166	0.67579
		النكت الوفية بما في شرح الألفية	برهان الدين إبراهيم بن عمر البقاعي	ShamelaY19	23798	0.67578
		التعليق على تفسير الجلالين - عبد الكريم الخضير	عبد الكريم الخضير	ShamelaY19	23842	0.67577
		عمده المقال في كفر اهل الضلال	حسن بن علي كركي عاملي	Ghbook	15643	0.67572
		 الرسائل التوحيدية 	 السيد الطباطبائي 	ABLibrary	8435	0.67571
		تفسير أبي السّعود [ج ٩]	أبي السعود محمّد بن محمّد العمادي	Rafed	3258	0.67571
		الخلاصة في أهداف القتال في الإسلام	الواحدي :: علي بن نايف الشحود	ShamAY	36079	0.6757
		التقييد الكبير في تفسير كتاب الله المجيد	أبو العباس أحمد بن محمد بن أحمد البسيلي التونسي (المتوفى: 380ه)	ShamelaY19	95565	0.6757
		 أبهى المداد في شرح مؤتمر علماء بغداد 	 مقاتل ابن عطية 	ABLibrary	8319	0.67561
		الموسوعة القرآنيّة خصائص السور [ج ٥]	الناشر: دار التقريب بين المذاهب الإسلامية	Rafed	3735	0.67561
		بحوث في الملل و النحل	آيت الله العظمي جعفر سبحاني	Ghbook	6746	0.67558
		شرح التجريد الصريح لأحاديث الجامع الصحيح - عبد الكريم الخضير	عبد الكريم الخضير	ShamelaY19	21700	0.67557
		التعليق على تفسير الجلالين - عبد الكريم الخضير	عبد الكريم الخضير	ShamAY	74	0.67549
		من قضايا البلاغة والنقد عند عبد القادر الجرجاني	حسن بن إسماعيل بن حسن بن عبد الرازق الجناجي رئيس قسم البلاغة بجامعة الأزهر (المتوفى: 1429 ه)	ShamelaY19	151018	0.67546
		أحكام القرآن للجصاص ت قمحاوي	أحمد بن علي أبو بكر الرازي الجصاص الحنفي (المتوفى: 370هـ)	ShamAY	23579	0.67542
		اتحاف الفقهاء في تحقيق مسألة اختلاف القراءات والقرّاء	الميرزا محسن آل عصفور	Rafed	95	0.67542
		محاضرات الأدباء و محاورات الشعراء و البلغاء - الجزء1	الراغب الأصفهاني	Masaha	3363	0.67541
		شريعة الله لا شريعة البشر	شحاتة محمد صقر	ShamAY	843	0.6754
		شرح مقدمة صحيح مسلم	عبد الكريم الخضير	ShamelaY19	23737	0.67538
		في ظلال التّوحيد	الشيخ جعفر السبحاني	Rafed	3455	0.67538
		التفسير المنير [ج ٢٤]	الدكتور وهبة الزحيلي	Rafed	2972	0.67535
		المورد العذب الزلال في نقض شبه أهل الضلال - ط المكتب الإسلامي لإحياء التراث	عبد الرحمن بن حسن بن محمد بن عبد الوهاب	ShamAY	33876	0.67533
		اللامع الصبيح بشرح الجامع الصحيح	شمس الدين البِرْماوي، أبو عبد الله محمد بن عبد الدائم بن موسى النعيمي العسقلاني المصري الشافعي (المتوفى: 831 هـ)	ShamAY	32555	0.67532
		مأساة الزهراء عليها السلام - الجزء1	السيد جعفر مرتضى العاملي	Masaha	3216	0.67531
		موسوعة العتبات المقدسة  - الجزء1	جعفر الخليلي	Masaha	3747	0.67531
		منهج الأشاعرة في العقيدة - الكبير	سفر بن عبد الرحمن الحوالي	ShamAY	31935	0.6753
		الفوائد الحائرية	الوحيد البهبهاني	Masaha	3468	0.67529
		المنتقى من فرائد الفوائد	محمد بن صالح بن محمد العثيمين (المتوفى: 1421ه)	ShamelaY19	21802	0.67528
		التصور الفني في القرآن	سيد قطب إبراهيم حسين الشاربي (المتوفى: 1385هـ)	ShamAY	31577	0.6752
		فتاوى دار الإفتاء المصرية	دار الإفتاء المصرية	ShamAY	432	0.67518
		هكذا فلندع إلى الإسلام	محّمد سَعيد رَمضان البوطي	ShamAY	1751	0.67518
		التقييد الكبير في تفسير كتاب الله المجيد	أبو العباس أحمد بن محمد بن أحمد البسيلي التونسي (المتوفى: 380هـ)	ShamAY	1547	0.67515
		الذخيرة للقرافي	أبو العباس شهاب الدين أحمد بن إدريس بن عبد الرحمن المالكي الشهير بالقرافي (المتوفى: 684هـ)	ShamAY	1717	0.67515
		شرح صحيح البخاري - عبد الكريم الخضير	عبد الكريم الخضير	ShamAY	63	0.67514
		مناهج التأليف عند العلماء العرب	مصطفى الشكعة	ShamAY	7248	0.67512
		شرح سنن الترمذي - عبد الكريم الخضير	عبد الكريم الخضير	ShamAY	70	0.67512
		قطف الجني الداني شرح مقدمة رسالة ابن أبي زيد القيرواني	عبد المحسن بن حمد بن عبد المحسن بن عبد الله بن حمد العباد البدر	ShamAY	11292	0.67509
		في ظلال القرآن [ج ٦]	سيّد قطب	Rafed	3889	0.67509
		من قضايا التربية الدينية في المجتمع الإسلامي	كمال الدين عبد الغني المرسي	ShamAY	11732	0.67503
		الرسول الأعظم صلّى الله عليه وآله وسلّم على لسان حفيده الإمام زين العابدين عليه السلام	السيّد محسن الحسيني الأميني	Rafed	2807	0.67501
		 نحو القلوب 	 ابو القاسم عبد الكريم القشيري 	ABLibrary	8713	0.67499
		التكفير وضوابطه - السقار	منقذ بن محمود السقار	ShamAY	1553	0.67497
		فوات الوفيات	محمد بن شاكر بن أحمد بن عبد الرحمن بن شاكر بن هارون بن شاكر الملقب بصلاح الدين (المتوفى: 764هـ)	ShamAY	1003	0.67497
		 موسوعة الإمام أمير المؤمنين على بن أبى طالب ( ع ) 	 الشيخ باقر شريف القرشي 	ABLibrary	7814	0.67496
		مباحث في علوم القرآن لصبحي الصالح	صبحي الصالح	ShamAY	7317	0.67495
		خزانة التّواريخ النجديّة [ج ١٠]	عبد الله بن عبد الرحمن بن صالح آل بسام	Rafed	2176	0.67495
		هداية الحيارى في أجوبة اليهود والنصارى	الواحدي :: ابن القيم	ShamAY	34430	0.67493
		شرح زاد المستقنع - عبد الكريم الخضير	عبد الكريم الخضير	Sham19Y	23834	0.67492
		عليّ المرتضى نقطة باء البسملة	السيّد عادل العلوي	Rafed	1582	0.6749
		 إثنا عشر رسالة 	 السيد محمد باقر الداماد ( الميرداماد ) 	ABLibrary	840	0.67489
		من هدى القرآن [ج ٣]	السيّد محمّد تقي المدرّسي	Rafed	2098	0.67487
		البيان في عقائد اهل الايمان	محمد باقر شريعتي اصفهاني	Ghbook	7533	0.67487
		أحكام القرآن [ج ٣-٤]	عماد الدين بن محمد الطبري [ الكيا الهرّاسي ]	Rafed	3147	0.67485
		 المواعظ والإعتبار في ذكر الخطط والآثار ( ط بيروت ) 	 المقريزي 	ABLibrary	9233	0.67484
		الإنسان بين العبودية لله والعبودية للعبيد	علي بن نايف الشحود	ShamAY	1610	0.67481
		ديوان عبد الله الخفاجي	ابو محمد عبد الله بن محمد بن سعيد بن يحيى بن الحسين بن محمود بن الربيع المعروف بابن سنان الخفاجي الحلبي	ShamAY	37956	0.6748
		البلدان لابن الفقيه	أبو عبد الله أحمد بن محمد بن إسحاق الهمداني المعروف بابن الفقيه (ت 365)	ShamAY	11685	0.6748
		الحاكم الجشمي ومنهجه في التفسير	عدنان محمد زرزور	ShamelaY19	37682	0.67478
		شرح باب توحيد الربوبية من فتاوى ابن تيمية	ناصر بن عبد الكريم العلي العقل	ShamelaY19	37722	0.67478
		 التعريفات 	 علي بن محمد الجرجاني 	ABLibrary	8386	0.67477
		الضياء اللامع من الخطب الجوامع	محمد بن صالح بن محمد العثيمين (المتوفى: 1421ه)	ShamelaY19	30920	0.67473
		موسوعة أدب المحنة	السيد محمد علي الحلو	Masaha	77	0.67473
		كيف أتوب	أبو العلاء محمد بن حسين بن يعقوب السلفي المصري	ShamelaY19	98089	0.67469
		شرح الطحاوية لناصر العقل	ناصر بن عبد الكريم العلي العقل	ShamAY	861	0.67468
		شرح لمعة الاعتقاد - ناصر العقل	ناصر بن عبد الكريم العلي العقل	Sham19Y	37724	0.67466
		منهاج التفسير بين أهل السُّنة والشيعة الاثني عشرية		ShamAY	36952	0.67465
		شرح مقدمة التفسير لابن تيمية - العثيمين	محمد بن صالح بن محمد العثيمين (المتوفى: 1421ه)	ShamelaY19	21521	0.67461
		 المثنوي المعنوي ( معرب الكفافي ) 	 جلال الدين الرومي 	ABLibrary	8768	0.67456
		معاني القرآن للفراء	أبو زكريا يحيى بن زياد بن عبد الله بن منظور الديلمي الفراء (المتوفى: 207هـ)	ShamAY	23634	0.67453
		دروس الشيخ عمر الأشقر	عمر بن سليمان بن عبد الله الأشقر العتيبي	ShamelaY19	37419	0.6745
		مع المعلمين	-	ShamAY	1990	0.67449
		الفرقان في تفسير القرآن بالقرآن والسنة [ج ٦]	الشيخ محمد الصادقي	Rafed	3016	0.67448
		درء تعارض العقل والنقل أو موافقة صحيح المنقول لصريح المعقول	تقي الدين أحمد بن عبد السلام بن عبد الحليم بن عبد السلام بن تيمية	ShamAY	33865	0.67446
		كشف الريبة	الشهيد الثاني	Masaha	4651	0.67443
		شرح صحيح البخاري - عبد الكريم الخضير	عبد الكريم الخضير	ShamelaY19	21724	0.67442
		أسرار التكرار في القرآن	محمود بن حمزة بن نصر الكرماني	Rafed	3162	0.67442
		لمحات	آيت الله العظمي لطف اللّه صافي گلپايگاني	Ghbook	7140	0.6744
		دروس للشيخ محمد المختار الشنقيطي	محمد بن محمد المختار الشنقيطي	ShamAY	895	0.67437
		محاضرات الأدباء ومحاورات الشعراء والبلغاء	أبو القاسم الحسين بن محمد المعروف بالراغب الأصفهانى (المتوفى: 502هـ)	ShamAY	9078	0.67437
		هداية الحيارى في أجوبة اليهود والنصارى	محمد بن أبي بكر أبو عبد الله	ShamAY	34429	0.67437
		حوار هادئ مع محمد الغزالي	سلمان بن فهد العودة	ShamAY	10280	0.67435
		عصمه الانبياء في القرآن الكريم	آيت الله العظمي جعفر سبحاني	Ghbook	5064	0.67431
		معجم المناهي اللفظية وفوائد في الألفاظ	بكر بن عبد الله أبو زيد بن محمد بن عبد الله بن بكر بن عثمان بن يحيى بن غيهب بن محمد (المتوفى: 1429ه)	ShamelaY19	26385	0.67429
		المستصفى	أبو حامد محمد بن محمد الغزالي الطوسي (المتوفى: 505هـ)	ShamAY	5459	0.67428
		تيسير علم أصول الفقه	عبد الله بن يوسف بن عيسى بن يعقوب اليعقوب الجديع العنزي	ShamelaY19	22396	0.67427
		موسوعة فقه القلوب	محمد بن إبراهيم بن عبد الله التويجري	ShamelaY19	37531	0.67427
		التعليقات الحسان على الفرقان - صالح آل الشيخ	صالح آل الشيخ	ShamAY	34731	0.67426
		حليه الصالحين	آيت الله العظمي حسيني	Ghbook	7993	0.67426
		تسلية المجالس و زينة المجالس - الجزء1	السيد محمد الكركي الحائري‏	Masaha	1978	0.67426
		 الوهابية بين المباني الفكرية والنتائج العملية 	 الشيخ السبحاني 	ABLibrary	8677	0.67417
		الإسلام وأوضاعنا السياسية	عبد القادر عودة (المتوفى: 1373هـ)	ShamAY	1940	0.67415
		 اللطائف الإلهية في شرح مختارات من الحكم العطائية 	 ابن عطاء الله السكندري 	ABLibrary	8787	0.67414
		التقييد الكبير في تفسير كتاب الله المجيد	أبو العباس أحمد بن محمد بن أحمد البسيلي التونسي (المتوفى: 380ه)	Sham19Y	95565	0.67412
		كلمه الامام الحسن ( عليه السلام )	حسن شيرازي	Ghbook	6090	0.67412
		شرح باب توحيد الربوبية من فتاوى ابن تيمية	ناصر بن عبد الكريم العلي العقل	ShamAY	749	0.67408
		علوم البلاغة البيان والمعاني والبديع	أحمد مصطفى المراغي	Rafed	2618	0.67406
		 روضة الحبور ومعدن السرور في مناقب الجنيد البغدادى وإبي يزيد طيفور 	 محمد بن احمد الأطعاني البسطامي 	ABLibrary	8808	0.67405
		النظم المفيد الحاوى عقيدة التوحيد للطحاوى	محمود محمد محمود مرسى، أبو سريع	ShamAY	9299	0.67404
		القوانين المحكمة في الاصول المتقنة	ابوالقاسم بن محمدحسن گيلاني ميرزاي قمي	Ghbook	15686	0.67403
		غاية المأمول‏  - الجزء1	الشيخ محمد تقي الجواهري	Masaha	4019	0.67403
		اليواقيت الحسان في تفسير سورة الرّحمن	آية الله مجد الدّين النّجفي الإصفهاني	Rafed	550	0.67401
		مجمل اعتقاد أئمة السلف	عبد الله بن عبد المحسن بن عبد الرحمن التركي	ShamelaY19	30858	0.67399
		 البراهين الواضحات ( دراسات في القضاء ) 	 الشيخ محمد علي اسماعيل پور القمشه‌اى 	ABLibrary	9702	0.67399
		موسوعة علوم القرآن	عبد القادر محمد منصور	ShamAY	1183	0.67398
		المفاتيح في شرح المصابيح	الحسين بن محمود بن الحسن، مظهر الدين الزَّيْدَانيُّ الكوفي الضَّريرُ الشِّيرازيُّ الحَنَفيُّ المشهورُ بالمُظْهِري (المتوفى: 727 هـ)	ShamAY	32444	0.67398
		أدب الطّف أو شعراء الحسين عليه السلام [ج ٩]	جواد شبّر	Rafed	383	0.67398
		التفسير المنير [ج ١٩]	الدكتور وهبة الزحيلي	Rafed	2964	0.67397
		خطب الشيخ محمد الغزالي	محمد الغزالي	ShamAY	36045	0.67395
		سلسلة الآداب - المنجد	محمد صالح المنجد	ShamelaY19	35111	0.67393
		المجلى في شرح القواعد المثلى في صفات الله وأسمائه الحسنى للعلامة محمد صالح العثيمين	كاملة بنت محمد بن جاسم بن علي آل جهام الكواري	Sham19Y	6942	0.67393
		شرح الطحاوية - ط الأوقاف السعودية	صدر الدين محمد بن علاء الدين علي بن محمد ابن أبي العز الحنفي، الأذرعي الصالحي الدمشقي (المتوفى: 792ه)	Sham19Y	10777	0.67393
		شرح ديوان الحماسة	أبو على أحمد بن محمد بن الحسن المرزوقي الأصفهاني (المتوفى: 421 ه)	ShamelaY19	26536	0.67392
		تراثنا ـ العددان [ 75 و 76 ]	مؤسسة آل البيت عليهم السلام لإحياء التراث ـ قم	Rafed	3307	0.67392
		مفاهيم القرآن [ج ٢]	الشيخ جعفر السبحاني	Rafed	239	0.67386
		لمحات في الثقافة الإسلامية	عمر عودة الخطيب	ShamAY	11364	0.67385
		كتاب 1213سؤال وجواب في القرآن الكريم	أبو إسلام أحمد بن علي	ShamAY	37000	0.67383
		معجم الأدباء أو إرشاد الأريب إلى معرفة الأديب	أبو عبد الله ياقوت بن عبد الله الرومي الحموي	ShamAY	34599	0.67382
		نزهة النظر في توضيح نخبة الفكر في مصطلح أهل الأثر	أحمد بن علي بن محمد بن حجر العسقلاني (773 - 852 ه)	ShamelaY19	37456	0.67379
		شرح كتاب التوحيد من صحيح البخاري	عبد الله بن محمد الغنيمان	ShamAY	9610	0.67378
		 شرح المقاصد 	 التفتازاني 	ABLibrary	8467	0.67378
		ذكريات شهري الحج (ذي الققعده و ذي الحجه)	ايوب حائري	Ghbook	10558	0.67378
		تفسير البيان [ج ٤]	السيّد محمّد حسين الطباطبائي	Rafed	3768	0.67377
		التربية الجهادية في ضوء الكتاب والسنة	عبد العزيز بن ناصر الجليل	ShamAY	35056	0.67375
		الدرة الخطيرة في شعراء الجزيرة	علي بن جعفر بن علي السعدي، أبو القاسم، المعروف بابن القطاع الصقلي (المتوفى: 515هـ)	ShamAY	5424	0.67375
		مختصر زاد المعاد	محمد بن عبد الوهاب بن سليمان التميمي النجدي (المتوفى: 1206هـ)	ShamAY	31457	0.67374
		الصبح المنبي عن حيثية المتنبي (مطبوع بهامش شرح العكبري)	يوسف البديعي الدمشقي (المتوفى: 1073ه)	ShamelaY19	21498	0.6737
		الإعجاز العلمي في القرآن الكريم - جامعة المدينة	مناهج جامعة المدينة العالمية	ShamAY	1659	0.67369
		الانتصار لأهل السنة والحديث في رد أباطيل حسن المالكي	عبد المحسن بن حمد بن عبد المحسن بن عبد الله بن حمد العباد البدر	ShamAY	7553	0.67366
		بيان العلم الأصيل والمزاحم الدخيل	أبو محمد عبد الكريم بن صالح بن عبد الكريم الحميد	ShamAY	980	0.67366
		التفسير الوسيط للزحيلي	د وهبة بن مصطفى الزحيلي	ShamAY	2305	0.67365
		دراسات أصولية في القرآن الكريم	محمد إبراهيم الحفناوى	ShamelaY19	37973	0.67365
		 شرح ديوان ابن الفارض 	 الحسن بن محمد البوريني وعبد الغني النابلسي 	ABLibrary	8859	0.67363
		العواصم من القواصم في تحقيق مواقف الصحابة بعد وفاة النبي صلى الله عليه وسلم	القاضي محمد بن عبد الله أبو بكر بن العربي المعافري الاشبيلي المالكي (المتوفى: 543ه)	ShamelaY19	30897	0.67362
		الصلاة للامام أحمد	الإمام أحمد بن حنبل	ShamAY	35233	0.6736
		المرشد إلى فهم أشعار العرب	عبد الله بن الطيب بن عبد الله بن الطيب بن محمد بن أحمد بن محمد المجذوب (المتوفى: 1426 ه)	ShamelaY19	150936	0.67359
		شرح نخبة الفكر	عبد الكريم الخضير	ShamelaY19	25955	0.67358
		كتاب المواعظ والإعتبار بذكر الخطط والآثار المعروف بالخطط المقريزيّة [ج ١]	تقي الدين احمد بن علي المقريزي	Rafed	2319	0.67349
		أم القرى	عبد الرحمن بن أحمد بن مسعود الكَوَاكِبي يلقب بالسيد الفراتي (المتوفى: 1320هـ)	ShamAY	9680	0.67346
		القناعة في ما يحسن الإحاطة من أشراط الساعة	شمس الدين محمد بن عبد الرحمن السخاوي (المتوفى: 902 ه)	ShamelaY19	127668	0.67346
		دروس الشيخ عمر الأشقر	عمر بن سليمان بن عبد الله الأشقر العتيبي	ShamAY	853	0.67345
		البحر المحيط في التّفسير [ج ٧]	محمّد بن يوسف [ أبي حيّان الأندلسي الغرناطي ]	Rafed	2425	0.67345
		شفاء الضرر بفهم التوكل والقضاء والقدر	أبو فيصل البدراني	ShamAY	1723	0.67343
		تصويبات في فهم بعض الآيات	د صلاح عبد الفتاح الخالدي	ShamAY	115	0.67342
		آفات على الطريق	الدكتور: السيد محمد نوح	ShamAY	33512	0.67338
		فتوح الغيب في الكشف عن قناع الريب (حاشية الطيبي على الكشاف)	شرف الدين الحسين بن عبد الله الطيبي (المتوفى: 743 هـ)	ShamAY	38870	0.67338
		 مرآة الحرمين 	 ابراهيم رفعت باشا 	ABLibrary	9182	0.67334
		شرح سنن الترمذي - عبد الكريم الخضير	عبد الكريم الخضير	ShamelaY19	23777	0.67332
		من هدى القرآن [ج ٢]	السيّد محمّد تقي المدرّسي	Rafed	2097	0.67332
		الرسائل الفقهية - الجزء1	الشيخ الخواجوئي	Masaha	1453	0.6733
		إيضاح الدليل في قطع حجج أهل التعطيل	أبو عبد الله، محمد بن إبراهيم بن سعد الله بن جماعة الكناني الحموي الشافعي، بدر الدين (المتوفى: 733هـ)	ShamAY	6547	0.67329
		قراءة راشدة لكتاب نهج البلاغة	عبد الرحمن الجميعان	ShamAY	35311	0.67329
		الإقتصاد فيما يتعلّق بالإعتقاد	أبي جعفر محمّد بن الحسن بن علي بن الحسن الطّوسي [ شيخ الطائفة ]	Rafed	3319	0.67329
		قواعد في الحكم على الآخرين	الواحدي :: وليد السعيدان	ShamAY	37489	0.67328
		 بحوث في الملل والنحل 	 الشيخ السبحاني 	ABLibrary	8359	0.67328
		العقد الثمين في شرح أحاديث أصول الدين	حسين بن غنّام (أو ابن أبي بكر بن غنام) النجدي الأحسائي المالكي (المتوفى: 1225هـ)	ShamAY	8514	0.67326
		التعليق على تفسير الجلالين - عبد الكريم الخضير	عبد الكريم الخضير	Sham19Y	23842	0.67326
		الرسالة التبوكية = زاد المهاجر إلى ربه	محمد بن أبي بكر بن أيوب بن سعد شمس الدين ابن قيم الجوزية (المتوفى: 751ه)	Sham19Y	7632	0.67326
		الفواتح الإلهية والمفاتح الغيبية الموضحة للكلم القرآنية والحكم الفرقانية	نعمة الله بن محمود النخجواني، ويعرف بالشيخ علوان (المتوفى: 920ه)	Sham19Y	23624	0.67325
		رسائل فقهية	الشيخ مرتضى الأنصاري	Masaha	1598	0.67323
		ديوان ابن القيسراني	محمد بن نصر بن صغير بن داغر المخزومي الخالدي، أبو عبد الله، شرف الدين بن القيسراني (478 - 548 هـ / 1085 - 1153 م)	ShamAY	37840	0.67319
		الاعجاز القرآني في ضوء الاكتشاف العلمي الحديث 	مروان وحيد شعبان	Ghbook	2823	0.67319
		نضد القواعد الفقهية على مذهب الإمامية	المقداد السيوري	Masaha	1129	0.67319
		الأحكام الشرعية للثورات العربية	علي بن نايف الشحود	ShamAY	1579	0.67318
		الرسالة التبوكية = زاد المهاجر إلى ربه	محمد بن أبي بكر بن أيوب بن سعد شمس الدين ابن قيم الجوزية (المتوفى: 751هـ)	ShamAY	7632	0.67318
		الميسر في شرح مصابيح السنة للتوربشتي	فضل الله بن حسن بن حسين بن يوسف أبو عبد الله، شهاب الدين التوربشتي (المتوفى: 661 ه)	ShamelaY19	18569	0.67315
		شرح الأربعين النووية - العباد	عبد المحسن بن حمد بن عبد المحسن بن عبد الله بن حمد العباد البدر	ShamAY	96	0.6731
		نضرة النعيم في مكارم أخلاق الرسول الكريم	مجموعة من المؤلفين	ShamelaY19	22798	0.67304
		الفتنة في عهد الخلفاء الراشدين رضي الله عنهم برؤية موضوعية	علي بن نايف الشحود	ShamAY	35789	0.67303
		الإقبال بالأعمال الحسنة فيما يعمل مرّة في السنة [ج ١]	السيّد رضي الدين أبو القاسم علي بن موسى بن جعفر بن طاووس الحسني الحلّي [ السيّد بن طاووس ]	Rafed	1398	0.67301
		التنكيل بما في لجاج أبي الحسن من الأباطيل	ربيع بن هادي المدخلي	ShamAY	33023	0.67299
		هداية الحيارى في أجوبة اليهود والنصارى	محمد بن أبي بكر بن أيوب بن سعد شمس الدين ابن قيم الجوزية (المتوفى: 751هـ)	ShamAY	22707	0.67298
		شرح لمعة الاعتقاد - يوسف الغفيص	يوسف بن محمد علي الغفيص	ShamelaY19	37781	0.6729
		موسوعه المناسبات الاسلاميه و العالميه	فيصل احمد البغلي	Ghbook	802	0.67289
		شرح حديث جبريل - عليه السلام - في الإسلام والإيمان والإحسان المعروف باسم كتاب «الإيمان الأوسط»	أحمد بن عبد الحليم ابن تيمية	ShamelaY19	20587	0.67288
		إرشاد الفحول إلى تحقيق علم الأصول (الفكر)	محمد بن علي بن محمد الشوكاني	ShamAY	34184	0.67287
		هذا هو الطريق	علي بن نايف الشحود	ShamAY	33274	0.67285
		ما وراء الفقه - الجزء1	السيد محمد الصدر	Masaha	5089	0.67285
		 تهنئة أهل الإسلام بتجديد بيت الله الحرام 	 إبراهيم بن محمد الميموني 	ABLibrary	9030	0.67281
		الإنسانُ بينَ الدَّيْنُونةِ للهِ والدَّيْنونةِ لغيرهِ	علي بن نايف الشحود	ShamAY	346	0.67278
		القبس في شرح موطأ مالك بن أنس	القاضي محمد بن عبد الله أبو بكر بن العربي المعافري الاشبيلي المالكي (المتوفى: 543ه)	ShamelaY19	122401	0.67277
		 خزانة التواريخ النجدية 	 عبد الله بن عبد الرحمن آل بسام 	ABLibrary	9052	0.67276
		شرح مقدمة صحيح مسلم	عبد الكريم الخضير	Sham19Y	23737	0.67275
		رحلة فريزر	جيمس بيلي فريزر	Rafed	2444	0.67273
		تاج العروس من جواهر القاموس - الجزء1	المرتضى الزبيدي	Masaha	2513	0.67272
		تفسير الجلالين	جلال الدين محمد بن أحمد المحلي (المتوفى: 864هـ) وجلال الدين عبد الرحمن بن أبي بكر السيوطي (المتوفى: 911هـ)	ShamAY	12876	0.67269
		الصبح المنبي عن حيثية المتنبي (مطبوع بهامش شرح العكبري)	يوسف البديعي الدمشقي (المتوفى: 1073هـ)	ShamAY	21498	0.67268
		الانتصار لأصحاب الحديث	أبو المظفر، منصور بن محمد بن عبد الجبار ابن أحمد المروزى السمعاني التميمي الحنفي ثم الشافعي (المتوفى: 489هـ)	ShamAY	5727	0.67262
		بيان تلبيس الجهمية في تأسيس بدعهم الكلامية	الواحدي :: ابن تيمية	ShamAY	34382	0.67261
		شرح القصيدة الميمية	الشيخ سعد المزْعِل	ShamAY	35005	0.6726
		موسوعة الشعر الإسلامي	علي بن نايف الشحود	ShamAY	34454	0.67259
		القواعد النورانية الفقهية	تقي الدين أبو العباس أحمد بن عبد الحليم بن عبد السلام بن عبد الله بن أبي القاسم بن محمد ابن تيمية الحراني الحنبلي الدمشقي (المتوفى: 728ه)	ShamelaY19	21729	0.67259
		مستدركات اعيان الشيعه	حسن امين	Ghbook	7182	0.67257
		فتح المغيث بشرح الفية الحديث للعراقي	شمس الدين أبو الخير محمد بن عبد الرحمن بن محمد بن أبي بكر بن عثمان بن محمد السخاوي (المتوفى: 902هـ)	ShamAY	5963	0.67256
		السمو الروحي الأعظم والجمال الفني في البلاغة النبوية	مصطفى صادق بن عبد الرزاق بن سعيد بن أحمد بن عبد القادر الرافعي (المتوفى: 1356ه)	ShamelaY19	36191	0.67254
		موقف العلماء والمفكرين من الشيعة الإثني عشرية		ShamAY	35318	0.67252
		شرح مقدمة التفسير لابن تيمية - العثيمين	محمد بن صالح بن محمد العثيمين (المتوفى: 1421ه)	Sham19Y	21521	0.67251
		 فقه الطب والتضخم النقدي 	 الشيخ محمد السند 	ABLibrary	9552	0.67251
		بلغة الفقيّة [ج ٣]	السيّد محمّد آل بحر العلوم	Rafed	1698	0.67251
		معالم تربوية لطالبي أسنى الولايات الشرعية	محمد بن محمد المختار الشنقيطي	ShamAY	3934	0.6725
		أحكام القرآن للكيا الهراسي	علي بن محمد بن علي، أبو الحسن الطبري، الملقب بعماد الدين، المعروف بالكيا الهراسي الشافعي (المتوفى: 504هـ)	ShamAY	23582	0.6725
		شرح مقدمة صحيح مسلم	عبد الكريم الخضير	ShamAY	162	0.67246
		شفاء الضرر بفهم التوكل والقضاء والقدر	أبو فيصل البدراني	ShamelaY19	96249	0.67246
		موسوعة العتبات المقدسة - الجزء1	جعفر الخليلي	Masaha	3049	0.67246
		لمسات بيانية في نصوص من التنزيل - محاضرات	فاضل بن صالح بن مهدي بن خليل البدري السامرائي	ShamAY	8312	0.67245
		أحكام القرآن للكيا الهراسي	علي بن محمد بن علي، أبو الحسن الطبري، الملقب بعماد الدين، المعروف بالكيا الهراسي الشافعي (المتوفى: 504ه)	ShamelaY19	23582	0.67245
		نظم الدرر في تناسب الآيات والسور	إبراهيم بن عمر بن حسن الرباط بن علي بن أبي بكر البقاعي (المتوفى: 885هـ)	ShamAY	9098	0.67242
		 موسوعة مصطلحات التصوف الإسلامي 	 رفيق العجم 	ABLibrary	8899	0.67242
		مراحل تشريع القتال في الإسلام	الواحدي :: علي بن نايف الشحود	ShamAY	36101	0.67241
		الخلاصة في معرفة الحديث	الحسين بن محمد بن عبد الله، شرف الدين الطيبي (المتوفى: 743 ه)	Sham19Y	17807	0.67238
		مجمع البحرين [ج ٢]	الشيخ فخر الدين الطريحي	Rafed	1238	0.67238
		بداية المعارف الإلهيّة في شرح عقائد الإماميّة [ج ١]	الشيخ محمّد رضا المظفّر	Rafed	2652	0.67238
		شرح نخبة الفكر	عبد الكريم الخضير	ShamAY	172	0.67236
		مواعظ ابن الجوزي - الياقوتة	جمال الدين أبو الفرج عبد الرحمن بن علي بن محمد الجوزي (المتوفى: 597هـ)	ShamAY	8160	0.67235
		 الرحلة السعودية الحجازية النجدية 	 محمد سعود العوري 	ABLibrary	9096	0.67234
		حلية البشر في تاريخ القرن الثالث عشر	عبد الرزاق بن حسن بن إبراهيم البيطار الميداني الدمشقي (المتوفى: 1335هـ)	ShamAY	31371	0.67232
		إرشاد الأذهان إلى تفسير القرآن	الشيخ محمّد السبزواري النجفي	Rafed	3159	0.67232
		نهاية الأرب في فنون الأدب ـ موافق للمطبوع	شهاب الدين أحمد بن عبد الوهاب النويري	ShamAY	33789	0.6723
		الا علي او اصلب من الايام	كمال السيد	Ghbook	8374	0.6723
		الإمامة الإلهية	الشيخ محمد السند	Masaha	81	0.6723
		فدك في التاريخ	السيد محمد باقر الصدر	Masaha	1743	0.67229
		الإتحاف بحب الأشراف‏	جمال الدين شبراوي	Masaha	1840	0.67228
		بحار الأنوار [ج ٩١]	الشيخ محمّد باقر بن محمّد تقي المجلسي	Rafed	1171	0.67226
		بدائع الكلام في تفسير آيات الأحكام	محمد باقر الملكي	Rafed	3974	0.67225
		عصرنا والعيش في زمان الصعب	عبد الكريم بكار	ShamAY	33452	0.67224
		أيسر التفاسير لكلام العليّ الكبير [ج ٢]	أبي بكر جابر الجزائري	Rafed	3465	0.67224
		الكافي في فقه أهل المدينة - العلمية	أبو عمر يوسف بن عبد الله بن عبد البر القرطبي	ShamAY	34246	0.67216
		المنتقى من فرائد الفوائد	محمد بن صالح بن محمد العثيمين (المتوفى: 1421هـ)	ShamAY	21802	0.67214
		النجم الثاقب في أحوال الإمام الحجة الغائب(عج) - الجزء2	المحدث الشيخ حسين النوري	Masaha	491	0.67214
		الفصول العشرة	الشيخ المفيد	Masaha	2856	0.67213
		المواعظ والاعتبار بذكر الخطط والآثار المعروف بالخطط المقريزية  - الجزء1	أحمد بن علي المقريزي	Masaha	4351	0.67211
		 رحلة فريزر إلى بغداد 	 جيمس بيلي فريزر 	ABLibrary	9103	0.67209
		عصمة المعصوم عليه السلام وفق المعطيات القرآنية	الشيخ جلال الدين علي الصغير	Rafed	1093	0.67206
		معاهد التنصيص على شواهد التلخيص	عبد الرحيم بن عبد الرحمن بن أحمد، أبو الفتح العباسي (المتوفى: 963هـ)	ShamAY	6951	0.67205
		مصطلحات الفقه	الشيخ علي المشكيني	Masaha	2313	0.67205
		نظرات في التربية الإيمانية	مجدي الهلالي	ShamAY	288	0.67201
		شرح مشكل الوسيط	عثمان بن عبد الرحمن، أبو عمرو، تقي الدين المعروف بابن الصلاح (المتوفى: 643ه)	ShamelaY19	21525	0.67201
		مواهب الرحمن في تفسير القرآن [ج ٦]	آية الله السيّد عبد الأعلى السبزواري	Rafed	3959	0.67201
		البيزرة	بازيار العزيز بالله نزار الفاطمي، يظن أنه أبو عبد الله الحسن بن الحسين (المتوفى: ق 4هـ)	ShamAY	3944	0.672
		ثمار يانعة وتعليقات نافعة	أبو محمد عبد الكريم بن صالح بن عبد الكريم الحميد	ShamelaY19	37578	0.672
		دروس وندوات لسفر الحوالي	سفر بن عبد الرحمن الحوالي	ShamAY	34758	0.67199
		 الإنصاف في مسائل دام فيها الخلاف 	 الشيخ السبحاني 	ABLibrary	9556	0.67198
		ابوالشهداء الحسين بن علي	عباس محمود العقاد	Ghbook	5917	0.67197
		العقائد الاسلامية [ج ١]	مركز المصطفى للدراسات الإسلامية	Rafed	85	0.6719
		السياسة الشرعية في إصلاح الراعي والرعية	تقي الدين أبو العباس أحمد بن عبد الحليم بن عبد السلام بن عبد الله بن أبي القاسم بن محمد ابن تيمية الحراني الحنبلي الدمشقي (المتوفى: 728هـ)	ShamAY	31237	0.67189
		حادي الأظعان النجدية إلى الديار المصرية	أبو الفضل محب الدين محمد بن أبى بكر تقى الدين بن داود المحبى الحموى الدمشقي الحنفي (المتوفى: 1016هـ)	ShamAY	476	0.67189
		التعريفات الفقهية	محمد عميم الإحسان المجددي البركتي	Sham19Y	13939	0.67189
		صفوه الصحيح من سيره النبي الاعظم صلي الله عليه و آله	سيد جعفرمرتضي حسيني عاملي	Ghbook	10949	0.67189
		70 مقالة عن المرأة	مجموعة من المؤلفين	ShamAY	36571	0.67186
		مذاهب فكرية معاصرة	محمد بن قطب بن إبراهيم	ShamAY	7378	0.67184
		الإحكام في أصول الأحكام للآمدي	أبو الحسن سيد الدين علي بن أبي علي بن محمد بن سالم الثعلبي الآمدي (المتوفى: 631ه)	Sham19Y	10801	0.6718
		الدين العالمي ومنهج الدعوة إليه	عطية صقر	Sham19Y	95667	0.6718
		 التوحيد 	 أبي منصور محمد الماتريدي السمرقندي الأنصاري 	ABLibrary	8398	0.67179
		بحر الفوائد في شرح الفرائد [ج ١]	آية الله ميرزا محمّد حسن بن جعفر الآشتياني	Rafed	915	0.67179
		جمهرة خطب العرب في عصور العربية الزاهرة	أحمد زكي صفوت	ShamAY	12005	0.67178
		تحقيق ما للهند من مقولة مقبولة في العقل أو مرذولة	أبو الريحان محمد بن أحمد البيروني الخوارزمي (المتوفى: 440هـ)	ShamAY	11655	0.67177
		الشيعة والقرآن	إحسان إلهي ظهير الباكستاني (المتوفى: 1407هـ)	ShamAY	957	0.67174
		هداية المسترشدين في شرح أصول معالم الدين [ج ١]	الشيخ محمد تقي الرازي النجفي الاصفهاني	Rafed	3678	0.67174
		كتاب معرفة اشتقاق أسماء نطق بها القرآن وجاءت بها السنن والأخبار وتأويل ألفاظ مستعملة	السجستاني، ابن عزير	ShamAY	36737	0.67173
		بهجة قلوب الأبرار وقرة عيون الأخيار في شرح جوامع الأخبار	أبو عبد الله، عبد الرحمن بن ناصر بن عبد الله بن ناصر بن حمد آل سعدي (المتوفى: 1376هـ)	ShamAY	9945	0.67172
		روضة الناظر وجنة المناظر في أصول الفقه على مذهب الإمام أحمد بن حنبل	أبو محمد موفق الدين عبد الله بن أحمد بن محمد بن قدامة الجماعيلي المقدسي ثم الدمشقي الحنبلي، الشهير بابن قدامة المقدسي (المتوفى: 620هـ)	ShamAY	12010	0.67171
		العقد الثمين في شرح أحاديث أصول الدين	حسين بن غنام (أو ابن أبي بكر بن غنام) النجدي الأحسائي المالكي (المتوفى: 1225ه)	Sham19Y	8514	0.67171
		سلسلة الدار الآخرة - عمر عبد الكافي	عمر عبد الكافى شحاتة	ShamelaY19	37011	0.6717
		 مسند الإمام السجاد ( ع ) 	 الشيخ عزيز الله عطاردي 	ABLibrary	7707	0.6717
		الفوائد المنتقاة من حديث مثل القائم	عبد الآخر الغنيمي	ShamAY	35978	0.67165
		تراثنا ـ العددان [ 47 و 48 ]	مؤسسة آل البيت عليهم السلام لإحياء التراث ـ قم	Rafed	3186	0.67163
		هذه مفاهيمنا	صالح بن عبد العزيز بن محمد بن إبراهيم آل الشيخ	ShamAY	12120	0.67161
		تلخيص البيان في مجازات القرآن	الشريف الرضي	Masaha	2328	0.67157
		الاقتصاد و الاجتماع 	خالد فائق عبيدي	Ghbook	2830	0.67156
		غذاء الألباب في شرح منظومة الآداب	السفاريني	ShamelaY19	25791	0.67154
		الولاء والبراء في الإسلام من مفاهيم عقيدة السلف	محمد بن سعيد بن سالم القحطاني	ShamAY	9758	0.67152
		فتاوى الأزهر	مجموعة من المؤلفين	ShamAY	37642	0.67152
		دراسة في السيرة	عماد الدين خليل	ShamAY	9802	0.67152
		روض الجنان في شرح إرشاد الأذهان - الجزء1	الشهيد الثاني	Masaha	1166	0.67148
		مصرع التصوف وهو كتابان: تنبيه الغبي إلى تكفير ابن عربي، وتحذير العباد من أهل العناد ببدعة الاتحاد	إبراهيم بن عمر بن حسن الرباط بن علي بن أبي بكر البقاعي (المتوفى: 885هـ)	ShamAY	8317	0.67147
		اجتماع الجيوش الإسلامية على حرب المعطلة والجهمية	أبو عبد الله محمد بن أبي بكر بن أيوب ابن قيم الجوزية (691 - 751)	ShamelaY19	18632	0.67147
		شرح التائية في القدر	محمد بن إبراهيم بن أحمد الحمد	ShamAY	35706	0.67146
		تراثنا ـ العدد [ 13 ]	مؤسسة آل البيت عليهم السلام لإحياء التراث ـ قم	Rafed	2723	0.67146
		علم المعاني	عبد العزيز عتيق (المتوفى: 1396 هـ)	ShamAY	32342	0.67144
		مأساة الزهراء(ع) الجزء الأول	السيد جعفر مرتضى العاملي	Masaha	394	0.67144
		الموازنة بين شعر أبي تمام والبحتري	أبو القاسم الحسن بن بشر الآمدي (ت 370 ه)	Sham19Y	26183	0.67143
		كتاب التعريفات	علي بن محمد بن علي الزين الشريف الجرجاني (المتوفى: 816هـ)	ShamAY	7312	0.67142
		بيان تلبيس الجهمية في تأسيس بدعهم الكلامية	أحمد عبد الحليم بن تيمية الحراني أبو العباس	ShamAY	34368	0.67141
		التفسير الوسيط للزحيلي	وهبة الزحيلي	Sham19Y	2305	0.67137
		عين اليقين [ج ١]	محمّد بن المرتضى [ الفيض الكاشاني ]	Rafed	3591	0.67137
		المسَائِلُ الماردينيَّةِ - وهي مسائل يكثر وقوعها ويحصل الابتلاء بها	تقي الدين أبو العباس أحمد بن عبد الحليم بن عبد السلام بن عبد الله بن أبي القاسم بن محمد ابن تيمية الحراني الحنبلي الدمشقي (المتوفى: 728هـ)	ShamAY	2006	0.67135
		الله لعباس محمود العقاد	عباس محمود العقاد	ShamAY	35499	0.67135
		السيرة النبوية دروس وعبر	الواحدي :: علي بن نايف الشحود	ShamAY	37428	0.67134
		الانحرافات الكبرى	سعيد أيوب	Masaha	115	0.67134
		الإنفاق في سبيل الله	عز الدين بحر العلوم	Rafed	10	0.67133
		التفسير المنير [ج ٢٧]	الدكتور وهبة الزحيلي	Rafed	2975	0.67126
		تعرف على الإسلام	منقذ بن محمود السقار	ShamelaY19	38184	0.67125
		المصطلحات الأربعة في القرآن	أبو الأعلى بن أحمد حسن المودودي (المتوفى: 1399هـ)	ShamAY	2146	0.67124
		تفسير سورة الحجرات	عطية بن محمد سالم (المتوفى : 1420هـ)	ShamAY	7715	0.67124
		الشهادتان	محمد الغزالي	ShamAY	35256	0.67123
		تصويبات في فهم بعض الآيات	د صلاح عبد الفتاح الخالدي	Sham19Y	5377	0.67123
		حياة محمد ورسالته	محمد علي اللاهوري القادياني (1874-1951 م) أحد أتباع غلام أحمد القادياني (الذي ادعى النبوة) ، ورئيس الفرع اللاهوري للقاديانية (فليُحذر)	ShamAY	9798	0.67121
		أم القرى	عبد الرحمن بن أحمد بن مسعود الكواكبي يلقب بالسيد الفراتي (المتوفى: 1320ه)	Sham19Y	9680	0.6712
		تراجم شهداء الدعوة الإسلامية في العصر الحديث	عبد القادر عبار غنّوش	ShamAY	35816	0.67119
		من أصول الفقه على منهج أهل الحديث	زكريا بن غلام قادر الباكستاني	ShamAY	12085	0.67114
		داعية التوحيد محمد بن عبد الوهاب	عبد العزيز شلبي سيد الأهل (المتوفى: 1402هـ)	ShamAY	11177	0.67113
		شرح مسائل الجاهلية - صالح آل الشيخ	صالح آل الشيخ	ShamAY	34741	0.6711
		السيرة النبوية - دروس وعبر	مصطفى بن حسني السباعي (المتوفى: 1384هـ)	ShamAY	914	0.6711
		التقية في المجتمع الاسلامي: ادلة و آثار	فاضل موسوي	Ghbook	14953	0.67109
		التعجب من أغلاط العامة في مسألة الإمامة	الشيخ القاضي أبي الفتح محمد بن علي الكراجكي	Masaha	201	0.67109
		التعليقات على متن لمعة الاعتقاد لابن جبرين	عبد الله بن عبد الرحمن بن عبد الله بن إبراهيم بن فهد بن حمد بن جبرين (المتوفى: 1430هـ)	ShamAY	8586	0.67106
		نزهة الأمم في العجائب والحكم‏	محمد بن أحمد ابن أياس	Masaha	4846	0.67105
		القوانين المحكمة في الأصول [ج ١]	الميرزا أبو القاسم القمّي	Rafed	2622	0.67103
		الإعجاز العلمي في القرآن الكريم - جامعة المدينة	مناهج جامعة المدينة العالمية	ShamelaY19	31080	0.67099
		الضياء اللامع من الخطب الجوامع	محمد بن صالح بن محمد العثيمين (المتوفى: 1421هـ)	ShamAY	30920	0.67092
		أدب النفس	محمد بن علي بن الحسن بن بشر، أبو عبد الله، الحكيم الترمذي (المتوفى: نحو 320ه)	ShamelaY19	37054	0.6709
		 شرح فصوص الحكم 	 مصطفى بن سليمان بالي زاده الحنفي 	ABLibrary	8849	0.67089
		نضد القواعد الفقهيّة على مذهب الاماميّة	جمال الدين مقداد بن عبد الله السيوري الحلّي	Rafed	1315	0.67085
		قواعد الأصول	السيد يوسف المدني التبريزي	Masaha	4165	0.67085
		أضواء على الصحيحين	الشيخ محمد صادق النجمي	Masaha	143	0.67081
		اهل بيت عليهم السلام عرشيان فرش نشين (ملائكه الارض)	حسين انصاريان	Ghbook	12840	0.6708
		موسوعة فقه القلوب	محمد بن إبراهيم بن عبد الله التويجري	ShamAY	695	0.67079
		الأصول الشرعية في التوحيد والشرك، والسنة والبدعة، والتاريخ والصحابة، والدعوة والمنهج، والكفار والجهاد	ناصر الفهد	ShamAY	35721	0.67076
		كيف أتوب	أبو العلاء محمد بن حسين بن يعقوب السلفي المصري	Sham19Y	98089	0.67076
		الخلاصة في الشمائل المحمدية	علي بن نايف الشحود	ShamAY	37385	0.67074
		المسائل الماردينية - وهي مسائل يكثر وقوعها ويحصل الابتلاء بها	تقي الدين أبو العباس أحمد بن عبد الحليم بن عبد السلام بن عبد الله بن أبي القاسم بن محمد ابن تيمية الحراني الحنبلي الدمشقي (المتوفى: 728ه)	Sham19Y	96844	0.67074
		أدب الخلاف - ياسر برهامي	الشيخ ياسر بن حسين برهامي	ShamelaY19	36994	0.67072
		 شرح دعاء الصباح 	 حاج ملا هادي السبزواري 	ABLibrary	8866	0.67071
		النصر والتمكين آت بإذن الله	علي بن نايف الشحود	ShamAY	1614	0.67069
		 حياة الإمام الحسن بن علي ( ع ) 	 الشيخ باقر شريف القرشي 	ABLibrary	7490	0.67069
		العبّاس عليه السلام	السيد عبد الرزاق الموسوي المقرّم	Rafed	1554	0.67069
		ملاك التأويل القاطع بذوي الإلحاد والتعطيل في توجيه المتشابه اللفظ من آي التنزيل	أحمد بن إبراهيم بن الزبير الثقفي الغرناطي، أبو جعفر (المتوفى: 708هـ)	ShamAY	1419	0.67065
		الروح في الكلام على أرواح الأموات والأحياء بالدلائل من الكتاب والسنة	محمد بن أبي بكر بن أيوب بن سعد شمس الدين ابن قيم الجوزية (المتوفى: 751هـ)	ShamAY	6462	0.67065
		الموسوعة القرآنيّة خصائص السور [ج ٤]	الناشر: دار التقريب بين المذاهب الإسلامية	Rafed	3729	0.67065
		الأمثل في تفسير كتاب الله المنزل [ج ٧]	آية الله مكارم الشيرازي	Rafed	2047	0.67064
		نهاية الوصول إلى علم الأصول‏  - الجزء1	العلامة الحلي	Masaha	4768	0.67064
		اتحاف الفقهاء في تحقيق مسألة اختلاف القراءات والقرّاء	الميرزا محسن آل عصفور	Masaha	1649	0.67064
		 معرفة الإمام 	 السيد محمد حسين الطهراني 	ABLibrary	8882	0.67063
		فتاوى النساء للشيخ الشعراوي	الشعراوي	ShamAY	37671	0.67062
		كتاب الفنون لابن عقيل	أبو الوفاء، علي بن عقيل بن محمد بن عقيل البغدادي الحنبلي	ShamAY	38993	0.67061
		قاعدة عظيمة في الفرق بين عبادات أهل الإسلام والإيمان وعبادات أهل الشرك والنفاق	تقي الدين أبو العباس أحمد بن عبد الحليم بن عبد السلام بن عبد الله بن أبي القاسم بن محمد ابن تيمية الحراني الحنبلي الدمشقي (المتوفى: 728هـ)	ShamAY	12769	0.67061
		الرسائل الشخصية (مطبوع ضمن مؤلفات الشيخ محمد بن عبد الوهاب، الجزء السادس)	محمد بن عبد الوهاب بن سليمان التميمي النجدي (المتوفى: 1206هـ)	ShamAY	7629	0.67059
		الكتاب الفريد في إعراب القرآن المجيد	المنتجب الهمذاني (المتوفى: 643 ه)	ShamelaY19	147312	0.67058
		أخلاق أهل البيت	السيد مهدي الصدر	Masaha	538	0.67051
		منارات وعلامات في تنزيل أحاديث الفتن على الواقع	عبد الله بن صالح العجيري	ShamAY	36643	0.6705
		الامام الصادق ( عليه السلام ) علم و عقيده	رمضان لاوند	Ghbook	4982	0.6705
		شرح كتاب التوحيد للإمام محمد بن عبد الوهاب - اللهيميد	سليمان بن محمد اللهيميد	ShamAY	35432	0.67046
		شرح نظم عقيدة السفاريني	عبد الكريم الخضير	ShamelaY19	27254	0.67046
		التحف والظرف	محمد بن أحمد بن عبد المغيث بن محمد بن إبراهيم بن محمد التميمي الدارمي (المتوفى: 378هـ)	ShamAY	5430	0.67041
		نهج الرشاد في نظم الاعتقاد	يوسف بن محمد بن مسعود بن محمد العبادي العقيلي، جمال الدين السرمري (المتوفى: 776هـ)	ShamAY	31919	0.67041
		شرح العقيدة الطحاوية للبراك	عبد الرحمن بن ناصر بن براك بن إبراهيم البراك	ShamelaY19	23088	0.6704
		شرح نخبة الفكر	عبد الكريم الخضير	Sham19Y	25955	0.67039
		سنّة أهل البيت(ع)	السيد محمد تقي الحكيم	Masaha	306	0.67038
		شرح كلمة الإخلاص لابن رجب	عبد الرحمن بن ناصر البراك	ShamAY	32532	0.67033
		التفسير الحديث [مرتب حسب ترتيب النزول]	محمد عزة دروزة	ShamelaY19	23603	0.67031
		المسلك في أصول الدّين	الشيخ نجم الدين أبي القاسم جعفر بن الحسن بن يحيى بن سعيد الهذلي [ المحقق الحلّي ]	Rafed	3474	0.67029
		الفواكه الشهية في الخطب المنبرية والخطب المنبرية على المناسبات	أبو عبد الله، عبد الرحمن بن ناصر بن عبد الله بن ناصر بن حمد آل سعدي (المتوفى: 1376هـ)	ShamAY	30921	0.67026
		المدخل إلى عذب المنهل في أصول الفقه‏	أبو الحسن‏ الشعراني	Masaha	3567	0.67026
		السلفيون وقضية فلسطين في واقعنا المعاصر وفيه (حكم عمليات الاقتحام بالنفس)	أبو عبيدة مشهور بن حسن بن محمود آل سلمان	ShamAY	1691	0.67025
		الاستغاثة [ج ٢]	أبو القاسم علي بن أحمد الكوفي	Rafed	1756	0.67025
		تفسير ابن فورك - من أول سورة نوح - إلى آخر سورة الناس	الإمام العلَّامة / أبو بكر محمد بن الحسن ابن فورك	ShamAY	10523	0.67024
		تعرف على الإسلام	منقذ بن محمود السقار	ShamAY	1279	0.67023
		تنزيه القرآن الكريم عن دعاوى المبطلين	منقذ بن محمود السقار	ShamelaY19	95574	0.67022
		مصادر نهج البلاغه و اسانيد	سيد عبدالزهراء الحسيني الخطيب	Ghbook	15833	0.67022
		 جواهر العقدين في فضل الشرفين 	 علي بن عبد الله السمهودي 	ABLibrary	7481	0.67021
		أدب الخلاف - ياسر برهامي	الشيخ ياسر بن حسين برهامي	ShamAY	371	0.6702
		الموازنة بين شعر أبي تمام والبحتري	أبو القاسم الحسن بن بشر الآمدي (ت 370 ه)	ShamelaY19	26183	0.6702
		أدب النفس	محمد بن علي بن الحسن بن بشر، أبو عبد الله، الحكيم الترمذي (المتوفى: نحو 320هـ)	ShamAY	447	0.67017
		صَحِيحُ التَّرْغِيب وَالتَّرْهِيب	محمد ناصر الدين الألباني	ShamAY	32126	0.67016
		التهذيب في فقه الإمام الشافعي	محيي السنة، أبو محمد الحسين بن مسعود بن محمد بن الفراء البغوي الشافعي (المتوفى: 516 ه)	Sham19Y	17885	0.67016
		الحديث النبوي في النحو العربي	الدكتور محمود فجال	Rafed	1991	0.67016
		 معرفة المعاد 	 السيد محمد حسين الطهراني 	ABLibrary	8878	0.67015
		البرهان في متشابه القرآن	محمود بن حمزة بن نصر الكرماني	Rafed	3806	0.67015
		نظرات معاصرة في القرآن الكريم	الدكتور محمد حسين علي الصّغير	Rafed	225	0.67014
		سلسلة الآداب - المنجد	محمد صالح المنجد	ShamAY	225	0.67013
		دراسه تحليله في السيره النبويه عصرها قبل الهجره	عباس زريابخويي	Ghbook	5290	0.67012
		 الرد على ابن تيمية من كلام الشيخ الأكبر 	 محمود محمود الغراب 	ABLibrary	8912	0.67011
		العثمانية	عمرو بن بحر بن محبوب الكناني بالولاء، الليثي، أبو عثمان، الشهير بالجاحظ (المتوفى: 255ه)	ShamelaY19	96338	0.6701
		الرسائل الفقهيه	ملا اسماعيل خواجوئي	Ghbook	6721	0.67007
		دعاوى الطاعنين في القرآن الكريم = الطعن في القرآن الكريم والرد على الطاعنين	عبد المحسن بن زبن بن متعب المطيري	ShamAY	9438	0.67006
		 رسائل ومقالات 	 الشيخ السبحاني 	ABLibrary	8440	0.67002
		صب العذاب على من سب الأصحاب	أبو المعالي محمود شكري بن عبد الله بن محمد بن أبي الثناء الألوسي (المتوفى: 1342هـ)	ShamAY	9775	0.67
		قضاء الاشتياني	ميرزا محمد الاشتياني	Masaha	633	0.67
		الفرقان بين أولياء الرحمن وأولياء الشيطان	تقي الدين أبو العباس أحمد بن عبد الحليم بن عبد السلام بن عبد الله بن أبي القاسم بن محمد ابن تيمية الحراني الحنبلي الدمشقي (المتوفى: 728ه)	ShamelaY19	21499	0.66999
		الفواتح الإلهية والمفاتح الغيبية الموضحة للكلم القرآنية والحكم الفرقانية	نعمة الله بن محمود النخجواني، ويعرف بالشيخ علوان (المتوفى: 920هـ)	ShamAY	23624	0.66998
		العثمانية	عمرو بن بحر بن محبوب الكناني بالولاء، الليثي، أبو عثمان، الشهير بالجاحظ (المتوفى: 255هـ)	ShamAY	1785	0.66998
		التّفسير الحديث [ج ٩]	محمّد عزّة دروزة	Rafed	3762	0.66997
		الميسر في شرح مصابيح السنة للتوربشتي	فضل الله بن حسن بن حسين بن يوسف أبو عبد الله، شهاب الدين التُّورِبِشْتِي (المتوفى: 661 هـ)	ShamAY	32667	0.66996
		المختصر المفيد في عقائد أئمة التوحيد	مدحت آل فراج	ShamAY	35502	0.66994
		دفاع عن العقيدة والشريعة ضد مطاعن المستشرقين	محمد الغزالي	ShamAY	35257	0.66993
		جنة الحوادث في شرح زيارة الوارث	الملّا حبيب الله الشريف الكاشاني	Rafed	3131	0.66991
		فقه القرآن [ج ٢]	قطب الدين سعيد بن هبة الله الراوندي [ قطب الدين الراوندي ]	Rafed	1310	0.66989
		الإستعمار أحقاد وأطماع	محمد الغزالي	ShamAY	33235	0.66988
		لمسات بيانية في نصوص من التنزيل - محاضرات	فاضل بن صالح بن مهدي بن خليل البدري السامرائي	Sham19Y	8312	0.66987
		قالوا عن الإسلام	عماد الدين خليل	ShamAY	35547	0.66986
		بصائر ذوي التمييز في لطائف الكتاب العزيز	مجد الدين أبو طاهر محمد بن يعقوب الفيروزآبادى (المتوفى: 817هـ)	ShamAY	9856	0.6698
		بحر الفوائد - الجزء2	الميرزا محمد حسن الآشتياني	Masaha	1803	0.66978
		معجم متن اللغة (موسوعة لغوية حديثة)	أحمد رضا (عضو المجمع العلمي العربي بدمشق)	ShamelaY19	29613	0.66974
		أحكام القرآن [ج ٢]	أبي بكر محمّد بن عبدالله [ ابن العربي ]	Rafed	3219	0.66973
		الولاء والبراء في الإسلام من مفاهيم عقيدة السلف	محمد بن سعيد بن سالم القحطاني	Sham19Y	9758	0.66967
		بحوث لفظية قرآنية (نتائج جديدة لمعاني بعض الفاظ و تراكيب القرآن الكريم)	عبدالرحمن العقيلي	Ghbook	15739	0.66967
		اختيار الأولى في شرح حديث اختصام الملأ الأعلى المؤلف: زين الدين عبد الرحمن بن أحمد بن رجب بن الحسن، السلامي، البغدادي، ثم الدمشقي، الحنبلي (المتوفى: 795ه)	ابن رجب الحنبلي	ShamelaY19	22720	0.66963
		السلفيون وقضية فلسطين في واقعنا المعاصر وفيه (حكم عمليات الاقتحام بالنفس)	أبو عبيدة مشهور بن حسن بن محمود آل سلمان	Sham19Y	1691	0.66963
		نظم الدرر في تناسب الآيات والسور	إبراهيم بن عمر بن حسن الرباط بن علي بن أبي بكر البقاعي (المتوفى: 885ه)	Sham19Y	9098	0.66961
		 جواهر الكلام في ثوبه الجديد 	 الشيخ الجواهري 	ABLibrary	9371	0.66961
		عصمةُ القرآنِ الكريمِ وجهالاتُ الْمُبَشِّرِينَ	إبراهيم عوض أديب عربي ومفكِّر إسلامي مصري	ShamAY	1415	0.66958
		السمو الروحي الأعظم والجمال الفني في البلاغة النبوية	مصطفى صادق بن عبد الرزاق بن سعيد بن أحمد بن عبد القادر الرافعي (المتوفى: 1356ه)	Sham19Y	36191	0.66958
		الأمثل في تفسير كتاب الله المنزل [ج ١٩]	آية الله مكارم الشيرازي	Rafed	2066	0.66958
		كتاب من لا يحضره الفقيه [ج ١]	أبي جعفر محمّد بن علي بن الحسين بن بابويه القمّي [ الشيخ الصدوق ]	Rafed	1414	0.66956
		هكذا كان الصالحون	أبو عبد الملك خالد بن عبد الرحمن الحسينان	ShamelaY19	37311	0.66955
		 مآثر الكبراء تاريخ سامراء 	 الشيخ ذبيح الله المحلاتي 	ABLibrary	9174	0.66955
		التبيان في تفسير القرآن	محمد بن حسن شيخ طوسي ( شيخ الطائفه )	Ghbook	4810	0.66954
		شريعة الله لا شريعة البشر	شحاتة محمد صقر	Sham19Y	36159	0.66949
		النهاية في مجرد الفقه و الفتاوى	الشيخ الطوسي	Masaha	953	0.66946
		 نظام القضاء والشهادة في الشريعة الإسلامية الغراء 	 الشيخ السبحاني 	ABLibrary	9601	0.66945
		تراثنا ـ العدد [ 57 ]	مؤسسة آل البيت عليهم السلام لإحياء التراث ـ قم	Rafed	3241	0.66944
		 الرسائل الأربع 	 الشيخ السبحاني 	ABLibrary	9565	0.66942
		بدائع الكلام في تفسير آيات الأحكام	الشيخ محمد باقر الملكي الميانجي	Masaha	5005	0.66942
		ينابيع الأحكام في معرفة الحلال و الحرام - الجزء1	السيد علي الموسوي القزويني	Masaha	1760	0.66941
		العقائد الاسلامية	علي كوراني	Ghbook	15126	0.6694
		رسائل القاري	علي بن سلطان القاري الهروي (ت1014هـ)	ShamAY	36182	0.66938
		تزيين الأسواق في أخبار العشاق - عالم الكتب	داود بن عمر الأنطاكي الضرير	ShamAY	33794	0.66937
		ثمرات النظر في علم الأثر	محمد بن إسماعيل بن صلاح بن محمد الحسني، الكحلاني ثم الصنعاني، أبو إبراهيم، عز الدين، المعروف كأسلافه بالأمير (المتوفى: 1182هـ)	ShamAY	5983	0.66937
		العذب النمير من مجالس الشنقيطي في التفسير	محمد الأمين بن محمد المختار بن عبد القادر الجكني الشنقيطي (المتوفى: 1393ه)	ShamelaY19	96296	0.66937
		المقاصد العلية في شرح الرسالة الألفية	الشهيد الثاني	Masaha	1147	0.66935
		مجموعة رسائل زيد بن محمد بن هادي المدخلي	زيد بن محمد المدخلي	ShamAY	32985	0.66931
		الإعجاز القرآني في ضوء الإكتشافات العلمي الحديث	مروان وحيد شعبان	Rafed	3173	0.66931
		مذكرة في أصول الفقه	محمد الأمين بن محمد المختار بن عبد القادر الجكني الشنقيطي (المتوفى: 1393هـ)	ShamAY	9885	0.6693
		الإعجاز العلمي في القرآن الكريم - جامعة المدينة	مناهج جامعة المدينة العالمية	Sham19Y	31080	0.66928
		القواعد النورانية الفقهية	تقي الدين أبو العباس أحمد بن عبد الحليم بن عبد السلام بن عبد الله بن أبي القاسم بن محمد ابن تيمية الحراني الحنبلي الدمشقي (المتوفى: 728هـ)	ShamAY	21729	0.66926
		تفسير البيان [ج ١]	السيّد محمّد حسين الطباطبائي	Rafed	3765	0.66926
		الملخص الفقهي	صالح بن فوزان بن عبد الله الفوزان	ShamAY	11811	0.66925
		الخلاصة في معرفة الحديث	الحسين بن محمد بن عبد الله، شرف الدين الطيبي (المتوفى: 743 هـ)	ShamAY	32381	0.6692
		الفتح على أبي الفتح	محمد بن حَمَد بن محمد بن عبد الله بن محمود بن فُورَّجَة البروجردي (المتوفى: نحو 455هـ)	ShamAY	386	0.66919
		المراسم العلوية و الأحكام النبوية	الفقيه سلار	Masaha	984	0.66918
		سلسلة الدار الآخرة - عمر عبد الكافي	عمر عبد الكافى شحاتة	ShamAY	382	0.66913
		 المغرب في ترتيب المعرب 	 ناصر الدين المطرزي 	ABLibrary	9218	0.66911
		تأويلات أهل السنّة تفسير الماتريدي [ج ٧]	أبي منصور محمّد بن محمّد بن محمود الماتريدي	Rafed	3973	0.66909
		الدفاع عن الله ورسوله وشرعه	أبو الأشبال حسن الزهيري آل مندوه المنصوري المصري	ShamelaY19	37616	0.66908
		الموسوعة القرآنيّة خصائص السور [ج ٣]	الناشر: دار التقريب بين المذاهب الإسلامية	Rafed	3728	0.66906
		 المثنوي المعنوي ( معرب الكفافي ) 	 جلال الدين الرومي 	ABLibrary	8767	0.66905
		 بحار الأنوار 	 العلامة المجلسي 	ABLibrary	749	0.66904
		التفسير الوسيط للقرآن الكريم [ج ١٣]	الدكتور محمد سيد طنطاوي	Rafed	3955	0.66904
		الإفادة الشرعية في بعض المسائل الطبية	الواحدي :: وليد السعيدان	ShamAY	36127	0.66903
		جواهر الكلام [ج ١٣]	الشيخ محمّد حسن النّجفي	Rafed	643	0.66903
		 البيان والتبيين 	 الجاحظ 	ABLibrary	824	0.66899
		البيان والتبيين	عمرو بن بحر بن محبوب الكناني بالولاء، الليثي، أبو عثمان، الشهير بالجاحظ (المتوفى: 255هـ)	ShamAY	10614	0.66898
		الإمامة العظمى عند أهل السنة والجماعة		ShamAY	35286	0.66898
		التّفسير الحديث [ج ٧]	محمّد عزّة دروزة	Rafed	3737	0.66896
		نظره في كتاب الصراع بين الاسلام و الوثنيه	عبدالحسين اميني ( علامه اميني )	Ghbook	4545	0.66896
		شرح ديوان الحماسة	أبو على أحمد بن محمد بن الحسن المرزوقي الأصفهاني (المتوفى: 421 هـ)	ShamAY	26536	0.66894
		 تائية ابن الفارض ( شرح القاشاني : كشف الوجوه الغر لمعانى نظم الدر ) 	 ابن الفارض 	ABLibrary	8793	0.6689
		تفسير القاسمي [ج ٣]	محمّد جمال الدين القاسمي	Rafed	3909	0.6689
		فطوبى للغرباء	أبو سيف خليل بن إبراهيم العبيدي	ShamAY	35201	0.66889
		الموضع عن جهه اعجاز القرآن و هو الكتاب المعروف ب "الصرفه"	علي بن حسين علم الهدي	Ghbook	14044	0.66882
		موسوعة القرآن العظيم [ج ١]	دكتور عبد المنعم الحفني	Rafed	3910	0.6688
		مزيل اللبس	السيد محمد مهدي الخرسان	Masaha	521	0.66878
		البحر المحيط في أصول الفقه	أبو عبد الله بدر الدين محمد بن عبد الله بن بهادر الزركشي (المتوفى: 794ه)	ShamelaY19	21593	0.66877
		الرسالة - ط الوفاء ت: عبد المطلب	محمد بن إدريس الشافعي	ShamAY	34203	0.66872
		مرآه الكمال لمن رام درك مصالح الاعمال	ملا عبد اللّٰه بن محمد حسن مامقاني	Ghbook	16413	0.66871
		نظام القضاء والشهادة في الشريعة الإسلامية الغراء - الجزء1	الشيخ جعفر السبحاني	Masaha	5115	0.66871
		تكملة الجامع لسيرة شيخ الإسلام ابن تيمية خلال سبعة قرون - ط عالم الفوائد	علي بن محمد العمران	ShamAY	34400	0.6687
		 إثنا عشر رسالة 	 السيد محمد باقر الداماد ( الميرداماد ) 	ABLibrary	836	0.66867
		الإنفاق في سبيل الله	السيد عزالدين بحر العلوم	Masaha	1668	0.66867
		عجائب المخلوقات وغرائب الموجودات‏	زكريا بن محمد القزويني	Masaha	4844	0.66866
		تفسير سورة الحجرات	عطية سالم	Sham19Y	7715	0.66865
		الإحكام في تمييز الفتاوى عن الأحكام وتصرفات القاضي والإمام	أبو العباس شهاب الدين أحمد بن إدريس بن عبد الرحمن المالكي الشهير بالقرافي (المتوفى: 684 هـ)	ShamAY	32415	0.66863
		محاضرات في الالهيات	آيت الله العظمي جعفر سبحاني	Ghbook	12215	0.66863
		البيان و التبيين - الجزء1	عمرو بن بحر الجاحظ	Masaha	3365	0.66862
		 المواهب اللدنية بالمنح المحمدية 	 الشيخ أحمد بن محمد القسطلانى 	ABLibrary	7804	0.66861
		بحار الأنوار [ج ٦]	الشيخ محمّد باقر بن محمّد تقي المجلسي	Rafed	519	0.66861
		شرح مقدمة التفسير لابن تيمية - العثيمين	محمد بن صالح بن محمد العثيمين (المتوفى: 1421هـ)	ShamAY	21521	0.6686
		اصباح الشيعة بمصباح الشريعة	قطب الدين محمد بن الحسين الكيدري	Rafed	1293	0.6686
		البخلاء للجاحظ - العلمية	أبو عثمان عمرو بن بحر الجاحظ	ShamAY	33775	0.66859
		الإسلام أصوله ومبادئه	محمد بن عبد الله بن صالح السحيم	ShamAY	12624	0.66858
		موسوعة أخلاق القرآن [ج ٣]	الدكتور أحمد الشرباصي	Rafed	3903	0.66858
		تفصيل النشأتين وتحصيل السعادتين	أبو القاسم الحسين بن محمد المعروف بالراغب الأصفهانى (المتوفى: 502ه)	ShamelaY19	21562	0.66857
		سلسلة الآداب - المنجد	محمد صالح المنجد	Sham19Y	35111	0.66855
		كمال الدّين وتمام النّعمة	أبي جعفر محمّد بن علي بن الحسين بن بابويه القمّي [ الشيخ الصدوق ]	Rafed	262	0.66852
		مجموع فتاوى فضيلة الشيخ صالح بن فوزان	صالح بن فوزان بن عبد الله الفوزان	ShamAY	8612	0.6685
		الخلاصة في شرح حديث الولي	علي بن نايف الشحود	ShamAY	35973	0.6685
		المذاهب والفرق في الإسلام	الدكتور صائب عبد الحميد	Rafed	21	0.6685
		العالم الفكري للامام الصادق عليه السلام	جعفر مهاجر	Ghbook	5006	0.6685
		إسبال المطر على قصب السكر (نظم نخبة الفكر في مصطلح أهل الأثر)	محمد بن إسماعيل بن صلاح بن محمد الحسني، الكحلاني ثم الصنعاني، أبو إبراهيم، عز الدين، المعروف كأسلافه بالأمير (المتوفى: 1182هـ)	ShamAY	501	0.66848
		ليلة عاشوراء في الحديث والأدب	عبد الله الحسن	Masaha	1746	0.66848
		تبصير المؤمنين بفقه النصر والتمكين في القرآن الكريم (أنواعه - شروطه وأسبابه - مراحله وأهدافه)	عَلي محمد محمد الصَّلاَّبي	ShamAY	297	0.66847
		بيان إعجاز القرآن	أبو سليمان حمد بن محمد بن إبراهيم بن الخطاب البستي المعروف بالخطابي (المتوفى: 388ه)	Sham19Y	13900	0.66843
		اقتضاء الصراط المستقيم لمخالفة أصحاب الجحيم	تقي الدين أبو العباس أحمد بن عبد الحليم بن عبد السلام بن عبد الله بن أبي القاسم بن محمد ابن تيمية الحراني الحنبلي الدمشقي (المتوفى: 728هـ)	ShamAY	11620	0.66842
		رجال حول الرسول	خالد محمد خالد ثابت (المتوفى: 1416هـ)	ShamAY	9835	0.66838
		غذاء الألباب في شرح منظومة الآداب	شمس الدين، أبو العون محمد بن أحمد بن سالم السفاريني الحنبلي (المتوفى : 1188هـ)	ShamAY	25791	0.66835
		المشاهد المشرفه و الوهابيون	محمد علي بن حسين همداني سنقري كردستاني	Ghbook	7604	0.66832
		تاريخ مكة	أحمد السباعي	Masaha	4803	0.6683
		التعريفات الفقهية	محمد عميم الإحسان المجددي البركتي	ShamAY	31969	0.66829
		المختصر المفيد في عقائد أئمة التوحيد	أبو يوسف مدحت بن حسن آل فراج المصري (المتوفى: 1435هـ)	ShamAY	32277	0.66829
		الروضة البهية (حاشية سلطان العلماء) - الجزء1	الشهيد الثاني	Masaha	1142	0.66823
		شرح العقيدة الواسطية للفوزان	صالح بن فوزان الفوزان	ShamAY	35431	0.66822
		مقدمة ابن الصلاح = معرفة أنواع علوم الحديث - ت عتر	عثمان بن عبد الرحمن، أبوعمرو، تقي الدين المعروف بابن الصلاح (المتوفى: 643ه)	ShamelaY19	22870	0.66819
		ديوان البرعي	عبد الرحيم بن أحمد بن علي البرعي اليماني (803 هـ - 1400 م)	ShamAY	37845	0.66818
		تحريم آلات الطرب	أبو عبد الرحمن محمد ناصر الدين، بن الحاج نوح بن نجاتي بن آدم، الأشقودري الألباني (المتوفى: 1420هـ)	ShamAY	11081	0.66816
		علوم القرآن عند الشاطبي من خلال كتابه الموافقات	محمد سالم أبو عاصي	ShamelaY19	37998	0.66815
		لقاء الباب المفتوح	محمد بن صالح بن محمد العثيمين (المتوفى : 1421هـ)	ShamAY	7687	0.66814
		شرح لمعة الاعتقاد - يوسف الغفيص	يوسف بن محمد علي الغفيص	ShamAY	31674	0.66814
		بحوث ندوة أثر القرآن الكريم في تحقيق الوسطية ودفع الغلو	مجموعة من المؤلفين	ShamAY	31448	0.66813
		العبودية	تقي الدين أبو العباس أحمد بن عبد الحليم بن عبد السلام بن عبد الله بن أبي القاسم بن محمد ابن تيمية الحراني الحنبلي الدمشقي (المتوفى: 728ه)	ShamelaY19	22647	0.66812
		 مجلة فقه أهل البيت ( ع ) 	 مجموعة مؤلفين 	ABLibrary	9748	0.66811
		رسائل المحقق الكركي - الجزء1	علي بن الحسين‏ المحقق الكركي	Masaha	1162	0.66809
		الوهابيّون والبيوت المرفوعة	الشيخ محمد علي بن الحسن الهمداني السنقري الكردستاني	Rafed	3456	0.66804
		شرح العقيدة الطحاوية للبراك	عبد الرحمن بن ناصر بن براك بن إبراهيم البراك	ShamAY	14	0.66799
		التبصرة - ت عبد الواحد	ابن الجوزي	ShamAY	38311	0.66799
		قيمة الزمن عند العلماء	عبد الفتاح أبو غدة الحلبي الحنفي (المتوفى: 1417ه)	ShamelaY19	96882	0.66798
		الثبات والشمول في الشريعة الإسلامية	الدكتور عابد بن محمد السفياني	ShamAY	32602	0.66797
		 بحار الأنوار 	 العلامة المجلسي 	ABLibrary	756	0.66797
		الرسل والرسالات	عمر بن سليمان بن عبد الله الأشقر العتيبي	ShamAY	9655	0.66796
		شرح كتاب العلم لأبي خيثمة - عبد الكريم الخضير	عبد الكريم الخضير	ShamelaY19	21627	0.66796
		هكذا كان الصالحون	أبو عبد الملك خالد بن عبد الرحمن الحسينان	ShamAY	611	0.66795
		الإيضاح في مناسك الحج والعمرة	أبو زكريا محيي الدين يحيى بن شرف النووي (المتوفى: 676ه)	ShamelaY19	96232	0.66793
		الفرقان بين أولياء الرحمن وأولياء الشيطان	تقي الدين أبو العباس أحمد بن عبد الحليم بن عبد السلام بن عبد الله بن أبي القاسم بن محمد ابن تيمية الحراني الحنبلي الدمشقي (المتوفى: 728ه)	Sham19Y	21499	0.66793
		الإحكام في أصول الأحكام للآمدي	أبو الحسن سيد الدين علي بن أبي علي بن محمد بن سالم الثعلبي الآمدي (المتوفى: 631هـ)	ShamAY	10801	0.66792
		مقدمة ابن الصلاح = معرفة أنواع علوم الحديث - ت عتر	عثمان بن عبد الرحمن، أبوعمرو، تقي الدين المعروف بابن الصلاح (المتوفى: 643هـ)	ShamAY	125	0.66792
		اختيار الأولى في شرح حديث اختصام الملأ الأعلى المؤلف: زين الدين عبد الرحمن بن أحمد بن رجب بن الحسن، السَلامي، البغدادي، ثم الدمشقي، الحنبلي (المتوفى: 795هـ)	ابن رجب الحنبلي	ShamAY	22720	0.66789
		مطارح الأنظار [ج ١]	الميرزا أبو القاسم الكلانتري الطهراني	Rafed	991	0.66789
		أصول مسائل العقيدة عند السلف وعند المبتدعة	سعود بن عبد العزيز الخلف	ShamAY	7259	0.66788
		شرح الوصية الكبرى	يوسف بن محمد علي الغفيص	ShamAY	31672	0.66788
		الفاضح لمذهب الشيعة الإمامية	حامد مسوحلي الإدريسي	ShamAY	27	0.66787
		شرح كتاب العلم لأبي خيثمة - عبد الكريم الخضير	عبد الكريم الخضير	ShamAY	155	0.66786
		الحديث في علوم القرآن والحديث	حسن محمد أيوب (المتوفى: 1429ه)	ShamelaY19	37691	0.66785
		جمل العلم و العمل	السيد المرتضى	Masaha	994	0.66785
		مناهج الأحكام في مسائل الحلال و الحرام	الميرزا القمي	Masaha	1540	0.66782
		شرح رسالة أبي داود لأهل مكة	عبد الكريم الخضير	ShamelaY19	23424	0.66781
		نشوار المحاضرة وأخبار المذاكرة	المحسن بن علي بن محمد بن أبي الفهم داود التنوخي البصري، أبو علي (المتوفى: 384هـ)	ShamAY	10275	0.66775
		جمهرة أشعار العرب	أبو زيد محمد بن أبي الخطاب القرشي (المتوفى: 170هـ)	ShamAY	1487	0.66775
		ثم أبصرت الحقيقة	محمد سالم الخضر	ShamAY	31977	0.66773
		الفتح على أبي الفتح	محمد بن حمد بن محمد بن عبد الله بن محمود بن فورجة البروجردي (المتوفى: نحو 455ه)	ShamelaY19	37025	0.66772
		الوافية في أصول الفقه	عبد الله بن محمّد البشروي الخراساني	Rafed	336	0.66772
		خريدة العجائب وفريدة الغرائب	سراج الدين بن الوردي	Rafed	2213	0.66772
		ارشاد القلوب 	حسن بن  محمد الديلمي	Ghbook	16043	0.66772
		الإعلام بما في دين النصارى من الفساد والأوهام وإظهار محاسن الإسلام	أبو عبد الله محمد بن أحمد بن أبي بكر بن فرح الأنصاري الخزرجي شمس الدين القرطبي (المتوفى: 671هـ)	ShamAY	6517	0.66771
		الإيضاح في علوم البلاغة - إحياء العلوم	جلال الدين أبو عبدالله محمد بن سعدالدين بن عمر القزويني	ShamAY	33778	0.66769
		للنساء فقط ...أحكام شرعية ـ آداب إسلامية ـ نصائح وتوجيهات	عبد الله بن أحمد آل علاف الغامدي	ShamAY	35116	0.66765
		الألفاظ = الكتابة والتعبير	أبو منصور الباحث محمد بن سهل بن المَرْزُبان الكرخي (المتوفى: نحو 330هـ)	ShamAY	6925	0.66763
		ثم أبصرت الحقيقة	محمد سالم الخضر	ShamAY	35303	0.66762
		أَركانُ الإيمانِ	علي بن نايف الشحود	ShamAY	35	0.66762
		التّفسير الحديث  [ج ١]	محمّد عزّة دروزة	Rafed	3689	0.66762
		دستور العلماء = جامع العلوم في اصطلاحات الفنون	القاضي عبد النبي بن عبد الرسول الأحمد نكري (المتوفى: ق 12هـ)	ShamAY	7038	0.66761
		مواعظ الصحابة - رضي الله عنهم - «مواعظ علمية منهجية وتربوية»	عمر بن عبد الله بن محمد المقبل	Sham19Y	17082	0.66761
		مصابيح الجامع	محمد بن أبي بكر بن عمر بن أبي بكر بن محمد، المخزومي القرشي، بدر الدين المعروف بالدماميني، وبابن الدماميني (المتوفى: 827 هـ)	ShamAY	32455	0.6676
		إحكام الأحكام شرح عمدة الأحكام	ابن دقيق العيد	ShamAY	1665	0.6676
		الفرقان في تفسير القرآن بالقرآن والسنّة [ج ٩]	الشيخ محمد الصادقي	Rafed	3020	0.6676
		الموسوعة القرآنية المتخصصة	مجموعة من الأساتذة والعلماء المتخصصين	ShamelaY19	96301	0.66756
		حاشية الروض المربع شرح زاد المستقنع	عبد الرحمن بن محمد بن قاسم العاصمي الحنبلي النجدي (المتوفى: 1392هـ)	ShamAY	12216	0.66755
		نتائج الفكر في النَّحو للسُّهَيلي	أبو القاسم عبد الرحمن بن عبد الله بن أحمد السهيلي (المتوفى: 581هـ)	ShamAY	613	0.66754
		 بحار الأنوار 	 العلامة المجلسي 	ABLibrary	755	0.66753
		سلسلة ومضات إعجازيّة من القرآن والسّنة النّبويّة	الدكتور المهندس خالد فائق صديق العبيدي (معاصر)	ShamAY	34110	0.66752
		جواهر الكلام [ج ٢١]	الشيخ محمّد حسن النّجفي	Rafed	653	0.6675
		الطريق الى خراسان	كمال السيد	Rafed	70	0.6675
		منهج أهل السنة في تقويم الرجال ومؤلفاتهم	الشيخ محمد بن أحمد إسماعيل المقدم	ShamAY	35593	0.66749
		 الاجتهاد والتقليد وسلطات الفقيه وصلاحياته 	 الشيخ محمد مهدي الآصفي 	ABLibrary	9537	0.66747
		غاية المريد شرح كتاب التوحيد	د. عبد الرحمن بن عبد العزيز العقل	ShamelaY19	145172	0.66745
		بلوغ غاية الأماني في الرد على مفتاح التيجاني	أحمد ولد الكوري العلوي الشنقيطي	ShamAY	35517	0.66743
		فيض الباري على صحيح البخاري	(أمالي) محمد أنور شاه بن معظم شاه الكشميري الهندي ثم الديوبندي (المتوفى: 1353ه)	Sham19Y	98124	0.66742
		الفاضح لمذهب الشيعة الإمامية	حامد مسوحلي الإدريسي	ShamelaY19	36423	0.66741
		نضرة النعيم في مكارم أخلاق الرسول الكريم	مجموعة من المؤلفين	Sham19Y	22798	0.6674
		العدد القوية لدفع المخاوف اليومية	رضي الدين الحلي	Masaha	1072	0.66739
		دروس للشيخ سفر الحوالي	سفر بن عبد الرحمن الحوالي	ShamAY	425	0.66738
		دلائل النبوة ومعرفة أحوال صاحب الشريعة	أحمد بن الحسين بن علي بن موسى الخُسْرَوْجِردي الخراساني، أبو بكر البيهقي (المتوفى: 458هـ)	ShamAY	7478	0.66737
		الْعَقَائِدُ الْإِسْلاَمِيَّةِ مِنَ الْآيَاتِ الْقُرْآنِيَّةِ وَالْأَحَادِيثِ النَّبَوِيَّةِ	عبد الحميد محمد بن باديس الصنهاجي (المتوفى: 1359هـ)	ShamAY	1698	0.66733
		نصر الشرعة بقمع البدعة رسالة في شرح قاعدة: (كل إحداث في الدين فهو رد)	الواحدي :: وليد السعيدان	ShamAY	37490	0.66732
		المجالس الوعظية في شرح أحاديث خير البرية صلى الله عليه وسلم من صحيح الإمام البخاري	شمس الدين محمد بن عمر بن أحمد السفيري الشافعي (المتوفى: 956هـ)	ShamAY	9823	0.66732
		المنخول من تعليقات الأصول	أبو حامد محمد بن محمد الغزالي الطوسي (المتوفى: 505هـ)	ShamAY	3960	0.6673
		المواعظ والاعتبار بذكر الخطط والآثار	أحمد بن علي بن عبد القادر، أبو العباس الحسيني العبيدي، تقي الدين المقريزي (المتوفى: 845هـ)	ShamAY	11566	0.6673
		شرح طيبة النشر في القراءات العشر	محمد بن محمد بن محمد، أبو القاسم، محب الدين النويري (المتوفى: 857ه)	ShamelaY19	38740	0.6673
		كتاب الأزمنة والأمكنة	أحمد بن محمد المرزوقي الأصفهاني	Masaha	4122	0.6673
		العقيدة في الله	عمر بن سليمان بن عبد الله الأشقر العتيبي	ShamAY	9667	0.66729
		أضواء البيان في إيضاح القرآن بالقرآن	الشنقيطي، محمد الأمين	ShamelaY19	22918	0.66729
		التجارة الرابحة	أبو مالك محمد بن حامد بن عبد الوهاب	ShamAY	33735	0.66721
		دفع الشبه عن الرسول (ص) و الرساله	ابوبكر بن محمد حصني	Ghbook	5310	0.66721
		الحديث في علوم القرآن والحديث	حسن محمد أيوب (المتوفى: 1429هـ)	ShamAY	1092	0.66718
		غنية النزوع إلى علمي الأصول والفروع	السيّد حمزة بن علي بن زهرة الحلبي [ ابن زهرة ]	Rafed	1459	0.66718
		الدفاع عن الله ورسوله وشرعه	أبو الأشبال حسن الزهيري آل مندوه المنصوري المصري	ShamAY	873	0.66717
		الميزان في تفسير القرآن [ج ٩]	آية الله السيد محمد حسين الطباطبائي	Rafed	1438	0.66717
		هدي المتقين الي شريعه سيد المرسلين	علي بن محمد رضا بن هادي نجفي ( كاشف الغطاء )	Ghbook	11142	0.66714
		أصول الدعوة وطرقها 2 - جامعة المدينة	مناهج جامعة المدينة العالمية	ShamAY	1669	0.66713
		الموازنة بين شعر أبي تمام والبحتري	أبو القاسم الحسن بن بشر الآمدي (ت 370 هـ)	ShamAY	31849	0.66711
		تَكْمِلَةُ الجَامِع لِسِيْرَةِ شَيْخِ الإِسْلَامِ ابْن تَيْمِيَّة خِلَال سَبْعَة قرُون	علي بن محمد بن حسين العِمران	ShamAY	38478	0.66711
		 أدب الطف أو شعراء الحسين ( ع ) 	 جواد شبر 	ABLibrary	7403	0.66709
		الفصل في الملل والأهواء والنّحل [ج ٣]	أبي محمد علي بن أحمد [ ابن حزم الأندلسي الظاهري ]	Rafed	3703	0.66707
		فتاوى موقع الألوكة	مجموعة من المؤلفين	ShamAY	37644	0.66706
		فقه النصر والتمكين في القرآن الكريم	علي محمد محمد الصلابي	ShamAY	36740	0.66704
		الدرة الغراء في نصيحة السلاطين والقضاة والأمراء	محمود بن إسماعيل بن إبراهيم بن ميكائيل الخَيْربَيْتي (المتوفى: 843هـ)	ShamAY	9683	0.66702
		شحذ النصال في الرد على أهل الضلال		ShamAY	37810	0.66702
		البصيرة في الدعوة إلى الله	عزيز بن فرحان العنزي	ShamelaY19	30916	0.66701
		نظرات في التربية الإيمانية	مجدي الهلالي	Sham19Y	36414	0.66701
		التفسير الوسيط للقرآن الكريم [ج ٦]	الدكتور محمد سيد طنطاوي	Rafed	3944	0.66701
		هل نحن مسلمون	الواحدي :: محمد قطب	ShamAY	33329	0.667
		غرر الحكم ودرر الكلم	عبد الواحد بن محمد التميمي الآمدي	Masaha	4580	0.66698
		الوقت وأهميته في حياة المسلم	علي بن نايف الشحود	ShamAY	34842	0.66697
		بحار الأنوار [ج ١٧]	الشيخ محمّد باقر بن محمّد تقي المجلسي	Rafed	859	0.66696
		نظرات معاصرة في القرآن الكريم	د. محمد حسين الصغير	Masaha	1753	0.66696
		التعليقات المباركات على كتاب كشف الشبهات	زيد بن محمد المدخلي	ShamAY	32973	0.66695
		كشف موقف الغزالي من السنة وأهلها ونقد بعض آرائه	ربيع بن هادي المدخلي	ShamAY	33004	0.66695
		من اسباب ضعف المسلمين	آيت الله العظمي سيد محمد حسيني شيرازي	Ghbook	7834	0.66695
		نقد الشعر	قدامة بن جعفر بن قدامة بن زياد البغدادي، أبو الفرج (المتوفى: 337ه)	ShamelaY19	28181	0.66692
		إحكام الأحكام شرح عمدة الأحكام	ابن دقيق العيد	Sham19Y	1665	0.66692
		 بحار الأنوار 	 العلامة المجلسي 	ABLibrary	788	0.66692
		لأكون مع الصادقين	الدكتور محمّد التيجاني السماوي	Rafed	3416	0.66692
		30 طريقة لخدمة الدين	رضا أحمد صمدي	ShamAY	33514	0.66689
		القواعد النورانية الفقهية - ط السنة المحمدية	تقي الدين أبو العباس أحمد بن عبد الحليم بن تيمية الحراني (المتوفى : 728هـ)	ShamAY	34365	0.66688
		تفسير ملاحم المحكمات	محمد السند	Ghbook	8411	0.66688
		عيون الأخبار	أبو محمد عبد الله بن مسلم بن قتيبة الدينوري (المتوفى: 276ه)	ShamelaY19	23790	0.66684
		 نزهة الامم في العجائب والحكم 	 ابن إياس 	ABLibrary	9293	0.66684
		زواج بغير اعوجاج	حسين هادي الشامي	Rafed	214	0.66682
		مصارع الشهداء ومقاتل السعداء	الشيخ سلمان آل عصفور	Masaha	1749	0.66682
		موسوعة الأخلاق الإسلامية - الدرر السنية	مجموعة من المؤلفين	ShamAY	1521	0.6668
		مختصر تفسير ابن كثير	(اختصار وتحقيق) محمد علي الصابوني	ShamelaY19	21549	0.6668
		الفاضح لمذهب الشيعة الإمامية	حامد مسوحلي الإدريسي	Sham19Y	36423	0.6668
		علوم القرآن عند الشاطبي من خلال كتابه الموافقات	محمد سالم أبو عاصي	ShamAY	1477	0.66678
		فتاوى د حسام عفانة	حسام الدين بن موسى محمد بن عفانة	Sham19Y	10517	0.66677
		التفسير الوسيط للقرآن الكريم [ج ٩]	الدكتور محمد سيد طنطاوي	Rafed	3947	0.66677
		المحرّر الوجيز في تفسير الكتاب العزيز [ج ١]	أبي محمّد عبدالحقّ بن غالب بن عطيّة الأندلسي	Rafed	3293	0.66675
		نهاية الوصول إلى علم الأصول [ج ٢]	الحسن بن يوسف بن علي المطّهر [ العلامة الحلّي ]	Rafed	3661	0.66674
		خلاصه الاذكار و اطمئنان القلوب	ملا محسن فيض كاشاني	Ghbook	13002	0.66674
		محمد فوزي فيض الله العلامة الفقيه المربي	محمد ياسر القضماني	ShamAY	38618	0.66669
		الجديد في تفسير القرآن المجيد [ج ٧]	الشيخ محمّد السبزواري النجفي	Rafed	3721	0.66666
		علم أصول الفقه وخلاصة تاريخ التشريع ط المدني	عبد الوهاب خلاف (المتوفى: 1375هـ)	ShamAY	12380	0.66665
		ابن تيمية لم يكن ناصبياً	سليمان الخراشي	ShamAY	35285	0.66664
		شرح كتاب الإبانة من أصول الديانة	أبو الأشبال حسن الزهيري آل مندوه المنصوري المصري	ShamelaY19	37436	0.66664
		فَتَّاوَى الإِمامِ النَّوَوَيِ المُسمَّاةِ: "بالمَسَائِل المنْثورَةِ"	أبو زكريا محيي الدين يحيى بن شرف النووي (المتوفى: 676هـ)	ShamAY	497	0.6666
		علم أصول الفقه ط مكتبة الدعوة	عبد الوهاب خلاف	Sham19Y	10767	0.66659
		 رسائل ومقالات 	 الشيخ السبحاني 	ABLibrary	8438	0.66658
		التهذيب في فقه الإمام الشافعي	محيي السنة، أبو محمد الحسين بن مسعود بن محمد بن الفراء البغوي الشافعي (المتوفى: 516 هـ)	ShamAY	32365	0.66657
		الإعجاز والإيجاز	عبد الملك بن محمد بن إسماعيل أبو منصور الثعالبي (المتوفى: 429ه)	Sham19Y	23741	0.66654
		محاضرات في الاعتقادات - الجزء2	السيد علي الحسيني الميلاني	Masaha	402	0.66654
		 دليل تحرير الوسيلة ( ولاية الفقيه ) 	 علي أكبر السيفي المازندراني 	ABLibrary	892	0.66652
		بحار الأنوار [ج ٩]	الشيخ محمّد باقر بن محمّد تقي المجلسي	Rafed	821	0.66652
		منازل الحور العِين في قلوب العارفين برب العالمين	أبو محمد عبد الكريم بن صالح بن عبد الكريم الحميد	ShamAY	1081	0.66651
		موسوعه الامام المهدي ( عجل الله تعالي فرجه الشريف )	مركز الابحاث العقائدية	Ghbook	4584	0.66651
		 الإيضاح 	 ابو فراس 	ABLibrary	8354	0.6665
		الشيعة في الإسلام	السيد محمد حسين الطباطبائي	Masaha	2319	0.6665
		الرسائل التوحيدية	السيد محمد حسين الطباطبائي	Masaha	2318	0.6665
		تيسيرُ علم أصول الفقه	عبد الله بن يوسف بن عيسى بن يعقوب اليعقوب الجديع العنزي	ShamAY	22396	0.66644
		الادباء من آل ابي طالب عليه السلام	سيدمهدي رجايي	Ghbook	15557	0.66644
		الطعن في القرآن الكريم و الرد على الطاعنين في القرن الرابع عشر الهجري	عبدالمحسن بن زبن بن متعب المطيري	ShamAY	36872	0.66642
		العقائد الاسلاميه:عرض مقارن لاهم موضوعاتها من مصادر السنه و الشيعه	آيت الله العظمي سيد علي حسيني سيستاني	Ghbook	10421	0.66642
		المجالس الوعظية في شرح أحاديث خير البرية صلى الله عليه وسلم من صحيح الإمام البخاري	شمس الدين محمد بن عمر بن أحمد السفيري الشافعي (المتوفى: 956ه)	Sham19Y	9823	0.66641
		أمثال القرآن	آية الله مكارم الشيرازي	Rafed	3167	0.6664
		الإسلام دين هداية ورحمة واستعصاء	الواحدي :: عبد الله قادري الأهدل	ShamAY	33421	0.66639
		مختصر العلو للعلي العظيم للذهبي	شمس الدين أبو عبد الله محمد بن أحمد بن عثمان بن قَايْماز الذهبي (المتوفى: 748هـ)	ShamAY	7318	0.66639
		هداية المسترشدين - الجزء1	الشيخ محمد تقي الأصفهاني النجفي	Masaha	4828	0.66638
		الخصائص [ج ٣]	أبي الفتح عثمان بن جنّي	Rafed	2089	0.66637
		شرح نظم عقيدة السفاريني	عبد الكريم الخضير	ShamAY	18	0.66636
		دلائل النبوة ومعرفة أحوال صاحب الشريعة	أحمد بن الحسين بن علي بن موسى الخسروجردي الخراساني، أبو بكر البيهقي (المتوفى: 458ه)	Sham19Y	7478	0.66636
		مختصر الأمثل في تفسير كتاب الله المنزل [ج ٤]	آية الله مكارم الشيرازي	Rafed	3862	0.66635
		الدين الخالص أو إرشاد الخلق إلى دين الحق (والمجلد التاسع طبع باسم: إرشاد الناسك إلى أعمال المناسك)	محمود محمد خطاب السبكي	ShamelaY19	20907	0.66631
		جواهر الكلام [ج ٤٠]	الشيخ محمّد حسن النّجفي	Rafed	769	0.66631
		مشكل الحديث وبيانه	محمد بن الحسن بن فورك الأنصاري الأصبهاني، أبو بكر (المتوفى: 406هـ)	ShamAY	5899	0.6663
		استمتع بحياتك	محمد العريفي	ShamAY	35044	0.6663
		التّحقيق في نفي التّحريف عن القرآن الشّريف	السيّد علي الحسيني الميلاني	Rafed	4052	0.66628
		تفسير حدائق الروح والريحان في روابي علوم القرآن	الشيخ العلامة محمد الأمين بن عبد الله الأرمي العلوي الهرري الشافعي	ShamAY	32250	0.66627
		 المسامرة شرح المسايرة في العقائد المنجية في الآخرة 	 ابن أبي شريف المقدسي 	ABLibrary	8598	0.66627
		سلوة الحزين	القطب الراوندي	Masaha	1028	0.66627
		تحذير الساجد من اتخاذ القبور مساجد	محمد ناصر الدين الألباني (المتوفى: 1420هـ)	ShamAY	349	0.66626
		 أدب النفس 	 الحكيم الترمذي 	ABLibrary	8694	0.66626
		سرور النفس بمدارك الحواس الخمس	أبو العباس أحمد بن يوسف التيفاشي (المتوفى: 651هـ)	ShamAY	1032	0.66623
		 بحار الأنوار 	 العلامة المجلسي 	ABLibrary	767	0.66621
		الاعتصام بالكتاب والسنة	الشيخ جعفر السبحاني	Masaha	4867	0.6662
		شخصية المسلم كما يصوغها الإسلام في الكتاب والسنة	الدكتور محمد علي الهاشمي	ShamelaY19	96265	0.66618
		أبهى المداد في شرح مؤتمر علماء بغداد [ج ١]	مقاتل بن عطيّة	Rafed	3308	0.66617
		شرح رسالة أبي داود لأهل مكة	عبد الكريم الخضير	ShamAY	141	0.66616
		البحر المحيط في أصول الفقه	أبو عبد الله بدر الدين محمد بن عبد الله بن بهادر الزركشي (المتوفى: 794ه)	Sham19Y	21593	0.66615
		الأمثل في تفسير كتاب الله المنزل [ج ١٣]	آية الله مكارم الشيرازي	Rafed	2057	0.66615
		كتاب الإعلام بأعلام بيت الله الحرام‏  - الجزء1	محمد بن أحمد النهرواني	Masaha	4217	0.66615
		السياسة الشرعية في إصلاح الراعي والرعية - ط المعرفة	أحمد بن عبد الحليم بن تيمية الحراني	ShamAY	34361	0.6661
		تفسير القرآن الكريم - أسامة سليمان	أسامة علي محمد سليمان	ShamelaY19	37769	0.6661
		 بحار الأنوار 	 العلامة المجلسي 	ABLibrary	789	0.66608
		دروس الشيخ ناصر العقل	ناصر بن عبد الكريم العلي العقل	ShamAY	933	0.66607
		شرح أصول الكافي - الجزء1	صدر الدين محمد بن إبراهيم الشيرازي	Masaha	4595	0.66604
		منَاهِجُ التَّحصِيلِ ونتائج لطائف التَّأْوِيل في شَرحِ المدَوَّنة وحَلِّ مُشكِلاتها	أبو الحسن علي بن سعيد الرجراجي (المتوفى: بعد 633هـ)	ShamAY	31750	0.66601
		تحفة القادم	ابن الأبار، محمد بن عبد الله بن أبي بكر القضاعي البلنسي (المتوفى: 658هـ)	ShamAY	26108	0.66598
		دروس الشيخ ناصر العقل	ناصر بن عبد الكريم العلي العقل	ShamelaY19	37729	0.66598
		الامامه عهد الهي،بحوث قرآنيه في الامامه	علي جبوري	Ghbook	11930	0.66592
		شرح الرسالة الصلاتية	الشيخ يوسف البحراني	Masaha	1520	0.66591
		تفسير القرآن الكريم - أسامة سليمان	أسامة علي محمد سليمان	ShamAY	776	0.6659
		تراثنا ـ العددان [ 85 و 86 ]	مؤسسة آل البيت عليهم السلام لإحياء التراث ـ قم	Rafed	3628	0.6659
		شرح ألفية العراقي - عبد الكريم الخضير	عبد الكريم الخضير	ShamelaY19	23769	0.66587
		المذاكرة في ألقاب الشعراء	أبو المجد اسعد بن إبراهيم الشيباني الإربلي المعروف بمجد الدين النشابي الكاتب (المتوفى: 657هـ)	ShamAY	746	0.66586
		 الجبر والاختيار 	 السيد محمد صادق الروحاني 	ABLibrary	8404	0.66586
		أصول مسائل العقيدة عند السلف وعند المبتدعة	سعود بن عبد العزيز الخلف	Sham19Y	7259	0.66585
		سياست نامه أو سير الملوك	الحسن بن علي بن إسحاق الطوسي، أبو علي، الملقب بقوام الدين، نظام الملك (المتوفى: 485هـ)	ShamAY	8345	0.66584
		تاريخ ابن خلدون - إحياء التراث	ابن خلدون	ShamAY	33819	0.66581
		النظم البلاغي بين النظرية والتطبيق	حسن بن إسماعيل بن حسن بن عبد الرازق الجناجي رئيس قسم البلاغة بجامعة الأزهر (المتوفى: 1429 ه)	ShamelaY19	151013	0.66581
		الآثار المرفوعة في الأخبار الموضوعة	محمد عبد الحي بن محمد عبد الحليم الأنصاري اللكنوي الهندي، أبو الحسنات (المتوفى: 1304هـ)	ShamAY	6053	0.66576
		الدين الخالص أو إرشاد الخلق إلى دين الحق (والمجلد التاسع طبع باسم: إرشاد الناسك إلى أعمال المناسك)	محمود محمد خطاب السبكي	Sham19Y	20907	0.66576
		عقد الجيد في أحكام الاجتهاد والتقليد	أحمد بن عبد الرحيم بن الشهيد وجيه الدين بن معظم بن منصور المعروف بـ «الشاه ولي الله الدهلوي» (المتوفى: 1176هـ)	ShamAY	6357	0.66574
		معالم المدرستين [ج ٢]	السيد مرتضى العسكري	Rafed	3472	0.66574
		تفسير الصّافي [ج ٢]	محمّد بن المرتضى [ الفيض الكاشاني ]	Rafed	3029	0.66572
		مدخل إلى التفسير وعلوم القرآن	عبد الجواد خلف محمد عبد الجواد	ShamelaY19	21486	0.66571
		الأمثل في تفسير كتاب الله المنزل [ج ٥]	آية الله مكارم الشيرازي	Rafed	2042	0.6657
		فقه التعامل مع الأخطاء على ضوء منهج السلف	عبد الرحمن بن أحمد علوش المدخلي	ShamAY	36404	0.66569
		دحر افتراءات أهل الزيغ والارتياب عن دعوة الإمام محمد بن عبدالوهاب "رحمه الله" (نقد لحسن المالكي)	ربيع بن هادي المدخلي	ShamAY	33021	0.66567
		معالم الفتن - الجزء1	سعيد أيوب	Masaha	423	0.66566
		تفصيل النشأتين وتحصيل السعادتين	أبو القاسم الحسين بن محمد المعروف بالراغب الأصفهانى (المتوفى: 502ه)	Sham19Y	21562	0.66565
		إيضاح المسالك إلى قواعد الإمام مالك (مع دراسة لحياة المؤلف وآثاره وعصره)	أبو العباس أحمد بن يحيى الونشريسى	ShamelaY19	132374	0.66563
		جمهرة مقالات العلامة الشيخ أحمد محمد شاكر - مع أهم تعقبات الشيخ على دائرة المعارف الإسلامية	أحمد محمد شاكر	ShamelaY19	20642	0.66553
		 شرح المقاصد 	 التفتازاني 	ABLibrary	8466	0.66553
		العقائد الإسلامية - الجزء1	مركز المصطفى	Masaha	370	0.66552
		الإعجاز والإيجاز	عبد الملك بن محمد بن إسماعيل أبو منصور الثعالبي (المتوفى: 429ه)	ShamelaY19	23741	0.66551
		الرحلة المعينية	ماء العينين ابن العتيق	Masaha	4349	0.6655
		فتاوى أركان الإسلام	محمد بن صالح بن محمد العثيمين (المتوفى: 1421هـ)	ShamAY	9924	0.66549
		الرسالة الشافية	أبو بكر عبد القاهر بن عبد الرحمن بن محمد الفارسي الأصل، الجرجاني الدار (المتوفى: 471هـ)	ShamAY	31986	0.66547
		الدين الخالص أو إرشاد الخلق إلى دين الحق	محمود خطاب السبكى	ShamAY	33229	0.66547
		امثال القران	آيت الله العظمي ناصرمكارم شيرازي	Ghbook	3275	0.66547
		الآداب الشرعية والمنح المرعية	محمد بن مفلح بن محمد بن مفرج، أبو عبد الله، شمس الدين المقدسي الرامينى ثم الصالحي الحنبلي (المتوفى: 763ه)	ShamelaY19	21582	0.66546
		 مفتاح المعية في دستور الطريقة النقشبندية 	 الشيخ عبد الغني النابلسي 	ABLibrary	8858	0.66545
		 أنوار الفقاهة ( كتاب النكاح ) 	 الشيخ ناصر مكارم الشيرازي 	ABLibrary	9680	0.66542
		التكفير حكمه وضوابطه والغلو فيه	فهد عبد الله	ShamAY	35474	0.6654
		الإبهاج في شرح المنهاج ((منهاج الوصول إلي علم الأصول للقاضي البيضاوي المتوفي سنه 785هـ))	تقي الدين أبو الحسن علي بن عبد الكافي بن علي بن تمام بن حامد بن يحيي السبكي وولده تاج الدين أبو نصر عبد الوهاب	ShamAY	11727	0.66539
		تنزيه القرآن الكريم عن دعاوى المبطلين	منقذ بن محمود السقار	ShamAY	1558	0.66539
		المقنع في الغيبة والزيادة المكملة له	السيد المرتضى	Masaha	428	0.66539
		منهج الأنبياء في الدعوة إلى الله فيه الحكمة والعقل	ربيع بن هادي المدخلي	ShamAY	34777	0.66538
		غاية الآمال في شرح كتاب المكاسب - الجزء1	الشيخ محمد حسن المامقاني	Masaha	1579	0.66537
		نشر البنود على مراقي السعود	عبد الله بن إبراهيم العلوي الشنقيطي	ShamelaY19	20892	0.66536
		تفسير البيان الصافي لكلام الله الوافي [ج ١]	الشيخ محمد حسن القبيسي العاملي	Rafed	3756	0.66536
		الانتصار - الجزء1	الشيخ علي الكوراني	Masaha	125	0.66536
		الإقبال بالأعمال الحسنة (ط - الحديثة) - الجزء1	السيد علي بن موسى بن طاووس	Masaha	1012	0.66536
		مواعظ الصحابة - رضي الله عنهم - «مواعظ علمية منهجية وتربوية»	عمر بن عبد الله بن محمد المقبل	ShamAY	32103	0.66535
		المزهر في علوم اللغة وأنواعها	عبد الرحمن بن أبي بكر، جلال الدين السيوطي (المتوفى: 911هـ)	ShamAY	6936	0.66535
		غنية النزوع إلى علمي الأصول والفروع	حمزة بن علي الحسيني الحلبي	Masaha	707	0.66535
		جواهر الكلام [ج ٢٦]	الشيخ محمّد حسن النّجفي	Rafed	660	0.66534
		خلاصة القوانين‏	أحمد الأنصاري	Masaha	3767	0.66534
		مقدمة ابن الصلاح = معرفة أنواع علوم الحديث - ت فحل	عثمان بن عبد الرحمن، أبوعمرو، تقي الدين المعروف بابن الصلاح (المتوفى: 643ه)	ShamelaY19	23799	0.66532
		النور المبين في قصص الأنبياء والمرسلين	السيد نعمة الله الجزائري	Masaha	4680	0.66531
		إعلام الموقعين عن رب العالمين	محمد بن أبي بكر أيوب الزرعي أبو عبد الله	ShamAY	34410	0.66527
		 شرح العقيدة الإصفهانية 	 ابن تيميه 	ABLibrary	8459	0.66527
		آصرةُ العقيدة هي الأساسُ	علي بن نايف الشحود	ShamAY	312	0.66525
		الآيات البينات في عدم سماع الأموات على مذهب الحنفية السادات	نعمان بن محمود الألوسي (المتوفى: 1317هـ)	ShamAY	247	0.66524
		بيان إعجاز القرآن	أبو سليمان حمد بن محمد بن إبراهيم بن الخطاب البستي المعروف بالخطابي (المتوفى: 388هـ)	ShamAY	31981	0.66522
		 سند العروة الوثقى ( كتاب الطهارة ) 	 الشيخ محمد السند 	ABLibrary	9547	0.6652
		رحلة ابن خلدون	عبد الرحمن بن محمد بن محمد، ابن خلدون أبو زيد، ولي الدين الحضرمي الإشبيلي (المتوفى: 808هـ)	ShamAY	385	0.66516
		دروس للشيخ محمد ناصر الدين الألباني	محمد ناصر الدين الألباني (المتوفى : 1420هـ)	ShamAY	7682	0.66515
		عيون الأخبار	أبو محمد عبد الله بن مسلم بن قتيبة الدينوري (المتوفى: 276هـ)	ShamAY	23790	0.66515
		روضة الناظر - ط جامعة الإمام	أبو محمد موفق الدين عبد الله بن أحمد بن محمد بن قدامة الجماعيلي المقدسي ثم الدمشقي الحنبلي، الشهير بابن قدامة المقدسي (المتوفى: 620هـ)	ShamAY	34197	0.66513
		كيف نغير ما بأنفسنا	مجدي الهلالي	ShamelaY19	37342	0.66513
		مسائل فقهية	السيد عبد الحسين شرف الدين	Masaha	420	0.66511
		السياسة الشرعية في إصلاح الراعي والرعية	الواحدي :: ابن تيمية	ShamAY	34347	0.66509
		حقوق المرأة في ضوء الكتاب والسنة	الدكتور/ مرزوق بن هياس آل مرزوق الزهراني	ShamelaY19	36118	0.66508
		فتح الله الحميد المجيد في شرح كتاب التوحيد	حامد بن محمد بن حسين بن محسن	ShamAY	11326	0.66505
		الشيعة في الإسلام	آية الله السيد محمد حسين الطباطبائي	Rafed	3518	0.66505
		النصيحة الكافية لمن خصه الله بالعافية	شهاب الدين أبو العباس أحمد بن أحمد بن محمد بن عيسى البرنسي الفاسي، المعروف بـ زروق (المتوفى: 899هـ)	ShamAY	258	0.66501
		حياة الإمام الحسن بن علي عليهما السلام دراسة وتحليل [ج ١]	باقر شريف القرشي	Rafed	609	0.665
		شرح كتاب آداب المشي إلى الصلاة أو العبادات (الصلاة، الزكاة، الصيام)	محمد بن إبراهيم بن عبد اللطيف آل الشيخ (المتوفى: 1389هـ)	ShamAY	11263	0.66499
		105 حديث از حضرت امام جواد عليه السلام	موسسه آل البيت (ع)	Ghbook	15993	0.66499
		فتاوى د حسام عفانة	حسام الدين بن موسى محمد بن عفانة	ShamAY	10517	0.66498
		عقيدة الولاء والبراء - المقدم	محمد أحمد إسماعيل المقدم	ShamelaY19	36991	0.66498
		تفسير القرآن العظيم [ج ٩]	أبي الفداء اسماعيل بن عمر ابن كثير الدمشقي	Rafed	3415	0.66493
		الفرقان بين أولياء الرحمن وأولياء الشيطان - ط الفضيلة	الواحدي :: ابن تيمية	ShamAY	34364	0.66492
		 بحار الأنوار 	 العلامة المجلسي 	ABLibrary	760	0.66492
		الرد على الرفاعي والبوطي في كذبهما على أهل السنة ودعوتهما إلى البدع والضلال	عبد المحسن بن حمد بن عبد المحسن بن عبد الله بن حمد العباد البدر	ShamAY	7624	0.66489
		شفاء الصّدور في شرح زيارة العاشور [ج ١]	ميرزا أبي الفضل الطهراني	Rafed	3232	0.66488
		الغاية فى شرح الهداية فى علم الرواية	شمس الدين أبو الخير محمد بن عبد الرحمن بن محمد بن أبي بكر بن عثمان بن محمد السخاوي (المتوفى: 902هـ)	ShamAY	5956	0.66486
		شرح حديث الافتراق	يوسف بن محمد علي الغفيص	ShamelaY19	37784	0.66484
		النصيحة الكافية لمن خصه الله بالعافية	شهاب الدين أبو العباس أحمد بن أحمد بن محمد بن عيسى البرنسي الفاسي، المعروف ب زروق (المتوفى: 899ه)	Sham19Y	258	0.66484
		من هدي القرآن	آيت الله العظمي سيد محمد تقي مدرسي	Ghbook	10690	0.66483
		عقائد السنة وعقائد الشيعة التقارب والتباعد	الكاتب المصري صالح الورداني	Masaha	347	0.66483
		دَرْجُ الدُّرر في تَفِسيِر الآيِ والسُّوَر	أبو بكر عبد القاهر بن عبد الرحمن بن محمد الفارسي الأصل، الجرجاني الدار (المتوفى: 471هـ)	ShamAY	31694	0.6648
		زواج بغير اعوجاج	السيد حسين هادي الشامي	Masaha	1738	0.66479
		مجمل اعتقاد أئمة السلف	عبد الله بن عبد المحسن بن عبد الرحمن التركي	ShamAY	30858	0.66478
		البحر المحيط في أصول الفقه - العلمية	الزركشي، بدر الدين	ShamAY	34187	0.66476
		 موسوعة العتبات المقدسة 	 جعفر الخليلي 	ABLibrary	9244	0.66475
		اليتيم في القرآن والسنّة	السيد عزالدين بحر العلوم	Masaha	1735	0.66474
		الأزمنة والأمكنة	أبو على أحمد بن محمد بن الحسن المرزوقي الأصفهاني (المتوفى: 421هـ)	ShamAY	11469	0.66471
		الدرر اللوامع في شرح جمع الجوامع	شهاب الدين أحمد بن إسماعيل الكوراني (812 - 893 ه)	ShamelaY19	132415	0.66469
		دروس للشيخ سفر الحوالي	سفر بن عبد الرحمن الحوالي	Sham19Y	7716	0.66468
		 الاقتصاد في الاعتقاد 	 الغزالي 	ABLibrary	8311	0.66467
		المرقبة العليا فيمن يستحق القضاء والفتيا = تاريخ قضاة الأندلس	أبو الحسن علي بن عبد الله بن محمد بن محمد ابن الحسن الجذامي النباهي المالقي الأندلسي (المتوفى: نحو 792هـ)	ShamAY	4363	0.66466
		علم العقيدة والتوحيد		ShamAY	35560	0.66465
		 نشر المحاسن الغالية في فضائل مشايخ الصوفية أصحاب المقامات العالية 	 عبد الله بن أسعد اليافعي اليمني المكي 	ABLibrary	8802	0.66465
		المسائل الصاغانية	الشيخ المفيد	Masaha	631	0.66465
		فيض الباري على صحيح البخاري	(أمالي) محمد أنور شاه بن معظم شاه الكشميري الهندي ثم الديوبندي (المتوفى: 1353هـ)	ShamAY	31617	0.66463
		شرح المقاصد [ج ٥]	مسعود بن عمر بن عبدالله [ سعد الدين التفتازاني ]	Rafed	3517	0.66462
		بحار الأنوار [ج ٦٣]	الشيخ محمّد باقر بن محمّد تقي المجلسي	Rafed	1062	0.66461
		نزهة الأمم في العجائب والحكم	ابن إياس	Rafed	2538	0.6646
		الامامة والحكومة في الأسلام	الشيخ محمد حسين الأنصاري	Rafed	1839	0.66458
		الروضة البهية في شرح اللمعة الدمشقية - الجزء1	الشهيد الثاني	Masaha	587	0.66458
		 منازل السائرين ( شرح التلمساني ) 	 عبد الله الأنصاري الهروي 	ABLibrary	8779	0.66456
		الأمثل في تفسير كتاب الله المنزل [ج ١٧]	آية الله مكارم الشيرازي	Rafed	2063	0.66456
		النظر الفسيح عند مضائق الأنظار في الجامع الصحيح	محمد الطاهر ابن عاشور	ShamelaY19	133359	0.66455
		التوازن التربوي وأهميته لكل مسلم	مجدي الهلالي	ShamelaY19	36395	0.66447
		ارشاد الاذهان الي تفسير القرآن	محمد بن حبيب الله سبزواري نجفي	Ghbook	3579	0.66443
		آداب الأكل	أحمد بن عماد الدين بن يوسف بن عبد النبي، أبو العباس، شهاب الدين الأقفهسي ثم القاهري الشافعي (المتوفى: 808ه)	Sham19Y	8185	0.66442
		نضرة النعيم في مكارم أخلاق الرسول الكريم - صلى الله عليه وسلم	عدد من المختصين بإشراف الشيخ/ صالح بن عبد الله بن حميد إمام وخطيب الحرم المكي	ShamAY	22798	0.66441
		المحرّر الوجيز في تفسير الكتاب العزيز [ج ٢]	أبي محمّد عبدالحقّ بن غالب بن عطيّة الأندلسي	Rafed	3294	0.66441
		الإحكام للآمدي - الكتاب العربي	علي بن محمد الآمدي أبو الحسن	ShamAY	34186	0.6644
		العدة في أصول الفقه	أبو يعلى ابن الفراء	ShamelaY19	22793	0.66439
		الانتصار في الرد على المعتزلة القدرية الأشرار	أبو الحسين يحيى بن أبي الخير بن سالم العمراني اليمني الشافعي (المتوفى: 558هـ)	ShamAY	7361	0.66438
		زبدة التّفاسير [ج ٣]	فتح الله بن شكر الله الشريف الكاشاني	Rafed	1712	0.66436
		 ولاية الفقيه في حكومة الإسلام 	 السيد محمد حسين الطهراني 	ABLibrary	9444	0.66435
		الغارة على العالم الإسلامي وصدام الحضارات	ربيع بن محمد بن علي	ShamAY	33441	0.66431
		تأسيس التقديس في كشف تلبيس داود بن جرجيس	عبد الله بن عبد الرحمن بن عبد العزيز بن عبد الرحمن بن عبد الله بن سلطان بن خميس الملقب ب"أبابطين" (المتوفى: 1282ه)	Sham19Y	11079	0.66431
		الآثار والتاريخ	خالد فائق صديق العبيدي	ShamAY	34100	0.6643
		وجوب تطبيق الشريعة الإسلامية في كل عصر	صالح بن غانم بن عبد الله بن سليمان بن علي السدلان	ShamAY	32446	0.66429
		أعمال القلوب	خالد السبت	ShamAY	34872	0.66428
		العروه الوثقي - تفسير سوره الحمد	بهاءالدين محمد بن حسين شيخ بهائي	Ghbook	9976	0.66428
		شرح اختصار علوم الحديث - عبد الكريم الخضير	عبد الكريم الخضير	ShamelaY19	23361	0.66427
		مصباح الشريعه	جمعي از راويان	Ghbook	2611	0.66427
		 الموسوعة الصوفية 	 سليمان المدني 	ABLibrary	8915	0.66422
		معالم المدرستين [ج ١]	السيد مرتضى العسكري	Rafed	3469	0.66422
		أصول الحكم على المبتدعة عند شيخ الإسلام ابن تيمية	د. أحمد بن عبد العزيز الحليبي	ShamAY	35716	0.6642
		خطب من جامع ابن عثيمين بالزلفي ( 99 خطبة )	الواحدي	ShamAY	34743	0.6642
		الإمامة في أهمّ الكتب الكلاميّة وعقيدة الشيعة الإماميّة	السيّد علي الحسيني الميلاني	Rafed	73	0.6642
		تفسير البيان [ج ٦]	السيّد محمّد حسين الطباطبائي	Rafed	3774	0.66419
		تاريخ الغيبة - الجزء1	السيد محمد الصدر	Masaha	1974	0.66415
		كتاب المكاسب [ج ٢]	الشيخ مرتضى الأنصاري	Rafed	2673	0.66414
		مطارح الأنظار - الجزء1	الشيخ أبي القاسم الكلانتري	Masaha	4325	0.66413
		شخصية المسلم كما يصوغها الإسلام في الكتاب والسنة	الدكتور محمد علي الهاشمي	ShamAY	1748	0.66412
		عقيدة التوحيد وبيان ما يضادها من الشرك الأكبر والأصغر والتعطيل والبدع وغير ذلك	صالح بن فوزان بن عبد الله الفوزان	ShamAY	8610	0.66412
		الغلو في التكفير المظاهر ـ الأسباب ـ العلاج	أبوحسام الدين الطرفاوي	ShamAY	35487	0.66411
		الحجج السلفية في الرد على آراء ابن فرحان المالكي البدعية	عبد العزيز بن ريس الريس	ShamAY	35702	0.66411
		تفسير القرآن الكريم - أسامة سليمان	أسامة علي محمد سليمان	Sham19Y	37769	0.66411
		أعلام المغرب والأندلس في القرن الثامن	إسماعيل بن يوسف بن محمد بن نصر الخزرجي الأنصاري النصري، أبو الوليد، المعروف بابن الأحمر (المتوفى: 807هـ)	ShamAY	31705	0.66409
		اضواء علي عقائد الشيعه الاماميه و تاريخهم	آيت الله العظمي جعفر سبحاني	Ghbook	6738	0.66409
		 كنز الولد 	 ابراهيم بن الحسين الحامدي 	ABLibrary	8580	0.66406
		التعليق على تفسير القرطبي - عبد الكريم الخضير	عبد الكريم الخضير	ShamAY	76	0.66404
		الحيل	محمد المسعودي	ShamAY	10353	0.66403
		تاريخ نزول القرآن	محمد رأفت سعيد	ShamAY	688	0.66401
		بين يدي الرسول الاعظم صلي الله عليه و آله	محمد بحرالعلوم	Ghbook	5287	0.66398
		الكفاية في التفسير بالمأثور والدراية	د. عبد الله خضر حمد	ShamelaY19	151008	0.66396
		التفسير المنير [ج ٣٠]	الدكتور وهبة الزحيلي	Rafed	2979	0.66395
		شرح كتاب فضل الإسلام لمحمد بن عبد الوهاب - ناصر العقل	ناصر بن عبد الكريم العلي العقل	ShamelaY19	37719	0.66394
		التحقيق في نفي التحريف عن القرآن الشريف	السيّد علي الحسيني الميلاني	Rafed	232	0.66394
		 خريدة العجائب وفريدة الغرائب 	 سراج الدين بن الوردي 	ABLibrary	9042	0.66393
		مصارع الشهداء ومقاتل السعداء	الشيخ سلمان بن عبد الله آل عصفور	Rafed	278	0.66391
		الوافي - الجزء1	الفيض الكاشاني	Masaha	1326	0.66389
		بحوث في مباني علم الرجال‌	الشيخ محمد السند	Masaha	3517	0.66388
		ديوان الحسن بن هانئ أبي نواس	أبو نواس	ShamAY	37852	0.66385
		دروس الدكتور عمر عبد الكافي	عمر عبد الكافى شحاتة	ShamelaY19	37046	0.66384
		مفاهيم القرآن [ج ١٠]	الشيخ جعفر السبحاني	Rafed	452	0.66384
		الوهابية بين المباني الفكرية والنتائج العملية	الشيخ جعفر السبحاني	Rafed	3417	0.66384
		رَي الظَّمآن في بَيَانِ القُرآن	فهد الحبيشي	ShamAY	36811	0.66382
		نظم الدرر فى تناسب الآيات والسور - العلمية	برهان الدين أبي الحسن إبراهيم بن عمر البقاعي	ShamAY	34073	0.6638
		أشهد أنّ عليّاً وليّ الله بين الشرعيّة والابتداع	السيد علي الشهرستاني	Rafed	3847	0.6638
		تزكية النفوس	أحمد فريد	ShamAY	1105	0.66378
		الفرقان بين أولياء الرحمن وأولياء الشيطان	تقي الدين أبو العباس أحمد بن عبد الحليم بن عبد السلام بن عبد الله بن أبي القاسم بن محمد ابن تيمية الحراني الحنبلي الدمشقي (المتوفى: 728هـ)	ShamAY	21499	0.66377
		دعوة الإمام محمد بن عبد الوهاب سلفية لا وهابية	أحمد بن عبد العزيز بن عبد الله الحصين	ShamAY	1789	0.66376
		ولا تقربوا الفواحش	جمال بن عبد الرحمن إسماعيل	ShamelaY19	31360	0.66376
		الرد على الدكتور عبد الواحد وافي في كتابه بين الشيعة وأهل السنة	إحسان إلهي ظهير الباكستاني (المتوفى: 1407ه)	ShamelaY19	37553	0.66376
		الجرح والتعديل للقاسمي	محمد جمال الدين بن محمد سعيد بن قاسم الحلاق القاسمي (المتوفى: 1332ه)	ShamelaY19	36616	0.66374
		علم أصول الفقه ط مكتبة الدعوة	عبد الوهاب خلاف (المتوفى : 1375هـ)	ShamAY	10767	0.66373
		الأمثل في تفسير كتاب الله المنزل [ج ١٠]	آية الله مكارم الشيرازي	Rafed	2050	0.6637
		جريدة «الشريعة» النبوية المحمدية	تصدرها «جمعية العلماء المسلمين الجزائريين» تحت إشراف رئيسها الأستاذ عبد الحميد بن باديس.	ShamAY	394	0.66369
		دروس للشيخ عبد الرحمن صالح المحمود	عبد الرحمن بن صالح المحمود	ShamAY	910	0.66369
		رسالة في حقيقة التأويل	عبد الرحمن بن يحيى بن علي بن محمد المعلمي العتمي اليماني (المتوفى: 1386ه)	ShamelaY19	37542	0.66369
		تاريخ نزول القرآن	محمد رأفت سعيد	ShamelaY19	37483	0.66369
		أم البراهين .. في الرد التفصيلي على مذهب الأشعرية والماتردية	حامد بن عبد الله العلي	ShamAY	35448	0.66368
		الاستبصار في نقد الأخبار للشيخ عبدالرحمن المعلمي	عبد الرحمن المعلمي اليماني	ShamAY	37255	0.66366
		شرح اختصار علوم الحديث - عبد الكريم الخضير	عبد الكريم الخضير	ShamAY	138	0.66365
		تفسير السراج المنير ـ موافق للمطبوع	محمد بن أحمد الشربيني, شمس الدين	ShamAY	34068	0.66363
		العلم للعثيمين	محمد بن صالح بن محمد العثيمين (المتوفى: 1421هـ)	ShamAY	11332	0.66362
		أنس الملا بوحش الفلا	جلال الدين، محمد بن محمود بن منكلي بوغا القاهري (المتوفى: 784هـ)	ShamAY	5362	0.66362
		الإعلام بنقد كتاب الحلال والحرام	صالح الفوزان	ShamAY	36638	0.6636
		السنة في مواجهة الأباطيل	محمد طاهر بن حكيم غلام رسول	ShamelaY19	26583	0.66358
		الاستغاثة في الرد على البكري	شيخ الإسلام أحمد بن تيمية (المتوفى: 728 ه)	ShamelaY19	18328	0.66357
		الصراع بين الأمويين ومبادئ الاسلام	الدكتور نوري جعفر	Rafed	79	0.66356
		المستصفى للغزالي - الرسالة	أبو حامد محمد بن محمد الغزالي الطوسي (المتوفى: 505 هـ)	ShamAY	34180	0.66354
		الاعتصام بالإسلام	عمر العرباوي الحملاوي (المتوفى: 1405ه)	ShamelaY19	115134	0.66354
		معاملة الحكام في ضوء الكتاب والسنة	عبد السلام بن برجس آل عبد الكريم	ShamAY	36557	0.66353
		أصول الدعوة وطرقها 2 - جامعة المدينة	مناهج جامعة المدينة العالمية	Sham19Y	8954	0.66353
		 كامل البهائي في السقيفة 	 عماد الدين حسن بن علي الطبري ( تعريب : فاخر ) 	ABLibrary	7649	0.66352
		آثار حجج التوحيد في مؤاخذة العبيد	أبو يوسف مدحت بن حسن آل فراج المصري (المتوفى: 1435هـ)	ShamAY	32162	0.66349
		الحدائق الناضرة [ج ٢٠]	الشيخ يوسف بن أحمد البحراني [ صاحب الحدائق ]	Rafed	2876	0.66347
		الدين الخالص أو إرشاد الخلق إلى دين الحق (والمجلد التاسع طبع باسم: إرشاد الناسك إلى أعمال المناسك)	محمود محمد خطاب السّبكي	ShamAY	38872	0.66346
		 ينابيع الأحكام في معرفة الحلال والحرام 	 السيد علي الموسوي القزويني 	ABLibrary	9389	0.66346
		الاجتهاد و التقليد	الوحيد البهبهاني	Masaha	1499	0.66346
		المواعظ الإيمانية من الآيات القرآنية	أمير بن محمد المدري	ShamAY	34913	0.66345
		دروس الدكتور عمر عبد الكافي	عمر عبد الكافى شحاتة	ShamAY	393	0.66343
		آداب الأكل	أحمد بن عماد الدين بن يوسف بن عبد النبي، أبو العباس، شهاب الدين الأقفهسي ثم القاهري الشافعي (المتوفى: 808هـ)	ShamAY	8185	0.66343
		 الشافي في شرح الكافي 	 المولى خليل القزويني 	ABLibrary	7922	0.66337
		الانتصار لحزب الله الموحدين والرد على المجادل عن المشركين	عبد الله بن عبد الرحمن بن عبد العزيز بن عبد الرحمن بن عبد الله بن سلطان بن خميس الملقب بـ"أبابطين" (المتوفى: 1282هـ)	ShamAY	7554	0.66336
		المراهقة ألم وأمل	وليد كمال شكر	ShamAY	35165	0.66334
		 مصطفى ، الدين القيم 	 الشيخ بشير النجفي 	ABLibrary	9766	0.66333
		اللآلئ البهية في شرح العقيدة الواسطية	وليد بن راشد السعيدان	ShamAY	35492	0.6633
		مقارنة بين شروح كتب السنة الستة	عبد الكريم بن عبد الله بن عبد الرحمن بن حمد الخضير	ShamelaY19	23757	0.66327
		تفسير سورة هل أتى [ج ٢]	السيد جعفر مرتضى العاملي	Rafed	3891	0.66326
		مختصر تفسير ابن كثير	(اختصار وتحقيق) محمد علي الصابوني	ShamAY	1696	0.66325
		 مجموع لطيف أنسى في صيغ المولد النبي القدسى 	 عاصم ابراهيم الكيالى الحسيني الشاذلى الدرقادي 	ABLibrary	7695	0.66325
		الآداب الشرعية والمنح المرعية	محمد بن مفلح بن محمد بن مفرج، أبو عبد الله، شمس الدين المقدسي الرامينى ثم الصالحي الحنبلي (المتوفى: 763هـ)	ShamAY	21582	0.66324
		المفصل في تخريج حديث افتراق الأمة	علي بن نايف الشحود	ShamAY	33073	0.66322
		شرح كتاب الإبانة من أصول الديانة	أبو الأشبال حسن الزهيري آل مندوه المنصوري المصري	ShamAY	646	0.66317
		الموسوعة العقدية - الدرر السنية	مجموعة من المؤلفين	ShamAY	1517	0.66315
		مجموع فتاوى العلامة عبد العزيز بن باز رحمه الله	عبد العزيز بن عبد الله بن باز (المتوفى: 1420ه)	ShamelaY19	21537	0.66315
		حقائق الايمان: مع رسالتي الاقتصاد و العداله	سيدمهدي رجايي	Ghbook	15606	0.66315
		المناهل الحسان في دروس رمضان	الواحدي :: عبد العزيز السلمان	ShamAY	35008	0.66314
		سهم إبليس وقوسه	عبد الملك بن محمد القاسم	ShamelaY19	95671	0.66314
		أنس الملا بوحش الفلا	جلال الدين، محمد بن محمود بن منكلي بوغا القاهري (المتوفى: 784ه)	Sham19Y	5362	0.66314
		أشهد أنّ عليّاً ولي الله	السيد علي الشهرستاني	Rafed	440	0.66314
		 حياة الإمام الحسين ( ع ) 	 الشيخ باقر شريف القرشي 	ABLibrary	7495	0.6631
		تثبيت دلائل النبوة	قاضي عبدالجبار	Ghbook	9276	0.66307
		حقوق المرأة في ضوء الكتاب والسنة	الدكتور/ مرزوق بن هياس آل مرزوق الزهراني	Sham19Y	36118	0.66306
		قضية التنوير	الواحدي :: محمد قطب	ShamAY	33324	0.66303
		متشابه القرآن [ج ١ ـ ٢]	القاضي عبد الجبّار بن أحمد الهمذاني	Rafed	1140	0.66303
		السنة المفترى عليها	سالم البهنساوي (المتوفى: 1427ه)	ShamelaY19	95845	0.66302
		تفسير القاسمي [ج ٩]	محمّد جمال الدين القاسمي	Rafed	3934	0.66301
		العذر بالجهل تحت المجهر الشرعي	أبو يوسف مدحت بن حسن آل فراج المصري (المتوفى: 1435هـ)	ShamAY	32188	0.66299
		شرح ألفية العراقي - عبد الكريم الخضير	عبد الكريم الخضير	ShamAY	143	0.66299
		مدخل إلى موقف القرآن الكريم من العلم	عماد الدين خليل	ShamAY	35117	0.66298
		 مجموع رسائل الإمام المنصور بالله عبدالله بن حمزة 	 المنصور بالله عبد الله بن حمزة بن سليمان 	ABLibrary	8588	0.66298
		أضواء البيان في إيضاح القرآن بالقرآن	محمد الأمين بن محمد المختار بن عبد القادر الجكني الشنقيطي (المتوفى : 1393هـ)	ShamAY	22918	0.66297
		الاتجاهات الفقهية عند أصحاب الحديث في القرن الثالث الهجري	الدكتور عبد المجيد محمود عبد المجيد	ShamAY	31717	0.66295
		مجموع لطيف أنسي في صيغ المولد النبي القدسي‏	د. عاصم الدرقاوي‏	Masaha	3022	0.66292
		شرح الدماميني على المغني اللبيب [ج ١]	محمّد بن أبي بكر الدماميني	Rafed	2087	0.6629
		دعوة الإمام محمد بن عبد الوهاب سلفية لا وهابية	أحمد بن عبد العزيز بن عبد الله الحصين	Sham19Y	11189	0.66289
		 تاريخ الغيبة الصغرى 	 السيد محمد الصدر 	ABLibrary	7449	0.66287
		جامع الأصول	ابن الأثير، أبو السعادات	ShamelaY19	25800	0.66285
		الغلو  و الفرق  الباطنيه	محمد السند	Ghbook	15172	0.66283
		الطريق إلى السعادة	عيد الدويهيس	ShamAY	35159	0.66282
		اخلاق الطبيب في الاسلام	عادل علوي	Ghbook	4614	0.66281
		أسس النظام السياسي عند الإمامية	الشيخ محمد السند	Masaha	4913	0.66279
		حياة الحيوان الكبري - الجزء1	الدميري	Masaha	3368	0.66278
		شرح كتاب التوحيد - عبد الكريم الخضير	عبد الكريم الخضير	ShamelaY19	21709	0.66277
		حاشيه الوافي	محمد باقر بن محمداكمل ( وحيد بهبهاني )	Ghbook	11915	0.66277
		الفكر الصوفي في ضوء الكتاب والسنة	عبد الرحمن بن عبد الخالق اليوسف	ShamAY	11545	0.66276
		التعليق على تفسير القرطبي - عبد الكريم الخضير	عبد الكريم الخضير	ShamelaY19	26047	0.66272
		شرح العقيدة الواسطية - عبد الكريم الخضير	عبد الكريم الخضير	ShamelaY19	25863	0.66267
		الأشباه والنظائر للسبكي	تاج الدين عبد الوهاب بن تقي الدين السبكي (المتوفى: 771هـ)	ShamAY	8634	0.66265
		الجامع لجمل من الفوائد والمنافع	زروق	ShamAY	35059	0.66263
		مجمع البحرين [ج ٦]	الشيخ فخر الدين الطريحي	Rafed	1247	0.66263
		شرح الدروس المهمة لعامة الأمة	عبد الكريم الخضير	ShamelaY19	26302	0.66262
		الحدائق الناضرة [ج ١١]	الشيخ يوسف بن أحمد البحراني [ صاحب الحدائق ]	Rafed	2847	0.66262
		الدر الفريد وبيت القصيد	محمد بن أيدمر المستعصمي (639 ه - 710 ه)	Sham19Y	20762	0.66261
		مشارق انوار اليقين في اسرار المومنين	شيخ رجب برسي	Ghbook	8368	0.6626
		مجموع رسائل الإمام المنصور بالله عبدالله بن حمزه [ج ١]	المنصور بالله عبدالله بن حمزة	Rafed	3419	0.66258
		التكفير أخطاره و ضوابطه (بحث التخرج)	زكريا الخطيب	ShamAY	35724	0.66255
		أدب الموعظة	محمد بن إبراهيم الحمد	ShamAY	7496	0.66254
		منهجية البحث في التفسير الموضوعي للكلمة، والآية، والسورة القرآنية		ShamAY	36987	0.66253
		الاقتضاب في غريب الموطأ وإعرابه على الأبواب	محمد بن عبد الحق اليفرني (625 هـ)	ShamAY	32513	0.66252
		البحر المحيط في أصول الفقه	أبو عبد الله بدر الدين محمد بن عبد الله بن بهادر الزركشي (المتوفى: 794هـ)	ShamAY	21593	0.66251
		الانتصار في انفرادات الإمامية	السيد المرتضى	Masaha	978	0.66251
		الفرج بعد الشده	محسن بن علي التنوخي	Ghbook	16411	0.66249
		تقارب الاديان		ShamAY	35521	0.66247
		تفسير الثعالبي = الجواهر الحسان في تفسير القرآن	أبو زيد عبد الرحمن بن محمد بن مخلوف الثعالبي (المتوفى: 875ه)	ShamelaY19	23618	0.66247
		جلباب المرأة المسلمة في الكتاب والسنة	أبو عبد الرحمن محمد ناصر الدين، بن الحاج نوح بن نجاتي بن آدم، الأشقودري الألباني (المتوفى: 1420هـ)	ShamAY	9994	0.66245
		اعتقاد أهل السنة	عبد الله بن عبد الرحمن بن عبد الله بن جبرين	ShamAY	7707	0.66244
		أخبار أبي الطيب المتنبي	محمد توفيق البكري الصديقي	ShamAY	34456	0.66244
		الفوائد المشوّق إلى علوم القرآن وعلم البيان	شمس الدّين محمّد بن أبي بكر بن أيّوب الزّرعي [ ابن قيّم الجوزيّة ]	Rafed	864	0.66243
		نهضة الحسين(ع)	السيد هبة الدين الحسيني الشهرستاني	Masaha	475	0.66243
		 التمهيد لقواعد التوحيد 	 أبو الثناء محمود الماتريدي 	ABLibrary	8395	0.66242
		الاسلام   دين الفطره	آيت الله العظمي حسينعلي منتظري	Ghbook	16473	0.66242
		أشرطة مفرغة للشيخ ربيع المدخلي	ربيع بن هادي المدخلي	ShamAY	33008	0.66238
		بيان فضل علم السلف على علم الخلف	عبد الرحمن بن أحمد بن رجب الحنبلي (المتوفى: 795ه)	Sham19Y	132	0.66236
		مفسدات الأخوة	هشام آل عقدة	ShamAY	35202	0.66233
		بحوث هامه في المناهج التوحيديه	سيد محمود هاشمي نسب	Ghbook	16168	0.66233
		شرح المحرر في الحديث - عبد الكريم الخضير	عبد الكريم الخضير	ShamAY	117	0.66232
		مباحث في علوم القرآن - ط وهبة	مناع القطان	ShamAY	34076	0.66229
		قِصةُ أَصْحابِ القَرْيةِ دُروسٌ وعِبَرٌ	علي بن نايف الشحود	ShamAY	36748	0.66225
		الظاهرة القرآنية	مالك بن الحاج عمر بن الخضر بن نبي (المتوفى: 1393هـ)	ShamAY	1697	0.66224
		شرح كتاب قاعدة جليلة في التوسل والوسيلة لابن تيمية	ناصر بن عبد الكريم العلي العقل	ShamelaY19	37717	0.66222
		كف الرعاع عن محرمات اللهو والسماع	أحمد بن محمد بن علي بن حجر الهيتمي السعدي الأنصاري، شهاب الدين شيخ الإسلام، أبو العباس (المتوفى: 974ه)	ShamelaY19	37886	0.66222
		مختصر تفسير ابن كثير	(اختصار وتحقيق) محمد علي الصابوني	Sham19Y	21549	0.66221
		زجر المتهاون بضرر قاعدة المعذرة والتعاون	حمد بن إبراهيم العثمان	ShamAY	33451	0.6622
		الإنصاف في مسائل دام فيها الخلاف [ج ٣]	الشيخ جعفر السبحاني	Rafed	1975	0.6622
		شرح العقيدة الأصفهانية	تقي الدين أبو العباس أحمد بن عبد الحليم بن عبد السلام بن عبد الله بن أبي القاسم بن محمد ابن تيمية الحراني الحنبلي الدمشقي (المتوفى: 728هـ)	ShamAY	1137	0.66219
		 المنية في حكم الشارب واللحية 	 محمد رضا الطبسي النجفي 	ABLibrary	9428	0.66217
		مشارق أنوار اليقين في أسرار أمير المؤمنين	رجب البرسي	Rafed	3507	0.66216
		لا إنكار في مسائل الخلاف	د. عبد السلام مقبل المجيدي	ShamAY	37577	0.66213
		إرشاد السالك إلى أفعال المناسك	برهان الدين إبراهيم بن فرحون المدني المالكي (المتوفى: 799 ه / 1397 م)	ShamelaY19	132974	0.66213
		الإعجاز والإيجاز	عبد الملك بن محمد بن إسماعيل أبو منصور الثعالبي (المتوفى: 429هـ)	ShamAY	23741	0.66212
		الموسوعة الموجزة في التاريخ الإسلامي	مجموعة من المؤلفين	ShamAY	602	0.66212
		رسائل أصولية	الشيخ جعفر السبحاني	Masaha	3827	0.6621
		مُسكّن الفؤاد عند فقد الأحبّة والأولاد	الشهيد الثاني	Masaha	4835	0.66209
		الاستبصار فى عجائب الامصار	مؤلف: الاستبصار في عجائب الأمصار	Sham19Y	11684	0.66205
		تأسيس التقديس في كشف تلبيس داود بن جرجيس	عبد الله بن عبد الرحمن بن عبد العزيز بن عبد الرحمن بن عبد الله بن سلطان بن خميس الملقب بـ"أبابطين" (المتوفى: 1282هـ)	ShamAY	11079	0.66204
		العزفُ على أنوار الذِّكر	محمود توفيق محمد سعد	ShamAY	2150	0.66203
		صفوة التفاسير	محمد علي الصابوني	ShamAY	8967	0.66202
		القطوف الدانية	أبو هاشم صالح بن عوّاد بن صالح المغامسي	ShamAY	885	0.66199
		 المكتوبات ( الدرر المكنونات النفيسة ) 	 أحمد الفاروقي السرهندي 	ABLibrary	8847	0.66197
		الفوائد الجعفرية	الشيخ عباس بن حسن كاشف الغطاء	Masaha	1802	0.66197
		ناصر الدين الأسد العالم المفكر والأديب الشاعر	أحمد العلاونة	ShamAY	38625	0.66191
		معارج الأصول	المحقق الحلي	Masaha	4329	0.66191
		حول تطبيق الشريعة	الواحدي :: محمد قطب	ShamAY	33323	0.6619
		شخصية المسلم كما يصوغها الإسلام في الكتاب والسنة	الدكتور محمد علي الهاشمي	Sham19Y	96265	0.66189
		الأشباه والنظائر للسبكي	تاج الدين عبد الوهاب بن تقي الدين السبكي (المتوفى: 771ه)	Sham19Y	8634	0.66188
		شرح العقيدة الواسطية - عبد الكريم الخضير	عبد الكريم الخضير	ShamAY	16	0.66184
		شرح اختصار علوم الحديث - عبد الكريم الخضير	عبد الكريم الخضير	Sham19Y	23361	0.66184
		الداء والدواء = الجواب الكافي ط عالم الفوائد	أبو عبدالله محمد بن أبي بكر بن أيوب ابن قيم الجوزية (691 - 751)	ShamAY	38516	0.66182
		 بحار الأنوار 	 العلامة المجلسي 	ABLibrary	766	0.66182
		موسوعة الأسئلة العقائديّة [ج ٤]	مركز الأبحاث العقائديّة	Rafed	1389	0.66181
		الأدب الصغير ت خلف	عبد الله بن المقفع (المتوفى: 142هـ)	ShamAY	926	0.6618
		دعائم الإسلام - الجزء1	ابو حنيفة	Masaha	996	0.6618
		جلسات رمضانية 1410 هـ - 1415 هـ	محمد بن صالح بن محمد العثيمين (المتوفى : 1421هـ)	ShamAY	7679	0.66179
		 لوامع البينات شرح أسماء الله تعالى والصفات 	 فخر الدين الرازي 	ABLibrary	8452	0.66178
		السبع الشداد	السيد محمد باقر الميرداماد	Masaha	1256	0.66178
		موسوعة الكتيبات الإسلامية	مجموعة من المؤلفين	ShamAY	36645	0.66177
		أصول الدعوة - جامعة المدينة	مناهج جامعة المدينة العالمية	ShamAY	1653	0.66172
		رحلة ابن خلدون	عبد الرحمن بن محمد بن محمد، ابن خلدون أبو زيد، ولي الدين الحضرمي الإشبيلي (المتوفى: 808ه)	ShamelaY19	37022	0.6617
				ShamAY	38974	0.66169
		معجم متن اللغة (موسوعة لغوية حديثة)	أحمد رضا (عضو المجمع العلمي العربي بدمشق)	ShamAY	38979	0.66169
		نور من القرآن	الدكتور علي الأوسي	Rafed	1503	0.66164
		تعريب كامل البهائي - الجزء1	عماد الدين الطبري‏	Masaha	2883	0.66164
		عيد الغدير في عهد الفاطميين	د. محمد هادي الأميني	Masaha	4060	0.66164
		قصة الحضارة	وِل ديورَانت = ويليام جيمس ديورَانت (المتوفى: 1981 م)	ShamAY	224	0.6616
		شرح العقيدة الواسطية للعثيمين	محمد بن صالح بن محمد العثيمين (المتوفى: 1421 هـ)	ShamAY	32374	0.6616
		الطريقة النقشبندية بين ماضيها وحاضرِها	فريد الدين آيدن	ShamAY	35392	0.66157
		 منتهى السؤل على وسائل الوصول إلى شمائل الرسول ( ص ) 	 عبد الله بن سعيد محمد عبادي اللحجي 	ABLibrary	7801	0.66157
		 المغني في أبواب التوحيد والعدل 	 القاضي عبد الجبار الهمذاني 	ABLibrary	8635	0.66156
		 الاعتماد في شرح واجب الاعتقاد 	 المقداد السيوري 	ABLibrary	8310	0.66155
		موسوعة الأسئلة العقائديّة [ج ٣]	مركز الأبحاث العقائديّة	Rafed	1380	0.66155
		ديوان الإمام علي	د. محمد عبد المنعم الخفاجي	Masaha	1737	0.66155
		الثمر الداني شرح رسالة ابن أبي زيد القيرواني	صالح بن عبد السميع الآبي الأزهري (المتوفى: 1335هـ)	ShamAY	7441	0.66154
		عدة الإنابة في أماكن الإجابة	عبد الله بن إبراهيم ميرغني	Masaha	4719	0.66154
		فقه الطب والتضخم النقدي	الشيخ محمد السند	Masaha	5114	0.66153
		المرشد إلى فهم أشعار العرب	عبد الله بن الطيب بن عبد الله بن الطيب بن محمد بن أحمد بن محمد المجذوب (المتوفى: 1426 ه)	Sham19Y	150936	0.66151
		رجال المعلقات العشر	مصطفى بن محمد سليم الغلايينى (المتوفى: 1364ه)	Sham19Y	5402	0.66145
		 محاضرة الأبرار ومسامرة الأخيار 	 ابن عربي 	ABLibrary	8746	0.66145
		التفسير المنير [ج ١٠]	الدكتور وهبة الزحيلي	Rafed	2953	0.66145
		خطب مختارة	اختيار وكالة شئون المطبوعات والنشر بوزارة الشؤون الإسلامية والأوقاف والدعوة والإرشاد	ShamelaY19	30929	0.66144
		التحفة العراقية في الأعمال القلبية	تقي الدين أبو العباس أحمد بن عبد الحليم بن عبد السلام بن عبد الله بن أبي القاسم بن محمد ابن تيمية الحراني الحنبلي الدمشقي (المتوفى: 728هـ)	ShamAY	6827	0.66142
		علم البديع	الدكتور عبدالعزيز عتيق	Rafed	2535	0.66141
		كليلة و دمنة	ابن المقفع	Masaha	2347	0.66141
		فقه السيرة النبوية لمنير الغضبان	منير محمد الغضبان (المتوفى: 1435هـ)	ShamAY	31835	0.6614
		الحسام الماحق لكل مشرك ومنافق	أبو شكيب محمد تقي الدين بن عبد القادر الهلالي (المتوفى: 1407هـ)	ShamAY	1702	0.66138
		جامع المسائل لابن تيمية ط عالم الفوائد - المجموعة السادسة	شيخ الإسلام أحمد بن عبد الحليم بن عبد السلام ابن تيمية (661 - 728 هـ)	ShamAY	37987	0.66137
		الموسوعة الموجزة في التاريخ الإسلامي	مجموعة من المؤلفين	ShamelaY19	36578	0.66136
		شرح ابن ناجي التنوخي على متن الرسالة لابن أبي زيد القيرواني	قاسم بن عيسى بن ناجي التنوخي القيرواني (المتوفى: 837هـ)	ShamAY	32007	0.66134
		التوحيد للماتريدي	محمد بن محمد بن محمود، أبو منصور الماتريدي (المتوفى: 333هـ)	ShamAY	6365	0.66133
		نشوار المحاضرة و أخبار المذاكرة - الجزء1	محمد بن علي التنوخي	Masaha	2964	0.66133
		تفصيل النشأتين وتحصيل السعادتين	أبو القاسم الحسين بن محمد المعروف بالراغب الأصفهانى (المتوفى: 502هـ)	ShamAY	21562	0.66132
		ديوان أحمد محرم	أحمد محرم	ShamAY	37925	0.66132
		نشر البنود على مراقي السعود	عبد الله بن إبراهيم العلوي الشنقيطي	ShamAY	38871	0.6613
		المفهم لما أشكل من تلخيص كتاب مسلم	أبو العبَّاس أحمَدُ بنُ عُمَرَ بنِ إبراهيمَ الحافظ، الأنصاريُّ القرطبيُّ ت 656 هـ	ShamAY	35976	0.66129
		الكتاب والسُّنة يجب أن يكونا مصدر القوانين في مصر، ومعه: «الشرع واللغة»	أحمد بن محمد عبد القادر المعروف بأحمد شاكر (المتوفى: 1377هـ)	ShamAY	31961	0.66127
		حاشية الشيخ إبراهيم السقا على تفسير الإمام أبي السعود [من أول قوله تعالى: {ثم أفيضوا من حيث أفاض الناس}، الآية: 199 إلى قوله تعالى: {وأولئك أصحاب النار هم فيها خالدون}، الآية: 217]	جميلة عبد السلام	ShamelaY19	151103	0.66126
		جامع الأصول	مجد الدين أبو السعادات المبارك بن محمد بن محمد بن محمد ابن عبد الكريم الشيباني الجزري ابن الأثير (المتوفى : 606هـ)	ShamAY	25800	0.66125
		الفجر الصادق في الرد علي منكري التوسل و الكرامات و الخوارق	جميل صدقي زهاوي	Ghbook	7580	0.66121
		أصول الفقه المقارن فيما لا نصّ فيه‏	الشيخ جعفر السبحاني	Masaha	2385	0.66121
		رسالة في حقيقة التأويل	عبد الرحمن بن يحيى بن علي بن محمد المعلمي العتمي اليماني (المتوفى: 1386هـ)	ShamAY	931	0.6612
		رجال المعلقات العشر	مصطفى بن محمد سليم الغلايينى (المتوفى: 1364هـ)	ShamAY	5402	0.66119
		التّفسير الحديث [ج ٤]	محمّد عزّة دروزة	Rafed	3722	0.66119
		الجامع اللطيف في فضل مكة وأهلها وبناء البيت الشريف‏	محمد بن محمد ابن ظهيرة	Masaha	4755	0.66118
		جلباب المرأة المسلمة في الكتاب والسنة	أبو عبد الرحمن محمد ناصر الدين، بن الحاج نوح بن نجاتي بن آدم، الأشقودري الألباني (المتوفى: 1420ه)	Sham19Y	9994	0.66116
		أساليب دعوة العصاة	أ. د. : عبد الرب بن نواب الدين بن غريب الدين آل نواب	Sham19Y	12194	0.66116
		الحور العين	نشوان بن سعيد الحميرى اليمني (المتوفى: 573 ه)	ShamelaY19	22885	0.66114
		أياما معدودات	مجدي الهلالي	ShamelaY19	36400	0.6611
		بحار الأنوار [ج ٦٧]	الشيخ محمّد باقر بن محمّد تقي المجلسي	Rafed	1071	0.66107
		الصراع بين الأمويين ومبادئ الاسلام	د. نوري جعفر	Masaha	1724	0.66103
		 الشافي في شرح الكافي 	 المولى خليل القزويني 	ABLibrary	7921	0.66101
		نظم وشرح مختصر المنار لطه أفندي	سنوي زاده	ShamAY	37594	0.661
		الإمام البقاعي ومنهاجه في تأويل بلاغة القرآن	محمود توفيق محمد سعد	ShamAY	952	0.66098
		شرح ألفية العراقي - عبد الكريم الخضير	عبد الكريم الخضير	Sham19Y	23769	0.66098
		شرح الأربعين النووية [من بداية شرح الحديث 29 إلى نهاية شرح الحديث 35]	المناوي، عبد الرؤوف	Sham19Y	133377	0.66097
		مختصر الفوائد لتيسير مسائل الفقه والعقائد	أبو سند محمد	ShamAY	33192	0.66096
		مسائل العقيدة في كتاب التوحيد من صحيح الإمام البخاري «عرض ودراسة»	يوسف الحوشان	ShamelaY19	142136	0.66096
		قلائد الجمان في فرائد شعراء هذا الزمان، المشهور ب «عقود الجمان في شعراء هذا الزمان»	كمال الدين أبو البركات المبارك بن الشعار الموصلي (المتوفى: 654 ه)	ShamelaY19	20990	0.66094
		مطلع الأنوار ونزهة البصائر والأبصار	أبو بكر محمد بن محمد بن علي بن خميس المالقي (المتوفى: بعد 639هـ)	ShamAY	9271	0.66093
		الصحيفة السجادية	الإمام زين العابدين(ع)	Masaha	691	0.66092
		تحرير المجلة - الجزء1	الشيخ محمد حسين كاشف الغطاء	Masaha	2999	0.66089
		الجواب الصحيح لمن بدل دين المسيح لابن تيمية	تقي الدين أبو العباس أحمد بن عبد الحليم بن عبد السلام بن عبد الله بن أبي القاسم بن محمد ابن تيمية الحراني الحنبلي الدمشقي (المتوفى: 728هـ)	ShamAY	170	0.66087
		قصة الحضارة	ول ديورانت = ويليام جيمس ديورانت (المتوفى: 1981 م)	ShamelaY19	35104	0.66087
		البصيرة في الدعوة إلى الله	عزيز بن فرحان العنزي	ShamAY	30916	0.66085
		الإعتماد في شرح واجب الإعتقاد	جمال الدين مقداد بن عبد الله السيوري الحلّي	Rafed	3396	0.66084
		بحوث في مباني علم الرجال	محمّد صالح التبريزي	Rafed	2651	0.66079
		ديوان السيد الحميري	إسماعيل بن محمد بن يزيد بن ربيعة بن مفرّع الحميري. لقبه " السيّد " وكنيته " أبو هاشم " وجدّه " يزيد بن ربيعة "	ShamAY	37888	0.66077
		تعليقة على معالم الاصول [ج ١]	السيّد علي الموسوي القزويني	Rafed	1367	0.66075
		موسوعة المفاهيم الإسلامية العامة	المجلس الأعلى للشئون الإسلامية - مصر	ShamAY	433	0.66071
		الحجة للقراء السبعة	الحسن بن أحمد بن عبد الغفار الفارسي الأصل، أبو علي (المتوفى: 377ه)	ShamelaY19	35101	0.66071
		 تبصرة الفقهاء 	 الشيخ محمد تقي الرازي الأصفهاني 	ABLibrary	9361	0.66071
		القول الصراح في البخاري وصحيحه الجامع	شيخ الشريعة الإصبهاني	Rafed	3573	0.66066
		حاشية البجيرمي على الخطيب = تحفة الحبيب على شرح الخطيب	سليمان بن محمد بن عمر البجيرمي المصري الشافعي (المتوفى: 1221ه)	ShamelaY19	21599	0.66065
		شرح أدب الكاتب لابن قتيبة	موهوب بن أحمد بن محمد بن الخضر بن الحسن، أبو منصور ابن الجواليقى (المتوفى: 540هـ)	ShamAY	1587	0.66062
		 حوار مع الشيخ صالح بن عبدالله الدرويش ( حول تأملات في نهج البلاغة ) 	 الشيخ السبحاني 	ABLibrary	8417	0.6606
		شرح كتاب فضل الإسلام لمحمد بن عبد الوهاب - ناصر العقل	ناصر بن عبد الكريم العلي العقل	ShamAY	745	0.66058
		شرح اللمع		ShamAY	38479	0.66054
		الخلاصة في أحكام الشهيد	الواحدي :: علي بن نايف الشحود	ShamAY	36073	0.66054
		إفادة المستفيد بشرح كتاب التوحيد	صالح بن محمد الأسمري	ShamAY	35761	0.66052
		مناهج التحصيل ونتائج لطائف التأويل في شرح المدونة وحل مشكلاتها	أبو الحسن علي بن سعيد الرجراجي (المتوفى: بعد 633ه)	ShamelaY19	123685	0.66049
		التنوير شرح الجامع الصغير	محمد بن إسماعيل بن صلاح بن محمد الحسني، الكحلاني ثم الصنعاني، أبو إبراهيم، عز الدين، المعروف كأسلافه بالأمير (المتوفى: 1182ه)	ShamelaY19	122096	0.66049
		ذيل الصواعق لمحو الأباطيل والمخارق	حمود بن عبد الله بن حمود بن عبد الرحمن التويجري (المتوفى: 1413هـ)	ShamAY	32216	0.66048
		الصحيفه السجاديه الجامعه	جمعي از راويان	Ghbook	10648	0.66048
		العبودية	تقي الدين أبو العباس أحمد بن عبد الحليم بن عبد السلام بن عبد الله بن أبي القاسم بن محمد ابن تيمية الحراني الحنبلي الدمشقي (المتوفى: 728هـ)	ShamAY	22647	0.66047
		حكم استحلال أموال المشركين لمن دخل في أمانهم وعهده من المسلمين	عبد المنعم حليمة	ShamAY	36486	0.66046
		التفسير الحديث [مرتب حسب ترتيب النزول]	محمد عزة دروزة	Sham19Y	23603	0.66045
		مفاهيم القرآن [ج ٩]	الشيخ جعفر السبحاني	Rafed	380	0.66045
		القطوف الدانية	أبو هاشم صالح بن عواد بن صالح المغامسي	ShamelaY19	37742	0.66041
		الضروري في أصول الفقه أو مختصر المستصفى	أبو الوليد محمد بن أحمد بن محمد بن أحمد بن رشد القرطبي الشهير بابن رشد الحفيد (المتوفى: 595هـ)	ShamAY	1703	0.6604
		البرهان على أن تارك العمل - اختيارا - فاقد لأصل الإيمان، وأن الكفر كما يكون بالقلب، يكون بالعمل واللسان	عبد الرحمن بن عبد الخالق	ShamAY	35752	0.66038
		بيان فضل علم السلف على علم الخلف	عبد الرحمن بن أحمد بن رجب الحنبلي (المتوفى: 795هـ)	ShamAY	32660	0.66037
		العواصم من القواصم في تحقيق مواقف الصحابة بعد وفاة النبي صلى الله عليه وسلم	القاضي محمد بن عبد الله أبو بكر بن العربي المعافري الاشبيلي المالكي (المتوفى: 543ه)	Sham19Y	30897	0.66037
		المدرّس الأفضل [ج ٢]	الشيخ محمّد علي المدرّس الأفغاني	Rafed	2680	0.66037
		عدة البروق في جمع ما في المذهب من الجموع والفروق	أبو العباس أحمد بن يحيى الونشريسي	ShamelaY19	20588	0.66036
		مجمع البحرين [ج ٥]	الشيخ فخر الدين الطريحي	Rafed	1246	0.66034
		اليتيم في القرآن والسنّة	عز الدين بحر العلوم	Rafed	143	0.66034
		البيان في تفسير القرآن 	آيت الله العظمي سيد ابوالقاسم خوئي	Ghbook	2894	0.66034
		تفسير ابن عطية = المحرر الوجيز في تفسير الكتاب العزيز	أبو محمد عبد الحق بن غالب بن عبد الرحمن بن تمام بن عطية الأندلسي المحاربي (المتوفى: 542ه)	ShamelaY19	23632	0.66033
		السيرة النبوية بين الآثار المروية والآيات القرآنية	محمد بن مصطفى بن عبد السلام الدبيسي	ShamAY	32089	0.66029
		الكشف عن حقيقة الصوفية	محمود القاسم	ShamAY	37771	0.66028
		الفواكه العديدة في المسائل المفيدة	أحمد بن محمد بن أحمد بن حمد المنقور (المتوفى: 1125 ه)	ShamelaY19	150961	0.66027
		تعليقة على معالم الاصول [ج ٥]	السيّد علي الموسوي القزويني	Rafed	1388	0.66023
		المراسم في الفقه الامامي	الفقيه سلار	Masaha	621	0.66023
		تراثنا ـ العدد [ 37 ]	مؤسسة آل البيت عليهم السلام لإحياء التراث ـ قم	Rafed	2790	0.66022
		العمدة في إعداد العدة للجهاد في سبيل الله تعالى	عبد القادر بن عبد العزيز	ShamAY	36617	0.66021
		 موسوعة الفقه الإسلامي طبقا لمذهب أهل البيت ( ع ) 	 مؤسسة دائرة معارف الفقه الاسلامي 	ABLibrary	9649	0.6602
		تفسير بيان السعادة في مقامات العبادة [ج ١]	سلطان محمّد الجنابذي [ سلطان علي شاه ]	Rafed	3362	0.6602
		غاية المنوة في آداب الصحبة وحقوق الأخوة	حازم خنفر	ShamAY	334	0.66017
		شرح بلوغ المرام - عبد الكريم الخضير	عبد الكريم الخضير	ShamelaY19	22644	0.66017
		 المنية والأمل 	 القاضي عبد الجبار الهمذاني 	ABLibrary	8652	0.66017
		التوحيد للماتريدي	محمد بن محمد بن محمود، أبو منصور الماتريدي (المتوفى: 333ه)	Sham19Y	6365	0.66015
		معجم مصطلح الأصول	هيثم هلال (معاصر)	ShamAY	34688	0.66014
		الموسوعة العقدية - الدرر السنية	مجموعة من المؤلفين	Sham19Y	38058	0.66009
		الوفا بما يجب لحضرة المصطفى	السمهودي	ShamAY	38406	0.66007
		شرح كتاب التوحيد - عبد الكريم الخضير	عبد الكريم الخضير	ShamAY	9	0.66005
		التوضيح الرشيد في شرح التوحيد المذيل بالتفنيد لشبهات العنيد	أبو عبد الله خلدون بن محمود بن نغوي الحقوي	ShamAY	31786	0.66005
		تنزيه الشريعة عن الألفاظ الشنيعة		ShamAY	35522	0.66003
		شرح الإلمام بأحاديث الأحكام	تقي الدين أبو الفتح محمد بن علي بن وهب بن مطيع القشيري، المعروف بابن دقيق العيد (المتوفى: 702 هـ)	ShamAY	32554	0.66003
		أحكام القرآن [ج ١]	أبي بكر محمّد بن عبدالله [ ابن العربي ]	Rafed	3218	0.66003
		معجم مصطلح الأصول‏	هيثم هلال	Masaha	4336	0.65998
		شرح كتاب فضل الإسلام لمحمد بن عبد الوهاب - ناصر العقل	ناصر بن عبد الكريم العلي العقل	Sham19Y	37719	0.65993
		مباحث في علوم القرآن لمناع القطان	مناع بن خليل القطان (المتوفى: 1420هـ)	ShamAY	11368	0.65992
		نفحات الذّات [ج ٢]	كريم الأنصاري	Rafed	2837	0.65992
		شرح مقدمة سنن ابن ماجه	عبد الكريم الخضير	ShamelaY19	27247	0.6599
		 كتاب الصدق أو الطريق السالمة 	 أحمد الخراز البغدادي 	ABLibrary	8687	0.6599
		خطبة الجمعة ودورها في تربية الأمة	عبد الغني أحمد جبر مزهر	ShamelaY19	31069	0.65989
		البحر المحيط في التّفسير [ج ١٠]	محمّد بن يوسف [ أبي حيّان الأندلسي الغرناطي ]	Rafed	2457	0.65989
		التسعينية	تقي الدين أبو العباس أحمد بن عبد الحليم بن عبد السلام بن عبد الله بن أبي القاسم بن محمد ابن تيمية الحراني الحنبلي الدمشقي (المتوفى: 728 هـ)	ShamAY	32319	0.65988
		الكوثر الجاري إلى رياض أحاديث البخاري	أحمد بن إسماعيل بن عثمان بن محمد الكوراني الشافعي ثم الحنفي المتوفى 893 هـ	ShamAY	32588	0.65986
		 الفكر الخالد في بيان العقائد 	 الشيخ السبحاني 	ABLibrary	8526	0.65985
		رسالة السجزي إلى أهل زبيد في الرد على من أنكر الحرف والصوت	عبيد الله بن سعيد بن حاتم السجزيّ الوائلي البكري، أبو نصر (المتوفى: 444هـ)	ShamAY	11213	0.65984
		اشتقاق أسماء الله	عبد الرحمن بن إسحاق البغدادي النهاوندي الزجاجي، أبو القاسم (المتوفى: 337ه)	Sham19Y	14275	0.65983
		القوانين المحكمة في الأصول [ج ٣]	الميرزا أبو القاسم القمّي	Rafed	2625	0.6598
		توثيق السنة في القرن الثاني الهجري أسسه واتجاهاته	رفعت بن فوزي عبد المطلب	ShamelaY19	22872	0.65979
		آراء محمد رشيد رضا العقائدية في أشراط الساعة الكبرى وآثارها الفكرية	مشاري سعيد المطرفي	ShamelaY19	32254	0.65977
		 جواهر الكلام في ثوبه الجديد 	 الشيخ الجواهري 	ABLibrary	9365	0.65977
		مدخل إلى التفسير وعلوم القرآن	عبد الجواد خلف محمد عبد الجواد	ShamAY	1441	0.65976
		ثمرات الأوراق (مطبوع بهامش المستطرف في كل فن مستظرف للشهاب الأبشيهي)	ابن حجة الحموي، تقي الدين أبو بكر بن علي (المتوفى: 837هـ)	ShamAY	11056	0.65976
		قاعدة في الانغماس في العدو وهل يباح	تقي الدين أبو العباس أحمد بن عبد الحليم بن عبد السلام بن عبد الله بن أبي القاسم بن محمد ابن تيمية الحراني الحنبلي الدمشقي (المتوفى: 728ه)	Sham19Y	11288	0.65976
		المحاسن والأضداد - مكتبة الخانجي	أبو عثمان عمرو بن بحر الجاحظ البصري	ShamAY	33780	0.65975
		بيان فضل علم السلف على علم الخلف - ط الصميعي	عبد الرحمن بن أحمد بن رجب الحنبلي (المتوفى: 795هـ)	ShamAY	38626	0.65975
		معاني القرآن للفراء	أبو زكريا يحيى بن زياد بن عبد الله بن منظور الديلمي الفراء (المتوفى: 207ه)	ShamelaY19	23634	0.65975
		الخلاصة في معاني النصر الحقيقية	علي بن نايف الشحود	ShamAY	33263	0.65973
		قيمة الزمن عند العلماء	عبد الفتاح أبو غدة الحلبي الحنفي (المتوفى: 1417هـ)	ShamAY	2030	0.65972
		تفسير الثعالبي - مؤسسة الأعلمي	عبد الرحمن بن محمد بن مخلوف الثعالبي	ShamAY	34066	0.65972
		الفرقان في تفسير القرآن بالقرآن والسنّة [ج ١]	الشيخ محمد الصادقي	Rafed	3003	0.65971
		كتاب المهتدين إلى مذهب أهل السنة والجماعة	مشعل الإسلام	ShamAY	35292	0.65969
		تاريخ الأدب الأندلسي (عصر الطوائف والمرابطين)	دكتور إحسان عباس (المتوفى: 1424هـ)	ShamAY	1015	0.65968
		تنبيه و سن العين بتنزيه الحسن و الحسين عليهماالسلام عن مفاخره السبطين	سيدمهدي رجايي	Ghbook	15613	0.65967
		أصول الإنشاء والخطابة	محمد الطاهر ابن عاشور (المتوفى: 1393 هـ)	ShamAY	38854	0.65964
		ديوان المبتدأ والخبر في تاريخ العرب والبربر ومن عاصرهم من ذوي الشأن الأكبر	عبد الرحمن بن محمد بن محمد، ابن خلدون أبو زيد، ولي الدين الحضرمي الإشبيلي (المتوفى: 808هـ)	ShamAY	12320	0.65963
		الإنصاف في حقيقة الأولياء ومالهم من الكرامات والألطاف	محمد بن إسماعيل بن صلاح بن محمد الحسني، الكحلاني ثم الصنعاني، أبو إبراهيم، عز الدين، المعروف كأسلافه بالأمير (المتوفى: 1182هـ)	ShamAY	7556	0.65963
		المستقصي في أمثال العرب - الجزء1	ابو القاسم محمود بن عمر الزمخشري	Masaha	4054	0.65962
		الإيضاح في مناسك الحج والعمرة	أبو زكريا محيي الدين يحيى بن شرف النووي (المتوفى: 676هـ)	ShamAY	1706	0.6596
		التفسير الوسيط للقرآن الكريم [ج ١٤]	الدكتور محمد سيد طنطاوي	Rafed	3956	0.65959
		تنبيه ذوي الألباب السليمة عن والوقوع في الألفاظ المبتدعة الوخيمة	سليمان بن سحمان بن مصلح بن حمدان بن مصلح بن حمدان بن مسفر بن محمد بن مالك بن عامر الخثعمي , التبالي , العسيري , النجدي (المتوفى: 1349هـ)	ShamAY	11123	0.65955
		القيامة الصغرى	عمر بن سليمان بن عبد الله الأشقر العتيبي	ShamAY	9834	0.65954
		معالم الاصول (مع حاشية سلطان العلماء)	شيخ زين الدين عاملي شهيد ثاني	Ghbook	15658	0.65954
		البرهان فى تناسب سور القرآن	أحمد بن إبراهيم بن الزبير الثقفي الغرناطي، أبو جعفر (المتوفى: 708هـ)	ShamAY	1388	0.65953
		السنة في مواجهة الأباطيل	محمد طاهر بن حكيم غلام رسول	ShamAY	128	0.6595
		الغنية عن الكلام وأهله	الخطابي	ShamAY	33606	0.6595
		ذيل الصواعق لمحو الأباطيل والمخارق	التويجري، حمود بن عبد الله	ShamAY	35275	0.65947
		سمط النجوم العوالي في أنباء الأوائل والتوالي	عبد الملك بن حسين بن عبد الملك العصامي المكي (المتوفى: 1111هـ)	ShamAY	6617	0.65944
		فتح المجيد شرح كتاب التوحيد	عبد الرحمن بن حسن بن محمد بن عبد الوهاب بن سليمان التميمي (المتوفى: 1285هـ)	ShamAY	2386	0.65942
		أساليب دعوة العصاة	أ. د. : عبد الرب بن نواب الدين بن غريب الدين آل نواب	ShamAY	12194	0.65942
		البلغة الى أصول اللغة	أبو الطيب محمد صديق خان بن حسن بن علي ابن لطف الله الحسيني البخاري القنوجي (المتوفى: 1307ه)	ShamelaY19	35073	0.65942
		شرح كتاب السنة للبربهاري - الراجحي	عبد العزيز بن عبد الله بن عبد الرحمن الراجحي	ShamelaY19	35083	0.65941
		كتاب الصلاة (للشيخ الأنصاري) - الجزء1	الشيخ مرتضى الأنصاري	Masaha	828	0.65941
		الحضارة الإسلامية أسسها ووسائلها وصور من تطبيقات المسلمين لها ولمحات من تأثيرها في سائر الأمم	عبد الرحمن بن حسن حَبَنَّكَة الميداني الدمشقي (المتوفى: 1425هـ)	ShamAY	9989	0.65939
		عادوا إلى الفطرة	أبو إسلام أحمد بن علي	ShamAY	35074	0.65938
		فيض الباري على صحيح البخاري	(أمالي) محمد أنور شاه بن معظم شاه الكشميري الهندي ثم الديوبندي (المتوفى: 1353ه)	ShamelaY19	98124	0.65938
		حياة الحيوان الكبرى	محمد بن موسى بن عيسى بن علي الدميري، أبو البقاء، كمال الدين الشافعي (المتوفى: 808ه)	Sham19Y	10664	0.65937
		نثر الدر ـ موافق للمطبوع	أبو سعد منصور بن الحسين الآبي	ShamAY	34047	0.65936
		التكفير - مفهومه و أخطاره و ضوابطه		ShamAY	35475	0.65936
		أسواق الذهب	أحمد شوقي بن علي بن أحمد شوقي (المتوفى: 1351هـ)	ShamAY	8188	0.65936
		الأخلاق في القرآن [ج ٣]	آية الله مكارم الشيرازي	Rafed	3953	0.65936
		المدينة النبوية في فجر الإسلام والعصر الراشدي الرواية الصحيحة للتاريخ الحضاري السياسي , والاقتصادي , والاداري , والاجتماعي , والعلمي للمدينة المنورة	محمد حسن شُرَّاب	ShamAY	38446	0.65935
		 الإلهيات على هدى الكتاب والسنة والعقل 	 الشيخ السبحاني 	ABLibrary	8344	0.65935
		حاشية (الأصول الثلاثة لمحمد بن عبد الوهاب)	عبد الرحمن بن محمد بن قاسم العاصمي القحطاني الحنبلي النجدي (المتوفى: 1392هـ)	ShamAY	11148	0.65933
		 ولاية الأمر في عصر الغيبة 	 السيد كاظم الحائري 	ABLibrary	9614	0.65932
		غنائم الأيّام في مسائل الحلال و الحرام - الجزء1	الميرزا القمي	Masaha	1464	0.65932
		تقريب التدمرية	محمد بن صالح بن محمد العثيمين (المتوفى: 1421هـ)	ShamAY	11100	0.65931
		المنتخب من تفسير القرآن [ج ٢]	أبو عبدالله محمّد بن أحمد بن إدريس الحلّي	Rafed	3828	0.65931
		شرح كتاب قاعدة جليلة في التوسل والوسيلة لابن تيمية	ناصر بن عبد الكريم العلي العقل	ShamAY	742	0.6593
		كشف المشكل من حديث الصحيحين	جمال الدين أبو الفرج عبد الرحمن بن علي بن محمد الجوزي (المتوفى: 597هـ)	ShamAY	5906	0.65928
		عودة الروح ويقظة الإيمان	مجدي الهلالي	ShamelaY19	36407	0.65927
		 الشافي في العقائد والأخلاق والأحكام 	 الفيض الكاشاني 	ABLibrary	9335	0.65927
		سلك الدرر في أعيان القرن الثاني عشر	محمد خليل بن علي بن محمد بن محمد مراد الحسيني، أبو الفضل (المتوفى: 1206هـ)	ShamAY	9607	0.65926
		فرائد الأصول [ج ١]	الشيخ مرتضى الأنصاري	Rafed	2421	0.65926
		 نوادر الأخبار فيما يتعلق بأصول الدين 	 الفيض الكاشاني 	ABLibrary	7925	0.65924
		العواصم من القواصم في تحقيق مواقف الصحابة بعد وفاة النبي صلى الله عليه وسلم	القاضي محمد بن عبد الله أبو بكر بن العربي المعافري الإشبيلي المالكي (المتوفى: 543هـ)	ShamAY	8314	0.65922
		من وحي التربيه والتعليم	عادل علوي	Ghbook	4630	0.65922
		التحصين لأسرار ما زاد من كتاب اليقين‏	السيد علي بن موسى بن طاووس	Masaha	4805	0.65922
		مدافع الفقهاء التطرف بين فقهاء السلف و فقهاء الخلف	صالح ورداني	Ghbook	7703	0.65918
		في ظلال سورة التوبة	الواحدي	ShamAY	36948	0.65916
		تاج العروس [ج ١]	محبّ الدين أبي فيض السيد محمّد مرتضى الحسيني الواسطي الزبيدي الحنفي	Rafed	1464	0.65916
		الإقتصاد في الإعتقاد	أبو حامد الغزالي	Rafed	3312	0.65916
		جامع المقاصد في شرح القواعد - الجزء1	علي بن الحسين‏ المحقق الكركي	Masaha	1089	0.65915
		أخطاء في أدب المحادثة والمجالسة	محمد بن إبراهيم الحمد	ShamAY	35187	0.65912
		تفسير العثيمين: الحجرات - الحديد	محمد بن صالح بن محمد العثيمين (المتوفى: 1421ه)	ShamelaY19	21805	0.6591
		القصص التربوية	الشيخ محمد تقي الفلسفي	Masaha	562	0.65909
		دراسات في ولايه الفقيه و فقه الدوله الاسلاميه	آيت الله العظمي حسينعلي منتظري	Ghbook	9845	0.65906
		فتاوى الشيخ عبد الله بن عقيل	عبد الله بن عقيل	ShamAY	37663	0.65904
		الاعتبار	أبو المظفر مؤيد الدولة مجد الدين أسامة بن مرشد بن علي بن مقلد بن نصر بن منقذ الكناني الكلبي الشيزري (المتوفى: 584ه)	ShamelaY19	21564	0.659
		بحار الأنوار [ج ٧٣]	الشيخ محمّد باقر بن محمّد تقي المجلسي	Rafed	1089	0.659
		دلائل الصدق لنهج الحق - الجزء1	الشيخ محمد حسن المظفر	Masaha	274	0.65899
		شرح عمدة الأحكام - عبد الكريم الخضير	عبد الكريم الخضير	ShamelaY19	22645	0.65898
		القناعة في ما يحسن الإحاطة من أشراط الساعة	شمس الدين محمد بن عبد الرحمن السخاوي (المتوفى: 902 ه)	Sham19Y	127668	0.65898
		و الي الشباب نقول ...	آيت الله العظمي سيد محمد حسيني شيرازي	Ghbook	7866	0.65897
		فتح القوي المتين في شرح الأربعين وتتمة الخمسين للنووي وابن رجب رحمهما الله	عبد المحسن بن حمد بن عبد المحسن بن عبد الله بن حمد العباد البدر	ShamAY	11325	0.65896
		 أهل البيت في مصر 	 مجموعة مؤلفين 	ABLibrary	7432	0.65896
		أصول الفقه المقارن فيما لا نصّ فيه	الشيخ جعفر السبحاني	Rafed	3613	0.65896
		 تاريخ مكة 	 أحمد السباعي 	ABLibrary	9006	0.65893
		منهج القرآن الكريم في دعوة المشركين إلى الإسلام	د. حمود بن أحمد بن فرج الرحيلي	ShamAY	7252	0.65892
		بهج الصباغه في شرح نهج البلاغه علي بن ابي طالب (عليه السلام)	محمد تقي شوشتري ( تستري )	Ghbook	16229	0.65892
		جواهر الدرر في حل ألفاظ المختصر	أبو عبد الله شمس الدين محمد بن إبراهيم بن خليل التتائي المالكي (000 - 942 ه)	ShamelaY19	150676	0.6589
		السيرة النبوية الصحيحة محاولة لتطبيق قواعد المحدثين في نقد روايات السيرة النبوية	د. أكرم ضياء العمري	ShamelaY19	122396	0.6589
		غاية المنوة في آداب الصحبة وحقوق الأخوة	حازم خنفر	ShamelaY19	36533	0.65888
		الحجة للقراء السبعة	الحسن بن أحمد بن عبد الغفار الفارسيّ الأصل، أبو علي (المتوفى: 377هـ)	ShamAY	1068	0.65887
		مجمع البحرين [ج ٤]	الشيخ فخر الدين الطريحي	Rafed	1245	0.65887
		خطب مختارة	اختيار وكالة شئون المطبوعات والنشر بوزارة الشؤون الإسلامية والأوقاف والدعوة والإرشاد	ShamAY	30929	0.65879
		البيان والتبيين - ط صعب	أبو عثمان عمرو بن بحر الجاحظ	ShamAY	33779	0.65879
		البيان والتبيين - ط الخانجي	أبو عثمان عمرو بن بحر الجاحظ	ShamAY	33801	0.65877
		حاشية البجيرمي على الخطيب = تحفة الحبيب على شرح الخطيب	سليمان بن محمد بن عمر البجيرمي المصري الشافعي (المتوفى: 1221ه)	Sham19Y	21599	0.65877
		بينات الرسول صلى الله عليه وآله وسلم ومعجزاته	عبد المجيد بن عزيز الزنداني	ShamAY	9781	0.65875
		 حقائق الطب وجوامع العلاج 	 الحاج محمد كريمخان الكرماني 	ABLibrary	9977	0.65873
		تفسير ابن عطية = المحرر الوجيز في تفسير الكتاب العزيز	أبو محمد عبد الحق بن غالب بن عبد الرحمن بن تمام بن عطية الأندلسي المحاربي (المتوفى: 542هـ)	ShamAY	23632	0.65871
		صوت الحق ودعوة الصدق	الشيخ لطف الله الصافي	Masaha	328	0.65871
		لقاءات الشيخ أبي إسحاق الحويني مع فضيلة الشيخ محمد ناصر الدين الألباني	الواحدي :: ناصر الدين الألباني	ShamAY	33150	0.65867
		اعجاز القرآن بين المعتزلة والأشاعرة	دكتور منير سلطان	Rafed	3292	0.65867
		لمحات في أحكام الشريعة الإسلاميّة	السيد فاضل الموسوي الجابري	Rafed	802	0.65866
		 مجموعة آثار السلمي 	 السلمي 	ABLibrary	8708	0.65865
		الإتحاف فى الرد على الصحاف	عبد اللطيف بن عبد الرحمن بن حسن بن محمد بن عبد الوهاب آل الشيخ (المتوفى: 1293هـ)	ShamAY	7520	0.65864
		 إقبال الأعمال ( ط . ق ) 	 السيد ابن طاووس 	ABLibrary	7907	0.65863
		الفتوى بغير علم	راشد البِداح :: راشد البداح	ShamAY	37524	0.65862
		السياسة الشرعية في إصلاح الراعي والرعية - ت العمران - ط عالم الفوائد	شيخ الإسلام أحمد بن عبد الحليم بن عبد السلام ابن تيمية (661 - 728 هـ)	ShamAY	38472	0.6586
		أصول النحو 1 - جامعة المدينة	مناهج جامعة المدينة العالمية	ShamAY	1648	0.6586
		 ردع الفقرا عن دعوى الولاية الكبرى 	 عبد الوهاب الشعراني 	ABLibrary	8839	0.6586
		الأمثل في تفسير كتاب الله المنزل [ج ١٦]	آية الله مكارم الشيرازي	Rafed	2062	0.6586
		الرد على شبهات المستعينين بغير الله	أحمد بن إبراهيم بن حمد بن محمد بن حمد بن عبد الله بن عيسى (المتوفى: 1327هـ)	ShamAY	7625	0.65857
		النبوة: اصطفاء وقدوة (السنة 33 - العدد 113)	أحمد مختار البزرة	ShamAY	8966	0.65857
		كيف نغير ما بأنفسنا	مجدي الهلالي	ShamAY	616	0.65856
		الشيخ عبد الرحمن بن سعدي وجهوده في تو ضيح العقيدة	عبد الرزاق بن عبد المحسن البدر	ShamAY	7651	0.65853
		الدر الفريد وبيت القصيد	محمد بن أيدمر المستعصمي (639 هـ - 710 هـ)	ShamAY	38857	0.65849
		في ظلال التوحيد: دراسه مبسطه حول التوحيد و الشرك و تحديد معالمها	آيت الله العظمي جعفر سبحاني	Ghbook	10922	0.65848
		نظرية النظم وقراءة الشعر عند عبد القاهر الجرجاني	محمود توفيق محمد سعد	ShamAY	34505	0.65847
		المسامرة	كمال الدين محمد بن محمد الشافعي [ ابن أبي شريف المقدسي ]	Rafed	3461	0.65844
		نقد الشعر	قدامة بن جعفر بن قدامة بن زياد البغدادي، أبو الفرج (المتوفى: 337هـ)	ShamAY	28181	0.65843
		القصص و الحكايات	آيت الله العظمي سيد محمد حسيني شيرازي	Ghbook	8072	0.65838
		الموسوعة القرآنية المتخصصة	مجموعة من الأساتذة والعلماء المتخصصين	ShamAY	1765	0.65837
		هذه أخلاقنا حين نكون مؤمنين حقا	أبو أسامة، محمود محمد الخزندار (المتوفى: 1422هـ)	ShamAY	32104	0.65836
		درة الغواص في أوهام الخواص	القاسم بن علي بن محمد بن عثمان، أبو محمد الحريري البصري (المتوفى: 516هـ)	ShamAY	6920	0.65835
		فتاوى منوعة - الراجحي	عبد العزيز بن عبد الله بن عبد الرحمن الراجحي	ShamelaY19	36975	0.65835
		 دلائل الصدق لنهج الحق 	 الشيخ محمد حسن المظفر 	ABLibrary	939	0.65834
		نهاية الوصول إلى علم الأصول [ج ١]	الحسن بن يوسف بن علي المطّهر [ العلامة الحلّي ]	Rafed	3660	0.65834
		الشيخ محمد بن عبد الوهاب في مرآة علماء الشرق والغرب	محمود مهدي الإستانبولي (المتوفى: 1420هـ)	ShamAY	7668	0.65833
		 تسهيل السبيل بالحجة في انتخاب كشف المحجة لثمرة المهجة 	 الفيض الكاشاني 	ABLibrary	8385	0.65833
		الأديان والمذاهب - جامعة المدينة	مناهج جامعة المدينة العالمية	ShamAY	1660	0.65832
		الظاهرة القرآنية	مالك بن الحاج عمر بن الخضر بن نبي (المتوفى: 1393ه)	Sham19Y	2910	0.65826
		اللّباب في علوم الكتاب [ج ١٣]	أبي حفص عمر بن علي بن عادل الدمشقي الحنبلي	Rafed	3112	0.65826
		مفاهيم القرآن [ج ١]	الشيخ جعفر السبحاني	Rafed	234	0.65825
		الأديان والمذاهب - جامعة المدينة	مناهج جامعة المدينة العالمية	ShamelaY19	31083	0.65824
		موقف الشوكاني في تفسيره من المناسبات	أحمد بن محمد الشرقاوى سالم	ShamAY	943	0.65822
		مجمل أصول أهل السنة	ناصر بن عبد الكريم العلي العقل	ShamelaY19	37721	0.65821
		التشيّع	الدكتور محمد زين الدين	Rafed	789	0.65821
		جواهر الكلام في شرح شرائع الإسلام - الجزء1	الشيخ محمد حسن النجفي	Masaha	768	0.65821
		جواهر الكلام في ثوبه الجديد - الجزء1	الشيخ محمد حسن النجفي	Masaha	1571	0.65819
		الأمثال في القرآن	محمد بن أبي بكر بن أيوب بن سعد شمس الدين ابن قيم الجوزية (المتوفى: 751هـ)	ShamAY	928	0.65818
		فتح رب البرية في تقريب مقدمة شرح العقيدة الطحاوية		ShamAY	35565	0.65817
		التفسير الحديث [مرتب حسب ترتيب النزول]	محمد عزة دروزة	ShamAY	23603	0.65816
		الأمثل في تفسير كتاب الله المنزل [ج ٤]	آية الله مكارم الشيرازي	Rafed	2037	0.65816
		تراثنا ـ العدد [ 25 ]	مؤسسة آل البيت عليهم السلام لإحياء التراث ـ قم	Rafed	2745	0.65815
		المعتصر من شرح مختصر الأصول من علم الأصول	أبو المنذر محمود بن محمد بن مصطفى بن عبد اللطيف المنياوي	ShamAY	1117	0.65813
		حاشية المكاسب / تقريرات النجم آبادي	الشيخ آقا ضياء الدين العراقي	Masaha	5019	0.6581
		شرح كتاب السنة للبربهاري - الراجحي	عبد العزيز بن عبد الله بن عبد الرحمن الراجحي	ShamAY	23	0.65809
		 موسوعة مصطلحات علم الكلام الإسلامي 	 سميح دغيم 	ABLibrary	8657	0.65809
		تاريخ القرآن الكريم	محمد طاهر بن عبد القادر الكردي المكي الشافعي الخطاط (المتوفى: 1400ه)	Sham19Y	2228	0.65806
		العواصم من القواصم في تحقيق مواقف الصحابة بعد وفاة النبي صلى الله عليه وسلم	القاضي محمد بن عبد الله أبو بكر بن العربي المعافري الاشبيلي المالكي (المتوفى: 543هـ)	ShamAY	30897	0.65804
		مدخل إلى التفسير وعلوم القرآن	عبد الجواد خلف محمد عبد الجواد	Sham19Y	21486	0.65804
		فتاوى منوعة - الراجحي	عبد العزيز بن عبد الله بن عبد الرحمن الراجحي	ShamAY	367	0.65803
		 إعجاز القرآن بين المعتزلة والأشاعرة 	 منير سلطان 	ABLibrary	8342	0.65803
		الكافية الشافية - ت العريفي وآخرون ط عالم الفوائد	ابن القيم	ShamAY	38329	0.65802
		 نتائج الأفكار القدسية في بيان معاني شرح الرسالة القشيرية 	 الشيخ عبد الله العروسي 	ABLibrary	8825	0.65802
		اللمعات النيرة في شرح تكملة التبصرة - الجزء1	الآخوند الشيخ محمد كاظم الخراساني	Masaha	5061	0.658
		ما يحتاجه الشباب	أحمد الصادقي	Masaha	575	0.65799
		الإيضاح والتبيين لبعض صفات المؤمنين	الواحدي :: عبد العزيز الراجحي	ShamAY	35051	0.65797
		غذاء الألباب شرح منظومة الآداب - ط العلمية	محمد بن أحمد بن سالم السفاريني الحنبلي	ShamAY	33742	0.65795
		الجواب الصحيح لمن بدل دين المسيح - ت الألمعي	ابن تيمية ت 728 هـ	ShamAY	33851	0.65795
		لأكون مع الصادقين	د. محمد التيجاني السماوي	Masaha	388	0.65795
		لكي لا تتنازعوا ..	آيت الله العظمي سيد محمد حسيني شيرازي	Ghbook	7911	0.65794
		شرح الأربعين النووية لعطية سالم	عطية بن محمد سالم (المتوفى : 1420هـ)	ShamAY	7719	0.65789
		هوية التشيع	الشيخ أحمد الوائلي	Masaha	478	0.65789
		من هدى القرآن [ج ٤]	السيّد محمّد تقي المدرّسي	Rafed	2106	0.65788
		الحدائق الناضرة [ج ٧]	الشيخ يوسف بن أحمد البحراني [ صاحب الحدائق ]	Rafed	2829	0.65787
		تفسير البيان [ج ٢]	السيّد محمّد حسين الطباطبائي	Rafed	3766	0.65787
		المدخل المفصل لمذهب الإمام أحمد	بكر أبو زيد	ShamelaY19	23611	0.65786
		 مصباح الفقيه 	 آقا رضا الهمداني 	ABLibrary	9395	0.65786
		الأمثل في تفسير كتاب الله المنزل [ج ١١]	آية الله مكارم الشيرازي	Rafed	2051	0.65786
		التحرير الأدبي	د. حسين علي محمد حسين (المتوفى: 1431هـ)	ShamAY	7585	0.65785
		رسائل آل طوق القطيفي - الجزء1	الشيخ أحمد آل طوق القطيفي	Masaha	1561	0.65783
		فتح المجيد شرح كتاب التوحيد	عبد الرحمن بن حسن بن محمد بن عبد الوهاب بن سليمان التميمي (المتوفى: 1285ه)	Sham19Y	2386	0.65782
		نور الاقتباس في مشكاة وصية النبي صلى الله عليه وسلم لابن عباس	الواحدي :: ابن رجب الحنبلي	ShamAY	34320	0.65781
		روضة الواعظين و بصيرة المتعظين - الجزء1	فتال النيشابوري‏	Masaha	2201	0.65779
		شرح اسم الله القدوس	فوزي السعيد	ShamAY	34912	0.65777
		أسرار البيان في التعبير القرآني - كتاب	فاضل بن صالح بن مهدي بن خليل البدري السامرائي	ShamAY	1445	0.65777
		الاتباع لابن أبي العز	صدر الدين محمد بن علاء الدين عليّ بن محمد ابن أبي العز الحنفي، الأذرعي الصالحي الدمشقي (المتوفى: 792هـ)	ShamAY	6248	0.65775
		الرحيق المختوم‏	صفي الرحمان المباركفوري	Masaha	2026	0.65774
		خصائص التعبير القرآني وسماته البلاغية	عبد العظيم إبراهيم محمد المطعني (المتوفى: 1429ه)	ShamelaY19	21785	0.65772
		معرفه الله دراسه تحليليه في المعرفه العقليه والمعرفه الفطريه والفرق بينهما	محمد باقر علم الهدي	Ghbook	11881	0.65772
		تأويلات أهل السنّة [ج ٢]	أبي منصور محمّد بن محمّد بن محمود الماتريدي	Rafed	3963	0.65771
		أنوار الفقاهة (كتاب المكاسب)	الشيخ حسن كاشف الغطاء	Masaha	918	0.65769
		 معرفة الإمام 	 السيد محمد حسين الطهراني 	ABLibrary	8887	0.65767
		الفتاوى الفقهية الكبرى	أحمد بن محمد بن علي بن حجر الهيتمي السعدي الأنصاري، شهاب الدين شيخ الإسلام، أبو العباس (المتوفى: 974ه)	ShamelaY19	21628	0.65766
		معجم أعلام شعراء المدح النبوي	محمد أحمد درنيقة	ShamelaY19	23679	0.65765
		الإشارات الإلهيّة إلى المباحث الأصوليّة	نجم الدين أبي الربيع سليمان بن عبدالقوي ابن عبدالكريم الطوفي الصرصري الحنبلي	Rafed	3856	0.65764
		اجتماع الجيوش الإسلامية على غزو المعطلة والجهمية	محمد بن أبي بكر أيوب الزرعي ابن القيم أبو عبد الله	ShamAY	34408	0.65763
		مصباح الفقيه [ج ١٤]	الشيخ آقا رضا الهمداني	Rafed	1880	0.65763
		البدعه و آثارها الموبقه	آيت الله العظمي جعفر سبحاني	Ghbook	5039	0.65762
		التقريب والإرشاد (الصغير)	محمد بن الطيب بن محمد بن جعفر بن القاسم، القاضي أبو بكر الباقلاني المالكي (المتوفى: 403 هـ)	ShamAY	32372	0.65759
		الاستبصار فى عجائب الامصار	مؤلف: الاستبصار في عجائب الأمصار	ShamAY	11684	0.65757
		موسوعة الفرق المنتسبة للإسلام - الدرر السنية	مجموعة من المؤلفين	ShamelaY19	32150	0.65757
		 معرفة المعاد 	 السيد محمد حسين الطهراني 	ABLibrary	8875	0.65757
		الحدائق الناضرة [ج ٥]	الشيخ يوسف بن أحمد البحراني [ صاحب الحدائق ]	Rafed	2826	0.65757
		الفائق في غريب الحديث [ج ١]	جار الله محمود بن عمر الزمخشري	Rafed	3073	0.65757
		منهج النقد في علوم الحديث	الدكتور نور الدين عتر	ShamAY	38874	0.65755
		مطارحات في الفكر والعقيدة	مركز الرسالة	Masaha	404	0.65755
		شرح المقاصد [ج ٤]	مسعود بن عمر بن عبدالله [ سعد الدين التفتازاني ]	Rafed	3516	0.65752
		تفسير العثيمين: جزء عم	محمد بن صالح بن محمد العثيمين (المتوفى: 1421ه)	ShamelaY19	21808	0.65751
		التوحيد للفوزان	صالح بن فوزان بن عبد الله الفوزان	ShamelaY19	30846	0.6575
		شمس وراء السحاب ( القصه الدينيه )	جمال محمد صالح	Ghbook	2041	0.6575
		الموسوعة القرآنيّة [ج ٤]	ابراهيم الأبياري	Rafed	3813	0.65749
		التّفسير الحديث [ج ٨]	محمّد عزّة دروزة	Rafed	3761	0.65748
		أسباب رفع العقوبة عن العبد لشيخ الإسلام ابن تيمية	الواحدي :: علي بن نايف الشحود	ShamAY	36067	0.65747
		شبهات وردود		ShamAY	37804	0.65745
		شرح عمدة الأحكام - عبد الكريم الخضير	عبد الكريم الخضير	ShamAY	157	0.65745
		السراج الوهّاج	الشيخ إبراهيم بن سليمان البحراني [ الفاضل القطيفي ]	Rafed	1258	0.65741
		كنز الدرر وجامع الغرر	أبو بكر بن عبد الله بن أيبك الدواداري	ShamAY	32597	0.6574
		مواقف فى الدعوة والتربية	عباس السيسي	ShamAY	33233	0.65738
		الأمثال في القرآن الكريم	الشيخ جعفر السبحاني	Rafed	3165	0.65738
		بحوث في قراءه النص الديني	محمد السند	Ghbook	15177	0.65735
		مصباح الفقيه - الجزء1	الشيخ آقا رضا الهمداني	Masaha	1809	0.65734
		فتاوى الشيخ عبد الرزاق عفيفي	الواحدي :: عبد الرزاق عفيفي	ShamAY	37661	0.65733
		مجمل أصول أهل السنة	ناصر بن عبد الكريم العلي العقل	ShamAY	748	0.65732
		المرجئة		ShamAY	35646	0.65732
		التاج في أخلاق الملوك	عمرو بن بحر بن محبوب الكناني بالولاء، الليثي، أبو عثمان، الشهير بالجاحظ (المتوفى: 255ه)	ShamelaY19	22623	0.65731
		فتاوى نور على الدرب للعثيمين	محمد بن صالح بن محمد العثيمين (المتوفى: 1421هـ)	ShamAY	2300	0.6573
		تاريخ التشريع الإسلامي	مناع بن خليل القطان (المتوفى: 1420هـ)	ShamAY	9995	0.6573
		ورثة الأنبياء	عبد الملك بن محمد القاسم	ShamelaY19	36550	0.6573
		مقارنة بين شروح كتب السنة الستة	عبد الكريم بن عبد الله بن عبد الرحمن بن حمد الخضير	ShamAY	164	0.65727
		 الدرجات الرفيعة في طبقات الشيعة 	 السيد علي خان المدني الشيرازي 	ABLibrary	919	0.65727
		البحث عن الامام المهدي عجل الله تعالي فرجه الشريف	السيد جمال محمد صالح	Ghbook	16110	0.65726
		البلاغة 2 - المعاني - جامعة المدينة	مناهج جامعة المدينة العالمية	ShamAY	1664	0.65725
		 المغني في أبواب التوحيد والعدل 	 القاضي عبد الجبار الهمذاني 	ABLibrary	8632	0.65724
		المنحه الوهبيه في رد الوهابيه	طحاوي، احمد بن محمد	Ghbook	7589	0.65723
		الحاكم الجشمي ومنهجه في التفسير	عدنان محمد زرزور	ShamAY	1091	0.65721
		عمدة الكتاب لأبي جعفر النحاس	أبو جعفر النحاس أحمد بن محمد بن إسماعيل بن يونس المرادي النحوي (المتوفى: 338ه)	ShamelaY19	26803	0.65721
		أياما معدودات	مجدي الهلالي	ShamAY	272	0.6572
		صفوة المسائل في التوحيد والفقه والفضائل	أبو رحمة / محمد نصر الدين محمد عويضة	ShamAY	33230	0.6572
		قاعدة جليلة في التوسل والوسيلة	تقي الدين أبو العباس أحمد بن عبد الحليم بن عبد السلام بن عبد الله بن أبي القاسم بن محمد ابن تيمية الحراني الحنبلي الدمشقي (المتوفى: 728هـ)	ShamAY	22649	0.6572
		تشييد المراجعات و تفنيد المكابرات	آيت الله علي حسيني ميلاني	Ghbook	4778	0.65719
		غاية البيان شرح زبد ابن رسلان	شمس الدين محمد بن أبي العباس أحمد بن حمزة شهاب الدين الرملي (المتوفى: 1004هـ)	ShamAY	6136	0.65718
		مفتاح دار السعادة ومنشور ولاية العلم والإرادة - ط عالم الفوائد	ابن القيم	ShamAY	38398	0.65717
		اليواقيت الحسان في تفسير سوره الرحمن؛ المختار من القصائد و الاشعار	مجدالدين نجفي اصفهاني	Ghbook	12924	0.65715
		شرح مختصر الخرقي - عبد الكريم الخضير	عبد الكريم الخضير	ShamelaY19	26252	0.65714
		نيل المرام شرح آيات الأحكام		ShamAY	33124	0.65713
		 المعاد الجسماني 	 شاكر الساعدي 	ABLibrary	8616	0.65713
		 معرفة الإمام 	 السيد محمد حسين الطهراني 	ABLibrary	8888	0.65712
		شهر رمضان شهر الهدى والفرقان	علي بن نايف الشحود	ShamAY	34844	0.6571
		قلائد الدرر في مناسك من حج و اعتمر	احمد بن علي بن محمد رضا نجفي (كاشف الغطاء)	Ghbook	11258	0.65709
		كشف خفايا علوم السحرة	محمَّد أمين شيخو	ShamAY	34906	0.65707
		كيف أتوب	أبو العلاء محمد بن حسين بن يعقوب السلفي المصري	ShamAY	31602	0.65706
		قلائد الجمان في فرائد شعراء هذا الزمان، المشهور بـ «عقود الجمان في شعراء هذا الزمان»	كمال الدين أبو البركات المبارك بن الشعار الموصلي (المتوفى: 654 هـ)	ShamAY	38967	0.65706
		غاية المقصود فى الرد على النصارى واليهود	السموأل بن يحيى بن عباس المغربي (المتوفى: نحو 570ه)	Sham19Y	12757	0.65705
		شرح كتاب الرد على الزنادقة	الشيخ عبدالعزيز الراجحي	ShamAY	35434	0.65702
		أصول النحو 1 - جامعة المدينة	مناهج جامعة المدينة العالمية	Sham19Y	11199	0.65702
		الاعتصام للشاطبي ت الشقير والحميد والصيني	إبراهيم بن موسى بن محمد اللخمي الغرناطي الشهير بالشاطبي (المتوفى: 790هـ)	ShamAY	445	0.65701
		رياض المسائل - الجزء1	السيد علي الطباطبائي	Masaha	937	0.65701
		صراع الفكر والاتباع	عدنان بن محمد آل عرعور	ShamelaY19	147096	0.657
		التفسير الموضوعي 2 - جامعة المدينة	مناهج جامعة المدينة العالمية	ShamAY	1644	0.65699
		الحور العين	نشوان بن سعيد الحميرى اليمني (المتوفى: 573 هـ)	ShamAY	22885	0.65698
		مرآة الزمان في تواريخ الأعيان	شمس الدين أبو المظفر يوسف بن قزأوغلي بن عبد الله المعروف ب «سبط ابن الجوزي» (581 - 654 ه)	ShamelaY19	23644	0.65696
		 الحضرة الأنسية في الرحلة القدسية 	 الشيخ عبد الغني النابلسي 	ABLibrary	9037	0.65696
		فضائل الأندلس وأهلها	ابن حزم :: مجموعة من المؤلفين	ShamAY	6701	0.65695
		دور المسجد في التربية	عبد الله قادري الأهدل	ShamAY	35101	0.65694
		الاعتصام بالإسلام	عمر العرباوي الحملاوي (المتوفى: 1405هـ)	ShamAY	31657	0.65694
		جريدة «الشريعة» النبوية المحمدية	تصدرها «جمعية العلماء المسلمين الجزائريين» تحت إشراف رئيسها الأستاذ عبد الحميد بن باديس.	Sham19Y	4315	0.65692
		 مجلة فقه أهل البيت ( ع ) 	 مجموعة مؤلفين 	ABLibrary	9749	0.65692
		حقيقه السنة والبدعة = الأمر بالاتباع والنهي عن الابتداع	عبد الرحمن بن أبي بكر، جلال الدين السيوطي (المتوفى: 911ه)	Sham19Y	248	0.65691
		إفحام اليهود، وقصة إسلام السموأل، ورؤياه النبي صلى الله عليه وسلم	السموأل بن يحيى بن عباس المغربي (المتوفى: نحو 570ه)	Sham19Y	6529	0.65689
		الهدى إلى دين المصطفى [ج ٢]	الشيخ محمد جواد البلاغي	Rafed	3375	0.65689
		حركة التجديد والإصلاح في نجد	عبد الله العجلان	ShamAY	11156	0.65688
		لأكون مع الصّادقين	الدكتور محمّد التيجاني السماوي	Rafed	1215	0.65688
		أرجوزة في الفقه	الشيخ ملا هادي السبزواري	Masaha	1623	0.65688
		الشرح الكبير لمختصر الأصول من علم الأصول	أبو المنذر محمود بن محمد بن مصطفى بن عبد اللطيف المنياوي	ShamAY	1106	0.65686
		مواهب الفتّاح في شرح تلخيص المفتاح [ج ١]	أبي العبّاس أحمد بن محمّد بن محمّدابن يعقوب المغربي	Rafed	2113	0.65685
		 نظام النكاح في الشريعة الإسلامية الغراء 	 الشيخ السبحاني 	ABLibrary	9604	0.65682
		النصائح الكافية لمن يتولّى معاوية	السيّد محمّد بن عقيل بن عبد الله بن عمر بن يحيى العلوي	Rafed	1820	0.65682
		شرح مقدمة سنن ابن ماجه	عبد الكريم الخضير	ShamAY	81	0.65681
		 شرح آقا جمال خوانسارى بر غرر الحكم ودرر الكلم ( فارسي ) 	 جمال الدين محمد الخوانساري 	ABLibrary	7934	0.6568
		منتهى الطلب من أشعار العرب	محمد بن المبارك بن محمد بن ميمون البغدادي (المتوفى: 597هـ)	ShamAY	732	0.65679
		شبهات حول الإسلام	الواحدي :: محمد قطب	ShamAY	33305	0.65673
		العقيدة الإسلامية على ضوء مدرسة أهل البيت	الشيخ جعفر السبحاني	Masaha	351	0.65673
		الأنوار القدسيّة	الشيخ محمّد حسين الإصفهاني	Rafed	1935	0.65672
		حياة الحيوان الكبرى	محمد بن موسى بن عيسى بن علي الدميري، أبو البقاء، كمال الدين الشافعي (المتوفى: 808هـ)	ShamAY	31575	0.65671
		الفرقان في تفسير القرآن بالقرآن والسنّة [ج ٨]	الشيخ محمد الصادقي	Rafed	3019	0.65671
		فقه الزكاة	يوسف القرضاوي	ShamAY	36406	0.6567
		البيهقي وموقفه من الإلهيات	أحمد بن عطية بن علي الغامدي	ShamAY	7570	0.6567
		الشيعة هم أهل السنّة	الدكتور محمّد التيجاني السماوي	Rafed	1219	0.6567
		معجم المناهي اللفظية وفوائد في الألفاظ	بكر بن عبد الله أبو زيد بن محمد بن عبد الله بن بكر بن عثمان بن يحيى بن غيهب بن محمد (المتوفى: 1429ه)	Sham19Y	26385	0.65669
		معرفه الله ( نقد العرفان و التصوف )	لجنة التاليف	Ghbook	7712	0.65667
		نثر الورود شرح حائية ابن أبي داود	د. عبد الرحمن بن عبد العزيز العقل	ShamelaY19	145171	0.65665
		الشيخ عبد الرحمن بن سعدي وجهوده في تو ضيح العقيدة	عبد الرزاق بن عبد المحسن البدر	Sham19Y	7651	0.65664
		مشارق الأحكام	الشيخ محمد بن احمد النراقي	Masaha	1644	0.65664
		رسالة الطيف	الصاحب بهاء الدين علي بن عيسى بن أبي الفتح الإربلي (المتوفى: 692هـ)	ShamAY	764	0.65661
		الوافي	محمد بن مرتضي فيض كاشاني	Ghbook	10697	0.65661
		 المصباح في مكاشفة بعث الأرواح ( ويليه شرح الحجب والأستار / لوامع التوحيد / مسالك التوحيد ) 	 روزبهان البقلي الشيرازي ( شطاح فارس ) 	ABLibrary	8729	0.65659
		حوار في التسامح والعنف	معهد الرسول الأكرم(ص)	Masaha	566	0.65656
		وقعة صفّين	نصر بن مزاحم المنقري	Rafed	401	0.65655
		قطوف من نعوت السلف	زيد بن محمد المدخلي	ShamAY	32983	0.65654
		شرح ديوان الحماسة (ديوان الحماسة: اختاره أبو تمام حبيب بن أوس ت 231 هـ)	يحيى بن علي بن محمد الشيبانيّ التبريزي، أبو زكريا (المتوفى: 502هـ)	ShamAY	6907	0.65654
		حي بن يقظان	محمد بن عبد الملك بن محمد بن محمد بن طفيل القيسي الأندلسي، أبو بكر (المتوفى: 581هـ)	ShamAY	9734	0.65652
		أنوار الفقاهة (كتاب الصلاة)	الشيخ حسن كاشف الغطاء	Masaha	907	0.65647
		حقيقه السنة والبدعة = الأمر بالاتباع والنهي عن الابتداع	عبد الرحمن بن أبي بكر، جلال الدين السيوطي (المتوفى: 911هـ)	ShamAY	248	0.65646
		أدب الطّف أو شعراء الحسين عليه السلام [ج ٥]	جواد شبّر	Rafed	367	0.65646
		تاريخ طبق الحلوي وصحاف المن والسلوي المعروف بتاريخ اليمن‏	عبد الله بن علي الوزير	Masaha	4658	0.65646
		تاريخ القرآن الكريم	محمد طاهر بن عبد القادر الكردي المكي الشافعي الخطاط (المتوفى: 1400هـ)	ShamAY	2228	0.65644
		كشف زيف التصوف وبيان حقيقته وحال حملته (حوار مع الدكتور القاري وأنصاره)	ربيع بن هادي المدخلي	ShamAY	33025	0.65644
		نشأة النحو وتاريخ أشهر النحاة	الشيخ محمد الطنطاوي رحمه الله	ShamAY	7328	0.65644
		التحبير شرح التحرير في أصول الفقه	علاء الدين أبو الحسن علي بن سليمان المرداوي الدمشقي الصالحي الحنبلي (المتوفى: 885هـ)	ShamAY	6336	0.65643
		شرح عمدة الأحكام - عبد الكريم الخضير	عبد الكريم الخضير	Sham19Y	22645	0.65642
		 بحار الأنوار 	 العلامة المجلسي 	ABLibrary	758	0.65642
		من معاناه الاسلام و المسلمين	آيت الله العظمي سيد محمد حسيني شيرازي	Ghbook	7854	0.65642
		من أخلاق الداعية	سلمان بن فهد العودة	ShamAY	1994	0.65641
		الجرح والتعديل للقاسمي	محمد جمال الدين بن محمد سعيد بن قاسم الحلاق القاسمي (المتوفى: 1332هـ)	ShamAY	607	0.6564
		شرح المنظومة البيقونية - عبد الكريم الخضير	عبد الكريم الخضير	ShamelaY19	23743	0.6564
		 أبكار الأفكار في أصول الدين 	 سيف الدين الآمدي 	ABLibrary	8314	0.6564
		تعليقة على معالم الأصول - الجزء1	السيد علي الموسوي القزويني	Masaha	3267	0.65638
		مباني نقد متن الحديث	قاسم البيضاني	Masaha	569	0.65636
		من بلاغة القرآن فى التعبير بالغدو والأصال والعشى والإبكار	الدكتور محمد محمد عبد العليم دسوقي	ShamAY	2087	0.65635
		تأريخ مكّة دراسات في السياسة والعلم والاجتماع والعمران [ج ١-٢]	أحمد السباعي	Rafed	2297	0.65635
		تاريخ مكة المشرفة والمسجد الحرام والمدينة الشريفة والقبر الشريف‏  - الجزء1	محمد بن أحمد ابن ضياء	Masaha	4140	0.65635
		مورد الأنام في شرح شرائع الإسلام - الجزء1	الشيخ مهدي كاشف الغطاء	Masaha	1583	0.65631
		شرح القواعد السعدية	عبد المحسن بن عبد الله بن عبد الكريم الزامل	Sham19Y	16820	0.65629
		نقض كلام المفترين على الحنابلة السلفيين	أحمد بن حجر بن محمد بن حجر بن أحمد بن حجر بن طامي بن حجر بن سند بن سعدون آل بوطامي البنعلي (المتوفى: 1423هـ)	ShamAY	10896	0.65624
		الرسائل الأربع( قواعد أصولية وفقهية) / تقريرات - الجزء1	الشيخ جعفر السبحاني	Masaha	3454	0.65623
		 سر الأسرار ومظهر الأنوار فيما يحتاج إليه الأبرار 	 عبد القادر الجيلاني 	ABLibrary	8721	0.65622
		القوانين المحكمة في الأصول - الجزء1	الميرزا القمي	Masaha	3479	0.6562
		نصاب الاحتساب	عمر بن محمد بن عوض السَّنَامي الحنفي (المتوفى: 734هـ)	ShamAY	9679	0.65619
		كشف الغطاء عن مبهمات الشريعة الغرّاء [ج ١]	الشيخ جعفر كاشف الغطاء	Rafed	1562	0.65619
		الأصول‏ - الجزء1	الشيخ أبوالفضل النجم آبادي	Masaha	2413	0.65615
		الديارات للشابشتي	أبو الحسن علي بن محمد، المعروف بالشابشتي (المتوفى: 388هـ)	ShamAY	589	0.65613
		منهج القرآن الكريم في دعوة المشركين إلى الإسلام	د. حمود بن أحمد بن فرج الرحيلي	Sham19Y	7252	0.65612
		أصول الاستنباط	السيد علي نقي الحيدري	Masaha	2384	0.65611
		الأمثل في تفسير كتاب الله المنزل [ج ١٥]	آية الله مكارم الشيرازي	Rafed	2060	0.65609
		الحلل في شرح أبيات الجمل	أبو محمد عبد الله بن محمد بن السيد البطليوسي (المتوفى: 521هـ)	ShamAY	634	0.65608
		فضائل الأندلس وأهلها	ابن حزم وابن سعيد والشقندي	Sham19Y	6701	0.65608
		مشارق الأحكام‏	الشيخ محمد بن احمد النراقي	Masaha	4317	0.65607
		أهل البيت في مصر	عدة من الباحثين و المفكرين المصريين	Masaha	1943	0.65607
		تفسير سورة هل أتى [ج ١]	السيد جعفر مرتضى العاملي	Rafed	3890	0.65606
		إسلامية لا وهابية	د. ناصر بن عبد الكريم العقل	ShamelaY19	30888	0.65605
		بحوث فقهيه هامه	آيت الله العظمي ناصرمكارم شيرازي	Ghbook	3278	0.65605
		إتحاف أعلام الناس بجمال أخبار حاضرة مكناس	ابن زيدان عبد الرحمن بن محمد السجلماسي (المتوفى: 1365)	ShamAY	32704	0.65603
		شرح مقدمة سنن ابن ماجه	عبد الكريم الخضير	Sham19Y	27247	0.65598
		إفحام اليهود، وقصة إسلام السموأل، ورؤياه النبي صلى الله عليه وسلم	السموأل بن يحيى بن عباس المغربي (المتوفى: نحو 570هـ)	ShamAY	406	0.65597
		التحوّل المذهبي	علاء الحسون	Masaha	218	0.65597
		الانتصار لحزب الله الموحدين والرد على المجادل عن المشركين	عبد الله بن عبد الرحمن بن عبد العزيز بن عبد الرحمن بن عبد الله بن سلطان بن خميس الملقب ب"أبابطين" (المتوفى: 1282ه)	Sham19Y	7554	0.65591
		الباعث على إنكار البدع والحوادث	أبو القاسم شهاب الدين عبد الرحمن بن إسماعيل بن إبراهيم المقدسي الدمشقي المعروف بأبي شامة (المتوفى: 665هـ)	ShamAY	6276	0.65588
		التربية الإسلامية أصولها وتطورها في البلاد العربية	محمد منير مرسي	ShamAY	7436	0.65587
		اشتقاق أسماء الله	عبد الرحمن بن إسحاق البغدادي النهاوندي الزجاجي، أبو القاسم (المتوفى: 337هـ)	ShamAY	31971	0.65586
		المولد النبوي الشريف‏	صلاح الدين الهواري‏	Masaha	2863	0.65586
		شرح ديوان الحماسة (ديوان الحماسة: اختاره أبو تمام حبيب بن أوس ت 231 ه)	يحيى بن علي بن محمد الشيباني التبريزي، أبو زكريا (المتوفى: 502ه)	Sham19Y	6907	0.65585
		 مقالتان في الحواس ومسائل طبيعية 	 عبد اللطيف البغدادي 	ABLibrary	9884	0.65584
		اللّباب في علوم الكتاب [ج ١٢]	أبي حفص عمر بن علي بن عادل الدمشقي الحنبلي	Rafed	3106	0.65584
		الأنوار اللوامع في شرح مفاتيح الشرائع - الجزء10-1	الشيخ حسين آل عصفور	Masaha	1502	0.65582
		الحاكم الجشمي ومنهجه في التفسير	عدنان محمد زرزور	Sham19Y	37682	0.65579
		مائة مبحث ومبحث في ظلال دعاء أبي حمزة الثمالي	الشيخ جبّار جاسم مكّاوي	Rafed	3086	0.65579
		منهج في الانتماء المذهبي	صائب عبد الـحميد	Masaha	446	0.65579
		الانتصار لأهل الحديث - بازمول	محمد بن عمر بازمول	ShamAY	37364	0.65577
		منكرات الأفراح	غانم غالب غانم	ShamelaY19	96336	0.65575
		المجالس الفاخرة في مآتم العترة الطاهرة	السيد عبدالحسين شرف الدين الموسوي	Rafed	912	0.65571
		بحار الأنوار [ج ٥٧]	الشيخ محمّد باقر بن محمّد تقي المجلسي	Rafed	1045	0.65569
		الوضوء في الكتاب و السنه	جمعي از نويسندگان	Ghbook	5901	0.65569
		رحلة ابن خلدون‏	عبد الرحمن بن محمد ابن خلدون	Masaha	3967	0.65567
		إفراد أحاديث اسماء الله وصفاته - غير صفات الأفعال - في الكتب الستة	حصة بنت عبد العزيز الصغير	ShamelaY19	133370	0.65566
		الخلاصة في أحاديث الطائفة المنصورة	الواحدي :: علي بن نايف الشحود	ShamAY	36068	0.65564
		شرح طيبة النشر في القراءات العشر	محمد بن محمد بن محمد، أبو القاسم، محب الدين النُّوَيْري (المتوفى: 857هـ)	ShamAY	1527	0.65564
		فتاوى يكثر السؤال عنها	الدكتور صلاح محمد أبو الحاج	ShamAY	37669	0.65563
		الموسوعة القرآنيّة خصائص السور [ج ٦]	الناشر: دار التقريب بين المذاهب الإسلامية	Rafed	3736	0.65561
		شرح حديث الافتراق	يوسف بن محمد علي الغفيص	ShamAY	31677	0.65559
		التحقيق في نفي التحريف عن القرآن الشريف 	آيت الله علي حسيني ميلاني	Ghbook	4783	0.65559
		المنهج الحركي في ظلال القرآن	علي بن نايف الشحود	ShamAY	36744	0.65556
		شرح الواسطية - يوسف الغفيص	يوسف بن محمد علي الغفيص	ShamelaY19	37783	0.65554
		كناشة النوادر	عبد السلام محمد هارون (المتوفى: 1408هـ)	ShamAY	12733	0.65553
		مفاد حديث الغدير	الشيخ عبد الحسين الأميني النجفي	Masaha	427	0.65552
		شرح الأربعين النووية في الأحاديث الصحيحة النبوية	تقي الدين أبو الفتح محمد بن علي بن وهب بن مطيع القشيري، المعروف بابن دقيق العيد (المتوفى: 702ه)	Sham19Y	11244	0.65551
		شبابنا ومشاكلهم الروحية	السيد كامل الهاشمي	Masaha	568	0.65551
		فتح المجيد شرح كتاب التوحيد - ت: الفقي	عبد الرحمن بن الحسن آل الشيخ	ShamAY	33892	0.6555
		اللّباب في علوم الكتاب [ج ٥]	أبي حفص عمر بن علي بن عادل الدمشقي الحنبلي	Rafed	3096	0.65549
		خلاصة الأثر في أعيان القرن الحادي عشر	محمد أمين بن فضل الله بن محب الدين بن محمد المحبي الحموي الأصل، الدمشقي (المتوفى: 1111ه)	Sham19Y	6678	0.65548
		مصطفى الدين القيم	الشيخ بشير حسين النجفي	Masaha	5140	0.65547
		الدر المختار وحاشية ابن عابدين (رد المحتار)	ابن عابدين، محمد أمين بن عمر بن عبد العزيز عابدين الدمشقي الحنفي (المتوفى: 1252ه)	ShamelaY19	21613	0.65546
		الحديث حجة بنفسه في العقائد والأحكام	أبو عبد الرحمن محمد ناصر الدين، بن الحاج نوح بن نجاتي بن آدم، الأشقودري الألباني (المتوفى: 1420هـ)	ShamAY	7607	0.65545
		الاجتهاد و التقليد (الوافية في الأصول)	الفاضل التوني	Masaha	1253	0.65544
		التحقيق والبيان في شرح البرهان في أصول الفقه	علي بن إسماعيل الأبياري (المتوفى 616 هـ)	ShamAY	38826	0.65543
		مآثر الكبراء في تأريخ سامرّاء [ج ٢]	الشيخ ذبيح الله المحلاتي	Rafed	2367	0.65542
		الاثار و التاريخ 	خالد فائق عبيدي	Ghbook	2789	0.65542
		روضة الطالبين- الكتب العلمية	محي الدين النووي (ت 676هـ)	ShamAY	34251	0.65541
		صحبه الرسول صلي الله عليه وآله بين المنقول و المعقول	محمد علي نجفي	Ghbook	10946	0.65541
		التلقين في الفقة المالكي	أبو محمد عبد الوهاب بن علي بن نصر الثعلبي البغدادي المالكي (المتوفى: 422هـ)	ShamAY	7262	0.65539
		 ختم الأولياء 	 الحكيم الترمذي 	ABLibrary	8693	0.65539
		حي بن يقظان	محمد بن عبد الملك بن محمد بن محمد بن طفيل القيسي الأندلسي، أبو بكر (المتوفى: 581ه)	Sham19Y	9734	0.65537
		طبقات الأولياء	ابن الملقن سراج الدين أبو حفص عمر بن علي بن أحمد الشافعي المصري (المتوفى: 804هـ)	ShamAY	1347	0.65536
		 رحلة مصر والسودان 	 محمد مهري كركوكي 	ABLibrary	9107	0.65536
		توحيد العبادة		ShamAY	35523	0.65533
		حاشية البجيرمي على الخطيب = تحفة الحبيب على شرح الخطيب	سليمان بن محمد بن عمر البُجَيْرَمِيّ المصري الشافعي (المتوفى: 1221هـ)	ShamAY	21599	0.65532
		المنية والأمل	القاضى عبد الجبار بن أحمد بن عبد الجبار الهمذاني المعتزلي (المتوفى: 415 هـ)	ShamAY	37746	0.65532
		نصاب الاحتساب	عمر بن محمد بن عوض السنامي الحنفي (المتوفى: 734ه)	Sham19Y	9679	0.65529
		العقائد الحقّة	السيد علي الحسيني الصدر	Rafed	1518	0.65529
		ديوان الإمام علي	الناشر: دار ابن زيدون	Rafed	294	0.65528
		الرد على شبهات المستعينين بغير الله	أحمد بن إبراهيم بن حمد بن محمد بن حمد بن عبد الله بن عيسى (المتوفى: 1327ه)	Sham19Y	7625	0.65527
		 الفقه ومسائل طبية 	 الشيخ محمد آصف المحسني 	ABLibrary	9736	0.65526
		الامام زين العابدين العابدين (ع) صاحب الصحيفه الربانيه و حامل الالام المضيئه	هادي مدرسي	Ghbook	6353	0.65526
		التمهيد - شرح مختصر الأصول من علم الأصول	أبو المنذر محمود بن محمد بن مصطفى بن عبد اللطيف المنياوي	ShamelaY19	37591	0.65523
		المنظومة التبريزية في العقيدة الصحيحة السنية	عبد القاهر التبريزي	ShamelaY19	35312	0.65523
		الأمثال المولدة	محمد بن العباس الخوارزمي، أبو بكر (المتوفى: 383هـ)	ShamAY	10497	0.65522
		 المنقذ من التقليد 	 الشيخ سديد الدين الحمصي الرازي 	ABLibrary	8648	0.6552
		موسوعة عبد الله بن عبّاس [ج ٤]	السيد محمد مهدي السيد حسن الموسوي الخرسان	Rafed	1172	0.65518
		جواهر الكلام [ج ٦]	الشيخ محمّد حسن النّجفي	Rafed	635	0.65517
		رسائل وفتاوى الشيخ عبد الرحمن بن حسن بن محمد عبد الوهاب (مطبوع ضمن مجموعة الرسائل والمسائل النجدية، الجزء الثاني)	عبد الرحمن بن حسن بن محمد بن عبد الوهاب بن سليمان التميمي (المتوفى: 1285هـ)	ShamAY	11211	0.65515
		فتاوى إسلامية	محمد بن عبد العزيز المسند	ShamAY	1708	0.65514
		تحفة الأبرار شرح مصابيح السنة	القاضي ناصر الدين عبد الله بن عمر البيضاوي (ت 685هـ)	ShamAY	31913	0.65514
		الاعتصام للشاطبي ت الشقير والحميد والصيني	إبراهيم بن موسى بن محمد اللخمي الغرناطي الشهير بالشاطبي (المتوفى: 790ه)	Sham19Y	36558	0.65514
		أسرار البيان في التعبير القرآني - كتاب	فاضل بن صالح بن مهدي بن خليل البدري السامرائي	Sham19Y	1445	0.65514
		ضرورة الاهتمام بالسنن النبوية	أبو عبد الرحمن عبد السلام بن برجس بن ناصر آل عبد الكريم (المتوفى: 1425 هـ)	ShamAY	32286	0.65513
		عوائق في طريق العبودية	أبو محمد عبد الكريم بن صالح بن عبد الكريم الحميد	ShamelaY19	37573	0.6551
		الارض و التربة الحسينية	الشيخ محمد حسين كاشف الغطاء	Masaha	2312	0.65509
		مغني المحتاج إلى معرفة معاني ألفاظ المنهاج	شمس الدين، محمد بن أحمد الخطيب الشربيني الشافعي (المتوفى: 977هـ)	ShamAY	11444	0.65506
		اللّباب في علوم الكتاب [ج ٣]	أبي حفص عمر بن علي بن عادل الدمشقي الحنبلي	Rafed	3092	0.65506
		خلاصة الأثر في أعيان القرن الحادي عشر	محمد أمين بن فضل الله بن محب الدين بن محمد المحبي الحموي الأصل، الدمشقي (المتوفى: 1111هـ)	ShamAY	6678	0.65505
		ماساه الزهرا ( سلام الله عليها ) شبهات و ردود	سيد جعفرمرتضي حسيني عاملي	Ghbook	3901	0.65505
		تاريخ الشيعه و عقيدتهم	آيت الله العظمي جعفر سبحاني	Ghbook	11233	0.65504
		من عبق المرجعيه	آيت الله العظمي حسيني	Ghbook	8020	0.65503
		 عدة الأكياس في شرح معاني الأساس 	 أحمد الشرفي القاسمي 	ABLibrary	8510	0.65502
		الاختلاف في اللفظ والرد على الجهمية لابن قتيبة	أبو محمد عبد الله بن مسلم بن قتيبة الدينوري (المتوفى: 276ه)	ShamelaY19	26460	0.65501
		الوجيز في تفسير الكتاب العزيز	علي محمد علي دخّيل	Rafed	3795	0.65501
		موقف أهل السنة والجماعة من البدع والمبتدعة	عبد الرحمن بن عبد الخالق	ShamAY	35704	0.655
		حاشية التوضيح والتصحيح لمشكلات كتاب التنقيح على شرح تنقيح الفصول في الأصول (لشهاب الدين القرافي ت 684 ه)	محمد الطاهر بن عاشور (المتوفى: 1393 ه)	ShamelaY19	150938	0.65499
		مفاهيم القران - الجزء1	الشيخ جعفر السبحاني	Masaha	647	0.65499
		سورة يوسف فوائد وفرائد	محمد بن خالد الخضير	ShamAY	33113	0.65497
		 النسخ والبداء في الكتاب والسنة ورسالة حول حجية أحاديث وأقوال العترة الطاهرة ( ع ) 	 تقرير بحث الشيخ السبحاني لمحمد حسين الحاج العاملي 	ABLibrary	8661	0.65497
		لوعة الشاكي ودمعة الباكي	صلاح الدين خليل بن أيبك بن عبد الله الصفدي (المتوفى: 764ه)	ShamelaY19	37494	0.65495
		عدّة الأكياس في شرح معاني الأساس [ج ١]	أحمد بن محمّد بن صلاح الشرفي القاسمي	Rafed	3433	0.65492
		عمدة الكتاب لأبي جعفر النحاس	أبو جعفر النَّحَّاس أحمد بن محمد بن إسماعيل بن يونس المرادي النحوي (المتوفى: 338هـ)	ShamAY	26803	0.65489
		الفن ومذاهبه في النثر العربي	أحمد شوقي عبد السلام ضيف الشهير بشوقي ضيف (المتوفى: 1426هـ)	ShamAY	11544	0.65488
		مهج الدعوات و منهج العبادات	السيد علي بن موسى بن طاووس	Masaha	1041	0.65487
		متطلبات المحافظة على نعمة الأمن والاستقرار في بلادنا	سليمان بن عبد الرحمن الحقيل	ShamelaY19	31566	0.65486
		وعرفت من هم أهل البيت(ع)	حسينة حسن الدريب	Masaha	484	0.65486
		كيف نكون من الشاكرين	الواحدي	ShamAY	34931	0.65482
		غديريات	عبدالحسين اميني ( علامه اميني )	Ghbook	10563	0.65482
		قاعدة في الانغماس في العدو وهل يباح	تقي الدين أبو العباس أحمد بن عبد الحليم بن عبد السلام بن عبد الله بن أبي القاسم بن محمد ابن تيمية الحراني الحنبلي الدمشقي (المتوفى: 728هـ)	ShamAY	11288	0.65478
		الاعتبار	أبو المظفر مؤيد الدولة مجد الدين أسامة بن مرشد بن علي بن مقلد بن نصر بن منقذ الكناني الكلبي الشيزري (المتوفى: 584هـ)	ShamAY	21564	0.65478
		حاشية مجمع الفائدة و البرهان	الوحيد البهبهاني	Masaha	1519	0.65476
		الرسائل الفقهيه	محمد باقر بن محمداكمل ( وحيد بهبهاني )	Ghbook	12082	0.65475
		الخلاصة في فوائد الإيمان وثمراته	علي بن نايف الشحود	ShamAY	35265	0.65474
		الدرر الحسان في أحكام الحج على مذهب الإمام أبي حنيفة النعمان	أحمد الحجي الكردي	ShamAY	36720	0.65472
		المدخل إلى علوم القرآن الكريم	محمد فاروق النبهان	ShamelaY19	38032	0.6547
		 بحار الأنوار 	 العلامة المجلسي 	ABLibrary	750	0.65469
		أجوبة المسائل المهنائية	الحسن بن يوسف بن علي المطّهر [ العلامة الحلّي ]	Rafed	687	0.65469
		ختم الأولياء للحكيم الترمذي	الحكيم الترمذي أبو عبد الله محمد بن علي بن الحسن (متوفى بعد 318 هـ)	ShamAY	33732	0.65468
		شفاء الغليل في بيان الشبه والمخيل ومسالك التعليل	أبو حامد محمد بن محمد الغزالي الطوسي (المتوفى: 505 هـ)	ShamAY	32546	0.65467
		تحقيق الوصال بين القلب والقرآن	مجدي الهلالي	ShamelaY19	36402	0.65465
		نعم لقد تشيعت وهذا هو السبب	محمد الرصافي المقداد	Masaha	500	0.65465
		السنة المفترى عليها	سالم البهنساوي (المتوفى: 1427هـ)	ShamAY	1632	0.65463
		اعتماد فقه دعوة الشيخ محمد بن عبد الوهاب على الكتاب والسنة (مطبوع ضمن بحوث ندوة دعوة الشيخ محمد بن عبد الوهاب، الجزء الأول)	صالح بن عبد الرحمن بن عبد الله الأطرم (المتوفى: 1428هـ)	ShamAY	7507	0.65462
		الوجيز في تفسير القرآن العزيز [ج ٣]	الشيخ علي بن الحسين بن أبي جامع العاملي	Rafed	3842	0.65462
		جواهر البلاغة في المعاني والبيان والبديع	أحمد بن إبراهيم بن مصطفى الهاشمي (المتوفى: 1362هـ)	ShamAY	9256	0.65456
		محجة العلماء  - الجزء1	الشيخ هادي الطهراني النجفي	Masaha	4303	0.65455
		شرح الفتوى الحموية	خالد بن عبد الله بن محمد المصلح	ShamAY	7727	0.65452
		تحرير الأصول [ج ١]	آية الله الشيخ مرتضى النجفي المظاهري الإصبهاني	Rafed	3913	0.65452
		في رحاب العقيدة - الجزء1	السيد محمد سعيد الطباطبائي الحكيم	Masaha	609	0.65452
		مقالات الطناحي (صفحات في التراث والتراجم واللغة والأدب) = مقالات العلامة الدكتور محمود محمد الطناحي	محمود محمد الطناحي، أبو أروى (المتوفى: 1419 ه)	ShamelaY19	148533	0.6545
		تمهيد القواعد الأصولية و العربية	الشهيد الثاني	Masaha	1151	0.65449
		المسالك في شرح موطأ مالك	القاضي محمد بن عبد الله أبو بكر بن العربي المعافري الاشبيلي المالكي (المتوفى: 543ه)	ShamelaY19	123665	0.65448
		 معرفة المعاد 	 السيد محمد حسين الطهراني 	ABLibrary	8876	0.65448
		شرح بلوغ المرام - عبد الكريم الخضير	عبد الكريم الخضير	ShamAY	156	0.65446
		 دليل النص بخبر الغدير 	 أبي الفتح الكراجكي 	ABLibrary	832	0.65444
		المأتم الحسيني مشروعيته وأسراره	السيد عبد الحسين شرف الدين	Masaha	393	0.65442
		مقالة في تحقيق إقامة الحدود في هذه الأعصار	السيد الشفتي	Masaha	1582	0.65442
		تاريخ الأدب الأندلسي (عصر سيادة قرطبة)	دكتور إحسان عباس (المتوفى: 1424هـ)	ShamAY	1016	0.6544
		شرح المنظومة الحائية لابن أبي داود	عبد الكريم الخضير	ShamelaY19	23408	0.6544
		مع الاثنى عشرية في الأصول والفروع [موسوعة شاملة]	د علي بن أحمد علي السالوس	ShamAY	1507	0.65439
		المنقذ من الضلال - المكتبة الثقافية	حجة الإسلام الإمام / أبو حامد محمد بن محمد بن محمد الغزالي	ShamAY	33739	0.65438
		 مسالك الأبصار في ممالك الأمصار 	 أحمد بن يحيى العمري 	ABLibrary	9197	0.65438
		معجم المناهي اللفظية وفوائد في الألفاظ	بكر بن عبد الله أبو زيد بن محمد بن عبد الله بن بكر بن عثمان بن يحيى بن غيهب بن محمد (المتوفى: 1429هـ)	ShamAY	26385	0.65436
		تمام المنة في التعليق على فقه السنة	أبو عبد الرحمن محمد ناصر الدين، بن الحاج نوح بن نجاتي بن آدم، الأشقودري الألباني (المتوفى: 1420هـ)	ShamAY	11122	0.65435
		شوائب التفسير في القرن الرابع عشر الهجري	عبد الرحيم فارس ابو علبة :: عبد الرحيم أبو علبة	ShamAY	36750	0.65434
		القواعد والأصول وتطبيقات التدبر	د/ خالد بن عثمان السبت	ShamelaY19	133376	0.65431
		 الاستغاثة في بدع الثلاثة 	 ابو القاسم الكوفي 	ABLibrary	8309	0.65431
		 الهدايا لشيعة أئمة الهدى ( شرح اصول الكافى ) 	 شرف الدين مجذوب التبريزي 	ABLibrary	7926	0.65427
		موسوعة الخطب المنبرية	علي بن نايف الشحود	ShamAY	32987	0.65423
		الجامع لأحكام الصلاة وصفة صلاة النبي -صلى الله عليه وسلم-	عادل بن سعد	ShamelaY19	37547	0.65423
		النفحة المسكية في الرحلة المكية	عبد الله بن حسين السويدي البغدادي	Rafed	2252	0.65421
		روض الجنان في شرح إرشاد الأذهان [ج ١]	زين الدين بن علي العاملي [ الشهيد الثاني ]	Rafed	1539	0.65419
		الإمام الصادق و المذاهب الأربعة - الجزء1	الشيخ أسد حيدر	Masaha	1855	0.65419
		بداية المعارف الالهية	محمد رضا مظفر	Ghbook	15688	0.65418
		سد المفر علي منكر عالم الذر	علي رضوي	Ghbook	12135	0.65418
		الكامل في التاريخ - الجزء1	ابن الأثير الجزري	Masaha	2823	0.65418
		الأصلان في علوم القرآن	أ. د. محمد عبد المنعم القيعي رحمه الله	ShamAY	11741	0.65416
		البيهقي وموقفه من الإلهيات	أحمد بن عطية بن علي الغامدي	Sham19Y	7570	0.65415
		توضيح مقاصد العقيدة الواسطية (لابن تيمية)	عبد الرحمن بن ناصر البراك	ShamAY	32359	0.65414
		مصباح الفقيه [ج ١٢]	الشيخ آقا رضا الهمداني	Rafed	1875	0.65414
		المسائل السروية	الشيخ المفيد	Masaha	4537	0.65412
		مع المصطفي ( صلي الله عليه و آله و سلم )	عائشة عبدالرحمن بنت شاطي	Ghbook	5302	0.65411
		موسوعة الأخلاق - الخراز	خالد بن جمعة بن عثمان الخراز	ShamAY	31685	0.65404
		بحار الأنوار [ج ٧]	الشيخ محمّد باقر بن محمّد تقي المجلسي	Rafed	521	0.65404
		كتاب الأعلام بأعلام بيت الله الحرام	محمّد بن أحمد بن محمّد النهرواني	Rafed	2400	0.65403
		جهد القريحة في تجريد النصيحة (مطبوع مع: صون المنطق والكلام عن فني المنطق والكلام)	جلال الدين السيوطي	ShamelaY19	151020	0.65402
		السيرة النبوية والدعوة في العهد المكي	أحمد أحمد غلوش	ShamAY	10552	0.65397
		إحقاق الحقّ وإزهاق الباطل [ج ٢]	السيّد نور الله الحسيني المرعشي التستري	Rafed	2705	0.65397
		شرح مختصر الخرقي - عبد الكريم الخضير	عبد الكريم الخضير	ShamAY	175	0.65394
		خطرة الطيف في رحلات في المغرب والأندلس (1347 - 1362م)	لسان الدين بن الخطيب، محمد بن عبد الله (المتوفى: 776هـ)	ShamAY	33806	0.65393
		لوعة الشاكي ودمعة الباكي	صلاح الدين خليل بن أيبك بن عبد الله الصفدي (المتوفى: 764هـ)	ShamAY	871	0.65391
		مقتطفات من السيرة	عمر عبد الكافى شحاتة	ShamelaY19	37043	0.65391
		الإمام الحسين في حلّة البرفير	سليمان كتّاني	Rafed	1535	0.65391
		تمهيد القواعد	الشهيد الثاني	Masaha	2419	0.65391
		تحفة الأنفس وشعار سكّان الأندلس	علي بن عبد الرحمن بن هذيل الأندلسي	Rafed	2353	0.6539
		البلاغة العربية	عبد الرحمن بن حسن حَبَنَّكَة الميداني الدمشقي (المتوفى: 1425هـ)	ShamAY	12825	0.65389
		رحلة الصديق إلى البلد العتيق	أبو الطيب محمد صديق خان بن حسن بن علي ابن لطف الله الحسيني البخاري القِنَّوجي (المتوفى: 1307هـ)	ShamAY	32110	0.65388
		حماية الرسول صلى الله عليه وسلم حمى التوحيد	محمد بن عبد الله زربان الغامدي	ShamAY	11167	0.65387
		السراج الوهاج	ابراهيم بن سليمان القطيفي	Masaha	1144	0.65385
		الإيضاح في علوم البلاغة	جلال الدين محمّد بن عبد الرحمن بن عمر بن أحمد	Rafed	1998	0.65384
		كيف نتعامل مع القرآن	محمد الغزالي	ShamAY	36728	0.65383
		تذكرة الموضوعات للفتني	محمد طاهر بن علي الصديقي الهندي الفَتَّنِي (المتوفى: 986هـ)	ShamAY	12738	0.65382
		العقيدة الإسلاميّة على ضوء مدرسة أهل البيت عليهم السلام	الشيخ جعفر السبحاني	Rafed	3605	0.65381
		مجانبة أهل الثبور المصلين في المشاهد وعند القبور	عبد العزيز بن فيصل الراجحي	ShamelaY19	21511	0.65378
		الفرق بين الرقية الشرعية والرقية التجارية ووجوب تعظيم واحترام ذكر الله تعالى	عبد الكريم بن صالح الحميد	ShamAY	34899	0.65377
		نفحات الأزهار في خلاصة عبقات الأنوار [ج ١٨]	السيّد علي الحسيني الميلاني	Rafed	473	0.65376
		تراثنا ـ العدد [ 15 ]	مؤسسة آل البيت عليهم السلام لإحياء التراث ـ قم	Rafed	2729	0.65376
		الناسخ والمنسوخ في القرآن الكريم للقاضي أبي بكر بن العربي المعافري	أبو بكر بن العربي المعافري	ShamelaY19	133367	0.65375
		تفسير العثيمين: الحجرات - الحديد	محمد بن صالح بن محمد العثيمين (المتوفى: 1421هـ)	ShamAY	21805	0.65373
		مطارح الأنظار	الشيخ أبي القاسم الكلانتري	Masaha	1595	0.65373
		شرح القواعد السعدية	عبد المحسن بن عبد الله بن عبد الكريم الزامل	ShamAY	32453	0.65372
		مجموع فتاوى العلامة الألباني (الجزءان الأول والثاني)	ناصر الدين الألباني	ShamAY	33147	0.65372
		التعليقة على رياض المسائل	السيد عبد الحسين اللاري	Masaha	5006	0.65372
		العلمانيون والإسلام	الواحدي :: محمد قطب	ShamAY	33321	0.6537
		لطائف المعارف فيما لمواسم العام من الوظائف	زين الدين عبد الرحمن بن أحمد بن رجب بن الحسن، السَلامي، البغدادي، ثم الدمشقي، الحنبلي (المتوفى: 795هـ)	ShamAY	11363	0.6537
		العقيده الاسلاميه علي ضوء مدرسه اهل البيت عليهم السلام	آيت الله العظمي جعفر سبحاني	Ghbook	5050	0.65366
		الكلمات الحسان في بيان علو الرحمن	عبد الهادي بن حسن وهبي	ShamelaY19	37343	0.65365
		معارج القدس في مدارج معرفه النفس	أبو حامد محمد بن محمد الغزالي الطوسي (المتوفى: 505هـ)	ShamAY	6494	0.65364
		 كلمات سديدة في مسائل جديدة 	 الشيخ محمد المؤمن القمي 	ABLibrary	9735	0.65363
		 النفحة المسكية في الرحلة المكية 	 عبد الله بن حسين السويدي البغدادي 	ABLibrary	9307	0.65363
		 السفينة القادرية 	 عبد القادر الجيلاني 	ABLibrary	8720	0.6536
		الاعتقاد الخالص من الشك والانتقاد	علي بن إبراهيم بن داود بن سلمان بن سليمان، أبو الحسن، علاء الدين ابن العطار (المتوفى: 724هـ)	ShamAY	32187	0.65357
		شرح المعلقات السبع للزوزني	حسين بن أحمد بن حسين الزَّوْزَني، أبو عبد الله (المتوفى: 486هـ)	ShamAY	11253	0.65354
		الفرقان في بيان إعجاز القرآن	أبو محمد عبد الكريم بن صالح بن عبد الكريم الحميد	ShamelaY19	36624	0.65354
		مآثر الكبراء في تأريخ سامرّاء [ج ٣]	الشيخ ذبيح الله المحلاتي	Rafed	2372	0.65353
		الحياة الأولي (ديوان شعر)	محمد الغزالي	ShamAY	34565	0.65352
		المغرب في ترتيب المعرب [ج ١]	أبي الفتح ناصر الدين المطرّزي	Rafed	2322	0.65352
		وضوء النبي (صلى الله عليه و آله و سلم‌) - الجزء1	السيد علي الشهرستاني	Masaha	3679	0.65351
		اقتضاء الصراط المستقيم مخالفة أصحاب الجحيم - ط السنة المحمدية	أحمد بن عبد الحليم بن تيمية الحراني أبو العباس	ShamAY	34358	0.6535
		التنكيل - دار المعارف	عبد الرحمن المعلمي اليماني	ShamAY	34036	0.65347
		فتاوى إسلامية	محمد بن عبد العزيز المسند	Sham19Y	1708	0.65347
		 حاشية المكاسب ( تقرير بحث آقا ضياء لنجم آبادي ) 	 آقا ضياء العراقي 	ABLibrary	9410	0.65345
		الحقائق العظمي في حياة الانسان	محمود عبده عبد الرازق	ShamAY	33436	0.65343
		كتاب المكاسب [ج ١]	الشيخ مرتضى الأنصاري	Rafed	2672	0.65343
		الواضح في أركان الإيمان	علي بن نايف الشحود	ShamAY	35269	0.65342
		الحدائق الناضرة [ج ١٨]	الشيخ يوسف بن أحمد البحراني [ صاحب الحدائق ]	Rafed	2870	0.65342
		دُروسٌ وعِبَرٌ مِنْ قِصَّةِ قارونَ	علي بن نايف الشحود	ShamAY	36746	0.65341
		فيض الباري شرح البخاري الكشميري	محمد أنور شاه بن معظم شاه الكشميري الهندي (المتوفى: 1353هـ)	ShamAY	35996	0.65341
		مستقبل الإسلام خارج أرضه	محمد الغزالي	ShamAY	33252	0.65339
		تفسير كتاب الله العزيز [ج ١]	هود بن محكم الهوّاري الأوراسي	Rafed	3818	0.65339
		إعلام الموقعين عن رب العالمين - ت: طه عبد الرؤوف	محمد بن أبي بكر بن أيوب بن سعد شمس الدين ابن قيم الجوزية (المتوفى : 751هـ)	ShamAY	34411	0.65336
		 نتائج الأفكار القدسية في بيان معاني شرح الرسالة القشيرية 	 الشيخ عبد الله العروسي 	ABLibrary	8826	0.65336
		مقتطفات من السيرة	عمر عبد الكافى شحاتة	ShamAY	391	0.65335
		 سلسلة المسائل الفقهية 	 الشيخ السبحاني 	ABLibrary	9591	0.65332
		 الآلوسي والتشيع 	 السيد أمير محمد القزويني 	ABLibrary	8305	0.65332
		الاعتصام بالإسلام	عمر العرباوي الحملاوي (المتوفى: 1405ه)	Sham19Y	115134	0.65331
		رسائل ابن حزم الأندلسي	أبو محمد علي بن أحمد بن سعيد بن حزم الأندلسي القرطبي الظاهري (المتوفى: 456هـ)	ShamAY	1038	0.6533
		مع الاثنى عشرية في الأصول والفروع [موسوعة شاملة]	د علي بن أحمد علي السالوس	Sham19Y	1507	0.6533
		ما لم ينشر من الأمالي الشجرية	ضياء الدين أبو السعادات هبة الله بن علي بن حمزة، المعروف بابن الشجري (المتوفى: 542هـ)	ShamAY	396	0.65329
		جواب أهل السنة النبوية في نقض كلام الشيعة والزيدية (مطبوع ضمن الرسائل والمسائل النجدية، الجزء الرابع، القسم الأول)	أبو سليمان عبد الله بن محمد بن عبد الوهاب بن سليمان التميمي النجدي (المتوفى: 1242هـ)	ShamAY	11146	0.65329
		تاريخ الأدب الأندلسي (عصر سيادة قرطبة)	دكتور إحسان عباس (المتوفى: 1424ه)	Sham19Y	1016	0.65328
		خبر الواحد وحجيته	أحمد بن محمود بن عبد الوهاب الشنقيطي	ShamAY	11172	0.65327
		مائة من عظماء أمة الإسلام غيروا مجرى التاريخ	جهاد الترباني	Sham19Y	14132	0.65327
		اجوبه المسائل العقائديه	آيت الله العظمي حسيني	Ghbook	7914	0.65325
		أحكام القرآن لابن الفرس	أبو محمد عبد المنعم بن عبد الرحيم المعروف «بابن الفرس الأندلسي» (المتوفى: 597 ه)	ShamelaY19	133357	0.65324
		منهج الإمام الطاهر بن عاشور في التفسير	نبيل أحمد صقر	ShamelaY19	38095	0.65321
		 البضاعة المزجاة 	 محمد حسين بن قارياغدي 	ABLibrary	7924	0.65321
		الفكر الخالد في بيان العقائد [ج ١]	الشيخ جعفر السبحاني	Rafed	3509	0.65317
		دلائل الامامه	طبري امامي ( صغير ) ابوجعفر محمد بن جرير بن رستم ( قرن 4و5 ق ) ( صاحب دلائل الامامه )	Ghbook	10443	0.65317
		مختصر معارج القبول	هشام آل عقدة	ShamelaY19	22922	0.65316
		أبكار الأفكار في أصول الدّين [ج ١]	أبي الحسن علي بن محمد بن سالم الثعلبي [ سيف الدين الآمدي ]	Rafed	3376	0.65316
		عودة الروح ويقظة الإيمان	مجدي الهلالي	ShamAY	282	0.65314
		الصّحابة بين العدالة والعصمة	الشيخ محمد السند	Rafed	3484	0.65313
		الأدب الصغير ت خلف	عبد الله بن المقفع (المتوفى: 142ه)	ShamelaY19	37540	0.65312
		 مع الركب الحسيني 	 مجموعة مؤلفين 	ABLibrary	7743	0.65312
		الآلوسي والتشيع	السيد أمير محمد القزويني	Rafed	696	0.65311
		كوثَر المَعَاني الدَّرَارِي في كَشْفِ خَبَايا صَحِيحْ البُخَاري	محمَّد الخَضِر بن سيد عبد الله بن أحمد الجكني الشنقيطي (المتوفى: 1354هـ)	ShamAY	31959	0.65309
		الروضة البهيّة في شرح اللمعة الدمشقيّة [ج ١]	زين الدين بن علي العاملي [ الشهيد الثاني ]	Rafed	3205	0.65306
		الفرقان في تفسير القرآن بالقرآن والسنة [ج ٧]	الشيخ محمد الصادقي	Rafed	3017	0.65306
		 جواهر الكلام في ثوبه الجديد 	 الشيخ الجواهري 	ABLibrary	9370	0.65305
		موسوعة معارف الكتاب والسنة	محمد محمدي ري شهري	Ghbook	15912	0.65304
		مبادي الايمان	محمد حسين آل كاشف الغطاء	Ghbook	11122	0.65301
		الإرشاد إلى سبيل الرشاد	محمد بن أحمد بن أبي موسى الشريف، أبو علي الهاشمي البغدادي (المتوفى: 428هـ)	ShamAY	31845	0.653
		الإلهيّات على هدى الكتاب والسنّة والعقل [ج ٢]	الشيخ حسن محمد مكي العاملي	Rafed	3380	0.653
		الإرشاد إلى صحيح الاعتقاد والرد على أهل الشرك والإلحاد	صالح بن فوزان بن عبد الله الفوزان	ShamAY	7529	0.65294
		 مكاشفة القلوب المقرب إلى علام الغيوب 	 الغزالي 	ABLibrary	8715	0.6529
		الأحمدية» جمادي الأول 1426 - العدد 20	مجموعة من المؤلفين	ShamAY	34707	0.65288
		صون المنطق والكلام عن فني المنطق والكلام (مطبوع معه: جهد القريحة في تجريد النصيحة)	جلال الدين السيوطي	ShamelaY19	151019	0.65288
		جواهر الكلام [ج ٣٠]	الشيخ محمّد حسن النّجفي	Rafed	670	0.65283
		الحافظ ابن حجر ومنهجه في تقريب التهذيب	علي بن نايف الشحود	ShamAY	37296	0.65282
		 خطط الشام 	 محمد كرد علي 	ABLibrary	9054	0.65282
		جواهر الكلام [ج ١١]	الشيخ محمّد حسن النّجفي	Rafed	641	0.65282
		 مناسك الحج 	 السيد كاظم الحائري 	ABLibrary	9613	0.65281
		مدارك الأحكام في شرح شرائع الإسلام - الجزء1	محمد بن علي الموسوي العاملي	Masaha	1185	0.65281
		إهداء للبرنامج من دار الركائز للنشر والتوزيع - دولة الكويت	شيخ الإسلام أحمد بن عبد الحليم ابن تيمية الحراني (المتوفى: 728 ه)	ShamelaY19	147665	0.6528
		التعليقات المختصرة على متن العقيدة الطحاوية	صالح بن فوزان بن عبد الله الفوزان	ShamAY	21523	0.65279
		سند العروة الوثقى - كتاب النكاح - الجزء1	الشيخ محمد السند	Masaha	4989	0.65277
		تراثنا ـ العدد [ 18 ]	مؤسسة آل البيت عليهم السلام لإحياء التراث ـ قم	Rafed	2738	0.65276
		ومضات السبط عليه السلام	نبيل قدوري الحسني	Ghbook	12379	0.65274
		البدعة الشرعية	أبو المنذر محمود بن محمد بن مصطفى بن عبد اللطيف المنياوي	ShamelaY19	96850	0.65273
		تمام نهج البلاغه	جمعي از راويان	Ghbook	15393	0.65273
		 ليالي بيشاور ( مناظرات وحوار ) 	 سلطان الواعظين ( السيد محمد الموسوي الشيرازي ) 	ABLibrary	8585	0.65272
		عوامل النصر والتمكين في دعوات المرسلين	أحمد بن حمدان بن محمد الشهري	ShamAY	1976	0.65268
		شرح دعاء كميل	آية الله السيّد عبد الأعلى السبزواري	Rafed	2841	0.65267
		التمام في تفسير أشعار هذيل (مما أغفله أبو سعيد السكري)	أبو الفتح عثمان بن جني (ت 392هـ)	ShamAY	31951	0.65266
		دروس للشيخ إبراهيم الفارس	إبراهيم بن عثمان الفارس	ShamelaY19	37817	0.65265
		أحكام المتاجر المحرمة	الشيخ مهدي كاشف الغطاء	Masaha	1587	0.65263
		نبراس الضياء	السيّد محمّد باقر المشتهر بمحقّق الداماد	Rafed	3588	0.65262
		تفريغ أشرطة متفرقة للشيخ الألباني	الواحدي :: ناصر الدين الألباني	ShamAY	33158	0.6526
		مجمع الفرائد في الأصول‏	علي فريدة الإسلام الكاشاني‏	Masaha	4280	0.65258
		الحاشية على كفاية الأصول - الجزء1	السيد حسين البروجردي	Masaha	3355	0.65256
		 معرفة الإمام 	 السيد محمد حسين الطهراني 	ABLibrary	8889	0.65253
		الخلاصة في فقه الأولويات	الواحدي :: علي بن نايف الشحود	ShamAY	36089	0.6525
		 الكامل في التاريخ 	 ابن الأثير 	ABLibrary	8246	0.6525
		تراثنا ـ العددان [ 59 و 60 ]	مؤسسة آل البيت عليهم السلام لإحياء التراث ـ قم	Rafed	3248	0.65249
		بحار الأنوار [ج ٦٥]	الشيخ محمّد باقر بن محمّد تقي المجلسي	Rafed	1066	0.65249
		الشورى في الشريعة الإسلامية	القاضي حسين بن محمد المهدي	ShamelaY19	26217	0.65245
		عجبا لأمر المؤمن دراسة حديثية دعوية نفسية	فالح بن محمد الصغير	ShamAY	35113	0.65244
		علوم الحديث ومصطلحه - عرضٌ ودراسة	د. صبحي إبراهيم الصالح (المتوفى: 1407هـ)	ShamAY	1700	0.65244
		التعريفات	علي بن محمد جرجاني	Ghbook	7938	0.65244
		الوهابيه و التوحيد	علي كوراني	Ghbook	7602	0.65244
		علم الروحانيات في الاسلام: دراسه تبحث بالدليل العلمي الفقهي عن الاوفاق و الطلاسم...	مصطفي الامامي الاهوازي	Ghbook	16365	0.65243
		شرح المعالم في أصول الفقه	ابن التلمساني عبد الله بن محمد علي شرف الدين أبو محمد الفهري المصري (المتوفى: 644 ه)	ShamelaY19	145168	0.65242
		تفسير النعماني اورساله المحكم و المتشابه	محمد بن ابراهيم نعماني	Ghbook	13999	0.65242
		الفتاوى الفقهية الكبرى	أحمد بن محمد بن علي بن حجر الهيتمي السعدي الأنصاري، شهاب الدين شيخ الإسلام، أبو العباس (المتوفى: 974هـ)	ShamAY	21628	0.6524
		المعارف الاسلاميه	آيت الله العظمي سيد محمد حسيني شيرازي	Ghbook	7824	0.65239
		الكشف والبيان [ج ٦]	أبو إسحاق أحمد [ الثّعلبي ]	Rafed	1668	0.65238
		التوازن التربوي وأهميته لكل مسلم	مجدي الهلالي	ShamAY	267	0.65237
		 في بيان الحاجة إلى الطب والأطباء ووصاياهم 	 محمود الكازروني ( قطب الدين محمود الشيرازي ) 	ABLibrary	9933	0.65237
		شرح الأربعين النووية في الأحاديث الصحيحة النبوية	تقي الدين أبو الفتح محمد بن علي بن وهب بن مطيع القشيري، المعروف بابن دقيق العيد (المتوفى: 702هـ)	ShamAY	11244	0.65234
		تحفة المجيب على أسئلة الحاضر والغريب	أبو عبد الرحمن مقبل بن هادي بن مقبل بن قائدة (اسم رجل) الهمداني الوادعي (المتوفى: 1422ه)	ShamelaY19	96784	0.65234
		 نظرية الحكم في الإسلام 	 الشيخ محسن الأراكي 	ABLibrary	9531	0.65232
		 كتاب القضاء ( ط . ج ) 	 ميرزا محمد حسن الآشتياني 	ABLibrary	9394	0.65231
		 النبوات وما يتعلق بها 	 فخر الدين الرازي 	ABLibrary	8660	0.6523
		ولا تقربوا الفواحش	جمال بن عبد الرحمن إسماعيل	ShamAY	31360	0.65229
		المقنع في الغيبة	أبي القاسم علي بن الحسين الموسوي	Rafed	33	0.65228
		المسلم وحقوق الآخرين	أبو فيصل البدراني	ShamelaY19	96245	0.65227
		الجد الحثيث في بيان ما ليس بحديث	أحمد بن عبد الكريم بن سعودي الغزي العامري (المتوفى: 1143هـ)	ShamAY	6077	0.65225
		العقود الدرية في ذكر بعض مناقب شيخ الإسلام ابن تيمية ويليه الأعلام العلية - ابن عبد الهادي والبزار - ت العمران - ط عالم الفوائد	ابن عبد الهادي	ShamAY	38476	0.65223
		غاية المقصود فى الرد على النصارى واليهود	السموأل بن يحيى بن عباس المغربي (المتوفى: نحو 570هـ)	ShamAY	149	0.65222
		مطارح الأنظار [ج ٢]	الميرزا أبو القاسم الكلانتري الطهراني	Rafed	993	0.6522
		الكلمات النافعة في المكفرات الواقعة	أبو سليمان عبد الله بن محمد بن عبد الوهاب بن سليمان التميمي النجدي (المتوفى: 1242هـ)	ShamAY	8532	0.65219
		أمالي المرتضى غرر الفوائد ودرر القلائد (معتزلي)	الشريف المرتضى علي بن الحسين الموسوي العلوي (355 - 436 هـ)	ShamAY	38873	0.65219
		نفي ظاهرة التكفير عند الامامية	ابومحمد ساعدي	Ghbook	10522	0.65218
		عوائد الأيام في بيان قواعد الأحكام	الشيخ أحمد بن محمد مهدي النراقي	Masaha	1461	0.65218
		شرح الطحاوية - يوسف الغفيص	يوسف بن محمد علي الغفيص	ShamelaY19	37777	0.65217
		تاريخ الخميس في أحوال أنفس النفيس - الجزء1	الشيخ حسين ديار البكري‏	Masaha	1961	0.65217
		الإعراب المحيط من تفسير البحر المحيط «هو إعراب القرآن مستلًّا من (البحر المحيط) لأبي حيان الغرناطي (ت 745 هـ) »	د. ياسين جاسم المحيميد	ShamAY	2505	0.65216
		 مصباح المنهاج - كتاب الطهارة 	 السيد محمد سعيد الحكيم 	ABLibrary	9622	0.65216
		تبصرة الفقهاء - الجزء1	الشيخ محمد تقي الرازي	Masaha	1568	0.65216
		الاقتصاد في الاعتقاد للغزالي	أبو حامد محمد بن محمد الغزالي الطوسي (المتوفى: 505هـ)	ShamAY	9217	0.65215
		 نزهة الأنام في محاسن الشام 	 عبد الله بن محمد البدري 	ABLibrary	9294	0.65214
		مرآة العقول [ج ٢]	الشيخ محمّد باقر بن محمّد تقي المجلسي	Rafed	1001	0.65212
		التحقيق في كلمات القرآن الكريم - الجزء1	حسن المصطفوي	Masaha	4922	0.65212
		تحقيق الوصال بين القلب والقرآن	مجدي الهلالي	ShamAY	275	0.6521
		مائة من عظماء أمة الإسلام غيروا مجرى التاريخ	جهاد التُرباني	ShamAY	32419	0.6521
		كنز الولد	ابراهيم بن الحسين الحامدي	Rafed	3893	0.6521
		اللّباب في علوم الكتاب [ج ٧]	أبي حفص عمر بن علي بن عادل الدمشقي الحنبلي	Rafed	3098	0.65209
		مشرق الشمسين و إكسير السعادتين مع تعليقات الخواجوئى	الشيخ البهائي	Masaha	1208	0.65209
		طريق الهداية - مبادئ ومقدمات علم التوحيد عند أهل السنة والجماعة	محمد يسري إبراهيم	ShamAY	11740	0.65207
		لقد شيعني الحسين(ع)	الكاتب والصحافي إدريس الحسيني	Masaha	389	0.65207
		مرشد الزوار الى قبور الابرار	موفق الدين أبو محمد بن عبد الرحمن، ابن الشيخ أبي الحرم مكي بن عثمان الشارعي الشافعي (المتوفى: 615ه)	Sham19Y	11789	0.65205
		شرح الدروس المهمة لعامة الأمة	عبد الكريم الخضير	ShamAY	177	0.65202
		تأويلات أهل السنّة تفسير الماتريدي [ج ٨]	أبي منصور محمّد بن محمّد بن محمود الماتريدي	Rafed	3975	0.65201
		رفقا أهل السنة بأهل السنة	عبد المحسن بن حمد بن عبد المحسن بن عبد الله بن حمد العباد البدر	ShamAY	11228	0.652
		 الإرشاد إلى قواطع الأدلة في أول الاعتقاد 	 عبد الملك الجويني 	ABLibrary	8329	0.652
		الحدائق الناضرة [ج ٦]	الشيخ يوسف بن أحمد البحراني [ صاحب الحدائق ]	Rafed	2827	0.652
		التذكرة السعدية في الأشعار العربية	محمد بن عبد الرحمن بن عبد المجيد العبيدي (المتوفى: بعد 702هـ)	ShamAY	743	0.65198
		بحار الأنوار [ج ٩٣]	الشيخ محمّد باقر بن محمّد تقي المجلسي	Rafed	1209	0.65197
		خصائص التعبير القرآني وسماته البلاغية	عبد العظيم إبراهيم محمد المطعني (المتوفى: 1429هـ)	ShamAY	21785	0.65194
		شرح الفتوى الحموية	خالد المصلح	Sham19Y	7727	0.65191
		الأصول الاعتقادية للأذكار النبوية	-	ShamAY	34877	0.6519
		دروس للشيخ إبراهيم الفارس	إبراهيم بن عثمان الفارس	ShamAY	891	0.6519
		شرح بلوغ المرام لعطية سالم	عطية بن محمد سالم (المتوفى : 1420هـ)	ShamAY	7714	0.65189
		رسائل ابن حزم الأندلسي	أبو محمد علي بن أحمد بن سعيد بن حزم الأندلسي القرطبي الظاهري (المتوفى: 456ه)	Sham19Y	1038	0.65189
		فقه الرد	بسام الغانم العطاوي	ShamAY	36195	0.65188
		 تحفة الأنفس وشعار سكان الأندلس 	 علي بن عبد الرحمن الأندلسي 	ABLibrary	9022	0.65186
		الرد على البردة	عبد الله بن عبد الرحمن بن عبد العزيز بن عبد الرحمن بن عبد الله بن سلطان بن خميس الملقب بـ"أبابطين" (المتوفى: 1282هـ)	ShamAY	7620	0.65185
		كيف تصبح عالما	راغب السرجاني	ShamelaY19	37382	0.65185
		رحلة مصر والسودان‏	محمد مهري	Masaha	4384	0.65185
		الخديعة حقيقة القومية العربية وأسطورة البعث العربي	محمد الغزالي	ShamAY	36033	0.65184
		 صفوة الإعتبار بمستودع الأمصار والأقطار 	 السيد محمد بيرم الخامس التونسي 	ABLibrary	9130	0.65183
		الصحيفة الصادقية	باقر شريف القرشي	Rafed	80	0.65183
		أحكام القرآن لابن الفرس	أبو محمد عبد المنعم بن عبد الرحيم المعروف «بابن الفرس الأندلسي» (المتوفى: 597 ه)	Sham19Y	133357	0.65176
		وفاء الوفا بأخبار دار المصطفى [ج ١]	نور الدين علي بن أحمد السّمهودي	Rafed	2518	0.65175
		عمر والتشيع		ShamAY	35310	0.65173
		أنوار الحُجَج في أسرار الحجج	الواحدي :: الملا على القاري	ShamAY	35033	0.65173
		البراهين المعتبرة في هدم قواعد المبتدعة	عبد العزيز بن محمد المديهش (المتوفى: 1350 ه)	ShamelaY19	145434	0.65172
		كشف اللثام و الإبهام عن قواعد الأحكام - الجزء1	الفاضل الهندي	Masaha	1431	0.65172
		فتح السلام شرح عمدة الأحكام، للحافظ ابن حجر العسقلاني مأخوذ من كتابه فتح الباري	عبد السلام العامر	ShamAY	32244	0.65171
		التعليقة على فرائد الأصول‏ - الجزء1	محمد بن أحمد قرجه داغي الكماري	Masaha	2425	0.65171
		ليالي بيشاور	السيّد محمّد الموسوي الشيرازي	Rafed	1918	0.6517
		ديوان عبد الغني النابلسي	الشيخ عبد الغني ابن اسماعيل بن عبد الغني بن اسماعيل بن أحمد بن إبراهيم المعروف كأسلافه بالنابلسي الحنفي الدمشقي النقشبندي (1050 ـ 1143 هـ)	ShamAY	37955	0.65168
		مقتطفات من السيرة	عمر عبد الكافى شحاتة	Sham19Y	37043	0.65167
		شرح كتاب الفتن من صحيح البخاري - عبد الكريم الخضير	عبد الكريم الخضير	ShamelaY19	21741	0.65166
		شرح الفتوى الحموية الكبرى - صالح آل الشيخ	صالح آل الشيخ	ShamAY	34735	0.65162
		التلقين في الفقه المالكي - المكتبة التجارية	عبد الوهاب بن علي بن نصر الثعلبي المالكي أبو محمد	ShamAY	34245	0.65161
		موقف ابن تيمية من الأشاعرة	عبد الرحمن بن صالح المحمود	ShamAY	12766	0.6516
		تحفة الإخوان بأجوبة مهمة تتعلق بأركان الإسلام	عبد العزيز بن عبد الله بن باز (المتوفى: 1420ه)	ShamelaY19	31252	0.6516
		يتيمة الدهر في تفسير سورة العصر	أحمد بن محمد الشرقاوى	ShamAY	33137	0.65158
		 موسوعة التصوف الاسلامي 	 محمود حمدي زقزوق 	ABLibrary	8914	0.65158
		تهذيب الأصول - الجزء1	السيد عبد الأعلى السبزواري	Masaha	3191	0.65158
		ينابيع الأحكام في معرفة الحلال والحرام [ج ١]	السيّد علي الموسوي القزويني	Rafed	1463	0.65156
		تهذيب الأصول - الجزء1	السيد عبد الأعلى السبزواري	Masaha	2678	0.65155
		موسوعة الأخلاق - الخراز	خالد بن جمعة بن عثمان الخراز	ShamelaY19	121380	0.65152
		الأخلاق الزكية في آداب الطالب المرضية	أحمد بن يوسف بن محمد الأهدل	ShamelaY19	96879	0.65151
		أجوبة المسائل المهنائية	العلامة الحلي	Masaha	1053	0.6515
		نزهة الأنام في محاسن الشام‏  - الجزء1	عبد الله بن محمد البدري	Masaha	4227	0.6515
		نحو المعالي	محمد أحمد الراشد	ShamAY	33345	0.65149
		نور اليقين في سيرة سيد المرسلين - المعرفة	محمد بن عفيفي الخضري	ShamAY	34443	0.65147
		دروس أكاديمية المجد الإسلامية المفتوحة - العقيدة والتوحيد	أكاديمية المجد الإسلامية المفتوحة	ShamAY	34750	0.65144
		الشعر والشعراء	أبو محمد عبد الله بن مسلم بن قتيبة الدينوري (المتوفى: 276ه)	ShamelaY19	23785	0.6514
		مَقَاصِدُ المُكَلفينَ فيمَا يُتعَبَّدُ به لِرَبِّ العَالمين	عمر بن سليمان بن عبد الله الأشقر العتيبي	ShamAY	2069	0.65139
		شرح الورقات في أصول الفقه - الددو	محمد الحسن ولد محمد الملقب بـ"الددو" الشنقيطي	ShamAY	7689	0.65137
		آداب الأكل	محمد زغلول بن علي زغلول الأنباني	ShamAY	35026	0.65137
		شرح المنظومة الحائية لابن أبي داود	عبد الكريم الخضير	Sham19Y	23408	0.65137
		 رسائل ابن حزم الأندلسي 	 ابن حزم 	ABLibrary	8432	0.65137
		 كتاب القضاء ( ط . ج ) 	 ميرزا محمد حسن الآشتياني 	ABLibrary	9393	0.65134
		الإنسان بين قمة الإسلام وسفح الجاهلية	علي بن نايف الشحود	ShamAY	1612	0.65133
		القواعد و الفوائد - الجزء1	الشهيد الأول	Masaha	1078	0.65132
		أبو الطيب المتنبي وما له وما عليه	عبد الملك بن محمد بن إسماعيل أبو منصور الثعالبي (المتوفى: 429ه)	ShamelaY19	37032	0.6513
		شرح تنقيح الفصول	أبو العباس شهاب الدين أحمد بن إدريس بن عبد الرحمن المالكي الشهير بالقرافي (المتوفى: 684ه)	ShamelaY19	21813	0.65129
		صحيفه مهديه / الصحيفه المهديه ، او الصحيفه الهاديه و التحفه المهديه	ابراهيم بن محسن كاشاني	Ghbook	7112	0.65128
		فتاوى واستشارات موقع الإسلام اليوم	مجموعة من المؤلفين	ShamAY	894	0.65124
		ذم النفس والهوى	الشيخ عبد الهادي حسن وهبي	ShamAY	35107	0.65123
		خطط الشام	محمد بن عبد الرزاق بن محمد، كرد علي (المتوفى: 1372ه)	ShamelaY19	37063	0.6512
		تيسير العزيز الحميد في شرح كتاب التوحيد الذى هو حق الله على العبيد	سليمان بن عبد الله بن محمد بن عبد الوهاب (المتوفى: 1233هـ)	ShamAY	2378	0.65119
		مِنهاجُ المُسلم - كتاب عقائد وآداب وأخلاق وعَبادات ومعَاملات	أبو بَكر جَابِر الجَزَائِرِي	ShamAY	2071	0.65117
		مضمار الحقائق وسر الخلائق	محمد بن عمر المظفر بن شاهنشاه، الأيوبي، أبو المعالي، ناصر الدين، المنصور ابن المظفر (المتوفى: 617هـ)	ShamAY	6708	0.65117
		الغيبة	الشيخ محمد رضا الجعفري	Masaha	368	0.65116
		أدلة معتقد أبي حنيفة في أبوي الرسول عليه الصلاة والسلام	علي بن (سلطان) محمد، أبو الحسن نور الدين الملا الهروي القاري (المتوفى: 1014هـ)	ShamAY	6453	0.65115
		تاريخ المدينة المنوّرة	أبي محمّد عبد الله بن محمّد بن فرحون المالكي [ ابن فرحون ]	Rafed	2161	0.65114
		صفات الطائفة المنصورة ومفاهمها	عدنان بن محمد آل عرعور	ShamelaY19	147097	0.65113
		 نتائج الأفكار القدسية في بيان معاني شرح الرسالة القشيرية 	 الشيخ عبد الله العروسي 	ABLibrary	8827	0.6511
		 كتاب الإعلام بأعلام بيت الله الحرام 	 محمد بن أحمد النهرواني 	ABLibrary	9161	0.65108
		حاشية كتاب التوحيد	عبد الرحمن بن محمد بن قاسم العاصمي القحطاني الحنبلي النجدي (المتوفى: 1392هـ)	ShamAY	11149	0.65107
		شرح الموقظة للذهبي	أبو المنذر محمود بن محمد بن مصطفى بن عبد اللطيف المنياوي	ShamAY	577	0.65106
		شرح المنظومة الحائية لابن أبي داود	عبد الكريم الخضير	ShamAY	15	0.65105
		كتاب السرائر [ج ٢]	أبي جعفر محّمد بن منصور بن أحمد بن إدريس الحلّي	Rafed	1282	0.65103
		ضوابط التكفيرعند أهل السنة والجماعة		ShamAY	35527	0.65102
		جمع الجواهر في الملح والنوادر	إبراهيم بن علي بن تميم الأنصاري، أبو إسحاق الحصري (المتوفى: 453ه)	Sham19Y	621	0.65101
		التفسير المنير [ج ٢٦]	الدكتور وهبة الزحيلي	Rafed	2974	0.65101
		الحدائق الناضرة [ج ١٣]	الشيخ يوسف بن أحمد البحراني [ صاحب الحدائق ]	Rafed	2850	0.651
		جمع الجواهر في الملح والنوادر	إبراهيم بن علي بن تميم الأنصاري، أبو إسحاق الحصري (المتوفى: 453هـ)	ShamAY	621	0.65098
		مجمع البحرين	فخرالدين طريحي	Ghbook	2695	0.65097
		ليالي بيشاور	سلطان الواعظين	Masaha	2321	0.65097
		إرشاد أولى البصائر والألباب لنيل الفقة بأقرب الطرق وأيسر الأسباب	أبو عبد الله، عبد الرحمن بن ناصر بن عبد الله بن ناصر بن حمد آل سعدي (المتوفى: 1376هـ)	ShamAY	1602	0.65096
		مفاهيم القرآن [ج ٦]	الشيخ جعفر السبحاني	Rafed	308	0.65096
		أشراط الساعة وأحداث يوم القيامة بين التأصيل الديني والعقلي	حسني محمد العطار	ShamAY	35772	0.65095
		التعليق على القواعد المثلى	عبد الرحمن بن ناصر بن براك بن إبراهيم البراك	ShamelaY19	18605	0.65095
		تدوين السنة النبوية نشأته وتطوره من القرن الأول إلى نهاية القرن التاسع الهجري	أبو ياسر محمد بن مطر بن عثمان آل مطر الزهراني (المتوفى: 1427هـ)	ShamAY	11091	0.65093
		الكلمات النافعة في المكفرات الواقعة	أبو سليمان عبد الله بن محمد بن عبد الوهاب بن سليمان التميمي النجدي (المتوفى: 1242ه)	Sham19Y	8532	0.65093
		التنبيه على مبادئ التوجيه - قسم العبادات	أبو الطاهر إبراهيم بن عبد الصمد بن بشير التنوخي المهدوي (المتوفى: بعد 536ه)	ShamelaY19	121378	0.65092
		 الشيعة " نص الحوار مع المستشرق كوربان " 	 السيد الطباطبائي ( تعريب : جواد على كسار ) 	ABLibrary	8485	0.65092
		السِّيرةُ النّبوية - عرضُ وقائع وَتحليل أحدَاث	عَلي محمد محمد الصَّلاَّبي	ShamAY	168	0.6509
		نزهة الأنام في محاسن الشام	أبي البقاء عبدالله بن محمد البدري المصري الدمشقي	Rafed	3209	0.65088
		شرح الورقات في أصول الفقه - الددو	محمد الحسن الددو الشنقيطي	Sham19Y	7689	0.65085
		كيف تصبح عالما	راغب السرجاني	ShamAY	639	0.65084
		محمد صلى الله عليه وآله وسلم في مكة	المستشرق الإنجليزي ويليام مونتجمري وات	ShamelaY19	23669	0.65084
		شرح المنظومة البيقونية - عبد الكريم الخضير	عبد الكريم الخضير	ShamAY	142	0.65083
		الخلاصة في حكم الاستعانة بالكفار في القتال	علي بن نايف الشحود	ShamAY	1604	0.65081
		 مآثر الكبراء تاريخ سامراء 	 الشيخ ذبيح الله المحلاتي 	ABLibrary	9175	0.65081
		الأساس في التفسير [ج ٢]	سعيد حوّى	Rafed	3128	0.65079
		التحف والهدايا	الخالديان أبو بكر محمد بن هاشم الخالدي، (المتوفى: نحو 380هـ) ، و أبو عثمان سعيد بن هاشم الخالدي (المتوفى: 371هـ)	ShamAY	5429	0.65078
		 تبصرة الفقهاء 	 الشيخ محمد تقي الرازي الأصفهاني 	ABLibrary	9362	0.65078
		تيسير العزيز الحميد في شرح كتاب التوحيد	سليمان بن عبد الله بن محمد بن عبد الوهاب	ShamAY	33888	0.65077
		المسلم وحقوق الآخرين	أبو فيصل البدراني	ShamAY	1716	0.65077
		المعجب في تلخيص أخبار المغرب من لدن فتح الأندلس إلى آخر عصر الموحدين	عبد الواحد بن علي التميمي المراكشي، محيي الدين (المتوفى: 647هـ)	ShamAY	8559	0.65077
		شرح الشيخ جعفر على قواعد العلاّمة ابن المطهر	الشيخ كاشف الغطاء	Masaha	1521	0.65075
		كفاح دين	محمد الغزالي	ShamAY	33247	0.65073
		ديوان الأبيوردي	أبو المظفر محمد بن أحمد القرشي الأموي المعلوي المشهور بالابيوردي المتوفى سنة 557 هـ	ShamAY	37938	0.65073
		دراسات في فقه اللغة	د. صبحي إبراهيم الصالح (المتوفى: 1407هـ)	ShamAY	9998	0.65069
		كتاب الإرشاد إلى قواطع الأدلّة في أصول الإعتقاد	عبد الملك بن عبد الله الجويني الشافعي	Rafed	3392	0.65069
		المستدرك على مجموع فتاوى شيخ الإسلام	تقي الدين أبو العباس أحمد بن عبد الحليم بن تيمية الحراني (المتوفى: 728هـ)	ShamAY	10284	0.65065
		تراثنا ـ العددان [ 69 و 70 ]	مؤسسة آل البيت عليهم السلام لإحياء التراث ـ قم	Rafed	3300	0.65065
		الحوادث والبدع	محمد بن الوليد بن محمد بن خلف القرشى الفهرى الأندلسي، أبو بكر الطرطوشى المالكي (المتوفى: 520هـ)	ShamAY	8590	0.65064
		صور الإعلام الإسلامي في القرآن الكريم - دراسة في التفسير الموضوعي	عاطف إبراهيم المتولي رفاعي	ShamelaY19	96238	0.65063
		علم البديع	عبد العزيز عتيق (المتوفى: 1396 هـ)	ShamAY	32340	0.65062
		مصابيح الأحكام - الجزء1	السيد بحر العلوم	Masaha	1525	0.65059
		 موسوعة كشاف اصطلاحات الفنون والعلوم 	 محمد علي التهانوي 	ABLibrary	8654	0.65057
		نوادر الأخبار فيما يتعلق بأصول الدين	الفيض الكاشاني	Masaha	4762	0.65056
		الإحاطة في أخبار غرناطة  - الجزء1	ابن الخطيب محمد بن عبد الله	Masaha	4735	0.65056
		أخبار النساء لابن الجوزي	جمال الدين أبو الفرج عبد الرحمن بن علي بن محمد الجوزي (المتوفى: 597هـ) (منسوب خطأ في المطبوع لابن قيم الجوزية)	ShamAY	1509	0.65052
		 تاريخ الخميس في أحوال أنفس النفيس 	 الشيخ حسين بن الحسن الريار بكري 	ABLibrary	7446	0.65052
		اللّباب في علوم الكتاب [ج ٤]	أبي حفص عمر بن علي بن عادل الدمشقي الحنبلي	Rafed	3093	0.65052
		البدعة الشرعية	أبو المنذر محمود بن محمد بن مصطفى بن عبد اللطيف المنياوي	ShamAY	2010	0.65051
		سلسلة القصص - المنجد	محمد صالح المنجد	ShamAY	153	0.6505
		جامع العلوم والحكم في شرح خمسين حديثا من جوامع الكلم	زين الدين عبد الرحمن بن أحمد بن رجب بن الحسن، السَلامي، البغدادي، ثم الدمشقي، الحنبلي (المتوفى: 795هـ)	ShamAY	4268	0.6505
		روضة المتقين في شرح من لا يحضره الفقيه - الجزء1	العلامة المجلسي الأول	Masaha	1272	0.6505
		تاج العروس من جواهر القاموس - ط الفكر	محمّد بن محمّد بن عبد الرزّاق الحسيني، الملقّب بمرتضى الزَّبيدي (المتوفى: 1205هـ)	ShamAY	34693	0.65049
		مسائل أبي الوليد ابن رشد (الجد)	أبو الوليد محمد بن أحمد بن رشد القرطبي (المتوفى: 520هـ)	ShamAY	32004	0.65049
		تاريخ الخميس في أحوال أنفس النفيس	حسين بن محمد بن الحسن الدِّيار بَكْري (المتوفى: 966هـ)	ShamAY	9784	0.65048
		خطط الشام	محمد بن عبد الرزاق بن محمَّد، كُرْد عَلي (المتوفى: 1372هـ)	ShamAY	451	0.65048
		محمد صلى الله عليه وآله وسلم في مكة	المستشرق الإنجليزي ويليام مونتجمري وات	Sham19Y	23669	0.65047
		مسالك الافهام الي تنقيح شرائع الاسلام	شيخ زين الدين عاملي شهيد ثاني	Ghbook	15129	0.65047
		العرش للذهبي	شمس الدين أبو عبد الله محمد بن أحمد بن عثمان بن قَايْماز الذهبي (المتوفى: 748هـ)	ShamAY	7350	0.65045
		سوس العالمة	محمد المختار بن علي بن أحمد الإلغي السوسي (المتوفى: 1383هـ)	ShamAY	212	0.6504
		مفاهيم القرآن [ج ٤]	الشيخ جعفر السبحاني	Rafed	267	0.65039
		حنين الأفئدة	فهد بن يحيى العماري	ShamAY	35092	0.65038
		مذكرة أصول الفقه - الجامعة الإسلامية	الجامعة الإسلامية بالمدينة النبوية	ShamAY	2073	0.65038
		توضيح الأفكار (تحقيق محمد محي الدين)	محمد بن إسماعيل الأمير الحسني الصنعاني	ShamAY	34039	0.65034
		تفسير التستري	أبو محمد سهل بن عبد الله بن يونس بن رفيع التُستري (المتوفى: 283هـ)	ShamAY	23600	0.65033
		 جواهر الكلام في ثوبه الجديد 	 الشيخ الجواهري 	ABLibrary	9368	0.6503
		تصحيح خطأ تاريخي حول الوهابية	محمد بن سعد الشويعر	ShamAY	9850	0.65024
		دروس الشيخ حسن أبو الأشبال	حسن أبو الأشبال الزهيري	ShamelaY19	37626	0.65023
		التصوير القرآني للقيم الخلقية والتشريعية	علي علي صبح	ShamelaY19	23142	0.65023
		تلبيس مردود في قضايا حية	د صالح بن عبد الله بن حميد	ShamelaY19	30823	0.65022
		مختصر الامثل في تفسير كتاب الله المنزل	آيت الله العظمي ناصرمكارم شيرازي	Ghbook	10117	0.65021
		علي و مناوئوه	نوري جعفر	Ghbook	8366	0.65019
		أرجوزة في الحج و الصيام و الخمس	الشيخ عباس كاشف الغطاء	Masaha	767	0.65017
		أنيس المجتهدين في علم الأصول‏ - الجزء1	الشيخ محمد مهدي النراقي	Masaha	2643	0.65015
		موقف الشيخ الغزالي من السنة النبوية	يوسف عبد الله القرضاوي	ShamAY	1724	0.65014
		تحذير أهل الأيمان عن الحكم بغير ما أنزل الرحمن	أبو هبة الله إسماعيل بن إبراهيم الخطيب الحسني الإسعردي الأزهري السلفي	ShamAY	10046	0.65014
		الكوكب الوهاج شرح صحيح مسلم (المسمَّى:	محمد الأمين الهرري	ShamAY	38884	0.65014
		مقالات الشيخ محمود غريب (الجزء الأول)	محمود محمد غريب: من علماء الأزهر الشريف والموجه الديني لشباب جامعة القاهرة	ShamelaY19	36563	0.65013
		وصايا و مجالس الامام جعفر الصادق ( عليه السلام )	مفضل بن عمر	Ghbook	5028	0.65011
		إنه القرآن سر نهضتنا - كيف يمكن للقرآن أن ينهض بالأمة؟	مجدي الهلالي	ShamelaY19	36399	0.6501
		نواهد الأبكار وشوارد الأفكار = حاشية السيوطي على تفسير البيضاوي	عبد الرحمن بن أبي بكر، جلال الدين السيوطي (المتوفى: 911هـ)	ShamAY	21	0.65008
		أخبار النساء لابن الجوزي	جمال الدين أبو الفرج عبد الرحمن بن علي بن محمد الجوزي (المتوفى: 597ه) (منسوب خطأ في المطبوع لابن قيم الجوزية)	ShamelaY19	21563	0.65007
		تفسير الماتريدي = تأويلات أهل السنة	محمد بن محمد بن محمود، أبو منصور الماتريدي (المتوفى: 333هـ)	ShamAY	1549	0.65006
		نخبة عقد الأجياد في الصافنات الجياد	محمد (باشا) ابن الأمير عبد القادر ابن محيي الدين الحسني الجزائري (المتوفى: 1331ه)	Sham19Y	9752	0.65006
		أنيس المجتهدين في علم الأصول‏  - الجزء1	الشيخ محمد مهدي النراقي	Masaha	3137	0.65006
		المعتصر شرح كتاب التوحيد	علي بن خضير الخضير	ShamAY	35494	0.65004
		شرح السير الكبير	محمد بن أحمد بن أبي سهل شمس الأئمة السرخسي (المتوفى: 483هـ)	ShamAY	5434	0.65003
		شرح مقدمة التفسير (من النقاية) للسيوطي	عبد الكريم الخضير	ShamelaY19	25851	0.65003
		الروضة البهيّة في شرح اللمعة الدمشقيّة [ج ٢]	زين الدين بن علي العاملي [ الشهيد الثاني ]	Rafed	3227	0.65003
		شرح كتاب الفتن من صحيح البخاري - عبد الكريم الخضير	عبد الكريم الخضير	ShamAY	64	0.65002
		الرد على من ينكر حجية السنة (مطبوع مع كتاب دفاع عن السنة لأبي شهبة)	أبو الكمال - أو أبو الحسن - عبد الغني بن محمد عبد الخالق بن حسن بن مصطفى المصري القاهري (المتوفى: 1403ه)	ShamelaY19	37826	0.65002
		الوجيز في تفسير الكتاب العزيز	أبو الحسن علي بن أحمد بن محمد بن علي الواحدي، النيسابوري، الشافعي (المتوفى: 468هـ)	ShamAY	2547	0.65001
		فن التحرير العربي ضوابطه وأنماطه	محمد صالح الشنطي	ShamAY	2037	0.65001
		نشوة السكران من صهباء تذكار الغزلان	أبو الطيب محمد صديق خان بن حسن بن علي ابن لطف الله الحسيني البخاري القنوجي (المتوفى: 1307ه)	ShamelaY19	28173	0.65
		في ضيافة الرحمن	محمد مهدي آصفي	Ghbook	10934	0.65
		القوانين المحكمة في الأصول [ج ٢]	الميرزا أبو القاسم القمّي	Rafed	2624	0.64993
		بحوث في الملل والنّحل [ج ٥]	الشيخ جعفر السبحاني	Rafed	186	0.64992
		القصص العجيبه	آيت الله شهيد سيد عبدالحسين دستغيب	Ghbook	12723	0.6499
		الرحيق المختوم	صفي الرحمن المباركفوري (المتوفى: 1427هـ)	ShamAY	9820	0.64989
		الشبهات الثلاثون المثارة لإنكار السنة النبوية عرض وتفنيد ونقض	عبد العظيم إبراهيم محمد المطعني (المتوفى: 1429هـ)	ShamAY	1409	0.64988
		الاختلاف في اللفظ والرد على الجهمية لابن قتيبة	أبو محمد عبد الله بن مسلم بن قتيبة الدينوري (المتوفى: 276ه)	Sham19Y	26460	0.64987
		اجتماع الجيوش الإسلامية على غزو المعطلة والجهمية ـ ط ابن تيمية	الواحدي :: ابن القيم	ShamAY	33845	0.64986
		 اعجاز البيان في تفسير أم القرآن 	 أبي المعالي القونوي 	ABLibrary	8771	0.64986
		حياة الإمام الحسين عليه السلام [ج ١]	باقر شريف القرشي	Rafed	1606	0.64986
		الأخبار الغريبة في ذكر ما وقع بطيبة الحبيبة	جعفر بن السيد حسين هاشم المدني	ShamAY	38438	0.64985
		الهدية الهادية إلى الطائفة التجانية	أبو شكيب محمد تقي الدين بن عبد القادر الهلالي (المتوفى: 1407ه)	Sham19Y	9080	0.64983
		جواهر الكلام [ج ١]	الشيخ محمّد حسن النّجفي	Rafed	630	0.64983
		فتح القدير [ج ٤]	محمد بن علي بن محمد الشوكاني	Rafed	3966	0.64983
		الدر المختار وحاشية ابن عابدين (رد المحتار)	ابن عابدين، محمد أمين بن عمر بن عبد العزيز عابدين الدمشقي الحنفي (المتوفى: 1252هـ)	ShamAY	21613	0.64982
		إعانة المستفيد بشرح كتاب التوحيد	صالح بن فوزان بن عبد الله الفوزان	ShamAY	8565	0.6498
		حز الغلاصم في إفحام المخاصم عند جريان النظر في أحكام القدر	شيث بن إبراهيم بن محمد بن حيدرة، أبو الحسن القفطي، ضياء الدين المعروف بابن الحاج القناوي (المتوفى: 598هـ)	ShamAY	6550	0.64978
		 كشف الغمة في معرفة الأئمة ( ط . ق ) 	 علي بن أبي الفتح الإربلي 	ABLibrary	7909	0.64971
		خطبة الجمعة ودورها في تربية الأمة	عبد الغني أحمد جبر مزهر	ShamAY	31069	0.6497
		خصائص القائد الاسلامي في القران الكريم	عادل علوي	Ghbook	4619	0.6497
		قلائد الفرائد  - الجزء1	الآخوند الشيخ غلام رضا القمي	Masaha	4036	0.6497
		كتاب الهداية	الشيخ الصدوق	Masaha	620	0.64969
		شرح الواسطية - يوسف الغفيص	يوسف بن محمد علي الغفيص	ShamAY	31676	0.64967
		الموسوعة القرآنيّة [ج ٢]	ابراهيم الأبياري	Rafed	3784	0.6496
		 جواهر النصوص في حل كلمات الفصوص 	 الشيخ عبد الغني النابلسي 	ABLibrary	8855	0.64959
		تبصرة الفقهاء [ج ١]	الشيخ محمد تقي الرازي النجفي الاصفهاني	Rafed	1328	0.64958
		منكرات الأفراح	غانم غالب غانم	ShamAY	1782	0.64956
		نفحات القرآن [ج ٧]	آية الله مكارم الشيرازي	Rafed	3822	0.64954
		شرح الدماميني على المغني اللبيب [ج ٢]	محمّد بن أبي بكر الدماميني	Rafed	2096	0.64954
		الجَامعُ لأحكامِ الصَّلاة وصِفة صَلاة النَّبيِّ -صَلَّى اللَّهُ عَلَيْهِ وَسَلَّمَ-	عادل بن سعد	ShamAY	950	0.64953
		أبو الطيب المتنبي وما له وما عليه	عبد الملك بن محمد بن إسماعيل أبو منصور الثعالبي (المتوفى: 429هـ)	ShamAY	389	0.64952
		العقائد الاسلامية [ج ٢]	مركز المصطفى للدراسات الإسلامية	Rafed	86	0.64952
		نخبة عقد الأجياد في الصافنات الجياد	محمد (باشا) ابن الأمير عبد القادر ابن محيي الدين الحسني الجزائري (المتوفى: 1331هـ)	ShamAY	9752	0.6495
		المدخل المفصل لمذهب الإمام أحمد وتخريجات الأصحاب	بكر بن عبد الله أبو زيد بن محمد بن عبد الله بن بكر بن عثمان بن يحيى بن غيهب بن محمد (المتوفى: 1429هـ)	ShamAY	23611	0.64948
		اعلام الهدايه (الامام الحسن المجتبي عليه السلام)	جمعي از نويسندگان	Ghbook	6051	0.64947
		سلسلة القصص - المنجد	محمد صالح المنجد	Sham19Y	18269	0.64946
		شرح الطحاوية - يوسف الغفيص	يوسف بن محمد علي الغفيص	Sham19Y	37777	0.64945
		التيه والمخرج	عدنان بن محمد آل عرعور	ShamelaY19	147090	0.64944
		شرح الموقظة للذهبي	أبو المنذر محمود بن محمد بن مصطفى بن عبد اللطيف المنياوي	ShamelaY19	36195	0.64944
		زينب الكبري	الشيخ جعفر النقدي	Masaha	3360	0.64944
		الرد على الدهريين	محمد حامد محمد :: جمال الدين الأفغاني	ShamAY	35778	0.64942
		 مجموعة مصنفات في الخيمياء والإكسير الأعظم 	 جابر بن حيان 	ABLibrary	9805	0.64941
		نعم لقد تشيّعت	محمّد الرصافي المقداد	Rafed	1216	0.64941
		مفهوم الحرية بين الإسلام والجاهلية	علي بن نايف الشحود	ShamAY	1608	0.6494
		إجابات الشيخ عبد الرحمن البراك على أسئلة أعضاء ملتقى أهل الحديث	عبد الرحمن بن ناصر البراك	ShamAY	34713	0.64938
		فتح رب البرية بتلخيص الحموية	محمد بن صالح بن محمد العثيمين (المتوفى: 1421ه)	ShamelaY19	21817	0.64938
		تحقيق الوصال بين القلب والقرآن	مجدي الهلالي	Sham19Y	36402	0.64938
		تلخيص البيان فى مجازات القرآن	الشريف الرضى	ShamAY	34094	0.64937
		 التنبيه والرد على أهل الأهواء والبدع 	 ابن عبد الرحمن الملطي 	ABLibrary	8396	0.64937
		نظم القواعد الفقهية	عبد الرحمن السعدي	ShamAY	37545	0.64936
		فتاوى مهمة لعموم الأمة	عبد العزيز بن باز , محمد بن صالح العثيمين	ShamAY	6394	0.64934
		تقريب علم الحديث	أبو معاذ طارق بن عوض الله.	ShamAY	34017	0.64933
		الكامل في التاريخ ط صادر	أبو الحسن علي بن أبي الكرم محمد بن محمد بن عبد الكريم الشيباني الجزري، عز الدين ابن الأثير (المتوفى: 630هـ)	ShamAY	33808	0.64933
		المنتخب في جمع المراثي و الخطب	فخرالدين طريحي	Ghbook	5936	0.64933
		القرآن في الاسلام	السيد محمد حسين الطباطبائي	Masaha	1729	0.64933
		النعيم المقيم لعترة النبأ العظيم‏	شرف الدين الموصلي	Masaha	3299	0.6493
		مقامات عبد الرحمن بن حسن	عبد الرحمن بن حسن بن محمد بن عبد الوهاب بن سليمان التميمي (المتوفى: 1285هـ)	ShamAY	8561	0.64928
		اتحاف أهل الفضل والإنصاف بنقض كتاب ابن الجوزي دفع شبه الشبه وتعليقات السقاف	سليمان العلوان	ShamAY	35747	0.64927
		الفقه والمسائل الطبية	الشيخ محمد آصف المحسني	Masaha	619	0.64927
		إعلام الموقعين عن رب العالمين	محمد بن أبي بكر بن أيوب بن سعد شمس الدين ابن قيم الجوزية (المتوفى: 751ه)	Sham19Y	11496	0.64926
		منتخب الأنوار المضيئة في ذكر القائم الحجة(ع)	علي بن عبد الكريم النيلي	Masaha	3293	0.64926
		أحمد أمين مؤرخ الفكر الإسلامي	محمد رجب البيومي	ShamAY	38590	0.64925
		 دولة المهدي ( عج ) المنتظر 	 إبراهيم الأنصاري 	ABLibrary	971	0.64925
		من حقي أن أكون شيعية	السيدة أم محمد علي المعتصم	Masaha	437	0.64925
		مرشد الزوار الى قبور الابرار	موفق الدين أبو محمد بن عبد الرحمن، ابن الشيخ أبي الحرم مكّي بن عثمان الشارعي الشافعي (المتوفى: 615هـ)	ShamAY	11789	0.64923
		 الحاشية على أصول الكافي 	 السيد أحمد بن زين العابدين العلوي العاملي 	ABLibrary	7919	0.64923
		المال والحكم في الإسلام	عبد القادر عودة (المتوفى: 1373ه)	ShamelaY19	96556	0.64922
		المنازل والديار	أبو المظفر مؤيد الدولة مجد الدين أسامة بن مرشد بن علي بن مقلد بن نصر بن منقذ الكناني الكلبي الشيزري (المتوفى: 584هـ)	ShamAY	5416	0.64921
		بحوث تربية الطفل المسلم	الدكتور عدنان حسن باحارث	ShamAY	35071	0.64919
		انفقوا لكي تتقدموا	آيت الله العظمي سيد محمد حسيني شيرازي	Ghbook	7880	0.64919
		شرح السير الكبير إملاء محمد بن أحمد السرخسي	الواحدي :: محمد بن الحسن الشيباني	ShamAY	34348	0.64917
		الفواتح الإلهية والمفاتح الغيبية الموضحة للكلم القرآنية والحكم الفرقانية	نعمة الله بن محمود النخجواني، ويعرف بالشيخ علوان (المتوفى: 920ه)	ShamelaY19	23624	0.64917
		سيماء المرأة في الإسلام بين النفس والصورة	فريد الأنصاري المغربي (المتوفى: 1430 هـ)	ShamAY	32333	0.64916
		إرشاد الطالب إلى أهم المطالب	سليمان بن سحمان	ShamAY	36572	0.64914
		رسالة في أصول الدين	تقي الدين أبو العباس أحمد بن عبد الحليم بن عبد السلام بن عبد الله بن أبي القاسم بن محمد ابن تيمية الحراني الحنبلي الدمشقي (المتوفى: 728هـ)	ShamAY	11216	0.64912
		دروس وفتاوى الحرم المدني لعام 1416هـ	محمد بن صالح بن محمد العثيمين (المتوفى : 1421هـ)	ShamAY	7688	0.64912
		نور اليقين في سيرة سيد المرسلين	محمد بن عفيفي الباجوري، المعروف بالشيخ الخضري (المتوفى: 1345ه)	Sham19Y	23692	0.64912
		فتح الباري شرح صحيح البخاري	زين الدين عبد الرحمن بن أحمد بن رجب بن الحسن، السَلامي، البغدادي، ثم الدمشقي، الحنبلي (المتوفى: 795هـ)	ShamAY	137	0.64908
		التفسير المنير [ج ٢٨]	الدكتور وهبة الزحيلي	Rafed	2976	0.64908
		شرح مختصر الروضة	سليمان بن عبد القوي بن الكريم الطوفي الصرصري، أبو الربيع، نجم الدين (المتوفى : 716هـ)	ShamAY	10781	0.64905
		محمد صلى الله عليه وآله وسلم في مكة	المستشرق الإنجليزي ويليام مونتجمري وات	ShamAY	23669	0.64903
		دراسة موضوعية للحائية ولمعة الاعتقاد والواسطية	عبد الرحيم بن صمايل العلياني السلمي	ShamelaY19	37795	0.64902
		مقالات الشيخ محمود غريب (الجزء الأول)	محمود محمد غريب: من علماء الأزهر الشريف والموجه الديني لشباب جامعة القاهرة	ShamAY	846	0.64901
		شرح منسك شيخ الإسلام ابن تيمية	عبد الكريم الخضير	ShamelaY19	25814	0.64901
		 كتاب الزكاة 	 الشيخ المنتظري 	ABLibrary	9528	0.649
		 الفقه ومسائل طبية 	 الشيخ محمد آصف المحسني 	ABLibrary	9737	0.649
		إيضاح شواهد الإيضاح	أبو علي الحسن بن عبد الله القيسي (المتوفى: ق 6هـ)	ShamAY	9250	0.64899
		سلسلة الإيمان والكفر - المقدم	محمد أحمد إسماعيل المقدم	ShamelaY19	21753	0.64899
		نزهة المجالس ومنتخب النفائس	عبد الرحمن بن عبد السلام الصفوري (المتوفى: 894ه)	ShamelaY19	28168	0.64899
		كليلة ودمنة	عبد الله بن المقفع (المتوفى: 142 ه) (ترجمة لكتاب الفيلسوف الهندي بيدبا)	ShamelaY19	26537	0.64896
		 دفع شبه التشبيه بأكف التنزيه 	 ابن الجوزي 	ABLibrary	995	0.64896
		تفريغ فتاوى متنوعة للشيخ الألباني	الواحدي :: ناصر الدين الألباني	ShamAY	33153	0.64895
		سفينه النجاه	محمد بن سليمان تنكابني	Ghbook	15645	0.64895
		الخلاصة في أصول التربية الإسلامية	علي بن نايف الشحود	ShamAY	34832	0.64894
		 مشاهد الأسرار القدسية ومطالع الأنوار الالهية 	 ابن عربي 	ABLibrary	8742	0.64893
		كتاب الزكاة - الجزء1	الميرزا محمد حسن الآشتياني	Masaha	1805	0.64892
		المقنع	الشيخ الصدوق	Masaha	713	0.64892
		القضاء والقدر للأشقر	عمر بن سليمان بن عبد الله الأشقر العتيبي	ShamAY	1792	0.6489
		الفرقان بين أولياء الرحمن وأولياء الشيطان	الشيخ ياسر بن حسين برهامي	ShamelaY19	36996	0.64889
		 الروح 	 ابن قيم الجوزية 	ABLibrary	8444	0.64889
		تشنيف المسامع بجمع الجوامع لتاج الدين السبكي	أبو عبد الله بدر الدين محمد بن عبد الله بن بهادر الزركشي الشافعي (المتوفى: 794ه)	ShamelaY19	122142	0.64888
		أصول أهل السنة والجماعة	أبو الأشبال حسن الزهيري آل مندوه المنصوري المصري	ShamelaY19	37603	0.64887
		أنموذج اللبيب في خصائص الحبيب (مطبوع مع شرح محمد بن أحمد عبد الباري الأهدل، المسمى: فتح الكريم القريب شرح أنموذج اللبيب)	عبد الرحمن بن أبي بكر، جلال الدين السيوطي (المتوفى: 911هـ)	ShamAY	12824	0.64885
		شرح التدمرية - ناصر العقل	ناصر بن عبد الكريم العلي العقل	ShamelaY19	37727	0.64884
		رساله الولاية	السيد محمد حسين الطباطبائي	Masaha	2836	0.64884
		الإيمان بالقدر	عَلي محمد محمد الصَّلاَّبي	ShamAY	24	0.64881
		إرشاد العباد في فضل الجهاد - سلسلة لقاء العشر الأواخر بالمسجد الحرام (14)	حسن بن إبراهيم بن حسن بن محمد، المعروف بالبيطار (المتوفى: 1272 هـ)	ShamAY	32398	0.6488
		القراءات المتواترة وأثرها في الرسم القرآني والأحكام الشرعية	محمد الحبش	ShamelaY19	38020	0.6488
		المدارج في كشف شبهات للخوارج	أحمد بن عمر بازمول	ShamAY	35731	0.64879
		شرح القسطلاني = إرشاد الساري لشرح صحيح البخاري	أحمد بن محمد بن أبى بكر بن عبد الملك القسطلاني القتيبي المصري، أبو العباس، شهاب الدين (المتوفى: 923هـ)	ShamAY	938	0.64879
		علي خطي الحسين ( عليه السلام )	احمد راسم نفيس	Ghbook	4571	0.64879
		الشيعة في العراء	عبد الله علي	ShamAY	35283	0.64878
		تذكرة الراشد برد تبصرة الناقد	الإمام محمد عبد الحي اللكنوي (ت1304هـ)	ShamAY	36018	0.64878
		موسوعة توقيعات الإمام المهدي عليه السلام	محمد تقي اكبر نجاد	Masaha	4065	0.64878
		الإخنائية أو الرد على الإخنائي ت زهوي	تقي الدين أبو العباس أحمد بن عبد الحليم بن عبد السلام بن عبد الله بن أبي القاسم بن محمد ابن تيمية الحراني الحنبلي الدمشقي (المتوفى: 728هـ)	ShamAY	1152	0.64877
		مرآة العقول [ج ١٢]	الشيخ محمّد باقر بن محمّد تقي المجلسي	Rafed	1032	0.64876
		موسوعة الإمام الخوئي [ج ١٣]	الشيخ مرتضى البروجردي	Rafed	918	0.64874
		صفوة الإعتبار بمستودع الأمصار و الأقطار [ج ١]	السيّد محمّد بيرم الخامس التونسي	Rafed	2395	0.64872
		نصره المظلوم	محمد علي الحلو	Ghbook	12334	0.64869
		البرهان في علوم القرآن	محمد بن عبد الله زركشي	Ghbook	2856	0.64866
		المدرّس الأفضل [ج ٧]	الشيخ محمّد علي المدرّس الأفغاني	Rafed	2696	0.64864
		 مسائل معاصرة في فقه القضاء 	 السيد محمد سعيد الحكيم 	ABLibrary	9618	0.64863
		نفحات القرآن [ج ٢]	آية الله مكارم الشيرازي	Rafed	3800	0.64863
		من هدي الرسول صلى الله عليه وسلم المسمى «سفر السعادة»	أبو طاهر مجد الدين محمد بن يعقوب الفيروزابادي (المتوفى: 816 ه)	ShamelaY19	132416	0.6486
		سعيد بن جبير: شيخ التابعين و إمام القراء	محمد علي البياتي	Ghbook	15677	0.6486
		شرح العقيدة الطحاوية ـ الغفيص		ShamAY	35429	0.64858
		من مخازي الرافضة عبر التاريخ	-	ShamAY	588	0.64858
		العصمة حقيقتها ـ أدلّتها	الشيخ محمد حسين الأنصاري	Rafed	755	0.64857
		حسن المحاضرة في أخبار مصر والقاهرة [ج ٢]	جلال الدين عبد الرحمن بن أبي بكر السيوطي	Rafed	2162	0.64856
		تفسير العثيمين: جزء عم	محمد بن صالح بن محمد العثيمين (المتوفى: 1421هـ)	ShamAY	21808	0.64855
		المراجعات	السيد عبد الحسين شرف الدين	Masaha	407	0.64855
		منهاج البلغاء وسراج الأدباء	حازم بن محمد بن حسن، ابن حازم القرطاجني، أبو الحسن (المتوفى: 684هـ)	ShamAY	5388	0.64854
		شرح القسطلاني = إرشاد الساري لشرح صحيح البخاري	أحمد بن محمد بن أبى بكر بن عبد الملك القسطلاني القتيبي المصري، أبو العباس، شهاب الدين (المتوفى: 923ه)	ShamelaY19	21715	0.64854
		التاج في أخلاق الملوك	عمرو بن بحر بن محبوب الكناني بالولاء، الليثي، أبو عثمان، الشهير بالجاحظ (المتوفى: 255هـ)	ShamAY	22623	0.64853
		نصره المظلوم	حسن محسني خسروشاهي	Ghbook	5994	0.64853
		أبو هريرة	السيد عبد الحسين شرف الدين	Masaha	74	0.64853
		كف الرعاع عن محرمات اللهو والسماع	أحمد بن محمد بن علي بن حجر الهيتمي السعدي الأنصاري، شهاب الدين شيخ الإسلام، أبو العباس (المتوفى: 974هـ)	ShamAY	1275	0.64847
		رحلة مدام ديولافوا من المحمّرة إلى البصرة وبغداد	ديولافوا	Rafed	2623	0.64847
		الصحابة ومكانتهم عند المسلمين	محمود عيدان أحمد الدليمي	ShamAY	35909	0.64846
		مسائل فقهيه	عبدالحسين شرف الدين	Ghbook	7706	0.64846
		المغرب في ترتيب المعرب	ناصر بن عبد السيد أبى المكارم ابن على، أبو الفتح، برهان الدين الخوارزمي المُطَرِّزِىّ (المتوفى: 610هـ)	ShamAY	8459	0.64842
		دراسات لغوية في أمهات كتب اللغة	إبراهيم محمد أبو سكين	Sham19Y	11751	0.64842
		الحدائق الندية في شرح الفوائد الصمدية	سيد عليخان بن احمد مدني شيرازي حسيني	Ghbook	15579	0.64842
		الآداب الطبية في الاسلام	السيد جعفر مرتضى العاملي	Masaha	513	0.64842
		المعجم الاشتقاقي المؤصل لألفاظ القرآن الكريم (مؤصل ببيان العلاقات بين ألفاظ القرآن الكريم بأصواتها وبين معانيها)	د. محمد حسن حسن جبل	ShamelaY19	21017	0.6484
		شرح هداية المسترشدين( حجية الظن)	الشيخ محمد باقر الأصفهاني النجفي	Masaha	3995	0.6484
		دراسة موضوعية للحائية ولمعة الاعتقاد والواسطية	عبد الرحيم بن صمايل العلياني السلمي	ShamAY	799	0.64838
		مرشد الزوّار إلى قبور الأبرار [ج ١]	موفق الدين بن عثمان	Rafed	2657	0.64838
		 شرح الأسماء الحسنى 	 أبي المعالي القونوي 	ABLibrary	8773	0.64836
		مذكرة أصول الفقه - الجامعة الإسلامية	الجامعة الإسلامية بالمدينة النبوية	Sham19Y	2073	0.64835
		 الرحيق المختوم 	 صفي الرحمان مباركفوري 	ABLibrary	7530	0.64835
		الأمثل في تفسير كتاب الله المنزل - الجزء2	الشيخ ناصر مكارم الشيرازي	Masaha	95	0.64834
		الدر النضيد على أبواب التوحيد		ShamAY	35610	0.64832
		رسوم دار الخلافة	هلال بن المحسن بن إبراهيم بن هلال الصابئ الحراني، أبو الحسين، أو أبو الحسن (المتوفى: 448هـ)	ShamAY	8173	0.64832
		المفصل في أحكام الربا	الواحدي :: علي بن نايف الشحود	ShamAY	36096	0.64828
		البناية شرح الهداية	أبو محمد محمود بن أحمد بن موسى بن أحمد بن حسين الغيتابى الحنفى بدر الدين العينى (المتوفى: 855هـ)	ShamAY	427	0.64828
		الشورى في الشريعة الإسلامية	القاضي حسين بن محمد المهدي	ShamAY	503	0.64825
		المخصّص [ج ١٤]	أبي الحسن علي بن إسماعيل بن سيده المرسي [ ابن سيده ]	Rafed	3562	0.64825
		أسبابُ تخلُّفِ الوعيدِ	الواحدي :: علي بن نايف الشحود	ShamAY	36066	0.64824
		شرح عقيدة الإمام المجدد محمد بن عبد الوهاب (وطبع الكتاب باسم: شرح رسالة الإمام المجدد محمد بن عبد الوهاب)	صالح بن فوزان بن عبد الله الفوزان	ShamAY	8605	0.64823
		شرح رسالة العبودية لابن تيمية - عبد الرحيم السلمي	عبد الرحيم بن صمايل العلياني السلمي	ShamelaY19	36581	0.6482
		الفوائد البديعية في فضائل الصحابة وذم الشيعة	أحمد فريد	ShamAY	33855	0.64819
		التذكرة بأحوال الموتى وأمور الآخرة	أبو عبد الله محمد بن أحمد بن أبي بكر بن فرح الأنصاري الخزرجي شمس الدين القرطبي (المتوفى: 671ه)	ShamelaY19	21536	0.64817
		زبدة المقال في خمس الرسول والآل	السيد حسين البروجردي	Masaha	4991	0.64816
		الهدية الهادية إلى الطائفة التجانية	أبو شكيب محمد تقي الدين بن عبد القادر الهلالي (المتوفى: 1407هـ)	ShamAY	9080	0.64815
		التطاول على الرسول صلى الله عليه وسلم	د. محمد بن عبدالله بن صالح السحيم	ShamAY	36492	0.64814
		بهجة المجالس وأنس المجالس	أبو عمر يوسف بن عبد الله بن محمد بن عبد البر بن عاصم النمري القرطبي (المتوفى: 463هـ)	ShamAY	558	0.64814
		 أبكار الأفكار في أصول الدين 	 سيف الدين الآمدي 	ABLibrary	8318	0.64814
		ائمة الوهابية	صالح ورداني	Ghbook	10515	0.64812
		 الغارات ( ط . ق ) 	 إبراهيم بن محمد الثقفي الكوفي 	ABLibrary	7898	0.6481
		أخلاق أهل البيت عليهم السلام	السيد علي الحسيني الصدر	Rafed	1774	0.6481
		القرآن الكريم و روايات المدرستين	مرتضي عسكري	Ghbook	7582	0.64806
		أصول أهل السنة والجماعة	أبو الأشبال حسن الزهيري آل مندوه المنصوري المصري	ShamAY	701	0.64804
		الأمثل في تفسير كتاب الله المنزل [ج ١٨]	آية الله مكارم الشيرازي	Rafed	2065	0.64803
		إعجاز القرآن بين المعتزلة والأشاعرة	د. منير سلطان (معاصر)	ShamAY	34105	0.64801
		من حياة المستبصرين - الجزء1	مركز الأبحاث العقائدية	Masaha	461	0.648
		شرح تنقيح الفصول	أبو العباس شهاب الدين أحمد بن إدريس بن عبد الرحمن المالكي الشهير بالقرافي (المتوفى: 684هـ)	ShamAY	21813	0.64799
		دروس الشيخ سيد حسين العفاني	أبو التراب سيد بن حسين بن عبد الله العفاني	ShamelaY19	36323	0.64799
		 استقصاء النظر في القضاء والقدر 	 العلامة الحلي 	ABLibrary	8332	0.64797
		الإيمان بالله جل جلاله	عَلي محمد محمد الصَّلاَّبي	ShamAY	19	0.64796
		الرد على من ينكر حجية السنة (مطبوع مع كتاب دفاع عن السنة لأبي شهبة)	أبو الكمال - أو أبو الحسن - عبد الغني بن محمد عبد الخالق بن حسن بن مصطفى المصري القاهري (المتوفى: 1403هـ)	ShamAY	1174	0.64795
		فتحُ المغيث في التعليقِ على تيسيرِ مصطلحِ الحديثِ	محمود الطحان	ShamAY	37300	0.64792
		العلماء يردون على اسطورة هرمجدون	حمدى شفيق	ShamAY	33295	0.64788
		الولادات الثلاث: و سلام عليه يوم ولد و يوم يموت و يوم يبعث حيا	علي كوراني	Ghbook	15114	0.64788
		وفاء الوفا بأخبار دار المصطفى  - الجزء1	علي بن أحمد السمهودي‏	Masaha	4101	0.64787
		رسوم دار الخلافة	هلال بن المحسن بن إبراهيم بن هلال الصابئ الحراني، أبو الحسين، أو أبو الحسن (المتوفى: 448ه)	Sham19Y	8173	0.64784
		 مقالات تأسيسية في الفكر الإسلامي 	 السيد الطباطبائي ( تعريب : جواد علي كسار ) 	ABLibrary	8638	0.64784
		موسوعة الفرق المنتسبة للإسلام - الدرر السنية	مجموعة من المؤلفين	ShamAY	1513	0.64783
		العرش للذهبي	شمس الدين أبو عبد الله محمد بن أحمد بن عثمان بن قايماز الذهبي (المتوفى: 748ه)	Sham19Y	7350	0.64782
		قواعد استنباط الأحكام‏	السيد حسين مكي العاملي	Masaha	4152	0.64781
		آداب الدعاء المسمى أدب المُرتَعى في علم الدعا	الواحدي :: يوسف بن عبد الهادي	ShamAY	33728	0.6478
		الرسائل التسع	الميرزا محمد حسن الآشتياني	Masaha	1799	0.6478
		وفاء الوفاء بأخبار دار المصطفى‏ - الجزء1	نصر بن مزاحم المنقري‏	Masaha	3028	0.64778
		أصول الدعوة وطرقها 4 - جامعة المدينة	مناهج جامعة المدينة العالمية	ShamAY	1645	0.64776
		 الرد على الأخنائي قاضي المالكية 	 ابن تيميه 	ABLibrary	8426	0.64774
		مرآة الرشاد	الشيخ عبد الله المامقاني	Masaha	2963	0.64774
		رحلات في الجزيرة العربية	جي. آر. ويستلد	Rafed	2286	0.64773
		أمثال القرآن لابن القيم (ت: ناصر الرشيد)	ابن القيم	ShamAY	34421	0.64772
		حكم الإسلام فيمن زعم أن القرآن متناقض	عبد العزيز بن عبد الله بن باز (المتوفى: 1420هـ)	ShamAY	10165	0.64772
		أساليب بلاغية	الدكتور أحمد مطلوب	Rafed	1954	0.64772
		القرآن في الاسلام	آية الله السيد محمد حسين الطباطبائي	Rafed	258	0.6477
		الاكتفاء بما تضمنه من مغازي رسول الله(ص) و الثلاثة الخلفاء - الجزء1	أبو الربيع الحميري الكلاعي‏	Masaha	1852	0.6477
		القاموس المبين في اصطلاحات الأصوليين‏	محمود حامد عثمان	Masaha	3472	0.64769
		رحلة ابن بطوطة المسماة تحفة النظار في غرائب الامصار وعجائب الأسفار	محمد بن عبد الله بن محمد بن إبراهيم اللواتي الطنجي، أبو عبد الله، ابن بطوطة (المتوفى: 779ه)	Sham19Y	12009	0.64767
		التنبيه على مبادئ التوجيه - قسم العبادات	أبو الطاهر إبراهيم بن عبد الصمد بن بشير التنوخي المهدوي (المتوفى: بعد 536هـ)	ShamAY	31684	0.64763
		أحكام الصلاة - الجزء1	شيخ الشريعة الأصفهاني	Masaha	4949	0.64763
		نَيْلُ المَآرِب بشَرح دَلِيلُ الطَّالِب	عبد القادر بن عمر بن عبد القادر ابن عمر بن أبي تغلب بن سالم التغلبي الشَّيْبَاني (المتوفى: 1135هـ)	ShamAY	2025	0.64762
		اللطائف المستحسنة بجمع خطب شهور السنة	الإمام محمد عبد الحي اللكنوي (ت1304هـ)	ShamAY	36012	0.64757
		تحفة الإخوان بأجوبة مهمة تتعلق بأركان الإسلام	عبد العزيز بن عبد الله بن باز (المتوفى: 1420هـ)	ShamAY	31252	0.64756
		علي الطنطاوي أديب الفقهاء وفقيه الأدباء	مجاهد مأمون ديرانية	ShamAY	38586	0.64754
		شرح الأصبهانية - ط المنهاج	شيخ الإسلام تقي الدين أبو العباس أحمد بن عبد الحليم بن عبد السلام ابن تيمية	ShamAY	34392	0.64753
		 المغني في أبواب التوحيد والعدل 	 القاضي عبد الجبار الهمذاني 	ABLibrary	8633	0.64752
		نشر طيّ التعريف في فضل حملة العلم الشريف والرد على ماقتهم السخيف	محمد بن عبد الرحمن بن عمر بن محمد بن عبد الله، أبو حامد، جمال الدين الحبيشي الوَصَابي الشافعي (المتوفى: 786هـ)	ShamAY	6878	0.6475
		شرح التدمرية - ناصر العقل	ناصر بن عبد الكريم العلي العقل	ShamAY	755	0.64749
		الجيل الموعود بالنصر والتمكين	مجدي الهلالي	ShamelaY19	36396	0.64746
		جواهر الكلام في شرح شرائع الاسلام	محمد حسن بن باقر نجفي ( صاحب جواهر )	Ghbook	10694	0.64746
		الوسيط في أصول الفقه [ج ٢]	الشيخ جعفر السبحاني	Rafed	2774	0.64744
		ديوان الأحكام الكبرى أو الإعلام بنوازل الأحكام وقطر من سير الحكام	عيسى بن سهل بن عبد الله الأسدي الجياني القرطبي الغرناطي أبو الأَصْبَغ (المتوفى: 486هـ)	ShamAY	32018	0.64742
		إعراب القرآن لابن سيده	ابن سيده	ShamAY	36821	0.64741
		اللّباب في علوم الكتاب [ج ٢]	أبي حفص عمر بن علي بن عادل الدمشقي الحنبلي	Rafed	3091	0.6474
		تسهيل العقيدة الإسلامية	عبد الله بن عبد العزيز بن حمادة الجبرين	ShamAY	11094	0.64739
		تفسير جزء عم للشيخ مساعد الطيار	د مساعد بن سليمان بن ناصر الطيار	ShamelaY19	21561	0.64737
		شواهد التوضيح والتصحيح لمشكلات الجامع الصحيح	محمد بن عبد الله، ابن مالك الطائي الجياني، أبو عبد الله، جمال الدين (المتوفى: 672ه)	ShamelaY19	98123	0.64731
		تصحيح القراءة في نهج البلاغة	الشيخ خالد البغدادي	Masaha	196	0.6473
		آداب الزفاف في السنة المطهرة	أبو عبد الرحمن محمد ناصر الدين، بن الحاج نوح بن نجاتي بن آدم، الأشقودري الألباني (المتوفى: 1420هـ)	ShamAY	7494	0.64729
		مجمع البحرين [ج ٣]	الشيخ فخر الدين الطريحي	Rafed	1241	0.64728
		نظام الحكومة النبوية - الجزء1	عبد الحي الكتاني‏	Masaha	3105	0.64721
		 رياض الأبرار في مناقب الأئمة الأطهار ( ع ) 	 السيد نعمة الله الجزائري 	ABLibrary	7539	0.6472
		وفاء الوفاء بأخبار دار المصطفى	علي بن عبد الله بن أحمد الحسني الشافعي، نور الدين أبو الحسن السمهودي (المتوفى: 911ه)	ShamelaY19	23695	0.64716
		تفسير الماتريدي = تأويلات أهل السنة	محمد بن محمد بن محمود، أبو منصور الماتريدي (المتوفى: 333ه)	ShamelaY19	95590	0.64716
		تراثنا ـ العددان [ 81 و 82 ]	مؤسسة آل البيت عليهم السلام لإحياء التراث ـ قم	Rafed	3623	0.64713
		عقيدة الولاء والبراء - المقدم	محمد أحمد إسماعيل المقدم	ShamAY	44	0.6471
		إرشاد الثقات إلى اتفاق الشرائع على التوحيد والمعاد والنبوات	محمد بن علي بن محمد بن عبد الله الشوكاني اليمني (المتوفى: 1250هـ)	ShamAY	6455	0.64709
		تعليم المتعلم طريق التعلم	برهان الإسلام الزرنوجي	ShamAY	36026	0.64709
		الحديث والمحدثون	محمد محمد أبو زهو رحمه الله	ShamAY	8656	0.64709
		 مختار الحكم ومحاسن الكلم 	 المبشر بن فاتك 	ABLibrary	9864	0.64709
		 رياض المسائل ( ط . ق ) 	 السيد علي الطباطبائي 	ABLibrary	9356	0.64708
		الحديقة الهلالية شرح دعاء الهلال من الصحيفة السجّاديّة	محمّد بن الحسين العاملي	Rafed	285	0.64706
		مفردات ألفاظ القرآن‌	الراغب الأصفهاني	Masaha	3644	0.64706
		فتح المنعم شرح صحيح مسلم	الأستاذ الدكتور موسى شاهين لاشين	ShamAY	38844	0.64705
		الرد علي موسي جار الله	علي بن محمد رضا بن هادي نجفي ( كاشف الغطاء )	Ghbook	11143	0.64705
		التوسل بالنبي وجهله الوهابيون	ابوحامد بن مرزوق	Ghbook	7542	0.64701
		فقه النكاح والفرائض	محمد عبد اللطيف قنديل	ShamAY	8640	0.647
		شرح الطحاوية لسفر الحوالي	سفر بن عبد الرحمن الحوالي	ShamAY	2827	0.647
		ديوان ابن النبيه	علي بن محمد بن الحسن بن يوسف أبو الحسن كمال الدين	ShamAY	37842	0.64699
		مراقي الفلاح شرح متن نور الإيضاح	حسن بن عمار بن علي الشرنبلالي المصري الحنفي (المتوفى: 1069هـ)	ShamAY	412	0.64699
		نهاية المطلب في دراية المذهب	عبد الملك بن عبد الله بن يوسف بن محمد الجويني، أبو المعالي، ركن الدين، الملقب بإمام الحرمين (المتوفى: 478هـ)	ShamAY	1788	0.64698
		دروس الشيخ حسن أبو الأشبال	حسن أبو الأشبال الزهيري	ShamAY	874	0.64691
		الفوز الكبير في أصول التفسير	الإمام أحمد بن عبد الرحيم المعروف ب «ولي الله الدهلوي» (المتوفى: 1176ه)	Sham19Y	9964	0.6469
		مفهوم القدر والحريةعند أوائل الصوفية	محمود بن عبد الرازق	ShamAY	35403	0.64689
		المعجزات والغيبيات بين بصائر التنزيل ودياجير الإنكار والتأويل	عبد الفتاح إبراهيم سلامة	ShamAY	8945	0.64687
		المرجان في أهم مسائل رمضان		ShamAY	36626	0.64687
		البدعه مفهومها، حدها و آثارها	آيت الله العظمي جعفر سبحاني	Ghbook	7531	0.64686
		وباء التبرج	أحمد بن محمد السعيد العزيزى	ShamAY	35079	0.64685
		إعلام الموقعين عن رب العالمين	محمد بن أبي بكر بن أيوب بن سعد شمس الدين ابن قيم الجوزية (المتوفى: 751هـ)	ShamAY	11496	0.64685
		العصمة حقيقتها ادلتها	مركز الرسالة	Masaha	343	0.64684
		نزهة المجالس ومنتخب النفائس	عبد الرحمن بن عبد السلام الصفوري (المتوفى: 894ه)	Sham19Y	28168	0.64682
		مرآة الزمان في تواريخ الأعيان	شمس الدين أبو المظفر يوسف بن قِزْأُوغلي بن عبد الله المعروف بـ «سبط ابن الجوزي» (581 - 654 هـ)	ShamAY	38953	0.64681
		الدخيل في التفسير - جامعة المدينة	مناهج جامعة المدينة العالمية	ShamAY	1646	0.64681
		التيسير في أصول واتجاهات التفسير	عماد علي عبد السميع (معاصر)	ShamAY	32566	0.64679
		الصحيح من سيره النبي الاعظم صلي الله عليه و آله وسلم	سيد جعفرمرتضي حسيني عاملي	Ghbook	10435	0.64678
		شريعة القرآن من دلائل إعجازه	محمد بن أحمد بن مصطفى بن أحمد المعروف بأبي زهرة (المتوفى: 1394هـ)	ShamAY	9110	0.64676
		 مقالة في تحقيق إقامة الحدود في هذه الأعصار 	 سيد محمد باقر شفتي 	ABLibrary	9364	0.64673
		متطلبات المحافظة على نعمة الأمن والاستقرار في بلادنا	سليمان بن عبد الرحمن الحقيل	ShamAY	31566	0.64672
		حاجة البشر إلى الأمر بالمعروف والنّهي عن المنكر	ابن جبرين	ShamAY	36243	0.64672
		لطائف الذخيرة وطرائف الجزيرة (مستخلص من كتاب الذخيرة لابن بسام)	أسعد (أبو المكارم) بن مهذب (الملقب بالخطير أبي سعيد) بن مينا بن زكريا، ابن مماتي (المتوفى: 606هـ)	ShamAY	5392	0.64672
		تعليقة على معالم الاصول [ج ٣]	السيّد علي الموسوي القزويني	Rafed	1385	0.64672
		الفرقان بين أولياء الرحمن وأولياء الشيطان	الشيخ ياسر بن حسين برهامي	ShamAY	45	0.6467
		 كتاب الوجود 	 الشيخ عبد الغني النابلسي 	ABLibrary	8857	0.6467
		إفادات من ملفات التاريخ	محمد سليم عرفة	Masaha	144	0.6467
		الشيطان خطواته وغاياته	وائل بشير	ShamAY	35066	0.64669
		 أبناء الرسول في كربلاء 	 خالد محمد خالد 	ABLibrary	87	0.64669
		الأدب المقارن - جامعة المدينة (بكالوريوس)	مناهج جامعة المدينة العالمية	ShamAY	1643	0.64668
		دروس للشيخ ياسر برهامي	الشيخ ياسر بن حسين برهامي	ShamelaY19	37004	0.64668
		شرح الحموية لابن تيمية - الراجحي	عبد العزيز بن عبد الله الراجحي	ShamelaY19	37019	0.64667
		دلائل النبوة و معرفة أحوال صاحب الشريعة - الجزء1	أبو بكر البيهقي	Masaha	2188	0.64667
		نشر طي التعريف في فضل حملة العلم الشريف والرد على ماقتهم السخيف	محمد بن عبد الرحمن بن عمر بن محمد بن عبد الله، أبو حامد، جمال الدين الحبيشي الوصابي الشافعي (المتوفى: 786ه)	Sham19Y	6878	0.64666
		رأس الحسين	تقي الدين أبو العباس أحمد بن عبد الحليم بن تيمية الحراني (المتوفى: 728هـ)	ShamAY	892	0.64664
		إرشاد العباد في فضل الجهاد - سلسلة لقاء العشر الأواخر بالمسجد الحرام (14)	حسن بن إبراهيم بن حسن بن محمد، المعروف بالبيطار (المتوفى: 1272 ه)	Sham19Y	17796	0.64664
		ميزان الأصول في نتائج العقول	علاء الدين شمس النظر أبو بكر محمد بن أحمد السمرقندي (المتوفى: 539 ه)	ShamelaY19	19237	0.64663
		شرح مختصر أصول الفقه للجراعي	تقي الدين أبي بكر بن زايد الجراعي المقدسي الحنبلي (825 ه - 883 ه)	ShamelaY19	127717	0.64663
		مع الخطيب في خطوطه العريضه	آيت الله العظمي لطف اللّه صافي گلپايگاني	Ghbook	4603	0.64663
		الجمل و النصرة لسيد العترة في حرب البصرة	محمد بن  محمد بن نعمان شيخ مفيد	Ghbook	9187	0.64662
		حوار مع المالكي في رد ضلالاته ومنكراته		ShamAY	35535	0.6466
		التذكرة بأحوال الموتى وأمور الآخرة	أبو عبد الله محمد بن أحمد بن أبي بكر بن فرح الأنصاري الخزرجي شمس الدين القرطبي (المتوفى: 671هـ)	ShamAY	21536	0.64659
		الإحاطة في أخبار غرناطة	محمد بن عبد الله بن سعيد السلماني اللوشي الأصل، الغرناطي الأندلسي، أبو عبد الله، الشهير بلسان الدين ابن الخطيب (المتوفى: 776ه)	Sham19Y	11682	0.64659
		 شرح مشاهد الأسرار القدسية ومطالع الأنوار الإلهية 	 ست العجم بنت النفيس البغدادية 	ABLibrary	8822	0.64659
		في رحاب الفكر والأدب - دراسة -	علي المصري	ShamAY	34480	0.64658
		عدّة الإنابة في أماكن الإجابة	السيّد عفيف الدين أبي السيادة عبدالله بن إبراهيم بن حسن بن محمّد أمين ميرغني الحسني المتّقي المكّي الطائفي الحنفي [ المحجوب ]	Rafed	2461	0.64658
		الامثال في القرآن الكريم	آيت الله العظمي جعفر سبحاني	Ghbook	5033	0.64655
		 إثنا عشر رسالة 	 السيد محمد باقر الداماد ( الميرداماد ) 	ABLibrary	834	0.64654
		مقومات رجل الدين	آيت الله العظمي سيد محمد حسيني شيرازي	Ghbook	7833	0.64653
		نور اليقين في سيرة سيد المرسلين	محمد بن عفيفي الباجوري، المعروف بالشيخ الخضري (المتوفى: 1345هـ)	ShamAY	23692	0.64652
		شرح الطحاوية - يوسف الغفيص	يوسف بن محمد علي الغفيص	ShamAY	31670	0.6465
		نوادر الخلفاء المشهور بـ «إعلام الناس بما وقع للبرامكة مع بني العباس»	محمد، المعروف بدياب الإتليدي (المتوفى: ق 12هـ)	ShamAY	408	0.64649
		الأمثل في تفسير كتاب الله المنزل [ج ٦]	آية الله مكارم الشيرازي	Rafed	2043	0.64646
		نور الهدى وظلمات الضلال في ضوء الكتاب والسنة	د. سعيد بن علي بن وهف القحطاني	ShamelaY19	96541	0.64645
		المحرّر الوجيز في تفسير الكتاب العزيز [ج ٥]	أبي محمّد عبدالحقّ بن غالب بن عطيّة الأندلسي	Rafed	3302	0.64644
		مفردات القرآن	فضيلة الشيخ / أحمد مصطفى المراغي	ShamAY	33118	0.64641
		الرسالة الباهرة للإمام ابن حزم الظاهري	أبو محمد علي بن أحمد بن سعيد بن حزم الأندلسي (المتوفى: 456هـ)	ShamAY	37500	0.64637
		الأنس الجليل بتاريخ القدس والخليل	عبد الرحمن بن محمد بن عبد الرحمن العليمي الحنبلي، أبو اليمن، مجير الدين (المتوفى: 928هـ)	ShamAY	6626	0.64637
		مقالات العلامة الدكتور محمود محمد الطناحي	محمود محمد الطناحي	ShamAY	38630	0.64635
		الروضتين في أخبار الدولتين النورية والصلاحية	أبو القاسم شهاب الدين عبد الرحمن بن إسماعيل بن إبراهيم المقدسي الدمشقي المعروف بأبي شامة (المتوفى: 665 هـ)	ShamAY	32323	0.64634
		جواهر الكلام [ج ١٠]	الشيخ محمّد حسن النّجفي	Rafed	639	0.64631
		فقه العبادات للعثيمين	محمد بن صالح بن محمد العثيمين (المتوفى: 1421ه)	ShamelaY19	21823	0.6463
		غيبه المنتظر من منتخب الاثر	آيت الله العظمي لطف اللّه صافي گلپايگاني	Ghbook	11966	0.6463
		 الأنوار القدسية في معرفة قواعد الصوفية 	 عبد الوهاب الشعراني 	ABLibrary	8831	0.64628
		حياه الامام الحسين بن علي ( عليهما السلام ) - دراسه و تحليل	باقر شريف قرشي	Ghbook	9269	0.64628
		مطاعن سيد قطب في أصحاب رسول الله صلى الله عليه وسلم	ربيع بن هادي المدخلي	ShamAY	33007	0.64627
		ديوان البحتري	البحتري	ShamAY	37844	0.64626
		مشارق الأحكام	المولى عبد الصاحب محمد النراقي	Rafed	1298	0.64623
		الأنس الجليل بتاريخ القدس والخليل	عبد الرحمن بن محمد بن عبد الرحمن العليمي الحنبلي، أبو اليمن، مجير الدين (المتوفى: 928ه)	Sham19Y	6626	0.64622
		شرح رسالة العبودية لابن تيمية - عبد الرحيم السلمي	عبد الرحيم بن صمايل العلياني السلمي	ShamAY	604	0.64619
		كليلة ودمنة	عبد الله بن المقفع (المتوفى: 142 هـ) (ترجمة لكتاب الفيلسوف الهندي بيدبا)	ShamAY	26537	0.64617
		 الزبدة الفقهية في شرح الروضة البهية 	 السيد محمد حسن الترحيني العاملي 	ABLibrary	9695	0.64617
		معالم الدين و ملاذ المجتهدين (قسم الفقه) - الجزء1	جمال الدين الحسن بن زين الدين العاملي	Masaha	1209	0.64617
		شرح الموطأ - عبد الكريم الخضير	عبد الكريم الخضير	ShamAY	58	0.64615
		الهداية على مذهب الإمام أبي عبد الله أحمد بن محمد بن حنبل الشيباني	محفوظ بن أحمد بن الحسن، أبو الخطاب الكلوذاني	ShamelaY19	26094	0.64615
		 الحدود ( المعجم الموضوعي للمصطلحات الكلامية ) 	 محمد بن الحسين النيسابوري المقري 	ABLibrary	8410	0.64615
		الاسره و نظامها في الاسلام	حسين انصاريان	Ghbook	12841	0.64612
		دروس الشيخ سيد حسين العفاني	أبو التراب سيد بن حسين بن عبد الله العفاني	ShamAY	845	0.64611
		شبهات حول السنة	عبد الرزاق عفيفي (المتوفى: 1415ه)	ShamelaY19	30836	0.64611
		دليل الناسك	السيد محسن الطباطبائي الحكيم	Masaha	766	0.6461
		سيره الائمه الاثني عشر ( عليهم السلام ) - الامام الصادق ( عليه السلام )	هاشم معروف الحسني	Ghbook	6246	0.64609
		التنبيه والرد على أهل الأهواء والبدع	محمد بن أحمد بن عبد الرحمن، أبو الحسين المَلَطي العسقلاني (المتوفى: 377هـ)	ShamAY	6537	0.64606
		الإعلام بنوازل الأحكام	أبو الإصبع عيسى بن سهل	ShamAY	34231	0.64606
		ردود أهل العلم على الطاعنين في حديث السحر وبيان بعد محمد رشيد رضا عن السلفية	أبو عبد الرحمن مقبل بن هادي بن مقبل بن قائدة (اسم رجل) الهمداني الوادعي (المتوفى: 1422ه)	ShamelaY19	96785	0.64605
		رسالة قاطعة اللجاج في تحقيق حل الخراج	علي بن الحسين‏ المحقق الكركي	Masaha	1165	0.64605
		خزانة الأدب ولب لباب لسان العرب للبغدادي - العلمية	عبد القادر بن عمر البغدادي	ShamAY	33782	0.64604
		الإمامة والقيادة	الدكتور احمد عزّ الدين	Rafed	8	0.64604
		ثلاثية البردة بردة الرسول صلى الله عليه وآله وسلم	حسن حسين (المتوفى: معاصر)	ShamAY	9792	0.64601
		الامراض و الاعراض سببا و وقايه و علاجا	آيت الله العظمي سيد محمد حسيني شيرازي	Ghbook	7973	0.64599
		القيامة الكبرى	عمر بن سليمان بن عبد الله الأشقر العتيبي	ShamAY	9865	0.64598
		خزانة الأدب ولب لباب لسان العرب للبغدادي	عبد القادر بن عمر البغدادي (المتوفى: 1093هـ)	ShamAY	12732	0.64598
		توثيق السنة في القرن الثاني الهجري أسسه واتجاهاته	رفعت بن فوزي عبد المطلب	ShamAY	22872	0.64598
		 تاريخ المدينة المنورة ( نصيحة المشاور وتسلية المجاور ) ( ط بيروت ) 	 ابن فرحون 	ABLibrary	9000	0.64597
		الانتصارات الإسلامية في كشف شبه النصرانية	سليمان بن عبد القوي بن الكريم الطوفي الصرصري، أبو الربيع، نجم الدين (المتوفى: 716ه)	ShamelaY19	37713	0.64595
		 أساس الحكومة الإسلامية 	 السيد كاظم الحائري 	ABLibrary	9607	0.64594
		 الإمام الصادق والمذاهب الأربعة 	 اسد حيدر 	ABLibrary	7423	0.64587
		رسالة في قاعدة «حمل فعل المسلم على الصحة»	السيد علي الموسوي القزويني	Masaha	1589	0.64587
		شرح عقيدة السلف للصابوني - ناصر العقل	ناصر بن عبد الكريم العلي العقل	ShamelaY19	37726	0.64585
		فتاوى المرأة المسلمة	مجموعة من المؤلفين	ShamAY	37637	0.64583
		اجتماع الجيوش الإسلامية على حرب المعطلة والجهمية	أبو عبد الله محمد بن أبي بكر بن أيوب ابن قيم الجوزية (691 - 751)	Sham19Y	18632	0.64583
		إعلام الساجد بأحكام المساجد	أبو عبد الله بدر الدين محمد بن عبد الله بن بهادر الزركشي الشافعي (المتوفى: 794 ه)	Sham19Y	14452	0.64582
		مجانبة أهل الثبور المصلين في المشاهد وعند القبور	عبد العزيز بن فيصل الراجحي	ShamAY	1508	0.64578
		دراسات لغوية في أمهات كتب اللغة	إبراهيم محمد أبو سكين	ShamAY	11751	0.64577
		الصلاة وأحكام تاركها	محمد بن أبي بكر بن أيوب بن سعد شمس الدين ابن قيم الجوزية (المتوفى: 751هـ)	ShamAY	7661	0.64576
		من الجوانب الفقهية في علاقة الإسلام بالغرب	صلاح الصاوي	ShamAY	36321	0.64575
		أبيات مختارة تشتمل على: عقيدة، نصائح، مواعظ، وصايا، حكم، أمثال، أدب	عبد الله بن محمد البصيري	ShamAY	7473	0.64574
		الإقناع في حل ألفاظ أبي شجاع	شمس الدين، محمد بن أحمد الخطيب الشربيني الشافعي (المتوفى: 977ه)	Sham19Y	6121	0.64574
		نيل المارب بشرح دليل الطالب	عبد القادر بن عمر بن عبد القادر ابن عمر بن أبي تغلب بن سالم التغلبي الشيباني (المتوفى: 1135ه)	ShamelaY19	96876	0.64573
		لماذا نصلي - المقدم	محمد أحمد إسماعيل المقدم	ShamelaY19	37001	0.64572
		الإقناع في حل ألفاظ أبي شجاع	شمس الدين، محمد بن أحمد الخطيب الشربيني الشافعي (المتوفى: 977هـ)	ShamAY	6121	0.64571
		دروس للشيخ ياسر برهامي	الشيخ ياسر بن حسين برهامي	ShamAY	377	0.64571
		 في رحاب أهل البيت ( ع ) 	 لجنة بحوث المجمع العالمي لأهل البيت ( ع ) 	ABLibrary	8560	0.64571
		 الرسائل الفقهية 	 تقرير بحث النائيني والعراقي لنجم آبادي 	ABLibrary	9409	0.6457
		تشييد المراجعات [ج ١]	السيّد علي الحسيني الميلاني	Rafed	189	0.64569
		أبي آدم (- عليه السلام -) بين المفتريات والحقائق ((رد على عبد الصبور شاهين))	غريب أبو عارف	ShamAY	35441	0.64568
		الاقتراح في أصول النحو ط البيروتي	عبد الرحمن بن أبي بكر، جلال الدين السيوطي (المتوفى: 911ه)	ShamelaY19	95692	0.64567
		منحة الباري بشرح صحيح البخاري المسمى «تحفة الباري»	زكريا بن محمد بن أحمد بن زكريا الأنصاري، زين الدين أبو يحيى السنيكي المصري الشافعي (المتوفى: 926 هـ)	ShamAY	32556	0.64566
		 حياة الإمام محمد الباقر ( ع ) 	 الشيخ باقر شريف القرشي 	ABLibrary	7504	0.64564
		وفاء الوفاء بأخبار دار المصطفى	علي بن عبد الله بن أحمد الحسني الشافعي، نور الدين أبو الحسن السمهودي (المتوفى: 911هـ)	ShamAY	23695	0.64563
		 الحب والمحبة الإلهية من كلام الشيخ الأكبر 	 محمود محمود الغراب 	ABLibrary	8908	0.64563
		نور اليقين في سيرة سيد المرسلين	محمد بن عفيفي الباجوري، المعروف بالشيخ الخضري (المتوفى: 1345ه)	ShamelaY19	23692	0.64557
		المجتبى عليه السلام بين وميض الحرف ووهج القافية	الناشر: المكتبة الأدبيّة المختصّة	Rafed	20	0.64551
		شرح ثلاثة الأصول لصالح الفوزان	صالح بن فوزان بن عبد الله الفوزان	ShamAY	8600	0.6455
		أيسر التفاسير لكلام العليّ الكبير [ج ٣]	أبي بكر جابر الجزائري	Rafed	3466	0.64548
		أصول الدعوة وطرقها 1 - جامعة المدينة	مناهج جامعة المدينة العالمية	ShamAY	1647	0.64547
		الدار الآخرة - محمد حسان	محمد بن إبراهيم بن إبراهيم بن حسان	ShamAY	426	0.64546
		دليل النص بخبر الغدير على امامة امير المؤمنين(ع)	الشيخ القاضي أبي الفتح محمد بن علي الكراجكي	Masaha	259	0.64546
		المشاركة في جيوش المشركين ضد المسلمين حرام	علي بن نايف الشحود	ShamAY	1605	0.64543
		مختصر معارج القبول	أبو عاصم هشام بن عبد القادر بن محمد آل عقدة	ShamAY	22922	0.64543
		 موسوعة الإمام أمير المؤمنين على بن أبى طالب ( ع ) 	 الشيخ باقر شريف القرشي 	ABLibrary	7810	0.64539
		سلسلة الأحاديث الصحيحة وشيء من فقهها وفوائدها	أبو عبد الرحمن محمد ناصر الدين، بن الحاج نوح بن نجاتي بن آدم، الأشقودري الألباني (المتوفى: 1420هـ)	ShamAY	9442	0.64538
		الإحاطة في أخبار غرناطة	محمد بن عبد الله بن سعيد السلماني اللوشي الأصل، الغرناطي الأندلسي، أبو عبد الله، الشهير بلسان الدين ابن الخطيب (المتوفى: 776هـ)	ShamAY	11682	0.64537
		الفقه والمسائل الطبيّة	الشيخ محمد آصف المحسني	Rafed	1425	0.64537
		ديوان كشاجم	كشاجم، ابو الفتح محمد بن الحسين بن السندى بن مشاهك الرملى	ShamAY	37962	0.64536
		 غاية المرام في علم الكلام 	 سيف الدين الآمدي 	ABLibrary	8522	0.64536
		طبّ الإمام الصادق عليه السلام	محمد الخليلي	Masaha	1740	0.64536
		عجائب المقدور في أخبار تيمور	أبو محمد أحمد بن محمد، المعروف بابن عربشاه (المتوفى: 854هـ)	ShamAY	12417	0.64534
		دعوي السفاره في الغيبه الكبري (2)	محمد السند	Ghbook	8423	0.64534
		تفسير اللباب لابن عادل ـ موافق للمطبوع	أبو حفص عمر بن على ابن عادل الدمشقى الحنبلى المتوفى بعد سنة 880 هـ	ShamAY	34056	0.64532
		الغرر النقية على الدرر البهية	فيصل بن عبد العزيز آل مبارك (المتوفى: 1376 ه)	ShamelaY19	29570	0.64532
		الاختلاف في اللفظ والرد على الجهمية لابن قتيبة	أبو محمد عبد الله بن مسلم بن قتيبة الدينوري (المتوفى: 276هـ)	ShamAY	26460	0.64531
		خريدة العجائب وفريدة الغرائب‏	عمر بن مظفر ابن الوردي	Masaha	4380	0.64529
		حجة النبي صلى الله عليه وسلم كما رواها عنه جابر رضي الله عنه	محمد ناصر الدين الألباني (المتوفى: 1420هـ)	ShamAY	399	0.64528
		منهج الرشاد لمن اراد السداد ( نص الرساله الجوابيه التي بعث بها الشيخ جعفر كاشف ا...	شيخ جعفر نجفي كاشف الغطاء	Ghbook	5304	0.64527
		 رحلة مدام ديولافوا من المحمرة إلى البصرة وبغداد 	 ژن ديولافوا 	ABLibrary	9106	0.64524
		ميزان الأصول في نتائج العقول	علاء الدين شمس النظر أبو بكر محمد بن أحمد السمرقندي (المتوفى: 539 هـ)	ShamAY	37996	0.64523
		طريق الوصول الي مهمات علم الاصول: اصول الفقه باسلوب حديث و آراء جديدة	آيت الله العظمي ناصرمكارم شيرازي	Ghbook	12028	0.64522
		 رسالة الصلاة في المشكوك 	 ميرزا محمد حسين النائيني 	ABLibrary	9408	0.6452
		الكتاب دعامه الحياه	آيت الله العظمي سيد محمد حسيني شيرازي	Ghbook	7782	0.64519
		أزمات الشباب أسباب وحلول	القاضي محمد أحمد كنعان	ShamAY	8313	0.64518
		أهوال القبور	محمد حسين يعقوب	ShamAY	35015	0.64518
		هداية الامة الي معارف الائمة	محمد جواد حيدري خراساني	Ghbook	9636	0.64517
		توضيح الأفكار لمعاني تنقيح الأنظار	محمد بن إسماعيل بن صلاح بن محمد الحسني، الكحلاني ثم الصنعاني، أبو إبراهيم، عز الدين، المعروف كأسلافه بالأمير (المتوفى: 1182هـ)	ShamAY	11990	0.64515
		 حياة الإمام الحسين ( ع ) 	 الشيخ باقر شريف القرشي 	ABLibrary	7496	0.64514
		توضيح الأحكام شرح تحفة الحكام	عثمان بن المكي التوزري الزبيدي	ShamelaY19	133369	0.64512
		الحاوي للفتاوي	عبد الرحمن بن أبي بكر، جلال الدين السيوطي (المتوفى: 911ه)	ShamelaY19	21723	0.64512
		الصلاة وأحكام تاركها	محمد بن أبي بكر بن أيوب بن سعد شمس الدين ابن قيم الجوزية (المتوفى: 751ه)	Sham19Y	7661	0.64511
		المختار في الرد على النصارى	عمرو بن بحر بن محبوب الكناني بالولاء، الليثي، أبو عثمان، الشهير بالجاحظ (المتوفى: 255ه)	ShamelaY19	37716	0.6451
		أبحاث هيئة كبار العلماء	هيئة كبار العلماء بالمملكة العربية السعودية	ShamelaY19	21759	0.64509
		أفعال تخالف العقيدة	السيد العربى بن كمال :: الزبيري، محمد العربي	ShamAY	35718	0.64508
		أول واجب على المكلف عبادة الله تعالى وضوح ذلك من كتاب الله ودعوات الرسل	عبد الله بن محمد الغنيمان	ShamelaY19	22817	0.64508
		خطب ودروس الشيخ عبد الرحيم الطحان	عبد الرحيم الطحان	ShamAY	21782	0.64507
		 الرسائل الفقهية 	 الشيخ محمدجواد البلاغي النجفي 	ABLibrary	9407	0.64507
		شرح الحموية لابن تيمية - الراجحي	عبد العزيز بن عبد الله الراجحي	ShamAY	49	0.64504
		وليد الكعبة	السيد محمد رضا الحسيني الجلالي	Rafed	3121	0.64504
		مباحث التفسير لابن المظفَّر (وهو استدركات وتعليقات على تفسير الكشف والبيان للثعلبي)	أحمد بن محمد بن أحمد المظفر ابن المختار، أبو العباس بدر الدين الرازيّ الحنفي (المتوفى: بعد 630هـ)	ShamAY	22	0.64502
		الصواعق الشديدة على اتباع الهيئة الجديدة	حمود بن عبد الله بن حمود بن عبد الرحمن التويجري (المتوفى: 1413ه)	Sham19Y	13607	0.64501
		بداية المحتاج في شرح المنهاج	بدر الدين أبو الفضل محمد بن أبي بكر الأسدي الشافعي ابن قاضي شهبة (798 - 874 ه)	ShamelaY19	132962	0.645
		الحدائق الناضرة [ج ٢]	الشيخ يوسف بن أحمد البحراني [ صاحب الحدائق ]	Rafed	2772	0.645
		دراسات أصولية في القرآن الكريم	محمد إبراهيم الحفناوى	ShamAY	1472	0.64498
		 الفكر الخالد في بيان العقائد 	 الشيخ السبحاني 	ABLibrary	8527	0.64497
		اجتماع الجيوش الإسلامية	محمد بن أبي بكر بن أيوب بن سعد شمس الدين ابن قيم الجوزية (المتوفى: 751ه)	ShamelaY19	21714	0.64495
		المقال وتطوره في الأدب المعاصر	السيد مرسي أبو ذكري	ShamAY	10540	0.64493
		 تمهيد القواعد الأصولية والعربية لتفريع قواعد الأحكام الشرعية 	 الشهيد الثاني 	ABLibrary	9333	0.64493
		البدعة وآثارها الموبقة	الشيخ جعفر السبحاني	Masaha	199	0.64493
		أحكام القرآن [ج ٤]	أبي بكر أحمد بن علي الرازي الجصّاص	Rafed	1999	0.6449
		عدّة الأكياس في شرح معاني الأساس [ج ٢]	أحمد بن محمّد بن صلاح الشرفي القاسمي	Rafed	3434	0.64488
		أنوار الأصول‏ - الجزء1	الشيخ أحمد القدسي	Masaha	2638	0.64485
		أنوار الأصول‏  - الجزء1	الشيخ أحمد القدسي	Masaha	3132	0.64485
		منتهى السؤل على وسائل الوصول إلى شمائل الرسول(ص) - الجزء1	عبد الله بن سعيد محمد العبادي	Masaha	3288	0.64485
		ديوان ابن سهل الأندلسي	ابراهيم بن سهل الاندلسي الاسرائيلي الاشبيلي	ShamAY	37871	0.64484
		السنن والمبتدعات المتعلقة بالأذكار والصلوات	محمد بن أحمد عبد السلام خضر الشقيري الحوامدي (المتوفى: بعد 1352هـ)	ShamAY	6884	0.64484
		 رسالتان حول العصمة 	 الشيخ لطف الله الصافي الگلپايگاني 	ABLibrary	879	0.64484
		التقوى «تعريفها وفضلها ومحذوراتها وقصص من أحوالها»	عمر بن سليمان بن عبد الله الأشقر العتيبي (المتوفى: 1433هـ)	ShamAY	32092	0.64482
		الهدايا لشيعة أئمة الهدى - الجزء1	محمد مجذوب التبريزي	Masaha	4847	0.64479
		المرأة في الشعر الأموي ( دراسة )	فاطمة تجور	ShamAY	34472	0.64477
		رحلة مدام ديولافوا من المحمرة إلى البصرة وبغداد	جان بل هنريت ديولافوا	Masaha	4843	0.64477
		مجانبة أهل الثبور المصلين في المشاهد وعند القبور	عبد العزيز بن فيصل الراجحي	Sham19Y	21511	0.64474
		 محاضرات في المواريث 	 محاضرات السيد الخوئي لمحمد علي الخرسان 	ABLibrary	9433	0.64468
		 مسالك الأبصار في ممالك الأمصار 	 أحمد بن يحيى العمري 	ABLibrary	9190	0.64467
		شرح عمدة الأحكام لابن جبرين	عبد الله بن عبد الرحمن بن عبد الله بن جبرين	ShamAY	7723	0.64464
		القيامة الكبرى	عمر بن سليمان بن عبد الله الأشقر العتيبي	Sham19Y	9865	0.64462
		اجتماع الجيوش الإسلامية	محمد بن أبي بكر بن أيوب بن سعد شمس الدين ابن قيم الجوزية (المتوفى: 751ه)	Sham19Y	21714	0.64461
		مجموعة رسائل التوجيهات الإسلامية لإصلاح الفرد والمجتمع	محمد بن جميل زينو	ShamAY	32252	0.64459
		فقه الخلاف وأثره في القضاء على الإرهاب	د. يوسف بن عبد الله الشبيلي	ShamAY	1199	0.64456
		سلسلة الأحاديث الصحيحة وشيء من فقهها وفوائدها	أبو عبد الرحمن محمد ناصر الدين، بن الحاج نوح بن نجاتي بن آدم، الأشقودري الألباني (المتوفى: 1420ه)	Sham19Y	9442	0.64456
		الموسوعة الفقهية الكويتية	مجموعة من المؤلفين	ShamAY	11430	0.64455
		بحار الأنوار [ج ٦٩]	الشيخ محمّد باقر بن محمّد تقي المجلسي	Rafed	1080	0.64453
		نزهة المجالس ومنتخب النفائس	عبد الرحمن بن عبد السلام الصفوري (المتوفى: 894هـ)	ShamAY	28168	0.64452
		سلم أخلاق النبوة	محمود محمد غريب: من علماء الأزهر الشريف والموجه الديني لشباب جامعة القاهرة	Sham19Y	12770	0.64451
		الإبطال والرفض لعدوان من تجرأ على (كشف الشبهات) بالنقض، ويليه / ملامح جهمية	أبو محمد عبد الكريم بن صالح بن عبد الكريم الحميد	ShamelaY19	37604	0.64449
		القواعد و الفوائد و الاجتهاد و التقليد (مفاتيح الأصول)	السيد محمد الطباطبائي المجاهد	Masaha	1456	0.64449
		الوجيز في تفسير القرآن العزيز [ج ٢]	الشيخ علي بن الحسين بن أبي جامع العاملي	Rafed	3841	0.64448
		تفسير التستري	أبو محمد سهل بن عبد الله بن يونس بن رفيع التستري (المتوفى: 283ه)	ShamelaY19	23600	0.64447
		بناء المقالة الفاطمية في نقض الرسالة العثمانية	السيد علي بن موسى بن طاووس	Masaha	509	0.64447
		 وفاء الوفاء بأخبار دار المصطفى ( ص ) 	 نورالدين علي بن أحمد السمهودي 	ABLibrary	7884	0.64446
		شرح عمدة الأحكام لابن جبرين	ابن جبرين	Sham19Y	7723	0.64442
		العواصم مما في كتب سيد قطب من القواصم	ربيع بن هادي المدخلي	ShamAY	33002	0.64441
		تراثنا ـ العددان [ 43 و 44 ]	مؤسسة آل البيت عليهم السلام لإحياء التراث ـ قم	Rafed	2816	0.64439
		التوحيد للفوزان	صالح بن فوزان بن عبد الله الفوزان	ShamAY	30846	0.64438
		شرح الطحاوية لسفر الحوالي	سفر بن عبد الرحمن الحوالي	Sham19Y	2827	0.64438
		دروس في البلاغة [ج ١]	الشيخ محمّدي البامياني	Rafed	1978	0.64438
		كشف الأوهام والإلتباس عن تشبيه بعض الأغبياء من الناس	سليمان بن سحمان بن مصلح بن حمدان بن مصلح بن حمدان بن مسفر بن محمد بن مالك بن عامر الخثعمي , التبالي , العسيري , النجدي (المتوفى: 1349هـ)	ShamAY	6504	0.64437
		الدرر السنية في الأجوبة النجدية	مجموعة من المؤلفين	ShamAY	3055	0.64436
		فهم القرآن ومعانيه	الحارث بن أسد المحاسبي، أبو عبد الله (المتوفى: 243هـ)	ShamAY	5550	0.64435
		منتهى المطلب في تحقيق المذهب - الجزء1	العلامة الحلي	Masaha	1212	0.64435
		القوانين المحكمة في الأصول [ج ٤]	الميرزا أبو القاسم القمّي	Rafed	2626	0.64433
		المسائل الناصريات	السيد المرتضى	Masaha	987	0.64433
		هيا بنا نؤمن ساعة - مجدي الهلالي	مجدي الهلالي	ShamelaY19	36415	0.64432
		كيف نفهم الرسالة العمليّة [ج ٢]	محمد مهدي المؤمن	Rafed	1220	0.64432
		إتحاف الأمة بفوائد مهمة	الواحدي :: عبد الله آل جار الله	ShamAY	34957	0.64431
		ثمار يانعة وتعليقات نافعة	أبو محمد عبد الكريم بن صالح بن عبد الكريم الحميد	ShamAY	1086	0.6443
		ديوان أبي إسحاق الإلبيري	إبراهيم بن مسعود بن سعيد، أبو إسحاق التُّجيبي الإِلبِيري (المتوفى: 460هـ)	ShamAY	6869	0.6443
		مباحث التفسير لابن المظفر (وهو استدركات وتعليقات على تفسير الكشف والبيان للثعلبي)	أحمد بن محمد بن أحمد المظفر ابن المختار، أبو العباس بدر الدين الرازي الحنفي (المتوفى: بعد 630ه)	ShamelaY19	30518	0.6443
		فتاوى قاضي الجماعة ابن سراج الأندلسي	أبو القاسم محمد بن سراج الأندلسي (المتوفى: 848هـ)	ShamAY	1563	0.64429
		بحار الأنوار [ج ١١]	الشيخ محمّد باقر بن محمّد تقي المجلسي	Rafed	831	0.64429
		المدخل إلى علوم القرآن الكريم	محمد فاروق النبهان	ShamAY	1493	0.64428
		شرح الكافية الشافية	محمد بن عبد الله، ابن مالك الطائي الجياني، أبو عبد الله، جمال الدين (المتوفى: 672هـ)	ShamAY	12024	0.64427
		رسالة الملائكة ت الجندي	أَبُو العَلاء المَعَرِّي	ShamAY	38986	0.64426
		 البحر المحيط في أصول الفقه 	 الزركشي 	ABLibrary	804	0.64425
		محمد صالح العثيمين العالم القدوة المربي والشيخ الزاهد الورع	إبراهيم محمد العلي - إبراهيم باجس عبد المجيد	ShamAY	38607	0.64423
		معارف الإنعام وفضل الشهور والأيام (مطبوع ضمن مجموع رسائل ابن عبد الهادي)	يوسف بن حسن بن أحمد بن حسن ابن عبد الهادي الصالحي، جمال الدين، ابن المِبْرَد الحنبلي (المتوفى: 909 هـ)	ShamAY	32310	0.64423
		النكت على مقدمة ابن الصلاح للزركشي	أبو عبد الله بدر الدين محمد بن عبد الله بن بهادر الزركشي الشافعي (المتوفى: 794هـ)	ShamAY	5978	0.64421
		مصباح الفقيه [ج ١٠]	الشيخ آقا رضا الهمداني	Rafed	1873	0.6442
		الطبقات السنية في تراجم الحنفية - ت الحلو	المولى تقي الدين بن عبد القادر التميمي الدّاريّ الغزّيّ المصريّ الحنفيّ المتوفي سنة 1005 هـ (1010 هـ)	ShamAY	34662	0.64415
		الروضة البهيّة في شرح اللمعة الدمشقيّة [ج ٣]	زين الدين بن علي العاملي [ الشهيد الثاني ]	Rafed	3252	0.64413
		 شبهة الغلو عند الشيعة 	 عبد الرسول غفار 	ABLibrary	8451	0.64412
		مسؤولية إمام المسجد	علي بن حسن بن ناصر عسيري	ShamelaY19	30948	0.64411
		طوق النجاة	مجدي الهلالي	ShamelaY19	37587	0.64411
		الشيعه في موكب التاريخ	آيت الله العظمي جعفر سبحاني	Ghbook	10561	0.6441
		القول المفيد على كتاب التوحيد	محمد بن صالح بن محمد العثيمين (المتوفى: 1421هـ)	ShamAY	7339	0.64409
		المغرب في ترتيب المعرب [ج ٢]	أبي الفتح ناصر الدين المطرّزي	Rafed	2333	0.64407
		أدب الكاتب	ابن قتيبة	Masaha	2345	0.64407
		الصحوة (رحلتي الى الثقلين)	صباح علي البياتي	Masaha	327	0.64404
		فتاوى في التوحيد	عبد الله بن عبد الرحمن بن عبد الله بن إبراهيم بن فهد بن حمد بن جبرين (المتوفى: 1430ه)	ShamelaY19	36575	0.64403
		الخلاصة في أحكام الاجتهاد والتقليد	الواحدي :: علي بن نايف الشحود	ShamAY	36069	0.64402
		رحلة ابن بطوطة المسماة تحفة النظار في غرائب الامصار وعجائب الأسفار	محمد بن عبد الله بن محمد بن إبراهيم اللواتي الطنجي، أبو عبد الله، ابن بطوطة (المتوفى: 779هـ)	ShamAY	12009	0.64402
		جواهر الكلام [ج ٤١]	الشيخ محمّد حسن النّجفي	Rafed	772	0.64401
		مواهب الجليل في شرح مختصر خليل	شمس الدين أبو عبد الله محمد بن محمد بن عبد الرحمن الطرابلسي المغربي، المعروف بالحطاب الرُّعيني المالكي (المتوفى: 954هـ)	ShamAY	569	0.644
		 عدة الإنابة في أماكن الإجابة 	 المحجوب 	ABLibrary	9139	0.644
		المفصل في شرح حديث من بدل دينه فاقتلوه	علي بن نايف الشحود	ShamAY	35956	0.64395
		الإرشاد في معرفة حجج الله على العباد - الجزء1	الشيخ المفيد	Masaha	1842	0.64395
		غاية المرام في علم الكلام	أبي الحسن علي بن محمد بن سالم الثعلبي [ سيف الدين الآمدي ]	Rafed	3481	0.64393
		المقترح في أجوبة بعض أسئلة المصطلح - أكثر من 200 سؤال في المصطلح مع محاضرات في:	أبو عبد الرحمن مقبل بن هادي بن مقبل بن قائدة (اسم رجل) الهمداني الوادعي (المتوفى: 1422ه)	ShamelaY19	96783	0.64391
		كتاب الإقتراح في علم أصول النحو	جلال الدين عبد الرحمن بن أبي بكر السيوطي	Rafed	1773	0.64391
		فضائل آل الرسول ( صلي الله عليه و آله و سلم ) من الصواعق المحرقه ( لابن حجر المك...	آيت الله العظمي سيد محمد حسيني شيرازي	Ghbook	8082	0.64391
		تحفة المشتاق إلى شرح أبيات المولى إسحق	الحسين بن أحمد بن الحسين السياغي (المتوفى: 1221هـ)	ShamAY	662	0.6439
		 مباني منهاج الصالحين 	 السيد تقي الطباطبائي القمي 	ABLibrary	9719	0.64387
		التكفير من منظار علماء الاسلام	كنگره جهاني جريان هاي افراطي و تكفيري از ديدگاه علماي اسلام	Ghbook	14142	0.64387
		المفصل في أحكام الهجرة	الواحدي :: علي بن نايف الشحود	ShamAY	36097	0.64386
		خريدة العجائب وفريدة الغرائب	سراج الدين أبو حفص عمر بن المظفر بن الوردي، البكري القرشي، المعري ثم الحلبي (المتوفى : 852هـ)	ShamAY	3298	0.64384
		 منهج الرشاد في معرفة المعاد 	 ملا نعيما العرفي الطالقاني 	ABLibrary	8649	0.64384
		نفحات القرآن [ج ٣]	آية الله مكارم الشيرازي	Rafed	3803	0.64382
		الاجتهاد والمجتهدون بالأندلس والمغرب	محمد إبراهيم بن أحمد بن جعفر الكتاني :: محمد إبراهيم بن أحمد الكتاني	ShamAY	37506	0.64381
		شرح ثلاثة الأصول لصالح الفوزان	صالح بن فوزان بن عبد الله الفوزان	Sham19Y	8600	0.64378
		الحدائق الناضرة [ج ٩]	الشيخ يوسف بن أحمد البحراني [ صاحب الحدائق ]	Rafed	2832	0.64378
		صوت الحق و دعوه الصدق	آيت الله العظمي لطف اللّه صافي گلپايگاني	Ghbook	7667	0.64378
		 المغرب في ترتيب المعرب 	 ناصر الدين المطرزي 	ABLibrary	9219	0.64377
		شرح الدره	عباس بن حسن بن جعفر نجفي ( آل كاشف الغطاء )	Ghbook	11665	0.64377
		القواعد الأصولية والفقهية في المستمسك‏	الشيخ محمد آصف المحسني	Masaha	3473	0.64377
		الروح ط دار الفكر العربي	محمد بن أبي بكر بن أيوب بن سعد شمس الدين ابن قيم الجوزية (المتوفى: 751هـ)	ShamAY	34432	0.64376
		التبصير في معالم الدين للطبري	محمد بن جرير بن يزيد بن كثير بن غالب الآملي، أبو جعفر الطبري (المتوفى: 310ه)	ShamelaY19	26464	0.64376
		الجامع اللطيف	محمد بن محمد ابن ظهيره	Ghbook	8363	0.64373
		إنه القرآن سر نهضتنا - كيف يمكن للقرآن أن ينهض بالأمة؟	مجدي الهلالي	ShamAY	271	0.64371
		المنهج المقترح لفهم المصطلح	حاتم بن عارف بن ناصر الشريف العوني	ShamAY	9247	0.64371
		طبائع النساء وما جاء فيها من عجائب وأخبار وأسرار	أبو عمر، شهاب الدين أحمد بن محمد بن عبد ربه ابن حبيب ابن حدير بن سالم المعروف بابن عبد ربه الأندلسي (المتوفى: 328هـ)	ShamAY	6945	0.6437
		كتاب من لا يحضره الفقيه [ج ٢]	أبي جعفر محمّد بن علي بن الحسين بن بابويه القمّي [ الشيخ الصدوق ]	Rafed	1418	0.6437
		إفادات من ملفّات التاريخ	محمّد سليم عرفة	Rafed	1203	0.64367
		النظريه السياسيه لدي الامام زين العابدين عليه السلام	محمود بغدادي	Ghbook	6373	0.64365
		أسرار الصلاة	الشيخ عبد الله جوادي آملي	Masaha	4938	0.64363
		المواهب اللدنية بالمنح المحمدية	أحمد بن محمد بن أبى بكر بن عبد الملك القسطلاني القتيبي المصري، أبو العباس، شهاب الدين (المتوفى: 923هـ)	ShamAY	23685	0.64361
		اللّباب في علوم الكتاب [ج ٦]	أبي حفص عمر بن علي بن عادل الدمشقي الحنبلي	Rafed	3097	0.64359
		المحتسب في تبيين وجوه شواذ القراءات والإيضاح عنها	أبو الفتح عثمان بن جني الموصلي (المتوفى: 392هـ)	ShamAY	8660	0.64357
		 الرحلة المعينية 	 ماء العينين بن العتيق 	ABLibrary	9108	0.64357
		اجتماع الجيوش الإسلامية على حرب المعطلة والجهمية	أبو عبد الله محمد بن أبي بكر بن أيوب ابن قيم الجوزية (691 - 751)	ShamAY	38641	0.64356
		 كتاب الماء 	 ابن الذهبي 	ABLibrary	7942	0.64356
		إصباح الشيعة بمصباح الشريعة	قطب الدين الكيدري	Masaha	1010	0.64355
		الدر الباهر في مقتنيات الجواهر: مختصر جواهرالكلام في شرح شرايع الاسلام	جمال الدين دين پرور	Ghbook	14937	0.64352
		درة التنزيل وغرة التأويل	أبو عبد الله محمد بن عبد الله الأصبهاني المعروف بالخطيب الإسكافي (المتوفى: 420هـ)	ShamAY	1340	0.64351
		تذكرة الأعيان‌	الشيخ جعفر السبحاني	Masaha	3519	0.64351
		تراث الشيعة الفقهي والأصولي (المختص بأصول الفقه)	محمد حسين مهريزي	Masaha	3254	0.6435
		تفسير الخازن لباب التأويل في معاني التنزيل	علاء الدين علي بن محمد بن إبراهيم بن عمر الشيحي أبو الحسن، المعروف بالخازن (المتوفى: 741ه)	ShamelaY19	23628	0.64349
		القرآن وليلة القدر	محمد الغزالي	ShamAY	36726	0.64348
		الحسبة - جامعة المدينة	مناهج جامعة المدينة العالمية	ShamAY	1667	0.64346
		طبائع النساء وما جاء فيها من عجائب وأخبار وأسرار	أبو عمر، شهاب الدين أحمد بن محمد بن عبد ربه ابن حبيب ابن حدير بن سالم المعروف بابن عبد ربه الأندلسي (المتوفى: 328ه)	Sham19Y	6945	0.64346
		أسباب ورود الحديث ((تحليل و تأسيس))	الدكتور محمد رأفت سعيد	ShamAY	37332	0.64345
		الارتقاء بالكتابة	الواحدي :: محمد بن إبراهيم الحمد	ShamAY	37188	0.64344
		المعجزات والغيبيات بين بصائر التنزيل ودياجير الإنكار والتأويل	عبد الفتاح إبراهيم سلامة	Sham19Y	8945	0.64344
		أبكار الأفكار في أصول الدين	علي بن محمد بن سالم التغلبي، أبو الحسن، سيف الدين الآمدي (المتوفى: 631 هـ)	ShamAY	33900	0.64342
		 رحلات في الجزيرة العربية 	 جي آر ويلستد 	ABLibrary	9070	0.64342
		 حسن المحاضرة في أخبار مصر والقاهرة 	 جلال الدين السيوطي 	ABLibrary	9036	0.64342
		كيف أخدم الإسلام؟	عبد الملك بن محمد القاسم	ShamelaY19	36553	0.64339
		البدرُ التمام شرح بلوغ المرام	الحسين بن محمد بن سعيد اللاعيّ، المعروف بالمَغرِبي (المتوفى: 1119 هـ)	ShamAY	32509	0.64338
		كشف المراد في شرح تجريد الاعتقاد	الحسن بن يوسف بن علي المطّهر [ العلامة الحلّي ]	Rafed	3486	0.64337
		النكت على مقدمة ابن الصلاح للزركشي	أبو عبد الله بدر الدين محمد بن عبد الله بن بهادر الزركشي الشافعي (المتوفى: 794ه)	Sham19Y	5978	0.64336
		إرشاد السالك إلى أشرف المسالك في فقه الإمام مالك	عبد الرحمن بن محمد بن عسكر البغدادي، أبو زيد أو أبو محمد، شهاب الدين المالكي (المتوفى: 732ه)	ShamelaY19	21516	0.64335
		الذخر في علم الأصول‏  - الجزء1	احمد الأردبيلي	Masaha	3446	0.64335
		الفوائد الجعفريه	عباس بن حسن بن جعفر نجفي ( آل كاشف الغطاء )	Ghbook	11292	0.64333
		تاريخ العقيده الشيعيه و فرقها	فضل الله زنجاني	Ghbook	13985	0.64331
		فتاوى قاضي الجماعة ابن سراج الأندلسي	أبو القاسم محمد بن سراج الأندلسي (المتوفى: 848ه)	ShamelaY19	95578	0.64329
		رأس الحسين	تقي الدين أبو العباس أحمد بن عبد الحليم بن تيمية الحراني (المتوفى: 728ه)	Sham19Y	892	0.64329
		يوم الغفران	محمد مال الله	ShamAY	35324	0.64326
		الكتاب: القاموس الفقهي لغة واصطلاحا	الدكتور سعدي أبو حبيب	ShamAY	2918	0.64325
		 التعليقات على شرح اللمعة الدمشقية 	 جمال الدين محمد الخوانساري 	ABLibrary	9348	0.64325
		سبيل الهدي الي الحق	آيت الله العظمي جعفر سبحاني	Ghbook	11359	0.64324
		إيضاح المحجة في الرد على صاحب طنجة	حمود بن عبد الله بن حمود بن عبد الرحمن التويجري (المتوفى: 1413هـ)	ShamAY	32265	0.64323
		جامع تراث العلامة الألباني في المنهج والأحداث الكبرى	د. شادي بن محمد بن سالم آل نعمان	ShamelaY19	145205	0.64323
		ابراز المعاني من حرز الاماني في القراءات السبع، المقدمه	عبدالرحمن بن اسماعيل بن ابراهيم	Ghbook	2762	0.64322
		مرآه العقول في شرح اخبار آل الرسول ( عليهم الصلاه و السلام )	محمدباقر بن محمدتقي علامه مجلسي	Ghbook	2699	0.64322
		البحر المحيط الثجاج في شرح صحيح الإمام مسلم بن الحجاج	محمد بن علي بن آدم بن موسى الإتيوبي الولوي	ShamelaY19	148870	0.64321
		الْأَشْبَاهُ وَالنَّظَائِرُ عَلَى مَذْهَبِ أَبِيْ حَنِيْفَةَ النُّعْمَانِ	زين الدين بن إبراهيم بن محمد، المعروف بابن نجيم المصري (المتوفى: 970هـ)	ShamAY	1666	0.6432
		شرح مقدمة التفسير (من النقاية) للسيوطي	عبد الكريم الخضير	ShamAY	75	0.64319
		الشريف الرضي	الشيخ محمد رضا كاشف الغطاء	Masaha	2342	0.64319
		بحوث ومقالات حول الثورة السورية ((نصائح وتوجيهات على الطريق)) من 15/ 3/2011 م- حتى 14/ 1/2012م	علي بن نايف الشحود	ShamAY	1616	0.64318
		حياة الإمام محمّد الباقر عليه السلام دراسة وتحليل [ج ٢]	باقر شريف القرشي	Rafed	615	0.64318
		شرح حديث جبريل في تعليم الدين	عبد المحسن بن حمد بن عبد المحسن بن عبد الله بن حمد العباد البدر	Sham19Y	11259	0.64315
		المكافأة وحسن العقبى	أحمد بن يوسف الكاتب ابن الداية (340 هـ)	ShamAY	34330	0.64312
		 شمس العلوم ودواء كلام العرب من الكلوم 	 نشوان بن سعيد الحميري 	ABLibrary	9787	0.64312
		الحدائق الناضرة [ج ٢٤]	الشيخ يوسف بن أحمد البحراني [ صاحب الحدائق ]	Rafed	2996	0.64311
		إعلام الساجد بأحكام المساجد	أبو عبد الله بدر الدين محمد بن عبد الله بن بهادر الزركشي الشافعي (المتوفى: 794 هـ)	ShamAY	32351	0.6431
		إتمام الدراية لقراء النقاية	عبد الرحمن بن أبي بكر، جلال الدين السيوطي (المتوفى: 911هـ)	ShamAY	10733	0.64309
		المختار في الرد على النصارى	عمرو بن بحر بن محبوب الكناني بالولاء، الليثي، أبو عثمان، الشهير بالجاحظ (المتوفى: 255هـ)	ShamAY	1169	0.64309
		كتاب الهادي أو «عمدة الحازم في الزوائد على مختصر أبي القاسم»	أبو محمد موفق الدين عبد الله بن أحمد بن محمد بن قدامة الجماعيلي المقدسي ثم الدمشقي الحنبلي، الشهير بابن قدامة المقدسي (المتوفى: 620 هـ)	ShamAY	32574	0.64309
		الصوارم الحداد القاطعة لعلائق أرباب الاتحاد	محمد بن علي بن محمد بن عبد الله الشوكاني اليمني (المتوفى: 1250ه)	Sham19Y	6519	0.64309
		نفحات القرآن [ج ١]	آية الله مكارم الشيرازي	Rafed	3799	0.64308
		بحارالانوار الجامعه لدرر اخبار الائمه الاطهار عليهم السلام 	محمدباقر بن محمدتقي علامه مجلسي	Ghbook	939	0.64306
		المسائل المستحدثة	الشيخ محمد إسحاق الفياض	Masaha	5018	0.64303
		الذريعة إلى أصول الشريعة  - الجزء1	السيد علي علم الهدى	Masaha	3448	0.64303
		 اللوامع الإلهية في المباحث الكلامية 	 المقداد السيوري 	ABLibrary	8584	0.64302
		جواهر الكلام [ج ١٦]	الشيخ محمّد حسن النّجفي	Rafed	647	0.64302
		الوارف في مشروعية التثريب على المخالف	عبد العزيز الجربوع	ShamAY	36190	0.64298
		هويه التشيع	احمد وائلي	Ghbook	7734	0.64298
		تشنيف المسامع بجمع الجوامع لتاج الدين السبكي	أبو عبد الله بدر الدين محمد بن عبد الله بن بهادر الزركشي الشافعي (المتوفى: 794هـ)	ShamAY	31691	0.64296
		المدخل إلى الفقه الإسلامي وأصوله	الدكتور صلاح محمد أبو الحاج (المنسق) وأ. د. عبد الملك عبد الرحمن السعدي وأ. د. قحطان عبد الرحمن الدوري ود. محمد راكان الدغمي ود. سري إسماعيل الكيلاني	ShamAY	37532	0.64296
		التمهيد - شرح مختصر الأصول من علم الأصول	أبو المنذر محمود بن محمد بن مصطفى بن عبد اللطيف المنياوي	ShamAY	1102	0.64294
		 الإنسان الكامل من كلام الشيخ الأكبر 	 محمود محمود الغراب 	ABLibrary	8907	0.64294
		 الإلهيات على هدى الكتاب والسنة والعقل 	 الشيخ السبحاني 	ABLibrary	8343	0.64293
		أم لم يعرفوا رسولهم (المختصر القويم في دلائل نبوة الرسول الكريم)	وليد نور	ShamAY	37452	0.64292
		كفاية الاُصول(حواشي المشكيني)  - الجزء1	أبو الحسن‏ المشكيني الأردبيلي	Masaha	4195	0.64292
		البلاغة العالية في آية المداينة		ShamAY	36866	0.64291
		المغرب في ترتيب المعرب - مكتبة أسامة	ناصر بن عبد السيد أبى المكارم ابن على، أبو الفتح، برهان الدين الخوارزمي المُطَرِّزِىّ (المتوفى: 610هـ)	ShamAY	34680	0.64289
		المحتسب في تبيين وجوه شواذ القراءات والإيضاح عنها	أبو الفتح عثمان بن جني الموصلي (المتوفى: 392ه)	Sham19Y	8660	0.64289
		المهذَّبُ في علاجِ العَيْنِ والمَسِّ والسِّحْرِ	الواحدي :: علي بن نايف الشحود	ShamAY	36115	0.64288
		شم العوارض في ذم الروافض	علي بن (سلطان) محمد، أبو الحسن نور الدين الملا الهروي القاري (المتوفى: 1014ه)	ShamelaY19	37559	0.64287
		شبهة الغلو عند الشيعة	الدكتور عبدالرسول الغفار	Rafed	102	0.64287
		 المواهب اللدنية بالمنح المحمدية 	 الشيخ أحمد بن محمد القسطلانى 	ABLibrary	7802	0.64286
		القول السديد شرح كتاب التوحيد ط الوزارة	أبو عبد الله، عبد الرحمن بن ناصر بن عبد الله بن ناصر بن حمد آل سعدي (المتوفى: 1376هـ)	ShamAY	10458	0.64283
		المغانم المطابة في معالم طابة	الفيروزآبادي	ShamAY	38405	0.64282
		العَذْبُ النَّمِيرُ مِنْ مَجَالِسِ الشَّنْقِيطِيِّ فِي التَّفْسِيرِ	محمد الأمين بن محمد المختار بن عبد القادر الجكني الشنقيطي (المتوفى: 1393هـ)	ShamAY	1762	0.64281
		رسالة في العدالة	السيد علي الموسوي القزويني	Masaha	1600	0.6428
		أبيات مختارة تشتمل على: عقيدة، نصائح، مواعظ، وصايا، حكم، أمثال، أدب	عبد الله بن محمد البصيري	Sham19Y	7473	0.64279
		أحصاه الله ونسوه	عبد الملك بن محمد القاسم	ShamelaY19	95681	0.64278
		 أعيان الشيعة 	 السيد محسن الأمين 	ABLibrary	74	0.64278
		تفريغ «أشرطة متفرقة» للشيخ الألباني	الواحدي :: ناصر الدين الألباني	ShamAY	33161	0.64276
		أولياء الله بين المفهوم الصوفي والمنهج السني السلفي	عبد الرحمن دمشقية	ShamAY	35725	0.64276
		شرح شافية ابن الحاجب [ج ٤]	الشيخ رضي الدين محمّد بن الحسن الاستراباذي النحوي	Rafed	1854	0.64276
		ارجوزه في الحج و الصيام و الخمس	عباس بن حسن بن جعفر نجفي ( آل كاشف الغطاء )	Ghbook	11666	0.64276
		تقويم الأدلة في أصول الفقه	أبو زيد عبد الله بن عمر بن عيسى الدّبوسيّ الحنفي (المتوفى: 430هـ)	ShamAY	31788	0.64274
		أفعال الرسول صلى الله عليه وسلم ودلالتها على الأحكام الشرعية	محمد بن سليمان بن عبد الله الأشقر العتيبي (المتوفى: 1430ه)	ShamelaY19	31471	0.64274
		تمهيد القواعد	زين الدين بن علي العاملي [ الشهيد الثاني ]	Rafed	1344	0.64274
		الجيل الموعود بالنصر والتمكين	مجدي الهلالي	ShamAY	268	0.64273
		الاختلاط بين الرجال والنساء، أحكام وفتاوى - ثمار مرة وقصص مخزية - كشف 136 شبهة لدعاة الاختلاط	شحاتة صقر	ShamelaY19	26006	0.64271
		شرح منسك شيخ الإسلام ابن تيمية	عبد الكريم الخضير	ShamAY	169	0.6427
		حكم الاسلام مبادي قيامه.. ماهيته.. اهدافه..	آيت الله العظمي سيد محمد حسيني شيرازي	Ghbook	8148	0.6427
		دروس تربوية من الأحاديث النبوية	أبو عبد الملك خالد بن عبد الرحمن الحسينان	ShamAY	507	0.64269
		صفوة الاعتبار بمستودع الأمصار والأقطار  - الجزء1	محمد مصطفى بيرم الخامس	Masaha	4581	0.64269
		عمدة القاري شرح صحيح البخاري	أبو محمد محمود بن أحمد بن موسى بن أحمد بن حسين الغيتابى الحنفى بدر الدين العينى (المتوفى: 855هـ)	ShamAY	5756	0.64267
		الغدير في الكتاب والسنّة والأدب [ج ٢]	الشيخ عبد الحسين أحمد الأميني النجفي	Rafed	2000	0.64265
		البهجة في شرح التحفة ((شرح تحفة الحكام))	علي بن عبد السلام بن علي، أبو الحسن التُّسُولي (المتوفى: 1258هـ)	ShamAY	1544	0.64261
		فواتح الرّحموت فيما حركه الريس من مسلّم الثبوت	عادل المرشدي	ShamAY	37761	0.64258
		الإعجاز اللغوي في القرآن الكريم - جامعة المدينة	مناهج جامعة المدينة العالمية	ShamAY	1658	0.64256
		 الدروس الشرعية في فقه الإمامية 	 الشهيد الأول 	ABLibrary	983	0.64256
		شرح وصية الإمام أبي حنيفة	أكملُ الدِّين أبو عبد الله محمد بن محمد بن محمود بن أحمد البَابِرْتيُّ الرُّوميُّ الحنفيُّ	ShamAY	35746	0.64254
		الانتصاراهم مناظرات الشيعه في شبكات الانترنت	علي كوراني	Ghbook	10419	0.64254
		آداب الحسبة [مطبوعات معهد العلوم العليا المغربية - الجزء 21]	أبو عبد الله محمد بن أبي محمد السقطي المالقي الأندلسي	Sham19Y	36129	0.64251
		الباعث على شرح الحوادث	أبو عبد الرحمن مقبل بن هادي بن مقبل بن قائدة (اسم رجل) الهمداني الوادعي (المتوفى: 1422ه)	ShamelaY19	96842	0.6425
		الاقتراح في أصول النحو ط القلم	عبد الرحمن بن أبي بكر، جلال الدين السيوطي (المتوفى: 911هـ)	ShamAY	31819	0.64248
		الصوارم الحداد القاطعة لعلائق أرباب الاتحاد	محمد بن علي بن محمد بن عبد الله الشوكاني اليمني (المتوفى: 1250هـ)	ShamAY	6519	0.64247
		ترتيب العلوم للمرعشي	محمد بن أبي بكر المرعشي الشهير بساجقلي زاده (المتوفى: 1145 ه)	ShamelaY19	20970	0.64247
		دحض دعوى المستشرقين أن القرأن من عند النبي صلى الله علية وسلم	سعود بن عبد العزيز الخلف	ShamAY	11180	0.64246
		جمع المحصول في شرح رسالة ابن سعدي في الأصول	الواحدي :: عبد الله الفوزان	ShamAY	37546	0.64245
		رد البهتان عن معاوية بن أبي سفيان	أبو عبد الله الذهبي	ShamAY	35838	0.64245
		مقابس الأنوار و نفائس الأسرار	الشيخ اسد الله التستري	Masaha	1493	0.64244
		شبهات حول السنة والسيرة النبوية	عماد حسن أبو العينين	ShamAY	37451	0.64243
		 موسوعة مرآة الحرمين الشريفين وجزيرة العرب 	 أيوب صبري باشا 	ABLibrary	9288	0.64241
		شرح دعاء كميل	عبدالاعلي سبزواري	Ghbook	13003	0.64241
		المسار	محمد أحمد الراشد	ShamAY	33338	0.6424
		 مجلة فقه أهل البيت ( ع ) 	 مجموعة مؤلفين 	ABLibrary	9744	0.64239
		التفسير البياني لما في سورة النحل من دقائق المعاني	سامي وديع عبد الفتاح شحادة القدومي	ShamAY	116	0.64238
		رحلات في الجزيرة العربية	جي. آر. ويلستد	Masaha	4572	0.64238
		الشيعة: نص الحوار مع المستشرق كوربان	السيد محمد حسين الطباطبائي	Masaha	2320	0.64238
		المقترح في أجوبة بعض أسئلة المصطلح - أكثر من 200 سؤال في المصطلح مع محاضرات في:	أبو عبد الرحمن مقبل بن هادي بن مقبل بن قائدة (اسم رجل) الهمداني الوادعي (المتوفى: 1422ه)	Sham19Y	96783	0.64236
		تفسير الصّافي [ج ٣]	محمّد بن المرتضى [ الفيض الكاشاني ]	Rafed	3034	0.64236
		تبصرة الحكام في أصول الأقضية ومناهج الأحكام	إبراهيم بن علي بن محمد، ابن فرحون، برهان الدين اليعمري (المتوفى: 799ه)	ShamelaY19	21595	0.64235
		 إيضاح الغوامض في تقسيم الفرائض 	 الشيخ علي الغروي 	ABLibrary	9396	0.64235
		نجعه المرتاد	محمد رضا نجفي	Ghbook	11138	0.64235
		القول الصّراح في البخاري وصحيحه الجامع	الميرزا فتح الله بن محمّد جواد الإصبهاني	Rafed	571	0.64234
		نفائس الأصول في شرح المحصول	شهاب الدين أحمد بن إدريس القرافي (ت 684هـ)	ShamAY	31974	0.64232
		الامام السجاد ( عليه السلام ) قدوه و اسوه	آيت الله العظمي سيد محمد تقي مدرسي	Ghbook	6349	0.6423
		المحصول للرازي	أبو عبد الله محمد بن عمر بن الحسن بن الحسين التيمي الرازي الملقب بفخر الدين الرازي خطيب الري (المتوفى: 606هـ)	ShamAY	2022	0.64229
		تلبيس مردود في قضايا حية	د صالح بن عبد الله بن حميد	ShamAY	30823	0.64228
		الإشارة في أصول الفقه	أبو الوليد سليمان بن خلف بن سعد بن أيوب بن وارث التجيبي القرطبي الباجي الأندلسي (المتوفى: 474 هـ)	ShamAY	32522	0.64227
		الحاوي للفتاوي	عبد الرحمن بن أبي بكر، جلال الدين السيوطي (المتوفى: 911هـ)	ShamAY	21723	0.64226
		مسكّن الفؤاد عند فقه الاحبة والاولاد	الشيخ زين الدين علي بن أحمد الجبعي العاملي	Rafed	254	0.64226
		تفسير جزء عم للشيخ مساعد الطيار	د مساعد بن سليمان بن ناصر الطيار	Sham19Y	21561	0.64223
		المنتقى من كتاب الترغيب والترهيب	يوسف عبد الله القرضاوي	ShamAY	32192	0.64222
		غاية المراد في شرح نكت الإرشاد - الجزء1	الشهيد الأول	Masaha	1112	0.64222
		البحر الرائق شرح كنز الدقائق - ط العلمية	ابن نجيم الحنفي	ShamAY	34204	0.6422
		نشوة السكران من صهباء تذكار الغزلان	أبو الطيب محمد صديق خان بن حسن بن علي ابن لطف الله الحسيني البخاري القِنَّوجي (المتوفى: 1307هـ)	ShamAY	28173	0.6422
		شعر الفتوح الإسلامية في صدر الإسلام	الدكتور/ النعمان عبد المتعال القاضي	ShamAY	10001	0.6422
		شرح الرسالة التدمرية - البراك	عبدالرحمن بن ناصر البراك	ShamAY	35428	0.64216
		 ينابيع الأحكام في معرفة الحلال والحرام 	 السيد علي الموسوي القزويني 	ABLibrary	9390	0.64215
		 صلاة الجمعة 	 السيد محمد حسين الطهراني 	ABLibrary	9443	0.64214
		صفحات رمضانية	عبد الكريم بن صنيتان العمري	Sham19Y	11267	0.64213
		الحاشيه الثانيه علي المكاسب	محمد امامي خوانساري	Ghbook	11277	0.64213
		اجتماع الجيوش الإسلامية	محمد بن أبي بكر بن أيوب بن سعد شمس الدين ابن قيم الجوزية (المتوفى: 751هـ)	ShamAY	21714	0.64211
		لمحات من المعاد	السيد علي الحسيني الصدر	Rafed	1750	0.6421
		مقدمة في أصول التفسير لابن تيمية	تقي الدين أبو العباس أحمد بن عبد الحليم بن عبد السلام بن عبد الله بن أبي القاسم بن محمد ابن تيمية الحراني الحنبلي الدمشقي (المتوفى: 728هـ)	ShamAY	12081	0.64209
		بحار الأنوار [ج ٥٨]	الشيخ محمّد باقر بن محمّد تقي المجلسي	Rafed	1047	0.64207
		دليل المرشدين الي الحق اليقين	آيت الله العظمي جعفر سبحاني	Ghbook	10942	0.64207
		عمدة القاري شرح صحيح البخاري	أبو محمد محمود بن أحمد بن موسى بن أحمد بن حسين الغيتابى الحنفى بدر الدين العينى (المتوفى: 855ه)	Sham19Y	5756	0.64206
		رسالة في صلاة الجمعة	الشيخ محمد تقي المجلسي الأصفهاني	Masaha	4967	0.64206
		رحلة إلى رحاب الشريف الأكبر شريف مكة المكرمة	شارل ديديية	Masaha	4465	0.64203
		التخريج عند الفقهاء والأصوليين (دراسة نظرية تطبيقية تأصيلية)	يعقوب بن عبد الوهاب بن يوسف الباحسين التميمي	Sham19Y	14321	0.64201
		الأنوار البهيّة في القواعد الفقهيّة	السيّد تقي الطباطبائي القمّي	Rafed	3763	0.64201
		فوائد الأصول [ج ١ - ٢]	الشيخ محمّد علي الكاظمي الخراساني	Rafed	578	0.64201
		سُلَّمُ أَخْلاقِ النُّبُوَّةِ	محمود محمد غريب: من علماء الأزهر الشريف والموجه الديني لشباب جامعة القاهرة	ShamAY	12770	0.64198
		حقيقة العبودية	مجدي الهلالي	ShamelaY19	36404	0.64196
		سوس العالمة	محمد المختار بن علي بن أحمد الإلغي السوسي (المتوفى: 1383ه)	ShamelaY19	30038	0.64193
		ردود أهل العلم على الطاعنين في حديث السحر وبيان بُعد محمد رشيد رضا عن السلفية	أَبِو عَبد الرَّحمَن مُقْبلُ بنُ هَادِي بنِ مُقْبِلِ بنِ قَائِدَةَ (اسم رجل) الهَمْدَاني الوادعِيُّ (المتوفى: 1422هـ)	ShamAY	2000	0.64191
		البلدان	ابي عبدالله احمد بن محمد بن اسحاق الهمذاني	Ghbook	10358	0.64191
		هلم نخرج من ظلمات التيه	الواحدي :: محمد قطب	ShamAY	33330	0.6419
		بلاغه الامام جعفر الصادق عليه السلام	مهدي عطبي بصري	Ghbook	5009	0.64185
		الخصال الموجبة لدخول الجنة	علي بن نايف الشحود	ShamAY	34829	0.64184
		تأويل مختلف الحديث - الجيل	عبدالله بن مسلم بن قتيبة أبو محمد الدينوري	ShamAY	33526	0.64181
		الاختلاف في العمل الإسلامي الأسباب والآثار	ناصر بن سليمان العمر	ShamAY	1865	0.6418
		دروس للشيخ محمد حسان	محمد بن إبراهيم بن إبراهيم بن حسان	ShamAY	417	0.6418
		مسألة في الكنائس	تقي الدين أبو العباس أحمد بن عبد الحليم بن عبد السلام بن عبد الله بن أبي القاسم بن محمد ابن تيمية الحراني الحنبلي الدمشقي (المتوفى: 728ه)	ShamelaY19	22651	0.6418
		شرح الزرقاني على المواهب اللدنية بالمنح المحمدية	أبو عبد الله محمد بن عبد الباقي بن يوسف بن أحمد بن شهاب الدين بن محمد الزرقاني المالكي (المتوفى: 1122ه)	ShamelaY19	26568	0.6418
		موسوعة عبد الله بن عبّاس [ج ٩]	السيد محمد مهدي السيد حسن الموسوي الخرسان	Rafed	1198	0.6418
		الإتحافات السنية بالأحاديث القدسية ومعه النفحات السلفية بشرح الأحاديث القدسية	زين الدين محمد المدعو بعبد الرؤوف بن تاج العارفين بن علي بن زين العابدين الحدادي ثم المناوي القاهري (المتوفى: 1031هـ)	ShamAY	7266	0.64177
		اباطيل البهائيه و بروتوكولات صهيون	عبدالعزيز شرف	Ghbook	7018	0.64176
		اللطائف والظرائف	عبد الملك بن محمد بن إسماعيل أبو منصور الثعالبي (المتوفى: 429هـ)	ShamAY	10509	0.64175
		الشكوى والعتاب وما وقع للخلان والأصحاب	[ينسب ل]عبد الملك بن محمد بن إسماعيل أبو منصور الثعالبي (المتوفى: 429ه)	ShamelaY19	22892	0.64174
		المقداد ابن الأسود الكندي أوّل فارس في الإسلام	الشيخ محمد جواد الفقيه	Rafed	44	0.64174
		أَفْعَالُ الرَّسُول صلى الله عليه وسلم وَدَلاَلَتَهَا عَلَى الأَحْكَامِ الشَّرْعِيَّةِ	محمد بن سليمان بن عبد الله الأشقر العتيبي (المتوفى: 1430هـ)	ShamAY	1957	0.64173
		عقيدة المسلم في ضوء الكتاب والسنة - المفهوم، والفضائل، والمعنى، والمقتضى، والأركان، والشروط، والنواقص، والنواقض	د. سعيد بن على بن وهف القحطاني	ShamelaY19	96546	0.64173
		الشرح الميسر لكتاب التوحيد	عبد الملك القاسم	ShamAY	35484	0.64172
		المقنع في علوم الحديث	ابن الملقن سراج الدين أبو حفص عمر بن علي بن أحمد الشافعي المصري (المتوفى: 804هـ)	ShamAY	5976	0.64172
		عجالة المحتاج إلى توجيه المنهاج	سراج الدين أبو حفص عمر بن علي بن أحمد المعروف ب «ابن النحوي» والمشهور ب «ابن الملقن» (المتوفى: 804 ه)	ShamelaY19	20561	0.64172
		رساله في الامامه و ذكر اغلاط العامه	محمد بن  محمد بن نعمان شيخ مفيد	Ghbook	4607	0.64172
		الكلمات النيرات في شرح الورقات	مشهور آل سلمان	ShamAY	37530	0.6417
		المنهج المقترح لفهم المصطلح	حاتم بن عارف بن ناصر الشريف العوني	Sham19Y	9247	0.6417
		المحكم في أصول الفقه [ج ١]	السيّد محمّد سعيد الطباطبائي الحكيم	Rafed	2942	0.6417
		فيض الرحمن الرحيم في دروس رمضان الكريم	أبو محمد عبد الله بن محمد بن أحمد الطيار	ShamAY	34938	0.64168
		رحلة إيمانية مع رجال ونساء أسلموا	عبد الرحمن محمود	ShamAY	2196	0.64166
		الفن ومذاهبه في الشعر العربي	أحمد شوقي عبد السلام ضيف الشهير بشوقي ضيف (المتوفى: 1426هـ)	ShamAY	8666	0.64166
		الدر المنثور في طبقات ربات الخدور	زينب بنت علي بن حسين بن عبيد الله بن حسن بن إبراهيم بن محمد بن يوسف فواز العاملي (المتوفى: 1332هـ)	ShamAY	9229	0.64166
		الفائق في غريب الحديث	زمخشري ، محمود بن عمر	Ghbook	8513	0.64166
		دروس تمهيديه في العقيده الاسلاميه	علي شيرواني	Ghbook	15025	0.64166
		ثناء شيخ الإسلام على آل بيت النبوة		ShamAY	35526	0.64162
		تفسير الخازن لباب التأويل في معاني التنزيل	علاء الدين علي بن محمد بن إبراهيم بن عمر الشيحي أبو الحسن، المعروف بالخازن (المتوفى: 741هـ)	ShamAY	31780	0.64162
		 قاب قوسين وملتقى الناموسين في معرفة سيد الكونين 	 عبد الكريم بن ابراهيم الجيلي 	ABLibrary	8814	0.64157
		الشرح المختصر لنخبة الفكر لابن حجر العسقلاني	أبو المنذر محمود بن محمد بن مصطفى بن عبد اللطيف المنياوي	ShamelaY19	37602	0.64156
		الماء [ج ١]	أبو محمّد عبدالله بن محمّد الأزدي [ ابن الذهبي ]	Rafed	2923	0.64156
		الامامه الالهيه	محمد السند	Ghbook	8422	0.64154
		شرح كتاب الإيمان - يوسف الغفيص	يوسف بن محمد علي الغفيص	ShamelaY19	37780	0.64151
		المسائل الحلبيات	أبو علي الفارسيّ (المتوفى 377 هـ)	ShamAY	32697	0.6415
		 الرسالة القشيرية 	 ابو القاسم عبد الكريم القشيري 	ABLibrary	8711	0.6415
		المواهب اللدنية بالمنح المحمدية - الجزء1	أحمد بن محمد القسطلاني‏	Masaha	3004	0.6415
		الإعجاز اللغوي في القرآن الكريم - جامعة المدينة	مناهج جامعة المدينة العالمية	ShamelaY19	31077	0.64148
		إعجاز البيان في تفسير اُمّ القرآن	صدر الدين القونوي	Rafed	3116	0.64148
		أول واجب على المكلف عبادة الله تعالى وضوح ذلك من كتاب الله ودعوات الرسل	عبد الله بن محمد الغنيمان	Sham19Y	22817	0.64147
		سلسلة الإيمان والكفر - المقدم	محمد أحمد إسماعيل المقدم	ShamAY	10	0.64146
		حجية خبر الآحاد في العقائد والأحكام	ربيع بن هادي المدخلي	ShamAY	33016	0.64146
		 بحار الأنوار 	 العلامة المجلسي 	ABLibrary	781	0.64144
		التنجيم والمنجمون وحكم ذلك في الإسلام	عبد المجيد بن سالم المشعبي	ShamAY	7591	0.6414
		انتصار الحق مناظرة علمية مع بعض الشيعة الإمامية		ShamAY	35513	0.64139
		الإمام المنتظر عليه السلام من ولادته إلى دولته	السيد علي الحسيني الصدر	Rafed	1014	0.64139
		انوار الفقاهه - كتاب المكاسب	حسن بن جعفر بن خضر نجفي كاشف الغطاء	Ghbook	12056	0.64139
		الرد على المنطقيين	تقي الدين أبو العباس أحمد بن عبد الحليم بن عبد السلام بن عبد الله بن أبي القاسم بن محمد ابن تيمية الحراني الحنبلي الدمشقي (المتوفى: 728هـ)	ShamAY	7626	0.64138
		التنبيه والإشراف	أبو الحسن على بن الحسين بن على المسعودي (المتوفى: 346ه)	ShamelaY19	23718	0.64138
		أبكار الأفكار في أصول الدّين [ج ٥]	أبي الحسن علي بن محمد بن سالم الثعلبي [ سيف الدين الآمدي ]	Rafed	3425	0.64138
		إبراز المعاني من حرز الأماني في القراءات السبع	عبد الرحمن بن إسماعيل بن إبراهيم	ShamAY	34102	0.64137
		شرح حديث جابر في صفة حج النبي صلى الله عليه وسلم	عبد الكريم بن عبد الله بن عبد الرحمن بن حمد الخضير	ShamelaY19	23774	0.64136
		المقنع في علوم الحديث	ابن الملقن سراج الدين أبو حفص عمر بن علي بن أحمد الشافعي المصري (المتوفى: 804ه)	Sham19Y	5976	0.64135
		 كتاب القضاء ( تقرير بحث آقا ضياء لنجم آبادي ) 	 آقا ضياء العراقي 	ABLibrary	9411	0.64134
		تيسير الوصول إلى قواعد الأصول ومعاقد الفصول - للفوزان	الواحدي :: عبد الله الفوزان	ShamAY	37548	0.64129
		استقصاء الاعتبار في شرح الاستبصار - الجزء1	الشيخ البهائي	Masaha	1130	0.64129
		التصوير القرآني للقيم الخلقية والتشريعية	علي علي صبح	ShamAY	23142	0.64127
		تلبيس مردود في قضايا حية	د صالح بن عبد الله بن حميد	Sham19Y	30823	0.64127
		الكلماتُ الحسانُ في بيانِ عُلُوِّ الرَّحْمَنِ	عبد الهادي بن حسن وهبي	ShamAY	617	0.64126
		المطرب من أشعار أهل المغرب	أبو الخطاب عمر بن حسن الأندلسي الشهير بابن دحية الكلبي (المتوفى: 633هـ)	ShamAY	93	0.64125
		البدر الطالع بمحاسن من بعد القرن السابع	محمد بن علي بن محمد بن عبد الله الشوكاني اليمني (المتوفى: 1250هـ)	ShamAY	6671	0.64125
		الشرك في القديم والحديث	أبو بكر محمد زكريا	ShamelaY19	145209	0.64125
		الصواعق الشديدة على اتباع الهيئة الجديدة	حمود بن عبد الله بن حمود بن عبد الرحمن التويجري (المتوفى: 1413هـ)	ShamAY	32259	0.64124
		مختصر الأمثل في تفسير كتاب الله المنزل [ج ٥]	آية الله مكارم الشيرازي	Rafed	3863	0.64124
		المنصف للسارق والمسروق منه	الحسن بن علي الضبي التنيسي أبو محمد، المعروف بابن وكيع (المتوفى: 393ه)	Sham19Y	31373	0.64123
		 الواسطة في معرفة أحوال مالطة 	 أحمد فارس الشدياق 	ABLibrary	9312	0.64123
		اجوبه مسائل جارالله	عبدالحسين شرف الدين	Ghbook	7516	0.64123
		الإيمان بالقرآن الكريم والكتب السماوية	عَلي محمد محمد الصَّلاَّبي	ShamAY	25	0.64122
		مباحث العقيدة في سورة الزمر	ناصر بن علي عائض حسن الشيخ	ShamAY	12059	0.64118
		تحفة المجيب على أسئلة الحاضر والغريب	أَبِو عَبد الرَّحمَن مُقْبلُ بنُ هَادِي بنِ مُقْبِلِ بنِ قَائِدَةَ (اسم رجل) الهَمْدَاني الوادعِيُّ (المتوفى: 1422هـ)	ShamAY	1999	0.64113
		 منتهى السؤل على وسائل الوصول إلى شمائل الرسول ( ص ) 	 عبد الله بن سعيد محمد عبادي اللحجي 	ABLibrary	7798	0.64113
		 صفوة الإعتبار بمستودع الأمصار والأقطار 	 السيد محمد بيرم الخامس التونسي 	ABLibrary	9131	0.64112
		شَمُّ العَوارِضِ في ذمِّ الرُّوَافِضِ	علي بن (سلطان) محمد، أبو الحسن نور الدين الملا الهروي القاري (المتوفى: 1014هـ)	ShamAY	1071	0.64111
		 الموسوعة التيمورية من كنوز العرب في اللغة والفن والأدب 	 أحمد تيمور باشا 	ABLibrary	9979	0.64111
		مواهب الرحمن في تفسير القرآن [ج ١]	آية الله السيّد عبد الأعلى السبزواري	Rafed	3898	0.64111
		المقداد ابن الأسود الكندي أوّل فارس في الإسلام	الشيخ محمد جواد آل الفقيه	Masaha	1732	0.6411
		البلاغة الصافية في المعاني والبيان والبديع	حسن بن إسماعيل بن حسن بن عبد الرازق الجناجي رئيس قسم البلاغة بجامعة الأزهر (المتوفى: 1429 ه)	ShamelaY19	151012	0.64109
		عنوان الدّراية فيمن عُرف من العلماء في المائة السَّابعة ببجايَة	أحمد بن أحمد بن عبد الله بن محمد، أبو العباس الغِبْرِيني (المتوفى: 714هـ)	ShamAY	1951	0.64108
		مقامات بديع الزمان الهمذاني	أبو الفضل أحمد بن الحسين بن يحيى بديع الزمان الهمذاني (المتوفى: 398ه)	ShamelaY19	28113	0.64108
		قاطعة اللجاج في تحقيق حلّ الخراج	الشيخ عليّ بن الحسين بن عبد العالي الكركي	Rafed	24	0.64108
		تخليص الشواهد وتلخيص الفوائد	جمال الدين أبو محمد عبد الله بن يوسف بن هشام الأنصاري (ت: 761 هـ)	ShamAY	32584	0.64107
		بحر الفوائد في شرح الفرائد [ج ٢]	آية الله ميرزا محمّد حسن بن جعفر الآشتياني	Rafed	916	0.64107
		الحياه البرزخيه : تبحث عن امتداد حياه الانسان بعد الرحيل من الدنيا ...	آيت الله العظمي جعفر سبحاني	Ghbook	5044	0.64107
		نشر ألوية التشريف بالإعلام والتعريف بمن له ولاية عمارة ما سقط من البيت الشريف - سلسلة لقاء العشر الأواخر بالمسجد الحرام (24)	محمد علي بن محمد بن علان بن إبراهيم البكري الصديقي الشافعي (المتوفى: 1057 ه)	Sham19Y	17792	0.64106
		شرح شذور الذّهب	أبي محمّد عبد الله جمال الدين بن يوسف بن أحمد بن عبد الله بن هشام الأنصاري المصري	Rafed	2978	0.64106
		أبو ذر	الشيخ عبد الحسين الأميني النجفي	Masaha	9	0.64106
		أطيب النشر في تفسير الوصايا العشر	مرزوق بن هياس الزهراني	ShamelaY19	22750	0.64105
		طبّ الإمام الصادق عليه السلام	محمّد الخليلي	Rafed	74	0.64105
		إجابات الشيخ محمد الجيزاني على أسئلة رواد ملتقى أهل الحديث	محمد حسين الجيزاني	ShamAY	37360	0.64103
		 الأضحوية في المعاد 	 أبو علي سينا 	ABLibrary	8337	0.64103
		فتح القريب المجيب في شرح ألفاظ التقريب = القول المختار في شرح غاية الاختصار (ويعرف بشرح ابن قاسم على متن أبي شجاع)	محمد بن قاسم بن محمد بن محمد، أبو عبد الله، شمس الدين الغزي، ويعرف بابن قاسم وبابن الغرابيلي (المتوفى: 918هـ)	ShamAY	229	0.64102
		بحار الأنوار [ج ٧٧]	الشيخ محمّد باقر بن محمّد تقي المجلسي	Rafed	1103	0.64102
		أحاديث الصيام أحكام وآداب	الواحدي :: عبد الله الفوزان	ShamAY	36453	0.64099
		سعد السّعود	السيّد رضي الدين أبو القاسم علي بن موسى بن جعفر بن طاووس الحسني الحلّي [ السيّد بن طاووس ]	Rafed	4013	0.64099
		جامع تراث العلامة الألباني في المنهج والأحداث الكبرى	د. شادي بن محمد بن سالم آل نعمان	Sham19Y	145205	0.64096
		تراثنا ـ العدد [ 16 ]	مؤسسة آل البيت عليهم السلام لإحياء التراث ـ قم	Rafed	2736	0.64096
		تحفة البيان ، خطاب القرآن لاهل الايمان	علي حيدر المؤيد	Ghbook	16333	0.64096
		تحقيق النصوص ونشرها	عبد السلام محمد هارون (المتوفى: 1408هـ)	ShamAY	7300	0.64094
		لطائف قرآنية للشيخ محمود غريب	محمود محمد غريب: من علماء الأزهر الشريف والموجه الديني لشباب جامعة القاهرة	ShamAY	114	0.64094
		المهدي حقيقة ... لاخرافة	محمد بن اسماعيل	Masaha	2499	0.64094
		الأنوار الكاشفة لما في كتاب "أضواء على السنة" من الزلل والتضليل والمجازفة	عبد الرحمن بن يحيى بن علي المعلمي اليماني (المتوفى: 1386هـ)	ShamAY	9463	0.64092
		مستمسك العروة الوثقى [ج ٧]	آية الله السيد محسن الطباطبائي الحكيم	Rafed	415	0.64092
		أسرار البيان في التعبير القرآني - محاضرة	فاضل بن صالح بن مهدي بن خليل البدري السامرائي	ShamAY	9589	0.64091
		اللّباب في علوم الكتاب [ج ١]	أبي حفص عمر بن علي بن عادل الدمشقي الحنبلي	Rafed	3089	0.64091
		موقع لقط المرجان لأبي حمد		ShamAY	34716	0.6409
		تفسير السمعاني	أبو المظفر، منصور بن محمد بن عبد الجبار ابن أحمد المروزى السمعاني التميمي الحنفي ثم الشافعي (المتوفى: 489هـ)	ShamAY	8320	0.6409
		 عدة الأكياس في شرح معاني الأساس 	 أحمد الشرفي القاسمي 	ABLibrary	8511	0.64088
		المال والحكم في الإسلام	عبد القادر عودة (المتوفى: 1373هـ)	ShamAY	1935	0.64086
		نزهة المجالس ومنتخب النفائس - دار المحبة	عبد الرحمن بن عبد السلام بن عبد الرحمن بن عثمان الصفوري	ShamAY	33745	0.64084
		الاشباه و النظاير في النحو - الجزء1	عبد الرحمن السيوطي	Masaha	3068	0.64083
		تراثنا ـ العددان [ 66 و 67 ]	مؤسسة آل البيت عليهم السلام لإحياء التراث ـ قم	Rafed	3298	0.64082
		معجم البلدان [ج ١]	شهاب الدين أبي عبدالله ياقوت بن عبدالله الحموي الرومي البغدادي	Rafed	2619	0.64081
		الرد على الدكتور عبد الواحد وافي في كتابه بين الشيعة وأهل السنة	إحسان إلهي ظهير الباكستاني (المتوفى: 1407هـ)	ShamAY	960	0.64079
		الخميني شذوذ في العقائد شذوذ في المواقف-محقق	سعيد حوَّى	ShamAY	33278	0.64076
		تيسير العلام شرح عمدة الأحكام	أبو عبد الرحمن عبد الله بن عبد الرحمن بن صالح بن حمد بن محمد بن حمد البسام (المتوفى: 1423هـ)	ShamAY	9878	0.64072
		الأمثل في تفسير كتاب الله المنزل [ج ٣]	آية الله مكارم الشيرازي	Rafed	2030	0.64072
		مسائل من الاجتهاد والتقليد ومناصب الفقيه‏	الشيخ حسين نوري الهمداني	Masaha	4314	0.6407
		المطالع النصرية للمطابع المصرية في الأصول الخطية	نصر (أبو الوفاء) ابن الشيخ نصر يونس الوفائي الهوريني الأحمدي الأزهري الأشعري الحنفي الشافعي (المتوفى: 1291ه)	Sham19Y	97799	0.64066
		فتح الباقي بشرح ألفية العراقي	زين الدين أبي يحيى زكريا بن محمد بن زكريا الأنصاري السنيكي (ت 926 ه)	ShamelaY19	35261	0.64064
		تراثنا ـ العددان [ 55 و 56 ]	مؤسسة آل البيت عليهم السلام لإحياء التراث ـ قم	Rafed	3240	0.64064
		المواسم والمراسم	السيد جعفر مرتضى العاملي	Masaha	450	0.64063
		أعلام وأقزام في ميزان الإسلام	سيد حسين العفاني	ShamAY	403	0.64062
		شبهات حول السنة	عبد الرزاق عفيفي (المتوفى: 1415ه)	Sham19Y	30836	0.64061
		الاشباه و النظائر في النحو	جلال الدين عبدالرحمن بن ابي بكر سيوطي	Ghbook	16322	0.64061
		فلاح السائل و نجاح المسائل	السيد علي بن موسى بن طاووس	Masaha	1037	0.64061
		ولله الأسماء الحسنى	عبد العزيز بن ناصر الجليل	ShamAY	35097	0.6406
		جامع العلوم والحكم في شرح خمسين حديثاً من جوامع الكلم	زين الدين عبد الرحمن بن أحمد بن رجب بن الحسن، السَلامي، البغدادي، ثم الدمشقي، الحنبلي (المتوفى: 795هـ)	ShamAY	10443	0.6406
		كتاب النكاح	الشيخ مرتضى الأنصاري	Masaha	1643	0.6406
		استقصاء النّظر في القضاء والقدر	الحسن بن يوسف بن علي المطّهر [ العلامة الحلّي ]	Rafed	3422	0.64059
		فتح رب البرية بتلخيص الحموية	محمد بن صالح بن محمد العثيمين (المتوفى: 1421هـ)	ShamAY	21817	0.64055
		كتاب السرائر [ج ٣]	أبي جعفر محّمد بن منصور بن أحمد بن إدريس الحلّي	Rafed	1300	0.64055
		 الملخص في أصول الدين 	 الشريف المرتضى 	ABLibrary	8641	0.64053
		البرهان المنير في دحض شبهات أهل التكفير والتفجير	عبد العزيز بن ريس الريس	ShamAY	36229	0.6405
		نهاية الزين في إرشاد المبتدئين	محمد بن عمر نووي الجاوي البنتني إقليما، التناري بلدا (المتوفى: 1316هـ)	ShamAY	6146	0.64048
		اللّباب في علوم الكتاب [ج ١٠]	أبي حفص عمر بن علي بن عادل الدمشقي الحنبلي	Rafed	3102	0.64048
		مفاتيح للتعامل مع القرآن	د صلاح عبد الفتاح الخالدي	ShamelaY19	38071	0.64046
		الإقناع في الفقه الشافعي	أبو الحسن علي بن محمد بن محمد بن حبيب البصري البغدادي، الشهير بالماوردي (المتوفى: 450ه)	Sham19Y	6120	0.64046
		غاية الأصول في شرح كفاية الأصول‏	الشيخ علي آغا ميري الدزفولي	Masaha	4018	0.64046
		بستان الخطيب	أمير بن محمد المدري	ShamAY	35073	0.64045
		الشعر والشعراء	أبو محمد عبد الله بن مسلم بن قتيبة الدينوري (المتوفى: 276هـ)	ShamAY	23785	0.64045
		 النظرة الدقيقة في قاعدة بسيط الحقيقة 	 محمود شهابي 	ABLibrary	8868	0.6404
		أثر الأحاديث الضعيفة والموضوعة في العقيدة	عبد الرحمن بن عبد الخالق	ShamAY	35710	0.64039
		موسوعة الإمام الخوئي [ج ١٢]	الشيخ مرتضى البروجردي	Rafed	887	0.64039
		الاستعداد للموت وسؤال القبر	زين الدين بن عبد العزيز بن زين الدين ابن علي بن أحمد المعبري المليباري الهندي (المتوفى: 987هـ)	ShamAY	483	0.64037
		آداب الحسبة [مطبوعات معهد العلوم العليا المغربية - الجزء 21]	أبو عبد الله محمد بن أبي محمد السقطي المالقي الأندلسي	ShamelaY19	36129	0.64034
		 الهدايا لشيعة أئمة الهدى ( شرح اصول الكافى ) 	 شرف الدين مجذوب التبريزي 	ABLibrary	7927	0.64034
		 الدلائل في شرح منتخب المسائل 	 السيد تقي الطباطبائي 	ABLibrary	9705	0.64033
		الفرقان في تفسير القرآن بالقرآن والسنّة [ج ٢١]	الشيخ محمد الصادقي	Rafed	3044	0.64033
		مقاصد المكلفين فيما يتعبد به لرب العالمين	عمر بن سليمان بن عبد الله الأشقر العتيبي	ShamelaY19	97808	0.64031
		جمهرة الأمثال	أبو هلال الحسن بن عبد الله بن سهل بن سعيد بن يحيى بن مهران العسكري (المتوفى: نحو 395هـ)	ShamAY	6897	0.6403
		البرنس في باريس‏	محمد مقداد الورتتاني	Masaha	4641	0.6403
		محمد صلى الله عليه وسلم كأنك تراه	الواحدي :: عائض القرني	ShamAY	37404	0.64029
		الأطعمة وأحكام الصيد والذبائح	صالح الفوزان	ShamAY	36326	0.64028
		 أنوار الفقاهة ( كتاب البيع ) 	 الشيخ ناصر مكارم الشيرازي 	ABLibrary	9676	0.64028
		العناوين الفقهية - الجزء1	السيد مير عبد الفتاح الحسيني	Masaha	1566	0.64024
		مصباح الفقيه [ج ٨]	الشيخ آقا رضا الهمداني	Rafed	1869	0.64021
		المنصف للسارق والمسروق منه	الحسن بن علي الضبي التنيسي أبو محمد، المعروف بابن وكيع (المتوفى: 393ه)	ShamelaY19	31373	0.64017
		 الكمالات الإلهية في الصفات المحمدية 	 عبد الكريم بن ابراهيم الجيلي 	ABLibrary	8811	0.64017
		دراسات في المكاسب المحرمه [ شيخ انصاري ]	آيت الله العظمي حسينعلي منتظري	Ghbook	9846	0.64017
		 رياض المسائل ( ط . ق ) 	 السيد علي الطباطبائي 	ABLibrary	9355	0.64016
		طوق النجاة	مجدي الهلالي	ShamAY	1099	0.64012
		الجواهر والدرر في ترجمة شيخ الإسلام ابن حجر	شمس الدين أبو الخير محمد بن عبد الرحمن بن محمد بن أبي بكر بن عثمان بن محمد السخاوي (المتوفى: 902هـ)	ShamAY	32249	0.64012
		 إيصال الطالب إلى المكاسب 	 السيد محمد الحسيني الشيرازي 	ABLibrary	9472	0.64012
		مصابيح الظلام - الجزء1	الوحيد البهبهاني	Masaha	1528	0.64012
		سفينة النجاة ومشكاة الهدى ومصباح السعادات - الجزء1	الشيخ أحمد بن علي كاشف الغطاء	Masaha	5110	0.64012
		فتح القريب المجيب في شرح ألفاظ التقريب = القول المختار في شرح غاية الاختصار (ويعرف بشرح ابن قاسم على متن أبي شجاع)	محمد بن قاسم بن محمد بن محمد، أبو عبد الله، شمس الدين الغزي، ويعرف بابن قاسم وبابن الغرابيلي (المتوفى: 918ه)	ShamelaY19	35120	0.64011
		أخطاء عامة تقع فيها النساء	ندا أبو أحمد	ShamAY	36224	0.6401
		بداية المجتهد ونهاية المقتصد	أبو الوليد محمد بن أحمد بن محمد بن أحمد بن رشد القرطبي الشهير بابن رشد الحفيد (المتوفى: 595ه)	ShamelaY19	21739	0.64008
		صفحات رمضانية	عبد الكريم بن صنيتان العمري	ShamAY	11267	0.64007
		تحفةُ العروسين	مجدي بن منصور بن سيد الشورى :: مجدي الشورى	ShamAY	36108	0.64006
		الشيخ الطبرسي إمام المفسرين في القرن السادس	الشيخ جعفر السبحاني	Masaha	2789	0.64005
		معانى القرآن للأخفش [معتزلى]	أبو الحسن المجاشعي بالولاء، البلخي ثم البصري، المعروف بالأخفش الأوسط (المتوفى: 215ه)	ShamelaY19	22371	0.64004
		موسوعة عبد الله بن عبّاس [ج ٣]	السيد محمد مهدي السيد حسن الموسوي الخرسان	Rafed	1168	0.64004
		 المغني في أبواب التوحيد والعدل 	 القاضي عبد الجبار الهمذاني 	ABLibrary	8634	0.64003
		دروس للشيخ عبد الله الجلالي	د. عبد الله بن حمد الجلالي	ShamAY	911	0.64002
		موسوعة عبد الله بن عبّاس [ج ١]	السيد محمد مهدي السيد حسن الموسوي الخرسان	Rafed	1161	0.64001
		المجتنى	أبو بكر محمد بن الحسن بن دريد الأزدي (المتوفى: 321هـ)	ShamAY	31930	0.63999
		الحدائق الناضرة [ج ٢٣]	الشيخ يوسف بن أحمد البحراني [ صاحب الحدائق ]	Rafed	2995	0.63998
		الهداية في شرح الكفاية	الشيخ عبد الحسين التستري الكاظميني	Masaha	3594	0.63996
		التربيةُ الروحيَّةُ في الإسلام	غازي صبحي آق بيق	ShamAY	34854	0.63994
		الأمثل في تفسير كتاب الله المنزل [ج ٢]	آية الله مكارم الشيرازي	Rafed	2023	0.63994
		مفاتيح الشرائع - الجزء1	الفيض الكاشاني	Masaha	1393	0.63994
		حلية طالب العلم (وهو مطبوع ضمن كتاب المجموعة العلمية)	بكر بن عبد الله أبو زيد بن محمد بن عبد الله بن بكر بن عثمان بن يحيى بن غيهب بن محمد (المتوفى: 1429هـ)	ShamAY	9884	0.63993
		دراسات تاريخيّة من القرآن الكريم [ج ٤]	دكتور محمد بيومي مهران	Rafed	1791	0.63993
		كشف الأسرار في شرح الاستبصار - الجزء1	السيد نعمة الله الجزائري	Masaha	1428	0.63991
		مصادر الشعر الجاهلي	ناصر الدين الأسد	ShamAY	2055	0.63989
		الطبقات السنية في تراجم الحنفية	تقي الدين بن عبد القادر التميمي الداري الغزي (المتوفى: 1010هـ)	ShamAY	322	0.63989
		العقيدة الواسطية بتعليق ابن مانع	تقي الدين أبو العباس أحمد بن عبد الحليم بن عبد السلام بن عبد الله بن أبي القاسم بن محمد ابن تيمية الحراني الحنبلي الدمشقي (المتوفى: 728 ه)	Sham19Y	18098	0.63988
		 بحار الأنوار 	 العلامة المجلسي 	ABLibrary	763	0.63987
		المسائل المستحدثه	آيت الله العظمي سيد محمد صادق روحاني	Ghbook	9545	0.63987
		موسوعة الاذان : اشهد ان عليا ولي الله في الاذان بين الشرعيه والابتداع	علي شهرستاني	Ghbook	16153	0.63986
		تفسير التّستري	أبي محمّد سهل بن عبدالله التستري	Rafed	3266	0.63984
		الكلمات الحسان في بيان علو الرحمن	عبد الهادي بن حسن وهبي	Sham19Y	37343	0.63983
		أسماء القرآن في القرآن	محمد محروس المدرس الأعظمي	ShamAY	36767	0.63979
		الباعث على شرح الحوادث	أَبِو عَبد الرَّحمَن مُقْبلُ بنُ هَادِي بنِ مُقْبِلِ بنِ قَائِدَةَ (اسم رجل) الهَمْدَاني الوادعِيُّ (المتوفى: 1422هـ)	ShamAY	2005	0.63978
		مصباح الفقيه [ج ١١]	الشيخ آقا رضا الهمداني	Rafed	1874	0.63978
		جواهر الكلام [ج ٣٨]	الشيخ محمّد حسن النّجفي	Rafed	764	0.63977
		الدرة البهية شرح القصيدة التائية في حل المشكلة القدرية	أبو عبد الله، عبد الرحمن بن ناصر بن عبد الله بن ناصر بن حمد آل سعدي (المتوفى: 1376هـ)	ShamAY	7614	0.63976
		أنوار الأصول [ج ١]	الناشر: مدرسة الإمام علي بن أبي طالب عليه السلام	Rafed	936	0.63976
		القبس في شرح موطأ مالك بن أنس	القاضي محمد بن عبد الله أبو بكر بن العربي المعافري الاشبيلي المالكي (المتوفى: 543هـ)	ShamAY	31712	0.63974
		منهج الرشاد في معرفه المعاد	محمد نعيم  بن محمدتقي نعيما طالقاني	Ghbook	16366	0.63972
		المقترح في أجوبة بعض أسئلة المصطلح - أكثر من 200 سؤال في المصطلح مع محاضرات في:	أَبِو عَبد الرَّحمَن مُقْبلُ بنُ هَادِي بنِ مُقْبِلِ بنِ قَائِدَةَ (اسم رجل) الهَمْدَاني الوادعِيُّ (المتوفى: 1422هـ)	ShamAY	1998	0.63971
		نشر ألوية التشريف بالإعلام والتعريف بمن له ولاية عمارة ما سقط من البيت الشريف - سلسلة لقاء العشر الأواخر بالمسجد الحرام (24)	محمد علي بن محمد بن علان بن إبراهيم البكري الصديقي الشافعي (المتوفى: 1057 هـ)	ShamAY	32479	0.6397
		قصة الأدب في الحجاز	عبد الله عبد الجبار - محمد عبد المنعم خفاجى	ShamAY	7454	0.6397
		الإبطال لنظرية الخلط بين دين الإسلام وغيره من الأديان	بكر بن عبد الله أبو زيد بن محمد بن عبد الله بن بكر بن عثمان بن يحيى بن غيهب بن محمد (المتوفى: 1429هـ)	ShamAY	10487	0.6397
		حِرَاسَةُ الْفَضِيلَةِ	بكر بن عبد الله أبو زيد بن محمد بن عبد الله بن بكر بن عثمان بن يحيى بن غيهب بن محمد (المتوفى: 1429هـ)	ShamAY	9903	0.63968
		القول السديد في الرد على من أنكر تقسيم التوحيد	عبد الرزاق بن عبد المحسن البدر	ShamAY	38480	0.63967
		قشر الفسر	العميد أبو سهل محمد بن الحسن العارض الزوزني (المتوفى: نحو 445ه)	ShamelaY19	37491	0.63963
		تيسير الوصول إلى منهاج الأصول من المنقول والمعقول «المختصر»	كمال الدين محمد بن محمد بن عبد الرحمن المعروف ب «ابن إمام الكاملية» (المتوفى: 874 ه)	Sham19Y	18274	0.63962
		الفرقان في تفسير القرآن بالقرآن والسنّة [ج ٣]	الشيخ محمد الصادقي	Rafed	3009	0.63959
		كتاب الزكاة (للشيخ الأنصاري)	الشيخ مرتضى الأنصاري	Masaha	820	0.63958
		تاج العروس من جواهر القاموس	محمّد بن محمّد بن عبد الرزّاق الحسيني، أبو الفيض، الملقّب بمرتضى، الزَّبيدي (المتوفى: 1205هـ)	ShamAY	7030	0.63957
		المجتنى من الدعاء المجتبى	السيد علي بن موسى بن طاووس	Masaha	1024	0.63957
		الآداب الطبيه في الاسلام مع لمحه عن تاريخ الطب	سيد جعفرمرتضي حسيني عاملي	Ghbook	16471	0.63956
		القصص القرآني - ياسر برهامي	الشيخ ياسر بن حسين برهامي	ShamelaY19	37005	0.63954
		التفسير المأمون على منهج التنزيل والصحيح المسنون	الأستاذ الدكتور مأمون حموش	ShamelaY19	147666	0.63954
		رسائل آل طوق القطيفي [ج ١]	الشيخ أحمد آل طوق	Rafed	1407	0.63953
		تحقيق الفوائد الغياثية	محمد بن يوسف بن علي بن سعيد، شمس الدين الكرماني (المتوفى: 786 هـ)	ShamAY	32571	0.63951
		قَشْر الفَسْر	العميد أبو سهل محمد بن الحسن العارض الزَّوزَني (المتوفى: نحو 445هـ)	ShamAY	869	0.63951
		الاتجاهات العامة للاجتهاد ومكانة الحديث الآحادي الصحيح فيها	نور الدين محمد عتر الحلبي	ShamelaY19	96230	0.63951
		 موسوعة العتبات المقدسة 	 جعفر الخليلي 	ABLibrary	9245	0.63949
		السبيل إلى منهج أهل السنة والجماعة	عدنان محمد عرعور	ShamelaY19	147594	0.63948
		الجامع اللطيف	ابن ظهيرة	Rafed	2208	0.63946
		تفسير الخازن المسمى لباب التأويل في معاني التنزيل (موافق للمطبوع)	علاء الدين علي بن محمد بن إبراهيم البغدادي الشهير بالخازن	ShamAY	34067	0.63944
		التراتيب الإدارية والعمالات والصناعات والمتاجر والحالة العلمية التي كانت على عهد تأسيس المدنية الإسلامية في المدينة المنورة العلمية	محمد عبد الحي بن عبد الكبير ابن محمد الحسني الإدريسي، المعروف بعبد الحي الكتاني (المتوفى: 1382ه)	ShamelaY19	23688	0.63944
		المواهب اللدنية بالمنح المحمدية	أحمد بن محمد بن أبى بكر بن عبد الملك القسطلاني القتيبي المصري، أبو العباس، شهاب الدين (المتوفى: 923ه)	ShamelaY19	23685	0.63942
		التبصير في معالم الدين للطبري	محمد بن جرير بن يزيد بن كثير بن غالب الآملي، أبو جعفر الطبري (المتوفى: 310هـ)	ShamAY	26464	0.63941
		مصابيح الظلام - المقدمة	الوحيد البهبهاني	Masaha	1527	0.63941
		رحلة الحج إلى بيت الله الحرام - ط عالم الفوائد	محمد الأمين بن محمد المختار بن عبد القادر الجكني الشنقيطي (المتوفى: 1393هـ)	ShamAY	38379	0.63939
		روض الجنان في شرح إرشاد الأذهان [ج ٢]	زين الدين بن علي العاملي [ الشهيد الثاني ]	Rafed	1540	0.63937
		 الحياة الفكرية والسياسية لأئمة أهل البيت ( ع ) 	 الشيخ رسول جعفريان 	ABLibrary	7510	0.63936
		المنهاج القويم شرح المقدمة الحضرمية	أحمد بن محمد بن علي بن حجر الهيتمي السعدي الأنصاري، شهاب الدين شيخ الإسلام، أبو العباس (المتوفى: 974هـ)	ShamAY	9973	0.63935
		المقتفى من سيرة المصطفى صلى الله عليه وسلم	الحسن بن عمر بن الحسن بن حبيب، أبو محمد، بدر الدين الحلبي (المتوفى: 779ه)	Sham19Y	6582	0.63933
		تحرير علوم الحديث	عبد الله بن يوسف الجديع	ShamAY	124	0.63932
		دروس للشيخ صالح المغامسي	أبو هاشم صالح بن عواد بن صالح المغامسي	ShamelaY19	37431	0.63932
		منتهى السؤل على وسائل الوصول إلى شمائل الرسول صلى الله عليه وآله وسلم	عبد الله بن سعيد بن محمد عبادي اللّحجي الحضرميّ الشحاري، ثم المراوعي، ثم المكي (المتوفى: 1410هـ)	ShamAY	23683	0.63931
		الأنوار البهية في القواعد الفقهية	السيد تقي الطباطبائي القمي	Masaha	2417	0.63929
		شرح عقيدة السلف للصابوني - ناصر العقل	ناصر بن عبد الكريم العلي العقل	ShamAY	751	0.63928
		حكم تارك الصلاة - الألباني	محمد ناصر الدين الألباني (المتوفى: 1420هـ)	ShamAY	416	0.63927
		درر الفوائد [ج ١ و ٢]	آية الله الشيخ عبدالكريم الحائري اليزدي	Rafed	3826	0.63927
		إنما أشكو بثي وحزني إلى الله	نسرين السعدون	ShamAY	35173	0.63926
		الجيل الموعود بالنصر والتمكين	مجدي الهلالي	Sham19Y	36396	0.63925
		فقهيات بين السنة والشيعة	عاطف سلام	Masaha	350	0.63925
		الردة وخطرها على المجتمع الإسلامي	عبد الله بن أحمد قادري	ShamAY	33293	0.63922
		الشرح المختصر لنخبة الفكر لابن حجر العسقلاني	أبو المنذر محمود بن محمد بن مصطفى بن عبد اللطيف المنياوي	Sham19Y	37602	0.63922
		علم أصول الفقه في ثوبه الجديد	الشيخ محمد جواد مغنية	Masaha	4001	0.63922
		 مصباح الفقاهة ( ط أنصاريان ) 	 تقرير بحث السيد الخوئي للتبريزي 	ABLibrary	9436	0.63921
		 شرائع الإسلام ( تعليق السيد صادق الشيرازي ) 	 المحقق الحلي 	ABLibrary	9666	0.63919
		فرائد فوائد الفكر في الإمام المهدي المنتظر (عج)	سامي الغريري	Masaha	2370	0.63919
		الكذاب اللئيم زكريا بطرس	محمد جلال القصاص	ShamAY	35351	0.63918
		العقد التليد في اختصار الدر النضيد = المعيد في أدب المفيد والمستفيد	عبد الباسط بن موسى بن محمد بن إسماعيل العلموي ثم الموقت الدمشقي الشافعيّ (المتوفى: 981هـ)	ShamAY	10016	0.63918
		الحدائق الناضرة [ج ١٤]	الشيخ يوسف بن أحمد البحراني [ صاحب الحدائق ]	Rafed	2851	0.63918
		موسوعة الأسئلة العقائديّة [ج ١]	مركز الأبحاث العقائديّة	Rafed	1348	0.63917
		الحريه الاسلاميه	آيت الله العظمي سيد محمد حسيني شيرازي	Ghbook	8145	0.63917
		الباعث على شرح الحوادث	أبو عبد الرحمن مقبل بن هادي بن مقبل بن قائدة (اسم رجل) الهمداني الوادعي (المتوفى: 1422ه)	Sham19Y	96842	0.63916
		الدعوة السلفية	محمود عبد الحميد العسقلاني	ShamAY	33292	0.63915
		 دفع أباطيل الكاتب 	 السيد المرتضى المهري 	ABLibrary	967	0.63915
		أنيس المجتهدين [ج ١]	محمد مهدي بن أبي ذر النراقي [ المولى مهدي النراقي ]	Rafed	999	0.63915
		الإمام المهدي عج عند اهل السنة - الجزء1	السيد مهدي فقيه ايماني	Masaha	4050	0.63915
		علم تفسير المنام	نادر زين الدين	ShamAY	35938	0.63914
		المقتفى من سيرة المصطفى صلى الله عليه وسلم	الحسن بن عمر بن الحسن بن حبيب، أبو محمد، بدر الدين الحلبي (المتوفى: 779هـ)	ShamAY	6582	0.63914
		 تبيان الصلاة 	 تقرير بحث البروجردي للشيخ علي الصافي 	ABLibrary	9420	0.63912
		مفهوم الأسماء والصفات	سعد بن عبد الرحمن ندا	ShamelaY19	23080	0.63911
		مواهب الرحمن في تفسير القرآن [ج ٢]	آية الله السيّد عبد الأعلى السبزواري	Rafed	3899	0.63911
		تهذيب الوصول إلى علم الأصول‏	العلامة الحلي	Masaha	3619	0.63911
		ديوان ابن زيدون	أحمد بن عبد الله بن زيدون	ShamAY	37870	0.6391
		شرح زاد المستقنع للشنقيطي	محمد بن محمد المختار الشنقيطي	ShamAY	815	0.63908
		كتاب القضاء [ج ١]	ميرزا حبيب الله الرشتي	Rafed	1316	0.63905
		الرسول صلى الله عليه وآله وسلم في عيون غربية منصفة	حسين حسينى معدى (المتوفي: معاصر)	ShamAY	9825	0.63904
		التراتيب الإدارية والعمالات والصناعات والمتاجر والحالة العلمية التي كانت على عهد تأسيس المدنية الإسلامية في المدينة المنورة العلمية	محمد عَبْد الحَيّ بن عبد الكبير ابن محمد الحسني الإدريسي، المعروف بعبد الحي الكتاني (المتوفى: 1382هـ)	ShamAY	23688	0.63904
		موسوعة كشّاف إصطلاحات الفنون والعلوم [ج ١]	محمّد علي التهانوي	Rafed	1548	0.63904
		تاريخ مكة المشرفة والمسجد الحرام والمدينة الشريفة والقبر الشريف	محمد بن أحمد بن الضياء محمد القرشي العمري المكي الحنفي، بهاء الدين أبو البقاء، المعروف بابن الضياء (المتوفى: 854هـ)	ShamAY	5539	0.63903
		 كشف الأسرار في شرح الاستبصار 	 السيد نعمة الله الجزائري 	ABLibrary	9342	0.63903
		الامام الباقر ( عليه السلام ) قدوه و اسوه	آيت الله العظمي سيد محمد تقي مدرسي	Ghbook	6274	0.63901
		الاجتهاد و التقليد (الفصول الغروية)	الشيخ محمد حسين الأصفهاني صاحب الفصول	Masaha	1565	0.63901
		تفسير جزء عم للشيخ مساعد الطيار	د مساعد بن سليمان بن ناصر الطيار	ShamAY	31799	0.63899
		أضواء على ثورة الحسين عليه السلام	السيد محمّد الصدر	Rafed	1564	0.63899
		موسوعة الرد على المذاهب الفكرية المعاصرة 1-29	علي بن نايف الشحود	ShamAY	32988	0.63897
		عنوان الدراية فيمن عرف من العلماء في المائة السابعة ببجاية	أحمد بن أحمد بن عبد الله بن محمد، أبو العباس الغبريني (المتوفى: 714ه)	ShamelaY19	96611	0.63897
		" آثَارُ الإِمَام مُحَمَّد البَشِير الإِبْرَاهِيمِي ".	محمّد بن بشير بن عمر الإبراهيمي (المتوفى: 1385هـ)	ShamAY	462	0.63895
		الديوان المليح	زيد بن محمد المدخلي	ShamAY	32974	0.63891
		الفوائد العشر من حديث حذيفة كان الناس يسألون رسول الله عن الخير وكنت أسأله عن الشر	خليل بن إبراهيم العبيدي	ShamAY	35994	0.6389
		الإقناع في الفقه الشافعي	أبو الحسن علي بن محمد بن محمد بن حبيب البصري البغدادي، الشهير بالماوردي (المتوفى: 450هـ)	ShamAY	6120	0.63888
		القرآنيون، نشأهم - عقائدهم - أدلتهم	علي محمد زينو	ShamelaY19	32184	0.63886
		العدة في إعراب العمدة	بدر الدين أبو محمد عبد الله ابن الإمام العلامة أبي عبد الله محمد بن فرحون المدني رحمة الله عليه	ShamelaY19	150600	0.63883
		تحفة المجيب على أسئلة الحاضر والغريب	أبو عبد الرحمن مقبل بن هادي بن مقبل بن قائدة (اسم رجل) الهمداني الوادعي (المتوفى: 1422ه)	Sham19Y	96784	0.63883
		الأمثل في تفسير كتاب الله المنزل [ج ٩]	آية الله مكارم الشيرازي	Rafed	2049	0.63882
		التفسير المنير [ج ٢٢]	الدكتور وهبة الزحيلي	Rafed	2967	0.6388
		عمل المرأة بين المشروع والممنوع دراسة شرعية وثائقية	رياض المسيميري	ShamAY	36593	0.63879
		سبع مسائل فقهية	الشيخ جعفر السبحاني	Masaha	298	0.63875
		دراسات في علم الأصول [ج ١]	آية الله السيّد علي الشاهرودي	Rafed	3672	0.63874
		فاطمة الزهراء عليها السلام أم السبطين	سلمان هادي آل طعمة	Rafed	104	0.63874
		الإبطال لنظرية الخلط بين دين الإسلام وغيره من الأديان	بكر بن عبد الله أبو زيد بن محمد بن عبد الله بن بكر بن عثمان بن يحيى بن غيهب بن محمد (المتوفى: 1429ه)	Sham19Y	10487	0.63872
		شبهات حول السنة	عبد الرزاق عفيفي (المتوفى: 1415هـ)	ShamAY	30836	0.63871
		شرح زاد المستقنع للشنقيطي	محمد المختار الشنقيطي	Sham19Y	7696	0.63871
		 معجم فقه الجواهر 	 مؤسسة دائرة المعارف الفقه الاسلامي 	ABLibrary	9644	0.63871
		المسودة في أصول الفقه	آل تيمية [بدأ بتصنيفها الجدّ: مجد الدين عبد السلام بن تيمية (ت: 652هـ) ، وأضاف إليها الأب، : عبد الحليم بن تيمية (ت: 682هـ) ، ثم أكملها الابن الحفيد: أحمد بن تيمية (728هـ) ]	ShamAY	11814	0.6387
		المراة و العائلة	آيت الله العظمي حسيني	Ghbook	7918	0.63869
		بحوث في علم أصول الفقه	أحمد الحجي الكردي	ShamAY	37554	0.63862
		المفصل في الرد على الحضارة الغربية1 - 8	علي بن نايف الشحود	ShamAY	33266	0.63858
		فرائد الأصول(حواشي أوثق الوسائل)  - الجزء1	الميرزا موسى التبريزي	Masaha	4026	0.63858
		التخريج عند الفقهاء والأصوليين (دراسة نظرية تطبيقية تأصيلية)	يعقوب بن عبد الوهاب بن يوسف الباحسين التميمي	ShamAY	31831	0.63857
		 القول المتين في تشيع الشيخ الأكبر 	 الشيخ قاسم الطهراني 	ABLibrary	8905	0.63857
		موسوعة الإمام الخوئي [ج ٢٢]	الشيخ مرتضى البروجردي	Rafed	1615	0.63857
		الفوز الكبير في أصول التفسير	الإمام أحمد بن عبد الرحيم المعروف بـ «ولي الله الدهلوي» (المتوفى: 1176هـ)	ShamAY	9964	0.63854
		مذكرة الحديث النبوي في العقيدة والاتباع	ربيع بن هادي المدخلي	ShamAY	33040	0.63852
		دروس للشيخ مصطفى العدوي	أبو عبد الله مصطفى بن العدوى شلباية المصري	ShamAY	415	0.63852
		اللّباب في علوم الكتاب [ج ٩]	أبي حفص عمر بن علي بن عادل الدمشقي الحنبلي	Rafed	3101	0.63852
		قصص الأنبياء	أبو الفداء إسماعيل بن عمر بن كثير القرشي البصري ثم الدمشقي (المتوفى: 774هـ)	ShamAY	932	0.63849
		مصباح الفقيه [ج ٢]	الشيخ آقا رضا الهمداني	Rafed	1861	0.63847
		تبصرة الحكام في أصول الأقضية ومناهج الأحكام	إبراهيم بن علي بن محمد، ابن فرحون، برهان الدين اليعمري (المتوفى: 799هـ)	ShamAY	21595	0.63844
		دروس في العقيدة - الراجحي	عبد العزيز بن عبد الله بن عبد الرحمن الراجحي	ShamelaY19	37010	0.63844
		تعدد الخلفاء ووحدة الأمة فقها وتاريخا ومستقبلا	الدكتور محمد خلدون أحمد نورس مالكي	ShamelaY19	96234	0.63841
		التنبيه والإشراف	أبو الحسن على بن الحسين بن على المسعودي (المتوفى: 346هـ)	ShamAY	23718	0.63838
		التحف في مذاهب السلف ت حلاق	محمد بن علي بن محمد بن عبد الله الشوكاني اليمني (المتوفى: 1250ه)	ShamelaY19	37030	0.63837
		الف سوال و اشكال علي المخالفين لاهل البيت الطاهرين (ع)	علي كوراني	Ghbook	4598	0.63837
		نقد الصحابة والتابعين للتفسير	عبد السلام بن صالح الجار الله	ShamelaY19	148083	0.63836
		 المواقف ( شرح الجرجاني ) ( مع حاشيتي السيالكوتي والحلبي ) 	 الإيجي 	ABLibrary	8468	0.63834
		 تسلية الفؤاد في بيان الموت والمعاد 	 السيد عبد الله الشبر 	ABLibrary	8384	0.63834
		مسائل معاصرة في فقه القضاء	السيد محمد سعيد الطباطبائي الحكيم	Masaha	608	0.63834
		التقريب لحد المنطق والمدخل إليه بالألفاظ العامية والأمثلة الفقهية	أبو محمد علي بن أحمد بن سعيد بن حزم الأندلسي القرطبي الظاهري (المتوفى: 456هـ)	ShamAY	1028	0.63832
		الزبدة الفقهيّة [ج ٤]	السيّد محمّد حسن ترحيني العاملي	Rafed	2480	0.6383
		 كتاب الزكاة 	 ميرزا محمد حسن الآشتياني 	ABLibrary	9391	0.63829
		اللّباب في علوم الكتاب [ج ١٧]	أبي حفص عمر بن علي بن عادل الدمشقي الحنبلي	Rafed	3119	0.63829
		ناس لا يحبهم القهار من الكتاب والسنة والاثار	أبو يوسف محمد زايد	ShamAY	35121	0.63823
		شرح منظومة القواعد والأصول لابن عثيمين	الواحدي :: ابن عثيمين	ShamAY	37549	0.63821
		دروس للشيخ صالح المغامسي	أبو هاشم صالح بن عوّاد بن صالح المغامسي	ShamAY	860	0.6382
		دروس في العقيدة - الراجحي	عبد العزيز بن عبد الله بن عبد الرحمن الراجحي	ShamAY	46	0.63819
		جواهر الكلام [ج ٢]	الشيخ محمّد حسن النّجفي	Rafed	631	0.63819
		تحرير الأحكام في تدبير أهل الإسلام	أبو عبد الله، محمد بن إبراهيم بن سعد الله بن جماعة الكناني الحموي الشافعي، بدر الدين (المتوفى: 733هـ)	ShamAY	9685	0.63817
		الخمس	السيد علي السبزواري	Masaha	4898	0.63817
		دروسٌ وعبرٌ منَ الهجرةِ النَّبويَّةِ	علي بن نايف الشحود	ShamAY	37383	0.63813
		مناط الأحكام‏	الشيخ نظر علي الطالقاني	Masaha	4367	0.63812
		المسالِك في شرح مُوَطَّأ مالك	القاضي محمد بن عبد الله أبو بكر بن العربي المعافري الاشبيلي المالكي (المتوفى: 543هـ)	ShamAY	31743	0.6381
		مفردات القرآن - نظرات جديدة في تفسير ألفاظ قرآنية	عبد الحميد الفراهي الهندي (المتوفى: 1349ه)	ShamelaY19	96629	0.63809
		 الفقه ، السلم والسلام 	 السيد محمد الحسيني الشيرازي 	ABLibrary	9486	0.63808
		الدروس الشرعية في فقه الإمامية - الجزء1	الشهيد الأول	Masaha	716	0.63806
		التعليقات على شرائع الإسلام - الجزء1	السيد صادق الحسيني الشيرازي	Masaha	4950	0.63805
		محاضرات مفرغة للشيخ سليمان اللهيمد		ShamAY	34728	0.63803
		عبقرية مبكرة لأطفالنا	توفيق بوخضر	Masaha	514	0.63803
		قصص الأنبياء	أبو الفداء إسماعيل بن عمر بن كثير القرشي البصري ثم الدمشقي (المتوفى: 774ه)	Sham19Y	932	0.63802
		تكميل مشارق الشموس في شرح الدروس	الشيخ آقا حسين الخوانساري	Masaha	1267	0.63801
		سلسلة المتون الفقهية	علي بن بابويه القمي	Masaha	626	0.63801
		الواسطة في معرفة أحوال مالطة ، كشف المخبّا عن فنون أوروبّة	أحمد فارس الشدياق	Rafed	2254	0.638
		بحار الأنوار [ج ٣١]	الشيخ محمّد باقر بن محمّد تقي المجلسي	Rafed	937	0.63798
		شرح صحيح مسلم للقاضى عياض المسمى إكمال المعلم بفوائد مسلم	عياض بن موسى بن عياض بن عمرون اليحصبي السبتي، أبو الفضل (المتوفى: 544ه)	Sham19Y	122406	0.63797
		موجز دائرة المعارف الإسلامية	مجموعة من المؤلفين	ShamAY	38887	0.63796
		الدرة البهية شرح القصيدة التائية في حل المشكلة القدرية	أبو عبد الله، عبد الرحمن بن ناصر بن عبد الله بن ناصر بن حمد آل سعدي (المتوفى: 1376ه)	Sham19Y	7614	0.63795
		صحيح فقه السنة وأدلته وتوضيح مذاهب الأئمة	أبو مالك كمال بن السيد سالم	ShamAY	31775	0.63792
		التحف في مذاهب السلف ط الصحابة	محمد بن علي بن محمد بن عبد الله الشوكاني اليمني (المتوفى: 1250ه)	ShamelaY19	37029	0.63792
		تفسير كنز الدّقائق وبحر الغرائب [ج ١]	الشيخ محمّد بن محمّد رضا القمّي المشهدي	Rafed	2084	0.63792
		الدلائل في شرح منتخب المسائل - الجزء1	السيد تقي الطباطبائي القمي	Masaha	4902	0.63792
		الرد المفحم على من خالف العلماء وتشدد وتعصب وألزم المرأة أن تستر وجهها وكفيها وأوجب ولم يقنع بقولهم: إنه سنة ومستحبة	محمد ناصر الدين الألباني (المتوفى: 1420هـ)	ShamAY	314	0.63789
		أدب الكاتب = أدب الكتاب لابن قتيبة	أبو محمد عبد الله بن مسلم بن قتيبة الدينوري (المتوفى: 276ه)	ShamelaY19	26349	0.63789
		نفحات من علوم القرآن	محمد باقر ملكي ميانجي	Ghbook	11878	0.63789
		تيسير الوصول إلى منهاج الأصول من المنقول والمعقول «المختصر»	كمال الدين محمد بن محمد بن عبد الرحمن المعروف بـ «ابن إمام الكاملية» (المتوفى: 874 هـ)	ShamAY	38984	0.63788
		جامع الخلاف و الوفاق	الشيخ علي المؤمن السبزواري القمي	Masaha	1064	0.63788
		التحصين من كيد الشياطين	د خالد بن عبد الرحمن بن علي الجريسي	ShamAY	7835	0.63785
		أجوبة مفيدة عن أسئلة عديدة	الشيخ عبدالعزيز الراجحي	ShamAY	35453	0.6378
		حصان طروادة الغارة الفكرية على الديار السُّنية	د. عمرو كامل عمر	ShamAY	31934	0.6378
		 دلائل الصدق لنهج الحق 	 الشيخ محمد حسن المظفر 	ABLibrary	940	0.63779
		اساليب التبليغ عندالانبياء عليهم السلام دراسة قرآنية 	السيدمنتظر الموسوي (الجابري)	Ghbook	14931	0.63778
		القول المبين في أخطاء المصلين	أبو عبيدة مشهور بن حسن بن محمود آل سلمان	ShamAY	8855	0.63774
		ثلاث صلوات عظيمة مهجورة فأحيها يا عبد الله	عدنان بن محمد آل عرعور	ShamelaY19	147912	0.63773
		الاستغاثة في الرد على البكري	شيخ الإسلام أحمد بن تيمية (المتوفى: 728 هـ)	ShamAY	38483	0.63772
		الفصول في الأصول	أحمد بن علي أبو بكر الرازي الجصاص الحنفي (المتوفى: 370هـ)	ShamAY	676	0.63772
		مراح لبيد لكشف معنى القرآن المجيد	محمد بن عمر نووي الجاوي البنتني إقليما، التناري بلدا (المتوفى: 1316ه)	Sham19Y	22769	0.63772
		رحلة إلى الحجاز	تشارلز ديدية	Masaha	4717	0.63771
		لا تخونوا الله والرسول	صباح علي البيّاتي	Rafed	1213	0.6377
		لاكون مع الصادقين ..	محمد تيجاني سماوي	Ghbook	7691	0.6377
		وسطية أهل السنة بين الفرق (رسالة دكتوراة)	محمد با كريم محمد با عبد الله	ShamAY	7334	0.63769
		أدب الطّف أو شعراء الحسين عليه السلام - الجزء1	السيد جواد شبر	Masaha	1650	0.63769
		منتهى السؤل على وسائل الوصول إلى شمائل الرسول صلى الله عليه وآله وسلم	عبد الله بن سعيد بن محمد عبادي اللحجي الحضرمي الشحاري، ثم المراوعي، ثم المكي (المتوفى: 1410ه)	ShamelaY19	23683	0.63768
		منهج الرّشاد في معرفة المعاد [ج ١]	محمّد نعيم بن محمّد تقي [ الملا نعيما العرفي الطالقاني ]	Rafed	3669	0.63768
		 معجم فقه الجواهر 	 مؤسسة دائرة المعارف الفقه الاسلامي 	ABLibrary	9648	0.63766
		مصابيح الدرر في تناسب آيات القرآن الكريم والسور	عادل بن محمد أبو العلاء	ShamAY	4410	0.63763
		شرح الشيخ جعفر علي قواعد العلامه ابن المطهر	حسن بن جعفر بن خضر نجفي كاشف الغطاء	Ghbook	12078	0.63763
		لماذا الكوارث ؟	آيت الله العظمي سيد محمد حسيني شيرازي	Ghbook	7800	0.63763
		سداد العباد و رشاد العباد	الشيخ حسين آل عصفور	Masaha	1460	0.63763
		السياسه من واقع الاسلام	آيت الله العظمي حسيني	Ghbook	8032	0.63762
		شَرح المُقَدّمَة الحضرمية المُسمّى بُشرى الكريم بشَرح مَسَائل التَّعليم	سَعيد بن محمد بَاعَليّ بَاعِشن الدَّوْعَنِيُّ الرباطي الحضرمي الشافعي (المتوفى: 1270هـ)	ShamAY	506	0.63761
		شرح المقدمة الحضرمية المسمى بشرى الكريم بشرح مسائل التعليم	سعيد بن محمد باعلي باعشن الدوعني الرباطي الحضرمي الشافعي (المتوفى: 1270ه)	ShamelaY19	26535	0.6376
		أثر العلم الشرعي في مواجهة العنف والعدوان	عبد العزيز بن فوزان بن صالح الفوزان	ShamAY	1145	0.63758
		روضه المتقين	ملا محمدتقي علامه مجلسي اول	Ghbook	2442	0.63758
		القضاء و الشهادات	الشيخ مرتضى الأنصاري	Masaha	1597	0.63757
		الكامل في التاريخ	أبو الحسن علي بن أبي الكرم محمد بن محمد بن عبد الكريم بن عبد الواحد الشيباني الجزري، عز الدين ابن الأثير (المتوفى: 630ه)	ShamelaY19	21712	0.63756
		نداءات رب العالمين للنبي خاتم المرسلين	أبو يوسف محمد زايد	ShamAY	33122	0.63755
		ذخيرة المعاد في شرح الإرشاد - الجزء1	المحقق السبزواري	Masaha	1269	0.63754
		القضاء و الشهادات (للشيخ الأنصاري)	الشيخ مرتضى الأنصاري	Masaha	831	0.63753
		 آداب الصحبه 	 عبد الوهاب الشعراني 	ABLibrary	8830	0.63748
		القصص القرآني - ياسر برهامي	الشيخ ياسر بن حسين برهامي	ShamAY	378	0.63746
		الإيضاح	الفضل بن شاذان الأزدي النيسابوري	Rafed	1335	0.63746
		عصمة الأنبياء	محمّد بن عمر بن الحسن بن الحسين التيمي البكري [ فخر الدين الرازي ]	Rafed	1357	0.63745
		تلقيح الأفهام العلية بشرح القواعد الفقهية	وليد بن راشد السعيدان	ShamAY	842	0.63744
		موسوعة كشاف اصطلاحات الفنون والعلوم	محمد بن علي ابن القاضي محمد حامد بن محمّد صابر الفاروقي الحنفي التهانوي (المتوفى: بعد 1158هـ)	ShamAY	1141	0.63744
		الهداية في الأصول‏ / تقريرات - الجزء1	حسن الصافي الأصفهاني	Masaha	3590	0.63743
		شرح صحيح مسلم للقاضى عياض المسمى إكمال المعلم بفوائد مسلم	عياض بن موسى بن عياض بن عمرون اليحصبي السبتي، أبو الفضل (المتوفى: 544ه)	ShamelaY19	122406	0.63742
		مقاصد الشريعة	عياض السلمي	ShamAY	37580	0.63741
		 سند العروة الوثقى - كتاب النكاح 	 الشيخ محمد السند 	ABLibrary	9550	0.6374
		درر الفوائد في الحاشية على الفرائد	الآخوند الشيخ محمد كاظم الخراساني	Masaha	3778	0.6374
		موصل الطلاب	الشيخ خالد الأزهري	Rafed	2026	0.63736
		فتح المجيد في تفسير سورة الحديد " دراسة تحليلية"	د. عوض محمد يوسف أبو عليان	ShamAY	33115	0.63734
		التعليقات على الروضة البهية	الشیخ جمال الدين الخوانساري	Masaha	1444	0.63734
		النظرات الماتعة في سورة الفاتحة	مرزوق بن هياس آل مرزوق الزهراني، الأستاذ المشارك بكلية الحديث الشريف والدراسات الإسلامية بالجامعة الإسلامية بالمدينة المنورة	ShamelaY19	132391	0.63731
		رحلة إيمانية مع رجال ونساء أسلموا	عبد الرحمن محمود	Sham19Y	2196	0.63731
		النجم الزاهر في صلاة المسافر	السيد محمد علي الحجة الكوهكمري	Masaha	5003	0.63731
		الطّراز الأوّل [ج ٦]	السيّد علي بن أحمد بن محمّد معصوم الحسيني	Rafed	494	0.6373
		المحصول في أصول الفقه	القاضي محمد بن عبد الله أبو بكر بن العربي المعافري الاشبيلي المالكي (المتوفى: 543هـ)	ShamAY	6281	0.63729
		الاسس المنهجيه في تفسير النص القرآني	عدي جواد علي الحجار	Ghbook	12282	0.63729
		تأويلات أهل السنّة تفسير الماتريدي [ج ١]	أبي منصور محمّد بن محمّد بن محمود الماتريدي	Rafed	3962	0.63728
		المحرر في علوم القرآن	د مساعد بن سليمان بن ناصر الطيار	ShamAY	31797	0.63727
		رفع الملام عن الأئمة الأعلام	تقي الدين أبو العباس أحمد بن عبد الحليم بن عبد السلام بن عبد الله بن أبي القاسم بن محمد ابن تيمية الحراني الحنبلي الدمشقي (المتوفى: 728ه)	Sham19Y	4118	0.63725
		 خلاصة المفاخر في مناقب الشيخ عبد القادر ( تتمة روح الرياحين ) 	 عبد الله بن أسعد اليافعي اليمني المكي 	ABLibrary	8800	0.63725
		الأشباه والنظائر في النحو [ج ٣]	جلال الدين عبد الرحمن بن أبي بكر السيوطي	Rafed	2069	0.63725
		صفوة الإعتبار بمستودع الأمصار و الأقطار [ج ٢]	السيّد محمّد بيرم الخامس التونسي	Rafed	2396	0.63723
		الفصول المهمة في معرفة الأئمة(ع) - الجزء1	ابن صباغ المالكي‏	Masaha	2915	0.63722
		تطور علم أصول الفقه وتجدده (وتأثره بالمباحث الكلامية)	د. عبد السلام بلاجي	ShamAY	34202	0.63721
		الدولَة الأمويَّة عَواملُ الازدهارِ وَتَداعيات الانهيار	عَلي محمد محمد الصَّلاَّبي	ShamAY	942	0.63721
		معارج الأصول	الشيخ نجم الدين أبي القاسم جعفر بن الحسن بن يحيى بن سعيد الهذلي [ المحقق الحلّي ]	Rafed	271	0.63721
		كتاب القضاء - الجزء1	الميرزا حبيب الله الرشتي	Masaha	1758	0.63721
		 الوهابية في الميزان 	 الشيخ السبحاني 	ABLibrary	8678	0.6372
		معجم البلدان	شهاب الدين أبو عبد الله ياقوت بن عبد الله الرومي الحموي (المتوفى: 626ه)	ShamelaY19	23735	0.63719
		مسألة في الكنائس	تقي الدين أبو العباس أحمد بن عبد الحليم بن عبد السلام بن عبد الله بن أبي القاسم بن محمد ابن تيمية الحراني الحنبلي الدمشقي (المتوفى: 728ه)	Sham19Y	22651	0.63718
		تحذير المسلمين من القبوريين	محمد بن عبد الله الإمام	ShamAY	35733	0.63715
		بدائع الأفكار	الميرزا حبيب الله الرشتي	Masaha	3182	0.63715
		بدائع الأفكار	الميرزا حبيب الله الرشتي	Masaha	2669	0.63715
		 رسالة في الإجتهاد والتقليد 	 مرتضى بن محمد الاردكانى اليزدى 	ABLibrary	9448	0.63713
		يسئلونك عن ... الاسئله المطروحه علي النبي الاكرم صلي الله عليه واله و سلم في الق...	آيت الله العظمي ناصرمكارم شيرازي	Ghbook	11971	0.63713
		الفواكه العذاب في الرد على من لم يحكم السنة والكتاب	حمد بن ناصر بن عثمان بن معمر النجدي التميمي الحنبلي (المتوفى: 1225هـ)	ShamAY	1	0.63711
		الوجوه والنظائر لأبي هلال العسكري - معتزلي	أبو هلال الحسن بن عبد الله بن سهل بن سعيد بن يحيى بن مهران العسكري (المتوفى: نحو 395ه)	ShamelaY19	37586	0.63711
		 أبكار الأفكار في أصول الدين 	 سيف الدين الآمدي 	ABLibrary	8315	0.63711
		شرح أصول السنة للإمام أحمد	عبد الله بن عبد الرحمن بن عبد الله بن إبراهيم بن فهد بن حمد بن جبرين (المتوفى: 1430هـ)	ShamAY	1114	0.6371
		 رسائل ومقالات 	 الشيخ السبحاني 	ABLibrary	8441	0.6371
		المحرّر الوجيز في تفسير الكتاب العزيز [ج ٤]	أبي محمّد عبدالحقّ بن غالب بن عطيّة الأندلسي	Rafed	3301	0.63708
		تراثنا ـ العددان [ 50 و 51 ]	مؤسسة آل البيت عليهم السلام لإحياء التراث ـ قم	Rafed	3188	0.63707
		الشرك في القديم والحديث	أبو بكر محمد زكريا	Sham19Y	145209	0.63706
		 دعوة الأطباء 	 ابن بطلان ( ابن عبدون ) 	ABLibrary	9862	0.63705
		شبهات حول الصحابة ذو النورين عثمان	ابن تيمية	ShamAY	37807	0.63701
		الاستنفار للذب عن الصحابة الأخيار	سليمان بن ناصر العلوان	ShamAY	35657	0.637
		دروس الهجرة - عطية سالم	عطية بن محمد سالم (المتوفى: 1420هـ)	ShamAY	420	0.63697
		النّحو الوافي [ج ١]	عبّاس حسن	Rafed	2576	0.63696
		الحاوي للفتاوي في الفقه وعلوم التفسير والحديث والأصول والنحو والإعراب وسائر الفنون	جلال الدين عبد الرحمن بن أبي بكر السيوطي	ShamAY	34351	0.63693
		أساليب بلاغية، الفصاحة - البلاغة - المعاني	أحمد مطلوب أحمد الناصري الصيادي الرفاعي	ShamAY	32337	0.63692
		خطب المسجد الحرام - عام 1432 هـ	مجموعة من المؤلفين	ShamAY	1171	0.63692
		الدر الثمين والمورد المعين (شرح المرشد المعين على الضروري من علوم الدين)	محمد بن أحمد ميارة المالكي	ShamAY	31820	0.63692
		مصادر الشعر الجاهلي	ناصر الدين الأسد	Sham19Y	2055	0.63691
		بحوث لبعض النوازل الفقهية المعاصرة	بعض طلبة العلم	ShamAY	2031	0.63689
		 إعلام النبلاء بتاريخ حلب الشهباء 	 محمد راغب الطباخ الحلبي 	ABLibrary	8960	0.63689
		اعتقاد الجن بامامها علي عليه السلام (الاحراز الالهية والنبوية للتخلص من الشياطين...	نجاح الطائي	Ghbook	16508	0.63689
		الفرقان في بيان إعجاز القرآن	أبو محمد عبد الكريم بن صالح بن عبد الكريم الحميد	ShamAY	1070	0.63688
		الشرح المختصر لنخبة الفكر لابن حجر العسقلاني	أبو المنذر محمود بن محمد بن مصطفى بن عبد اللطيف المنياوي	ShamAY	1109	0.63685
		الآمل والمأمول	ينسب لأبي عثمان عمرو بن بحر الجاحظ (المتوفى: 255ه) ، ولا يقطع بنسبته إليه، والأرحج أنه لابن المزبان الباحث	Sham19Y	594	0.63683
		 الطراز الأول والكناز لما عليه من لغة العرب المعول 	 ابن معصوم المدني 	ABLibrary	7951	0.63681
		المَطَالِعُ النَّصرية للمَطَابِعِ المصريَّةِ في الأصُول الخَطيَّةِ	نصر (أبو الوفاء) ابن الشيخ نصر يونس الوفائي الهوريني الأحمدي الأزهري الأشعري الحنفي الشافعيّ (المتوفى: 1291هـ)	ShamAY	32171	0.6368
		 الجامع اللطيف 	 ابن ظهيرة 	ABLibrary	9031	0.6368
		 فوائح الجمال وفواتح الجلال 	 نجم الدين الكبرى 	ABLibrary	8731	0.6368
		الختّارين المجددين وإخوان الشياطين	أحمد بن محمد السعيد العزيزي	ShamAY	33492	0.63679
		معدن الجواهر ورياضة الخواطر	أبي الفتح محمّد بن علي الكراجكي	Rafed	1775	0.63679
		المقتطفات	عيدروس بن احمد السقاف ابن رويش اندونيسي	Ghbook	8356	0.63679
		المسؤوليات الإدارية للأسرة في الشريعة الإسلاميَّة والاجتهادات الفقهيَّة ومدى موافقتها للعقل السليم والفطرة الإنسانيَّة	الدكتور محمد محروس المدرس الأعظمي	ShamAY	35181	0.63678
		 تاريخ المدينة المنورة ( نصيحة المشاور وتسلية المجاور ) ( ط القاهرة ) 	 ابن فرحون 	ABLibrary	8999	0.63678
		منظومة مصباح الراوي في علم الحديث	عبد الله بن فودي	ShamAY	37293	0.63676
		فتح القدير للكمال ابن الهمام	كمال الدين محمد بن عبد الواحد السيواسي المعروف بابن الهمام (المتوفى: 861ه)	ShamelaY19	21744	0.63676
		نور على الدرب .. كلمات في الدعوة والمنهاج	هشام بن فهمي بن موسى العارف	ShamAY	33315	0.63671
		الزاهر في غريب ألفاظ الشافعي	محمد بن أحمد بن الأزهري الهروي، أبو منصور (المتوفى: 370ه)	Sham19Y	11319	0.63665
		 بيان الفقه في شرح العروة الوثقى ( الاجتهاد والتقليد ) 	 السيد صادق الحسيني الشيرازي 	ABLibrary	9664	0.63664
		أيسر التفاسير لكلام العليّ الكبير [ج ٤]	أبي بكر جابر الجزائري	Rafed	3467	0.63664
		سلاح اليقظان لطرد الشيطان	الواحدي :: عبد العزيز السلمان	ShamAY	35001	0.63663
		الشفاعة في الحديث النبوي	أبو ذر عبد القادر بن مصطفى بن عبد الرزاق المحمدي	ShamelaY19	95695	0.63663
		التعليق على القواعد المثلى	عبد الرحمن بن ناصر بن براك بن إبراهيم البراك	ShamAY	32464	0.63662
		مراح لبيد لكشف معنى القرآن المجيد	محمد بن عمر نووي الجاوي البنتني إقليما، التناري بلدا (المتوفى: 1316هـ)	ShamAY	22769	0.63661
		الوجيز المفيد في تبيان أسباب ونتائج قتل عثمان بن عفان	مصطفى يونس الراقي الفاخري	ShamAY	2034	0.6366
		مستمسك العروة الوثقى [ج ١١]	آية الله السيد محسن الطباطبائي الحكيم	Rafed	419	0.6366
		المحصول في أصول الفقه	القاضي محمد بن عبد الله أبو بكر بن العربي المعافري الاشبيلي المالكي (المتوفى: 543ه)	Sham19Y	6281	0.63659
		المجموع المغيث في غريبي القرآن والحديث	محمد بن عمر بن أحمد بن عمر بن محمد الأصبهاني المديني، أبو موسى (المتوفى: 581هـ)	ShamAY	32114	0.63658
		الاختلاط بين الرجال والنساء، أحكام وفتاوى - ثمار مرة وقصص مخزية - كشف 136 شبهة لدعاة الاختلاط	شحاتة صقر	ShamAY	1267	0.63654
		منهج الدعوة في ضوء الواقع المعاصر	عدنان بن محمد آل عرعور	ShamelaY19	147603	0.63654
		الإمامة والقيادة	د. أحمد عزالدين	Masaha	131	0.63653
		خطب المسجد الحرام - عام 1432 ه	مجموعة من المؤلفين	ShamelaY19	37755	0.63652
		النور الساطع في الفقه النافع‏  - الجزء1	الشيخ كاشف الغطاء	Masaha	3583	0.6365
		أخبار الشيعة وأحوال رواتها	الألوسي، محمود شكري	ShamAY	35891	0.63649
		ديوان أبي فراس الحمداني	أبو فراس الحمداني	ShamAY	37823	0.63647
		كتاب التوحيد وقرة عيون الموحدين في تحقيق دعوة الأنبياء والمرسلين	عبد الرحمن بن حسن بن محمد بن عبد الوهاب بن سليمان التميمي	ShamAY	11334	0.63646
		التحف في مذاهب السلف ت حلاق	محمد بن علي بن محمد بن عبد الله الشوكاني اليمني (المتوفى: 1250ه)	Sham19Y	37030	0.63645
		التذكرة الحمدونية	محمد بن الحسن بن محمد بن علي بن حمدون، أبو المعالي، بهاء الدين البغدادي (المتوفى: 562هـ)	ShamAY	10646	0.63642
		تقريب القرآن الي الاذهان	آيت الله العظمي سيد محمد حسيني شيرازي	Ghbook	10119	0.63641
		الآمل والمأمول	ينُسب لأبي عثمان عمرو بن بحر الجاحظ (المتوفى: 255هـ) ، ولا يُقطع بنسبته إليه، والأرحج أنه لابن المزبان الباحث	ShamAY	594	0.6364
		الإخنائية أو الرد على الإخنائي ت زهوي	تقي الدين أبو العباس أحمد بن عبد الحليم بن عبد السلام بن عبد الله بن أبي القاسم بن محمد ابن تيمية الحراني الحنبلي الدمشقي (المتوفى: 728ه)	ShamelaY19	37816	0.6364
		مصباح الفقيه [ج ٣]	الشيخ آقا رضا الهمداني	Rafed	1862	0.63639
		الأخلاق الزكية في آداب الطالب المرضية	أحمد بن يوسف بن محمد الأهدل	ShamAY	2027	0.63638
		مجالس شهر رمضان	محمد بن صالح بن محمد العثيمين (المتوفى: 1421هـ)	ShamAY	32243	0.63636
		المختصر في علم الأثر (مطبوع ضمن كتاب: رسالتان في المصطلح)	محمد بن سليمان بن سعد بن مسعود الرومي الحنفي محيي الدين، أبو عبد الله الكافِيَجي (المتوفى: 879هـ)	ShamAY	5975	0.63635
		التذكرة في أحوال الموتى وأمور الآخرة - ط العلمية	الواحدي :: القرطبي، شمس الدين	ShamAY	33749	0.63632
		كتاب الصلاة - الجزء1	الميرزا محمد حسين الغروي النائيني	Masaha	5142	0.63632
		الحياة السياسية للإمام الرضا عليه السلام	السيد جعفر مرتضى العاملي	Rafed	628	0.63631
		تقويم النظر في مسائل خلافية ذائعة، ونبذ مذهبية نافعة	محمد بن علي بن شعيب، أبو شجاع، فخر الدين، ابن الدَّهَّان (المتوفى: 592هـ)	ShamAY	6337	0.63628
		نشر المحاسن اليمانية في خصائص اليمن ونسب القحطانية	عبد الرحمن بن علي ابن ديبع	Masaha	4524	0.63628
		سلسلة التفسير لمصطفى العدوي	أبو عبد الله مصطفى بن العدوى شلباية المصري	ShamAY	7695	0.63627
		كتاب الخمس (للشيخ الأنصاري)	الشيخ مرتضى الأنصاري	Masaha	819	0.63624
		قطف الجنى المستطاب	زيد بن محمد المدخلي	ShamAY	32982	0.63623
		ثورة الحسين ظروفها الإجتماعيّة وآثارها الإنسانيّة	الشيخ محمّد مهدي شمس الدّين	Rafed	1552	0.63623
		شرح التسهيل لابن مالك	محمد بن عبد الله، ابن مالك الطائي الجياني، أبو عبد الله، جمال الدين (المتوفى: 672هـ)	ShamAY	31770	0.63622
		 خطط الشام 	 محمد كرد علي 	ABLibrary	9057	0.63622
		قرة العين لشرح ورقات إمام الحرمين	أبو عبد الله محمد بن محمد بن عبد الرحمن الرعيني المالكي المعروف بالحطاب	ShamAY	37540	0.63621
		التفسير الموضوعي للقرآن الكريم ونماذج منه	أحمد بن عبد الله الزهراني	ShamAY	4185	0.63621
		ينابيع الأحكام [ج ٥]	السيّد علي الموسوي القزويني	Rafed	1482	0.63621
		الحدائق الناضرة [ج ١٢]	الشيخ يوسف بن أحمد البحراني [ صاحب الحدائق ]	Rafed	2848	0.63621
		كيفية دعوة الوثنيين إلى الله تعالى في ضوء الكتاب والسنة	د. سعيد بن علي بن وهف القحطاني	ShamelaY19	96517	0.6362
		التقرير والتحبير علي تحرير الكمال بن الهمام	أبو عبد الله، شمس الدين محمد بن محمد بن محمد المعروف بابن أمير حاج ويقال له ابن الموقت الحنفي (المتوفى: 879ه)	ShamelaY19	21605	0.63617
		 التوضيح الأنور بالحجج الواردة لدفع شبه الأعور 	 الشيخ خضر الرازي الحبلرودي 	ABLibrary	8399	0.63617
		شرح حديث جابر في صفة حج النبي صلى الله عليه وسلم	عبد الكريم بن عبد الله بن عبد الرحمن بن حمد الخضير	ShamAY	69	0.63615
		سلسلة الأحاديث الضعيفة والموضوعة وأثرها السيئ في الأمة	أبو عبد الرحمن محمد ناصر الدين، بن الحاج نوح بن نجاتي بن آدم، الأشقودري الألباني (المتوفى: 1420ه)	Sham19Y	12762	0.63614
		تمهيد الأوائل في تلخيص الدلائل	محمد بن الطيب بن محمد بن جعفر بن القاسم، القاضي أبو بكر الباقلاني المالكي (المتوفى: 403هـ)	ShamAY	6389	0.63612
		محمد يوسف موسى الفقيه الفليسوف والمصلح المجدد	محمد الدسوقي	ShamAY	38622	0.63609
		أطيب النشر في تفسير الوصايا العشر	مرزوق بن هياس الزهراني	ShamAY	22750	0.63609
		التحصين من كيد الشياطين	د خالد بن عبد الرحمن بن علي الجريسي	Sham19Y	7835	0.63609
		جواهر الكلام [ج ٢٥]	الشيخ محمّد حسن النّجفي	Rafed	659	0.63607
		مستمسك العروة الوثقى [ج ٦]	آية الله السيد محسن الطباطبائي الحكيم	Rafed	414	0.63605
		عداله الصحابه	آيت الله العظمي جعفر سبحاني	Ghbook	5063	0.63605
		الكفر بالله وأثره في الأرض	نجم الباز	ShamAY	33497	0.63603
		مبادئ الوصول الى علم الاصول	الحسن بن يوسف بن علي المطّهر [ العلامة الحلّي ]	Rafed	126	0.63603
		التحرير شرح الدليل (شرح دليل الطالب) - كتاب الطهارة	أبو المنذر محمود بن محمد بن مصطفى بن عبد اللطيف المنياوي	ShamelaY19	36194	0.636
		حياة الإمام الحسين عليه السلام [ج ٣]	باقر شريف القرشي	Rafed	1622	0.636
		هيا بنا نؤمن ساعة - مجدي الهلالي	مجدي الهلالي	ShamAY	289	0.63595
		علم الإمام	الشيخ محمد حسين المظفر	Masaha	353	0.63595
		القيم الإسلامية	-	ShamAY	1918	0.63594
		الباعث الحثيث شرح اختصار علوم الحديث ط ابن الجوزي	عماد الدين أبو الفداء إسماعيل ابن كثير - أبو الأشبال أحمد محمد شاكر	ShamelaY19	150481	0.63594
		الإيمان بين السلف والمتكلمين	أحمد بن عطية بن علي الغامدي	ShamAY	7563	0.63593
		معانى القرآن للأخفش [معتزلى]	أبو الحسن المجاشعي بالولاء، البلخي ثم البصري، المعروف بالأخفش الأوسط (المتوفى: 215هـ)	ShamAY	22371	0.6359
		التَّنويرُ شَرْحُ الجَامِع الصَّغِيرِ	محمد بن إسماعيل بن صلاح بن محمد الحسني، الكحلاني ثم الصنعاني، أبو إبراهيم، عز الدين، المعروف كأسلافه بالأمير (المتوفى: 1182هـ)	ShamAY	31690	0.6359
		مسلم بن عقيل عليه السلام	محمد البغدادي	Ghbook	12329	0.6359
		 التعليقة على الرسالة الصومية ( مع تعليقات الخاجوئي ) 	 الشيخ البهائي العاملي 	ABLibrary	9349	0.63589
		فاجعة الطف	السيد محمد سعيد الطباطبائي الحكيم	Masaha	607	0.63589
		المواسم والمراسم	السيد جعفر مرتضى العاملي	Rafed	78	0.63587
		مذكرة - ما نهى عنه الإسلام	عبد الله بن سفر عباده العبدلي الغامدي	ShamAY	36362	0.63586
		وجوب محبة النبي صلى الله عليه وسلم وأصحابه	العلامة الشيخ عبد الرزاق عفيفي	ShamAY	35588	0.63586
		الأساليب والإطلاقات العربية	أبو المنذر محمود بن محمد بن مصطفى بن عبد اللطيف المنياوي	ShamelaY19	36193	0.63586
		القواعد للحصني	أبو بكر بن محمد بن عبد المؤمن المعروف ب «تقي الدين الحصني» (المتوفى: 829 ه)	ShamelaY19	127669	0.63585
		مواهب الفتّاح في شرح تلخيص المفتاح [ج ٢]	أبي العبّاس أحمد بن محمّد بن محمّدابن يعقوب المغربي	Rafed	2210	0.63583
		الشكوى والعتاب وما وقع للخلان والأصحاب	[ينسب لـ]عبد الملك بن محمد بن إسماعيل أبو منصور الثعالبي (المتوفى: 429هـ)	ShamAY	22892	0.63582
		الفقه، القواعد الفقهية	السيد محمد الحسيني الشيرازي	Masaha	3466	0.63582
		الوجوه والنظائر لأبي هلال العسكري - معتزلي	أبو هلال الحسن بن عبد الله بن سهل بن سعيد بن يحيى بن مهران العسكري (المتوفى: نحو 395هـ)	ShamAY	1098	0.6358
		المنصف للسارق والمسروق منه	الحسن بن علي الضبي التنيسي أبو محمد، المعروف بابن وكيع (المتوفى: 393هـ)	ShamAY	31373	0.63579
		الطبّ النبوي	شمس الدّين محمّد بن أبي بكر بن أيّوب الزّرعي [ ابن قيّم الجوزيّة ]	Rafed	1430	0.63579
		أسنى المتاجر وبيان أحكام من غلب على وطنه النصاري ولم يهاجر وما يترتب عليه من العقوبات والزواجر	أحمد بن يحيى بن محمد الونشريسي التلمساني، أبو العباس المالكي (المتوفى: 914هـ)	ShamAY	6243	0.63577
		الرأي السديد في الاجتهاد والتقليد والاحتياط والقضاء / تقريرات	الشيخ غلام رضا عرفانيان اليزدي	Masaha	3451	0.63577
		الموالاة والمعاداة في الشريعة الإسلامية	محماس بن عبد الله بن محمد الجلعود	ShamAY	485	0.63575
		 أدب الطبيب 	 اسحاق بن علي الرهاوي 	ABLibrary	9814	0.63575
		 الرحلة إلى مصر والسودان والحبشة 	 اولياء چلبي 	ABLibrary	9088	0.63574
		نفحات الأزهار في خلاصة عبقات الأنوار [ج ١٢]	السيّد علي الحسيني الميلاني	Rafed	457	0.63574
		الإخلاص وأثره في قبول الأعمال	الواحدي :: عبد الله الطيار	ShamAY	34936	0.63573
		 تسليك النفس الى حظيرة القدس 	 العلامة الحلي 	ABLibrary	8383	0.6357
		الاعتصام بالكتاب و السنه	آيت الله العظمي جعفر سبحاني	Ghbook	7525	0.6357
		الدرر البهية في المسائل الفقهية وعليه الغرر النقية	الواحدي :: الشوكاني	ShamAY	36516	0.63569
		شرح لمعة الاعتقاد للحازمي	أبو عبد الله، أحمد بن عمر بن مساعد الحازمي	ShamAY	540	0.63567
		تأريخ القرآن	الدكتور محمد حسين علي الصّغير	Rafed	45	0.63567
		كيف تطلب العلم؟	ابن جبرين	ShamAY	34991	0.63564
		 البراهين الجلية 	 السيد محمد حسن القزويني الحائري 	ABLibrary	822	0.63561
		رفع الملام عن الأئمة الأعلام	تقي الدين أبو العَباس أحمد بن عبد الحليم بن عبد السلام بن عبد الله بن أبي القاسم بن محمد ابن تيمية الحراني الحنبلي الدمشقي (المتوفى: 728هـ)	ShamAY	4118	0.6356
		معين الحكام فيما يتردد بين الخصمين من الأحكام	أبو الحسن، علاء الدين، علي بن خليل الطرابلسي الحنفي (المتوفى: 844ه)	ShamelaY19	21600	0.6356
		شَرْحُ صَحِيح مُسْلِمِ لِلقَاضِى عِيَاض المُسَمَّى إِكمَالُ المُعْلِمِ بفَوَائِدِ مُسْلِم	عياض بن موسى بن عياض بن عمرون اليحصبي السبتي، أبو الفضل (المتوفى: 544هـ)	ShamAY	31714	0.63557
		أصول النحو 2 - جامعة المدينة	مناهج جامعة المدينة العالمية	ShamAY	1651	0.63555
		اهل البيت عليهم السلام في مصر	عدة من الباحثين	Ghbook	9168	0.63555
		الإعتقادات	الشيخ الصدوق	Masaha	84	0.63553
		الحياة السياسية للإمام الرضا(ع)	السيد جعفر مرتضى العاملي	Masaha	510	0.63553
		أباطيل وأسمار	محمود شاكر أبو فهر	ShamAY	33796	0.63552
		أعذار المتقاعسين	يحيى بن إبراهيم اليحيى	ShamAY	35132	0.63552
		شرح (مسائل الجاهلية لمحمد بن عبد الوهاب)	صالح بن فوزان بن عبد الله الفوزان	ShamAY	11265	0.63551
		القصص القرآني - ياسر برهامي	الشيخ ياسر بن حسين برهامي	Sham19Y	37005	0.63551
		اُصول الفقه	الشيخ محمّد رضا المظفّر	Rafed	1674	0.63551
		موسوعه توقيعات الامام المهدي ( عجل الله تعالي فرجه الشريف )	محمد تقي اكبر نژاد	Ghbook	885	0.63551
		الحبل المتين في أحكام الدين	الشيخ البهائي	Masaha	1140	0.63551
		التذكرة الحمدونية	محمد بن الحسن بن محمد بن علي بن حمدون، أبو المعالي، بهاء الدين البغدادي (المتوفى: 562ه)	Sham19Y	10646	0.6355
		وسطية أهل السنة بين الفرق (رسالة دكتوراة)	محمد با كريم محمد با عبد الله	Sham19Y	7334	0.6355
		حاشية السندي على سنن النسائي (مطبوع السنن)	عبد الرحمن بن أبي بكر، جلال الدين السيوطي (المتوفى: 911هـ)	ShamAY	360	0.63549
		دليل الداعية	ناجي بن دايل السلطان	ShamelaY19	23103	0.63549
		أساليب الغزو الفكري للعالم الإسلامي	علي محمد جريشه - محمد شريف الزيبق	ShamAY	7258	0.63548
		كنوز في الرقية والطب النبوي	أبو أحمد كمال مختار إسماعيل	ShamAY	34907	0.63547
		فتح القدير [ج ٥]	محمد بن علي بن محمد الشوكاني	Rafed	3967	0.63544
		مفهوم تجديد الدين	بسطامي محمد سعيد خير	ShamAY	32349	0.63542
		منتخب الانوار المضيئه - في  ذكر القائم الحجه ( عليه السلام )	علي بن عبدالكريم بهاءالدين نيلي	Ghbook	2617	0.63542
		أوجه التعارض في الحديث الشريف	لطفي بن محمد الزغير	ShamAY	37362	0.6354
		كيف أخدم الإسلام؟	عبد الملك بن محمد القاسم	Sham19Y	36553	0.6354
		مسامرات الظريف بحسن التعريف	محمد بن عثمان بن محمد السنوسي، أبو عبد الله (المتوفى: 1318ه)	Sham19Y	5440	0.63538
		روضة المحبين ونزهة المشتاقين - ط عالم الفوائد	ابن القيم	ShamAY	38393	0.63537
		مسألة في الكنائس	تقي الدين أبو العباس أحمد بن عبد الحليم بن عبد السلام بن عبد الله بن أبي القاسم بن محمد ابن تيمية الحراني الحنبلي الدمشقي (المتوفى: 728هـ)	ShamAY	22651	0.63536
		الماء [ج ٣]	أبو محمّد عبدالله بن محمّد الأزدي [ ابن الذهبي ]	Rafed	3152	0.63536
		مجموع فتاوى ورسائل العثيمين	محمد بن صالح بن محمد العثيمين (المتوفى : 1421هـ)	ShamAY	12293	0.63535
		مسامرات الظريف بحسن التعريف	محمد بن عثمان بن محمد السنوسي، أبو عبد الله (المتوفى: 1318هـ)	ShamAY	5440	0.63535
		التذكرة في أحوال الموتى وأمور الآخرة - ط العصرية	أبو عبد الله محمد بن أحمد بن أبي بكر بن فرح الأنصاري الخزرجي شمس الدين القرطبي (المتوفى: 671هـ)	ShamAY	33760	0.63535
		إسلامية لا وهابية	د. ناصر بن عبد الكريم العقل	Sham19Y	30888	0.63535
		تتمة صوان الحكمة	أبو الحسن ظهير الدين علي بن زيد بن محمد بن الحسين البيهقي، الشهير بابن فندمه (المتوفى: 565هـ)	ShamAY	273	0.63533
		تصحيح و تحشية علي الحضارةالاسلامية في القرن الرابع	آيت الله العظمي محمد رحمتي سيرجاني	Ghbook	12197	0.63532
		المرأة بين الفقه والقانون	مصطفى بن حسني السباعي (المتوفى: 1384هـ)	ShamAY	936	0.6353
		أسنى المتاجر وبيان أحكام من غلب على وطنه النصاري ولم يهاجر وما يترتب عليه من العقوبات والزواجر	أحمد بن يحيى بن محمد الونشريسي التلمساني، أبو العباس المالكي (المتوفى: 914ه)	Sham19Y	6243	0.6353
		معالم عصر الخلفاء الراشدين	علي بن نايف الشحود	ShamAY	35795	0.63528
		موسوعة كشاف اصطلاحات الفنون والعلوم	محمد بن علي ابن القاضي محمد حامد بن محمد صابر الفاروقي الحنفي التهانوي (المتوفى: بعد 1158ه)	Sham19Y	2573	0.63528
		الحد الفاصل بين الحق والباطل حوار مع بكر أبي زيد	ربيع بن هادي المدخلي	ShamAY	32996	0.63527
		العباس بن علي عليهما السلام	باقر شريف القرشي	Rafed	14	0.63527
		عيد الغدير اعظم الاعياد في الاسلام	آيت الله العظمي سيد محمد حسيني شيرازي	Ghbook	7767	0.63527
		ترتيب العلوم للمرعشي	محمد بن أبي بكر المرعشي الشهير بساجقلي زاده (المتوفى: 1145 هـ)	ShamAY	38978	0.63524
				ShamAY	38963	0.63524
		كلمات في الدعوة والمنهاج	هشام بن فهمي بن موسى العارف	ShamAY	33404	0.63523
		عيون الأنباء في طبقات الأطباء	أحمد بن القاسم بن خليفة بن يونس الخزرجي موفق الدين، أبو العباس ابن أبي أصيبعة (المتوفى: 668هـ)	ShamAY	6687	0.63522
		إسلامية لا وهابية	د. ناصر بن عبد الكريم العقل	ShamAY	30888	0.63522
		ذوق الصلاة عند ابن القيم - رحمه الله -	عادل بن عبد الشكور بن عباس الزرقي	ShamAY	32101	0.63522
		التأويل بين ضوابط الأصوليين وقراءات المعاصرين	إبراهيم محمد طه بويداين	ShamAY	35609	0.63521
		أزمة الخلافة والإمامة وآثارها المعاصرة	د. أسعد القاسم	Masaha	76	0.63521
		حجية القياس والرد علي المخالفين	يوسف بن عبد الرحمن	ShamAY	1749	0.63517
		الدنيا ظل زائل	عبد الملك بن محمد القاسم	ShamelaY19	36559	0.63517
		 مكاتيب الأئمة ( ع ) 	 علي الأحمدي الميانجي 	ABLibrary	7779	0.63517
		ثقافه الارهاب في كتب الوهابيه	صالح ورداني	Ghbook	10555	0.63517
		العباس بن علي عليهما السلام	الشيخ باقر شريف القرشي	Masaha	1726	0.63516
		دروس للشيخ عمر سعود العيد	عمر بن سعود بن فهد العيد	ShamAY	7733	0.63515
		التعازي [والمراثي والمواعظ والوصايا]	محمد بن يزيد بن عبد الأكبر الثمالى الأزدي، أبو العباس، المعروف بالمبرد (المتوفى: 285ه)	ShamelaY19	21554	0.63515
		العدالة في أنظمة المجتمع الاسلامي	محمد أحمد عبد الغني	ShamAY	36490	0.63514
		آداب سفر حج	علي قاضي عسكر	Ghbook	10514	0.63513
		أقوم المسالك في معرفة أحوال الممالك‏  - الجزء1	خير الدين التونسي	Masaha	4392	0.63513
		طيب المذاق من ثمرات الأوراق - دار الفتح	تقي الدين أبو بكر بن علي بن عبد الله التقي الحموي المعروف بابن حجة	ShamAY	33786	0.63512
		الأمر بالمعروف والنهي عن المنكر لابن تيمية	تقي الدين أبو العباس أحمد بن عبد الحليم بن عبد السلام بن عبد الله بن أبي القاسم بن محمد ابن تيمية الحراني الحنبلي الدمشقي (المتوفى: 728ه)	ShamelaY19	30903	0.63512
		الاقتراح في أصول النحو ط البيروتي	عبد الرحمن بن أبي بكر، جلال الدين السيوطي (المتوفى: 911هـ)	ShamAY	31827	0.63509
		 ترتيب السلوك ( ويليها رسالة في أدب العلم / بيان فضل خيار الناس والكشف عن مكر الوسواس للغماري ) 	 ابن عطاء الله السكندري 	ABLibrary	8790	0.63509
		معركة النص	فهد بن صالح العجلان	ShamAY	32421	0.63508
		فتاوى الشيخ أبي عبد المعز محمد علي فركوس الجزائري	محمد علي فركوس الجزائري	ShamAY	37665	0.63508
		الاتجاهات العامة للاجتهاد ومكانة الحديث الآحادي الصحيح فيها	نور الدين محمد عتر الحلبي	ShamAY	1701	0.63507
		درر الفوائد	الشيخ عبد الكريم الحائري اليزدي	Masaha	3785	0.63507
		المحاضرات / تقريرات - الجزء1	السيد جلال الدين الطاهري الاصفهاني	Masaha	3483	0.63505
		معاوية بن أبي سفيان - شخصيته وعصره	عَلي محمد محمد الصَّلاَّبي	ShamAY	342	0.63504
		 دعائم الإسلام 	 القاضي النعمان المغربي 	ABLibrary	826	0.63504
		شخصيات من الحرمين الشريفين: مجموعه من الباحثين	مركز تحقيقات حج	Ghbook	11360	0.63504
		 أقطاب الدوائر 	 الشيخ عبد الحسين 	ABLibrary	878	0.63503
		التحف في مذاهب السلف ت حلاق	محمد بن علي بن محمد بن عبد الله الشوكاني اليمني (المتوفى: 1250هـ)	ShamAY	53	0.635
		معجم البلدان	شهاب الدين أبو عبد الله ياقوت بن عبد الله الرومي الحموي (المتوفى: 626ه)	Sham19Y	23735	0.63499
		الأعضاء والنفس	الترمذي، الحكيم	Sham19Y	6794	0.63498
		بحوث اخلاقيه	آيت الله العظمي حسيني	Ghbook	8083	0.63498
		فتاوى الشيخ مشهور بن حسن آل سلمان	الواحدي :: مشهور آل سلمان	ShamAY	37666	0.63497
		غيث العقيدة السلفية شرح منظومة الحائية	خالد بن إبراهيم الصقعبي	ShamAY	35552	0.63497
		تدريب الراوي في شرح تقريب النواوي	عبد الرحمن بن أبي بكر، جلال الدين السيوطي (المتوفى: 911هـ)	ShamAY	9329	0.63497
		الامثل في تفسير كتاب الله المنزل	آيت الله العظمي ناصرمكارم شيرازي	Ghbook	10771	0.63497
		إلزام الناصب في إثبات الحجة الغائب(عج) - الجزء1	علي اليزدي الحائري‏	Masaha	1861	0.63494
		مختصر تسهيل العقيدة الإسلامية	عبد الله بن عبد العزيز بن حمادة الجبرين	ShamAY	11384	0.63492
		الفاضل	محمد بن يزيد بن عبد الأكبر الثمالى الأزدي، أبو العباس، المعروف بالمبرد (المتوفى: 285هـ)	ShamAY	10508	0.63492
		تراثنا ـ العدد [ 65 ]	مؤسسة آل البيت عليهم السلام لإحياء التراث ـ قم	Rafed	3279	0.63492
		قاعدة لا ضرر ولا ضرار	السيد علي الحسيني‌ السيستاني	Masaha	1744	0.63492
		الواسطة في معرفة أحوال مالطة، وكشف المخبأ عن فنون أوروبة	أحمد فارس الشدياق	Masaha	4560	0.63492
		إشارات الإعجاز في مظان الإيجاز	بديع الزمان سعيد النورسي (المتوفى: 1379هـ)	ShamAY	7849	0.63491
		جامع المقاصد في شرح القواعد [ج ١]	الشيخ عليّ بن الحسين بن عبد العالي الكركي	Rafed	545	0.63491
		مشكلة السرف في المجتمع المسلم وعلاجها في ضوء الإسلام	عبد الله بن إبراهيم الطريقي	ShamelaY19	31270	0.63488
		 معرفة الإمام 	 السيد محمد حسين الطهراني 	ABLibrary	8895	0.63487
		حقيقة العبودية	مجدي الهلالي	ShamAY	278	0.63486
		كيف نفهم الرّسالة العمليّة [ج ١]	محمد مهدي المؤمن	Rafed	1100	0.63483
		شرح الحموية - يوسف الغفيص	يوسف بن محمد علي الغفيص	ShamelaY19	37776	0.63482
		تيسير العزيز الحميد شرح كتاب الحقائق في التوحيد		ShamAY	35525	0.6348
		شبهات الرافضة حول الصحابة والخلفاء الراشدين	علي بن نايف الشحود	ShamAY	35272	0.6348
		 كتاب الماء 	 ابن الذهبي 	ABLibrary	7944	0.63478
		أنوار الأصول [ج ٣]	الناشر: مدرسة الإمام علي بن أبي طالب عليه السلام	Rafed	939	0.63477
		الفواكه العذاب في الرد على من لم يحكم السنة والكتاب	حمد بن ناصر بن عثمان بن معمر النجدي التميمي الحنبلي (المتوفى: 1225ه)	Sham19Y	1	0.63476
		شبهات الرافضة حول الصحابة رضي الله عنهم وردها	علي بن نايف الشحود	ShamAY	35271	0.63474
		 الأعلاق النفيسة ( ويليه كتاب البلدان لليعقوبي ) 	 أحمد بن عمر ( ابن رسته ) / ابن واضح الكاتب ( اليعقوبي ) 	ABLibrary	8933	0.63473
		جواهر البلاغة	احمد الهاشمي	Rafed	37	0.63469
		 شرح المقاصد 	 التفتازاني 	ABLibrary	8464	0.63467
		 رحلات في فارس 	 ژان شاردن ( تعريب : صلاح صلاح ) 	ABLibrary	9124	0.63466
		كتاب التلخيص في أصول الفقه	عبد الملك بن عبد الله بن يوسف بن محمد الجويني، أبو المعالي، ركن الدين، الملقب بإمام الحرمين (المتوفى: 478هـ)	ShamAY	6323	0.63462
		ثوره الموطئين للمهدي في ضوء أحاديث أهل السنة	مهدي حمد الفتلاوي	Masaha	2498	0.63462
		الأساليب البديعة في فضل الصحابة وإقناع الشيعة (مطبوع بهامش كتاب شواهد الحق)	يوسف بن إسماعيل بن يوسف النبهاني (المتوفى: 1350ه)	ShamelaY19	36070	0.63461
		عالم الجن والشياطين	عمر بن سليمان بن عبد الله الأشقر العتيبي	ShamAY	9874	0.6346
		حلية الطبيب المسلم	الواحدي :: وسيم فتح الله	ShamAY	34904	0.63459
		الإكتفا [ج ١]	أبي الربيع سليمان بن موسى بن سالم الحميري الكلاعي الأندلسي	Rafed	2513	0.63457
		المراه و العائله	آيت الله العظمي حسيني	Ghbook	8052	0.63455
		الرسائل الفقهيّة	محمّد باقر الوحيد البهبهاني	Rafed	1292	0.63454
		الوهابيّة في الميزان	الشيخ جعفر السبحاني	Rafed	3480	0.63453
		بداية المجتهد ونهاية المقتصد	أبو الوليد محمد بن أحمد بن محمد بن أحمد بن رشد القرطبي الشهير بابن رشد الحفيد (المتوفى: 595هـ)	ShamAY	21739	0.6345
		 عجائب الهند بره وبحره 	 بزرگ بن شهريار الرامهرمزي 	ABLibrary	9138	0.63449
		مبادئ الوصول الى علم الاصول	العلامة الحلي	Masaha	1747	0.63448
		شرح الفصول النصيرية	عبد الوهاب بن علي الاسترآبادي	Ghbook	15258	0.63447
		محاضرات في الاعتقادات - الجزء1	السيد علي الحسيني الميلاني	Masaha	401	0.63447
		اللباب في علوم الكتاب	أبو حفص سراج الدين عمر بن علي بن عادل الحنبلي الدمشقي النعماني (المتوفى: 775هـ)	ShamAY	9108	0.63446
		طرق الكشف عن مقاصد الشارع	الدكتور نعمان جغيم	ShamAY	32486	0.63446
		درر الفوائد في شرح الفرائد - الجزء1	السيد يوسف المدني التبريزي	Masaha	3779	0.63446
		 التذكرة في أحوال الموتى وأمور الآخرة 	 القرطبي 	ABLibrary	8376	0.63445
		خطرة الطيف	أبي عبد الله محمّد بن عبد الله بن سعيد بن أحمد السلماني [ لسان الدين بن الخطيب ]	Rafed	2292	0.63445
		دليل المحتاج شرح المنهاج للشيخ رجب المشوح- المعدلة	رجب مشوح	ShamAY	37369	0.63444
		 أنوار الفقاهة ( كتاب التجارة ) 	 الشيخ ناصر مكارم الشيرازي 	ABLibrary	9677	0.63444
		الكامل في التاريخ - العلمية	أبو الحسن علي بن أبي الكرم محمد بن محمد بن عبد الكريم الشيباني الجزري، عز الدين ابن الأثير (المتوفى: 630هـ)	ShamAY	34612	0.63443
		مفهوم تجديد الدين	بسطامي محمد سعيد خير	Sham19Y	17731	0.63443
		وضوء النبي ( صلي الله عليه و اله و سلم ) من خلال ملابسات التشريع	علي شهرستاني	Ghbook	7736	0.63443
		 موسوعة الإمام أمير المؤمنين على بن أبى طالب ( ع ) 	 الشيخ باقر شريف القرشي 	ABLibrary	7815	0.63438
		نفحات الهدايه: مستبصرون ببركه الامام الحسين عليه السلام	ياسر الصالحي	Ghbook	12332	0.63436
		الأعلاق النفيسة ويليه كتاب البلدان‏	أحمد بن عمر ابن رستة	Masaha	4394	0.63436
		الاكتفاء بما تضمنه من مغازي رسول الله - صلى الله عليه وسلم - والثلاثة الخلفاء	سليمان بن موسى بن سالم بن حسان الكلاعي الحميري، أبو الربيع (المتوفى: 634هـ)	ShamAY	9770	0.63435
		الدعاء و الزياره	آيت الله العظمي سيد محمد حسيني شيرازي	Ghbook	8068	0.63435
		الحذر من السحر	د خالد بن عبد الرحمن بن علي الجريسي	ShamAY	7844	0.63434
		تبصرة الفقهاء [ج ٢]	الشيخ محمد تقي الرازي النجفي الاصفهاني	Rafed	1331	0.63433
		زاد المعاد في هدي خير العباد	محمد بن أبي بكر بن أيوب بن سعد شمس الدين ابن قيم الجوزية (المتوفى: 751ه)	ShamelaY19	21713	0.63432
		رسل الملوك ومن يصلح للرسالة والسفارة	القاضي أبو يعلى، محمد بن الحسين بن محمد بن خلف المعروف بـ ابن الفراء (المتوفى: 458هـ)	ShamAY	7243	0.63431
		 أنوار الفقاهة ( كتاب الخمس والأنفال ) 	 الشيخ ناصر مكارم الشيرازي 	ABLibrary	9679	0.63431
		فتح القدير للكمال ابن الهمام	كمال الدين محمد بن عبد الواحد السيواسي المعروف بابن الهمام (المتوفى: 861هـ)	ShamAY	21744	0.63428
		تدريب الراوي في شرح تقريب النواوي	عبد الرحمن بن أبي بكر، جلال الدين السيوطي (المتوفى: 911ه)	Sham19Y	9329	0.6342
		 من العقيدة إلى الثورة 	 حسن حنفي 	ABLibrary	8644	0.6342
		 بحار الأنوار 	 العلامة المجلسي 	ABLibrary	785	0.6342
		الجواب الفائق في الرد على مبدل الحقائق	ابن جبرين	ShamAY	35415	0.63418
		التحف في مذاهب السلف ط الصحابة	محمد بن علي بن محمد بن عبد الله الشوكاني اليمني (المتوفى: 1250هـ)	ShamAY	52	0.63418
		النجاة في القيامة في تحقيق أمر الإمامة	ميثم بن علي بن ميثم البحراني	Rafed	3523	0.63418
		دفع اباطيل الكاتب	مرتضي مهري	Ghbook	4561	0.63418
		 شرح ديوان ابن الفارض 	 الحسن بن محمد البوريني وعبد الغني النابلسي 	ABLibrary	8860	0.63416
		اتباع لا ابتداع. . قواعد وأسس في السنة والبدعة	حسام الدين بن موسى محمد بن عفانة	ShamAY	816	0.63414
		مواقف حلف فيها النبي صلى الله عليه وآله وسلم	أبو محمد خميس السعيد محمد عبد الله	ShamelaY19	23684	0.63414
		إيضاح الغوامض في تقسيم الفرائض	الشيخ علي الغروي العلي ياري	Rafed	1290	0.63414
		مقامات الزمخشري	أبو القاسم محمود بن عمرو بن أحمد، الزمخشري جار الله (المتوفى: 538ه)	Sham19Y	26586	0.63412
		تراثنا العدد [ 58 ]	مؤسسة آل البيت عليهم السلام لإحياء التراث ـ قم	Rafed	3242	0.63411
		الإحتجاج [ج ١-٢]	أبي منصور أحمد بن علي بن أبي طالب الطبرسي	Rafed	1121	0.63411
		البصاير النصيريه في علم المنطق	ابن سهلان	Masaha	2326	0.63411
		أطفالنا وحب الإسلام	أماني زكريا الرمادي	ShamAY	35196	0.6341
		قاعدة مختصرة في قتال الكفار ومهادنتهم وتحريم قتلهم لمجرد كفرهم	شيخ الإسلام أحمد بن عبد الحليم ابن تيمية الحراني (661 - 728 ه)	ShamelaY19	147669	0.63409
		معالم الدين من أحاديث الصادق الأمين	محمد محب الدين أبو زيد	ShamelaY19	124909	0.63409
		مستمسك العروة الوثقى [ج ٤]	آية الله السيد محسن الطباطبائي الحكيم	Rafed	398	0.63409
		اصول الحديث و احكامه في علم الدرايه	آيت الله العظمي جعفر سبحاني	Ghbook	12206	0.63409
		إمامة الشيعة دعوة باطنية لاستمرار النبوة	عبد الملك بن عبد الرحمن الشافعي	ShamAY	35296	0.63408
		الروضة البهية في شرح اللمعة الدمشقية ـ مقدمة	الشهيد الثاني	Masaha	586	0.63408
		السيف الصنيع لرقاب منكري علم البديع	محمد رضا نجفي	Ghbook	12944	0.63407
		 المغني في أبواب التوحيد والعدل 	 القاضي عبد الجبار الهمذاني 	ABLibrary	8631	0.63406
		ملحمة قوافل النّور	حسين بركة الشامي	Rafed	1818	0.63406
		دراسات في علم الأصول‏ / تقريرات - الجزء1	السيد علي الهاشمي الشاهرودي	Masaha	3774	0.63406
		مكتبة الطالب (2) معرفة الله	علي كوراني	Ghbook	15141	0.634
		شرح الرد على الجهمية	عبد العزيز الراجحي	ShamAY	35705	0.63398
		الأنوار ومحاسن الأشعار	أبو الحسن علي بن محمد بن المطهر العدوي المعروف بالشمشاطي (المتوفى: 377هـ)	ShamAY	601	0.63398
		 الألف المألوف على اللام المعطوف 	 علي بن محمد الديلمي 	ABLibrary	8709	0.63398
		سلمان سابق فارس عرض وتحليل	الشيخ محمد جواد الفقيه	Rafed	69	0.63397
		كيف تكون مُستجاب الدعاء؟	أمير بن محمد المدري	ShamAY	34928	0.63396
		بنور فاطمة (ع) اهتديت	السيد عبد المنعم حسن	Rafed	268	0.63396
		سلسلة الأحاديث الضعيفة والموضوعة وأثرها السيئ في الأمة	أبو عبد الرحمن محمد ناصر الدين، بن الحاج نوح بن نجاتي بن آدم، الأشقودري الألباني (المتوفى: 1420هـ)	ShamAY	12762	0.63395
		الحسام المسلول على منتقصي أصحاب الرسول	محمد بن عمر بن مبارك الحميري الحضرمي الشافعي، الشهير بـ «بَحْرَق» (المتوفى: 930هـ)	ShamAY	1063	0.63394
		الخلاصة في فقه الدعوة	الواحدي :: علي بن نايف الشحود	ShamAY	36090	0.63393
		الحسام المسلول على منتقصي أصحاب الرسول	محمد بن عمر بن مبارك الحميري الحضرمي الشافعي، الشهير ب «بحرق» (المتوفى: 930ه)	ShamelaY19	19542	0.63393
		إبطال مزاعم أبي الحسن حول المجمل والمفصل	ربيع بن هادي المدخلي	ShamAY	33037	0.63391
		مراح لبيد لكشف معنى القرآن المجيد	محمد بن عمر نووي الجاوي البنتني إقليما، التناري بلدا (المتوفى: 1316ه)	ShamelaY19	22769	0.63391
		المقاصد الشافية في شرح الخلاصة الكافية (شرح ألفية ابن مالك)	أبو إسحق إبراهيم بن موسى الشاطبي (المتوفى 790 ه)	ShamelaY19	20562	0.63391
		فقه الطب	محمد حسن رضوي	Ghbook	8407	0.6339
		مواقف حلف فيها النبي صلى الله عليه وآله وسلم	أبو محمد خميس السعيد محمد عبد الله	ShamAY	23684	0.63388
		 الإحاطة في أخبار غرناطة 	 لسان الدين ابن الخطيب 	ABLibrary	8949	0.63388
		الرسائل الفقهيّة	الميرزا أبو الفضل النجم آبادي	Rafed	1517	0.63388
		مشارق الاحكام	ملا محمد بن احمد نراقي	Ghbook	11675	0.63385
		أصول الفقه (المظفر) (مع تعليق زارعي السبزواري)	الشيخ محمد رضا المظفر	Masaha	2386	0.63383
		المنهج الحركي للسيرة النبوية	منير محمد الغضبان (المتوفى: 1435هـ)	ShamAY	31848	0.63381
		دروس الدكتور راغب السرجاني	راغب السرجاني	ShamelaY19	37383	0.63381
		الفكر الخالد في بيان العقائد [ج ٢]	الشيخ جعفر السبحاني	Rafed	3510	0.63381
		الأخلاق الزكية في آداب الطالب المرضية	أحمد بن يوسف بن محمد الأهدل	Sham19Y	96879	0.63378
		 لله وللحقيقة ( رد على كتاب لله ثم للتاريخ ) 	 الشيخ علي آل محسن 	ABLibrary	8581	0.63378
		تعريف الطلاب بأصول الفقه في سؤال وجواب	وليد بن راشد السعيدان	ShamAY	37477	0.63377
		شرح حديث جبريل في تعليم الدين	عبد المحسن بن حمد بن عبد المحسن بن عبد الله بن حمد العباد البدر	ShamAY	11259	0.63377
		مطالب السؤول في مناقب آل الرسول‏	محمد بن طلحة الشافعي‏	Masaha	2488	0.63376
		 دمشق في مرآت رحلات القرون الوسطى 	 أحمد ايبش 	ABLibrary	9068	0.63375
		المستند في شرح العروة الوثقى - الجزء1	الشيخ مرتضى البروجردي	Masaha	896	0.63375
		الاقتصاد الهادي إلى طريق الرشاد	الشيخ الطوسي	Masaha	1015	0.63375
		تعليقة القوچاني على كفاية الأصول‏ - الجزء1	الشيخ علي القوچاني	Masaha	3262	0.63374
		درر السلوك في سياسة الملوك	أبو الحسن علي بن محمد بن محمد بن حبيب البصري البغدادي، الشهير بالماوردي (المتوفى: 450هـ)	ShamAY	7242	0.63373
		علي والخوارج - الجزء1	السيد جعفر مرتضى العاملي	Masaha	373	0.63373
		 البحر المحيط في أصول الفقه 	 الزركشي 	ABLibrary	803	0.63372
		نداءات الرحمن لأهل الإيمان	جابر بن موسى بن عبد القادر بن جابر أبو بكر الجزائري	ShamAY	12109	0.63371
		تيسير الوصول إلى ثلاثة الأصول - لعبد المحسن القاسم	عبد المحسن بن محمد القاسم	ShamAY	35422	0.63371
		الإخنائية أو الرد على الإخنائي ت العنزي	تقي الدين أبو العباس أحمد بن عبد الحليم بن عبد السلام بن عبد الله بن أبي القاسم بن محمد ابن تيمية الحراني الحنبلي الدمشقي (المتوفى: 728هـ)	ShamAY	1155	0.63367
		دلالة المدينة في الخطاب الشعري العربي المعاصر	قادة عقاق	ShamAY	34543	0.63365
		الكشف والبيان [ج ٢]	أبو إسحاق أحمد [ الثّعلبي ]	Rafed	1644	0.63365
		أدب الكاتب = أدب الكتاب لابن قتيبة	أبو محمد عبد الله بن مسلم بن قتيبة الدينوري (المتوفى: 276هـ)	ShamAY	26349	0.63362
		أهل الفترة ومن في حكمهم	موفق أحمد شكري	ShamelaY19	117360	0.63362
		الإمام موسى بن جعفر عليه السلام ضحية الإرهاب السياسي	الدكتور محمد حسين علي الصّغير	Rafed	3127	0.63362
		التضمين النحوي في القرآن الكريم	محمد نديم فاضل	ShamAY	1534	0.63361
		مجلة مجمع اللغة العربية بالقاهرة ـ الأعداد (81 - 102)	مجمع اللغة العربية بالقاهرة	ShamAY	32992	0.6336
		دروس الدكتور راغب السرجاني	راغب السرجاني	ShamAY	850	0.63359
		التعازي [والمراثي والمواعظ والوصايا]	محمد بن يزيد بن عبد الأكبر الثمالى الأزدي، أبو العباس، المعروف بالمبرد (المتوفى: 285ه)	Sham19Y	21554	0.63359
		الخدعة رحلتي من السنة إلى الشيعة	الكاتب المصري صالح الورداني	Masaha	245	0.63359
		عمدة الحفاظ في تفسير أشرف الألفاظ	أبو العباس، شهاب الدين، أحمد بن يوسف بن عبد الدائم المعروف بالسمين الحلبي (المتوفى: 756 ه)	Sham19Y	17829	0.63357
		 كتاب المكاسب ( المحشَّى ) 	 الشيخ الأنصاري 	ABLibrary	9376	0.63356
		أول واجب على المكلف عبادة الله تعالى وضوح ذلك من كتاب الله ودعوات الرسل	عبد الله بن محمد الغنيمان	ShamAY	22817	0.63353
		الكامل في التاريخ	أبو الحسن علي بن أبي الكرم محمد بن محمد بن عبد الكريم بن عبد الواحد الشيباني الجزري، عز الدين ابن الأثير (المتوفى: 630هـ)	ShamAY	21712	0.63352
		المحرّر الوجيز في تفسير الكتاب العزيز [ج ٣]	أبي محمّد عبدالحقّ بن غالب بن عطيّة الأندلسي	Rafed	3297	0.63352
		تراثنا ـ العددان [ 77 و 78 ]	مؤسسة آل البيت عليهم السلام لإحياء التراث ـ قم	Rafed	3582	0.63351
		الامام الثاني عشر (عجل الله تعالي فرجه الشريف) 	محمد سعيد موسوي	Ghbook	6577	0.63351
		 بحار الأنوار 	 العلامة المجلسي 	ABLibrary	744	0.63349
		كلمه الامام الرضا ( عليه السلام )	حسن شيرازي	Ghbook	7984	0.63349
		بحوث في مباني علم رجال	محمد السند	Ghbook	8405	0.63348
		النكت في القرآن الكريم (في معاني القرآن الكريم وإعرابه)	علي بن فَضَّال بن علي بن غالب المُجَاشِعِي القيرواني، أبو الحسن (المتوفى: 479هـ)	ShamAY	9066	0.63347
		شرح الطحاوية لابن جبرين	عبد الله بن عبد الرحمن بن عبد الله بن إبراهيم بن فهد بن حمد بن جبرين (المتوفى: 1430هـ)	ShamAY	7724	0.63345
		الزاهر في غريب ألفاظ الشافعي	محمد بن أحمد بن الأزهري الهروي، أبو منصور (المتوفى: 370هـ)	ShamAY	11319	0.63343
		 الخمس 	 السيد علي بن عبد الأعلى السبزواري 	ABLibrary	9637	0.63343
		العقيدة الواسطية بتعليق ابن مانع	تقي الدين أبو العباس أحمد بن عبد الحليم بن عبد السلام بن عبد الله بن أبي القاسم بن محمد ابن تيمية الحراني الحنبلي الدمشقي (المتوفى: 728 هـ)	ShamAY	32553	0.63342
		وسيلة الوسائل في شرح الرسائل‏	السيد محمد باقر الطباطبائي اليزدي	Masaha	4840	0.63342
		الشاهد الشعري في تفسير القرآن الكريم أهميته، وأثره، ومناهج المفسرين في الاستشهاد به	د. عبد الرحمن بن معاضة الشهري	ShamelaY19	148084	0.6334
		الأثر الخالد في الولد والوالد	السيد علي بن الحسين العلوي	Rafed	4	0.6334
		خطرة الطيف رحلات في المغرب والأندلس‏	محمد بن عبد الله بن الخطيب	Masaha	4506	0.6334
		أبحاث فقهية	الدكتور: هاني بن عبد الله بن محمد الجبير	ShamAY	36460	0.63338
		الأعضاء والنفس	الترمذي، الحكيم	ShamAY	6794	0.63338
		تكملة فتاوى الموقع للشيخ محمد بن صالح بن عثيمين	الواحدي :: ابن عثيمين	ShamAY	37675	0.63337
		الإفادة والاعتبار في الأمور المشاهدة والحوادث المعاينة بأرض مصر	عبد اللطيف بن يوسف بن محمد بن علي البغدادي، موفق الدين، ويعرف بابن اللباد، وبابن نقطة (المتوفى: 629هـ)	ShamAY	388	0.63337
		النقد والبيان في دفع أوهام خزيران	محمد كامل القصاب	ShamAY	10276	0.63337
		 علم اليقين في أصول الدين 	 الفيض الكاشاني 	ABLibrary	8516	0.63337
		الرسول المعلم	عبد الفتاح أبو غُدّة	ShamAY	37432	0.63336
		المنتقى شرح الموطإ	أبو الوليد سليمان بن خلف بن سعد بن أيوب بن وارث التجيبي القرطبي الباجي الأندلسي (المتوفى: 474هـ)	ShamAY	6684	0.63335
		 موسوعة الإمام أمير المؤمنين على بن أبى طالب ( ع ) 	 الشيخ باقر شريف القرشي 	ABLibrary	7812	0.63334
		بحوث لبعض النوازل الفقهية المعاصرة	بعض طلبة العلم	Sham19Y	2031	0.63329
		الموسوعة القرآنيّة خصائص السور [ج ٧]	الناشر: دار التقريب بين المذاهب الإسلامية	Rafed	3738	0.63329
		السيف والسياسة في الإسلام	الكاتب المصري صالح الورداني	Masaha	307	0.63326
		معاني النحو	د. فاضل صالح السامرائي	ShamAY	38855	0.63322
		الرحلة الورثيلانيّة [ج ١]	الحسين بن محمّد الورثيلاني	Rafed	2202	0.63322
		خطط الشام [ج ٤]	محمّد كرد علي	Rafed	2282	0.63322
		الأدلَّةُ الشَّرعيةُ في جواز العمليات الاستشهادية	علي بن نايف الشحود	ShamAY	1580	0.6332
		شرح العقيدة السفارينية - الدرة المضية في عقد أهل الفرقة المرضية	محمد بن صالح بن محمد العثيمين (المتوفى: 1421هـ)	ShamAY	9725	0.63319
		مسؤولية إمام المسجد	علي بن حسن بن ناصر عسيري	ShamAY	30948	0.63319
		 الفقه ، الرأي العام والإعلام 	 السيد محمد الحسيني الشيرازي 	ABLibrary	9485	0.63319
		تراثنا ـ العدد [ 12 ]	مؤسسة آل البيت عليهم السلام لإحياء التراث ـ قم	Rafed	2722	0.63318
		المحاسن و المساوي	ابراهيم بن محمد البيهقي	Masaha	2349	0.63318
		الأنوار و مفتاح السرور و الأفكار في مولد النبي المختار	أحمد بن عبد الله البكري‏	Masaha	1919	0.63317
		شرح مقدمة التفسير لصالح آل الشيخ	صالح آل الشيخ	ShamAY	3052	0.63314
		إفاضة العوائد [ج ١]	آية الله السيّد محمّد رضا الگلپايگاني	Rafed	3871	0.63313
		مرآة العقول [ج ٤]	الشيخ محمّد باقر بن محمّد تقي المجلسي	Rafed	1013	0.63313
		مجمع الفائدة و البرهان في شرح إرشاد الأذهان - الجزء1	المقدس الأردبيلي	Masaha	1171	0.63311
		الغرر النقية على الدرر البهية	فيصل بن عبد العزيز آل مبارك (المتوفى: 1376 ه)	Sham19Y	29570	0.6331
		 نور العيون وجامع الفنون 	 صلاح الدين بن يوسف الكحال الحموي 	ABLibrary	9932	0.6331
		 موسوعة الإمام أمير المؤمنين على بن أبى طالب ( ع ) 	 الشيخ باقر شريف القرشي 	ABLibrary	7806	0.63308
		بنورفاطمة (ع) اهتديت	الكاتب السوداني عبد المنعم حسن	Masaha	191	0.63308
		إشارات الإعجاز في مظان الإيجاز	بديع الزمان سعيد النورسي (المتوفى: 1379ه)	Sham19Y	7849	0.63307
		دروس للشيخ عبد الرحمن السديس	أبو عبد العزيز عبد الرحمن بن عبد الله بن محمد بن عبد العزيز بن محمد بن عبد الله الملقب بالسديس	ShamAY	909	0.63306
		إرشاد العقول إلى مباحث الأصول [ج ٣]	الشيخ جعفر السبحاني	Rafed	445	0.63306
		عجائب الهند بره وبحره‏	بزرگ بن شهريار الرامهرمزي	Masaha	4386	0.63301
		المفصل فى تاريخ العرب قبل الإسلام	الدكتور جواد علي (المتوفى: 1408هـ)	ShamAY	7299	0.63297
		 شرح كلمات بابا طاهر العريان 	 عين القضاة 	ABLibrary	8717	0.63297
		 بحار الأنوار 	 العلامة المجلسي 	ABLibrary	784	0.63297
		المولاة والمعاداة في الشريعة الإسلامية	محماس بن عبد الله بن محمد الجلعود	ShamAY	35925	0.63293
		البحر الرائق شرح كنز الدقائق ومنحة الخالق وتكملة الطوري	زين الدين بن إبراهيم بن محمد، المعروف بابن نجيم المصري (المتوفى: 970هـ)	ShamAY	12227	0.6329
		تاريخ الأدب العربي العصر الجاهلي	أحمد شوقي عبد السلام ضيف الشهير بشوقي ضيف (المتوفى: 1426هـ)	ShamAY	11996	0.6329
		شرح الصدور بتحريم رفع القبور	محمد بن علي بن محمد بن عبد الله الشوكاني اليمني (المتوفى: 1250هـ)	ShamAY	5208	0.63289
		مستمسك العروة الوثقى [ج ١]	آية الله السيد محسن الطباطبائي الحكيم	Rafed	393	0.63289
		التقرير والتحرير في علم الأصول	ابن أمير الحاج.	ShamAY	34189	0.63287
		موسوعة الإمام الخوئي [ج ١٤]	الشيخ مرتضى البروجردي	Rafed	920	0.63287
		الإخنائية أو الرد على الإخنائي ت العنزي	تقي الدين أبو العباس أحمد بن عبد الحليم بن عبد السلام بن عبد الله بن أبي القاسم بن محمد ابن تيمية الحراني الحنبلي الدمشقي (المتوفى: 728ه)	Sham19Y	9277	0.63286
		بداية المجتهد - الفكر	أبو الوليد محمد بن أحمد بن محمد بن أحمد بن رشد القرطبي الشهير بابن رشد الحفيد (المتوفى: 595هـ)	ShamAY	34221	0.63284
		 تاريخ الادب في ايران من الفردوسى الى السعدى 	 ادوارد براون ( تعريب : ابراهيم امين الشواربى ) 	ABLibrary	8001	0.63284
		 كتاب الشكوك على كلام فاضل الأطباء جالينوس 	 محمد بن زكريا الرازي 	ABLibrary	9816	0.63284
		شبهات وردود	السيد سامي البدري	Masaha	310	0.63281
		ديوان ابن الرومي	ابن الرومي علي بن العباس بن جريج	ShamAY	37838	0.6328
		الأدب العربي المعاصر في مصر	أحمد شوقي عبد السلام ضيف الشهير بشوقي ضيف (المتوفى: 1426هـ)	ShamAY	9981	0.63277
		إرْشَادُ السَّالِك إلىَ أَشرَفِ المَسَالِكِ فِي فقهِ الإمَامِ مَالِك	عبد الرحمن بن محمد بن عسكر البغدادي، أبو زيد أو أبو محمد، شهاب الدين المالكي (المتوفى: 732هـ)	ShamAY	21516	0.63276
		انيس الفقهاء في تعريفات الألفاظ المتداولة بين الفقهاء	قاسم بن عبد الله بن أمير علي القونوي الرومي الحنفي (المتوفى: 978ه)	Sham19Y	10930	0.63275
		التحرير شرح الدليل (شرح دليل الطالب) - كتاب الطهارة	أبو المنذر محمود بن محمد بن مصطفى بن عبد اللطيف المنياوي	ShamAY	576	0.63274
		محاضرات في الأسماء - الرضواني	الواحدي :: محمود عبد الرازق رضواني	ShamAY	34972	0.63274
		الإنباء في تاريخ الخلفاء	محمد بن علي بن محمد المعروف بابن العمراني (المتوفى: 580هـ)	ShamAY	12289	0.63274
		 شرح أصول الكافي 	 صدر الدين محمد الشيرازي ( صدر المتألهين ) 	ABLibrary	7917	0.63274
		نفحات القرآن [ج ٤]	آية الله مكارم الشيرازي	Rafed	3804	0.63272
		 تسلية المجالس وزينة المجالس ( مقتل الحسين ع ) 	 السيد محمد بن أبي طالب الحسيني الكركي الحائري 	ABLibrary	7470	0.63268
		اللّباب في علوم الكتاب [ج ١٦]	أبي حفص عمر بن علي بن عادل الدمشقي الحنبلي	Rafed	3115	0.63268
		سبع مسائل فقهيه	آيت الله العظمي جعفر سبحاني	Ghbook	7658	0.63268
		مكفرات الذنوب في القرآن والسنة	علي بن نايف الشحود	ShamAY	34850	0.63264
		اتقاء الحرام والشبهات في طلب الرزق	أحمد بن أحمد محمد عبد الله الطويل	ShamAY	32090	0.63264
		 ظاهرة الافتراء على الشيعة عبر التاريخ 	 الشيخ السبحاني 	ABLibrary	8489	0.63264
		خلاصة الوفا بأخبار دار المصطفى	علي بن عبد الله بن أحمد الحسني السمهودي (المتوفى: 911ه)	ShamelaY19	31372	0.63263
		دراسات الأصول في أصول الفقه‏	علي أصغر المعصومي الشاهرودي	Masaha	3768	0.63263
		تصحيح القراءة في نهج البلاغة	الشيخ خالد البغدادي	Rafed	1255	0.63262
		تحقيق التجريد في شرح كتاب التوحيد	عبد الهادي [هادي] بن محمد بن عبد الهادي [هادي] بن بكري بن محمد بن مهدي بن موسى بن جعثم بن عجيل (العجيلي) (المتوفى: ق 13هـ)	ShamAY	12001	0.63261
		فتاوى الشيخ ابن جبرين	عبد الله بن عبد الرحمن بن عبد الله بن جبرين	ShamAY	4482	0.6326
		عمدة الفقه	أبو محمد موفق الدين عبد الله بن أحمد بن محمد بن قدامة الجماعيلي المقدسي ثم الدمشقي الحنبلي، الشهير بابن قدامة المقدسي (المتوفى: 620ه)	Sham19Y	11315	0.63257
		الأساليب البديعة في فضل الصحابة وإقناع الشيعة (مطبوع بهامش كتاب شواهد الحق)	يوسف بن إسماعيل بن يوسف النَّبْهَاني (المتوفى: 1350هـ)	ShamAY	523	0.63255
		كتاب موقف المؤمن من الفتنة	عبد الله العبيلان	ShamAY	35088	0.63255
		هداية المسترشدين في شرح اصول معالم الدين	محمد تقي رازي نجفي اصفهاني	Ghbook	15805	0.63253
		الدّروع الواقية	السيّد رضي الدين أبو القاسم علي بن موسى بن جعفر بن طاووس الحسني الحلّي [ السيّد بن طاووس ]	Rafed	231	0.63252
		موسوعه  الامام الصادق عليه السلام	آيت الله سيد محمد كاظم قزويني	Ghbook	15045	0.63251
		النجم الوهاج في شرح المنهاج	كمال الدين، محمد بن موسى بن عيسى بن علي الدَّمِيري أبو البقاء الشافعي (المتوفى: 808هـ)	ShamAY	31789	0.63249
		الخلاصة في أحكام الأسرى	علي بن نايف الشحود	ShamAY	1621	0.63248
		 مسالك الأبصار في ممالك الأمصار 	 أحمد بن يحيى العمري 	ABLibrary	9189	0.63248
		فقه العبادات للعثيمين	محمد بن صالح بن محمد العثيمين (المتوفى: 1421هـ)	ShamAY	21823	0.63245
		 معرفة الإمام 	 السيد محمد حسين الطهراني 	ABLibrary	8881	0.63245
		القناعة والتعفف	أبو بكر عبد الله بن محمد بن عبيد بن سفيان بن قيس البغدادي الأموي القرشي المعروف بابن أبي الدنيا (المتوفى: 281هـ)	ShamAY	22347	0.63244
		الأشاعرة في ميزان أهل السنة	أبو عثمان فيصل بن قزار الجاسم	ShamAY	1974	0.6324
		شرح رسالة رفع الملام عن الأئمة الأعلام	يوسف بن محمد علي الغفيص	ShamelaY19	37778	0.6324
		الموسوعة القرآنيّة [ج ٣]	ابراهيم الأبياري	Rafed	3812	0.63235
		مجلة التنكيت والتبكيت	صحيفة صدر العدد الأول منها في 16 يونيو عام 1881 م على يد عبد الله النديم (المتوفى 1314 هـ)	ShamAY	167	0.63234
		رياض المسائل في تحقيق الاحكام باالدلايل (ط-القديمه) (الحج)	سيد علي بن محمد طباطبائي ( صاحب رياض المسائل )	Ghbook	6729	0.63234
		الغُرَرُ النَقِيَّةُ على الدُّرَر البَهيَّة	فيصل بن عبد العزيز آل مبارك (المتوفى: 1376 هـ)	ShamAY	38905	0.63233
		الإفادة والاعتبار في الأمور المشاهدة والحوادث المعاينة بأرض مصر	عبد اللطيف بن يوسف بن محمد بن علي البغدادي، موفق الدين، ويعرف بابن اللباد، وبابن نقطة (المتوفى: 629ه)	ShamelaY19	37031	0.63233
		الإعجاز العلمي في القرآن الكريم	سعيد صلاح الفيومي	Rafed	3185	0.63232
		دعوي السفاره في الغيبه الكبري	محمد السند	Ghbook	6655	0.6323
		العدة في أصول الفقه	القاضي أبو يعلى ، محمد بن الحسين بن محمد بن خلف ابن الفراء (المتوفى : 458هـ)	ShamAY	38640	0.63229
		اللمع في أصول الفقه للشيرازي	أبو اسحاق إبراهيم بن علي بن يوسف الشيرازي (المتوفى: 476هـ)	ShamAY	8536	0.63227
		رسالة في الفقه الميسر	أ. د صالح بن غانم بن عبد الله بن سليمان بن علي السدلان	ShamelaY19	31260	0.63227
		قاعده لاضرر	فتح اللّٰه بن محمد جواد نمازي (شيخ الشريعه)	Ghbook	11269	0.63226
		القاموس الوجيز لمعاني كلمات القرآن الكريم	محسن آل عصفور	ShamAY	33141	0.63225
		الفوائد المحصلة من الصواعق المرسلة	جمال بن أحمد بادي	ShamAY	35632	0.63225
		آيات عتاب المصطفى - صلى الله عليه وسلم - في ضوء العصمة والاجتهاد	عويد المطرفي	ShamAY	6	0.63222
		فتح القدير [ج ١]	محمد بن علي بن محمد الشوكاني	Rafed	3958	0.63222
		مجمع الأمثال	أبو الفضل أحمد بن محمد بن إبراهيم الميداني النيسابوري (المتوفى: 518هـ)	ShamAY	12929	0.63221
		 دور العقيدة في بناء الإنسان 	 مركز الرسالة 	ABLibrary	896	0.63221
		تراثنا ـ العددان [ 91 و 92 ]	مؤسسة آل البيت عليهم السلام لإحياء التراث ـ قم	Rafed	3883	0.63219
		الصحيح من سيرة النبي الأعظم صلّى الله عليه وآله [ج ٥]	السيد جعفر مرتضى العاملي	Rafed	2486	0.63217
		جامع الأخبار	محمد بن محمد الشعيري	Masaha	4579	0.63217
		ربانية التعليم	عبد الله يوسف الحسن	ShamAY	35102	0.63216
		الامام زين العابدين عليه السلام قدوه الصالحين	آيت الله العظمي سيد محمد حسيني شيرازي	Ghbook	6351	0.63216
		مشرق الشمسين و اكسير السعادتين	بهاءالدين محمد بن حسين شيخ بهائي	Ghbook	9971	0.63214
		النجاة في القيامة في تحقيق أمر الإمامة	الشيخ ميثم بن علي البحراني	Masaha	433	0.63209
		 الرد الجميل لإلهية عيسى بصريح الإنجيل 	 الغزالي 	ABLibrary	8425	0.63206
		تسلية المُجالس وزينة المَجالس [ج ٢]	السيد محمد بن أبي طالب الحسيني الكركي الحائري	Rafed	159	0.63206
		النهاية	الشيخ الطوسي	Masaha	622	0.63206
		بغيه النبلاء في تاريخ كربلاء	عبدالحسين الكليدار آل طعمه	Ghbook	5942	0.63205
		الرد على الأخنائي واستحباب زيارة خير البرية - ت المعلمي	ابن تيمية	ShamAY	34360	0.63204
		 أعيان الشيعة 	 السيد محسن الأمين 	ABLibrary	82	0.63203
		 الأنوار القدسية في معرفة قواعد الصوفية 	 عبد الوهاب الشعراني 	ABLibrary	8832	0.63202
		النكت في القرآن الكريم (في معاني القرآن الكريم وإعرابه)	علي بن فضال بن علي بن غالب المجاشعي القيرواني، أبو الحسن (المتوفى: 479ه)	Sham19Y	9066	0.63201
		 خطرة الطيف ( رحلات في المغرب والأندلس ) 	 لسان الدين ابن الخطيب 	ABLibrary	9053	0.63201
		دفاع عن العقيدة وعن العلامة ابن باز والرد على جهالات المرتزقة	محمد مال الله	ShamAY	35537	0.63199
		موسوعه احكام  الاطفال و ادلتها : مقارنه تفصيليه بين مذهب الاماميه و المذاهب الاخ...	محمد جواد فاضل لنكراني	Ghbook	9624	0.63196
		التعليقات السنية على العقيدة الواسطية	فيصل بن عبد العزيز بن فيصل ابن حمد المبارك الحريملي النجدي (المتوفى: 1376ه)	ShamelaY19	21517	0.63195
		معالم الدين وملاذ المجتهدين [ج ١]	الشيخ حسن بن زين الدين العاملي	Rafed	1352	0.63189
		روضة الشعر الهادف	عبد الرحمن الأهدل	ShamAY	34509	0.63188
		نواقض الإيمان القولية والعملية	عبد العزيز بن محمد بن علي العبد اللطيف	ShamAY	33874	0.63188
		الحدائق الناضرة [ج ٢٥]	الشيخ يوسف بن أحمد البحراني [ صاحب الحدائق ]	Rafed	2997	0.63187
		كتب طبي انتزاعي	جمعي از نويسندگان	Ghbook	10414	0.63186
		 النفس والروح وشرح قواهما 	 فخر الدين الرازي 	ABLibrary	8668	0.63184
		القول الرشيد في الاجتهاد والتقليد / تقريرات - الجزء1	السيد عادل العلوي	Masaha	3557	0.63184
		" إعتقاد أهل السنة " (مخطوط)	أبو بكر بن قاسم بن أبي بكر بن عبد الرحمن الرحبي ت 749 هـ	ShamAY	35900	0.63182
		 بحوث فقهية معاصرة 	 الشيخ بشير النجفي 	ABLibrary	9765	0.63182
		سماحة الإسلام وحقوق الأقليّات الدينيّة	السيد سعيد كاظم العذاري	Masaha	1739	0.6318
		 حواريات فقهية 	 السيد محمد سعيد الحكيم 	ABLibrary	9615	0.63178
		الخلاصة في أحكام التجسس	علي بن نايف الشحود	ShamAY	1603	0.63177
		تاريخ اليمن الإسلامي	أحمد بن أحمد بن محمّد المطاع	Rafed	2171	0.63177
		تراثنا ـ العددان [ 45 و 46 ]	مؤسسة آل البيت عليهم السلام لإحياء التراث ـ قم	Rafed	2830	0.63173
		الدليل الفقهي (تطبيقات فقهية لمصطلحات علم الأصول‏)	السيد محمد الحسيني	Masaha	3445	0.63171
		منظومة السبل السوية لفقه السنن المروية	حافظ بن أحمد الحكمي	ShamAY	33193	0.6317
		النظام القضائي في الفقه الإسلامي	محمد رأفت عثمان	Sham19Y	10744	0.6317
		 شرح أصول الكافي 	 صدر الدين محمد الشيرازي ( صدر المتألهين ) 	ABLibrary	7916	0.63169
		لماذا نصلي - المقدم	محمد أحمد إسماعيل المقدم	ShamAY	374	0.63168
		حقيقة العبودية	مجدي الهلالي	Sham19Y	36404	0.63168
		مفتاح الأحكام‏	الشيخ أحمد بن محمد مهدي النراقي	Masaha	4339	0.63167
		الحاشية على مدارك الأحكام - الجزء1	الوحيد البهبهاني	Masaha	1446	0.63167
		 البرنس في باريس 	 محمد المقداد الورتتاني 	ABLibrary	8967	0.63166
		لقطة العجلان مما تمس إلى معرفته حاجة الإنسان	أبو الطيب محمد صديق خان بن حسن بن علي ابن لطف الله الحسيني البخاري القِنَّوجي (المتوفى: 1307هـ)	ShamAY	10739	0.63162
		شرح أخصر المختصرات	عبد الله بن عبد الرحمن بن عبد الله بن جبرين	ShamAY	7725	0.63162
		زاد المعاد في هدي خير العباد	محمد بن أبي بكر بن أيوب بن سعد شمس الدين ابن قيم الجوزية (المتوفى: 751هـ)	ShamAY	21713	0.63162
		تفريغ سلسلة فتاوى رابغ للشيخ الألباني	الواحدي :: ناصر الدين الألباني	ShamAY	33157	0.6316
		ثم شتان دراسة منهجية في مقارنة الأديان	محمود عبد الرازق رضواني	ShamAY	35738	0.6316
		معين الحكام فيما يتردد بين الخصمين من الأحكام	أبو الحسن، علاء الدين، علي بن خليل الطرابلسي الحنفي (المتوفى: 844هـ)	ShamAY	21600	0.63159
		 الزبدة الفقهية في شرح الروضة البهية 	 السيد محمد حسن الترحيني العاملي 	ABLibrary	9692	0.63159
		 إرشاد الطالبين إلى نهج المسترشدين 	 المقداد السيوري 	ABLibrary	8328	0.63159
		 المواعظ والإعتبار في ذكر الخطط والآثار ( ط بيروت ) 	 المقريزي 	ABLibrary	9236	0.63158
		الجامع لأحكام القرآن = تفسير القرطبي	أبو عبد الله محمد بن أحمد بن أبي بكر بن فرح الأنصاري الخزرجي شمس الدين القرطبي (المتوفى: 671ه)	ShamelaY19	20855	0.63157
		المحاسن والمساوئ	إبراهيم بن محمد البيهقي (المتوفى: نحو 320هـ)	ShamAY	564	0.63156
		اللامع العزيزي شرح ديوان المتنبي	أبو العلاء أحمد بن عبد الله المعري (363 - 449 ه)	ShamelaY19	29591	0.63155
		التنبيه على مشكلات الهداية	صدر الدين عليّ بن عليّ ابن أبي العز الحنفي (المتوفى 792 هـ)	ShamAY	32679	0.63154
		التعريف بالإسلام	مركز قطر للتعريف بالإسلام	ShamAY	144	0.63154
		منار القاري شرح مختصر صحيح البخاري	حمزة محمد قاسم	ShamAY	1786	0.63152
		دليل الواعظ إلى أدلة المواعظ (موضوعات للخطب بأدلتها من القرآن الكريم والسنة الصحيحة)	شحاتة محمد صقر	ShamelaY19	36157	0.6315
		اللطف واللطائف	عبد الملك بن محمد بن إسماعيل أبو منصور الثعالبي (المتوفى: 429ه)	Sham19Y	595	0.6315
		 القصيدة الوردية في سيرة خير البرية 	 عبد الكريم محمد المدرس 	ABLibrary	7639	0.63148
		مستند الشيعة في أحكام الشريعة - الجزء1	الشيخ أحمد بن محمد مهدي النراقي	Masaha	1541	0.63148
		مصادر الحكم الشرعي والقانون المدني [ج ١]	الشيخ علي كاشف الغطاء	Rafed	3655	0.63145
		تحفة الراكع والساجد بأحكام المساجد	أبو بكر بن زيد الجراعي الصالحي الحنبلي (المتوفى: 883 ه)	Sham19Y	17419	0.63142
		شبهات حول الصحابة أم المؤمنين عائشة	ابن تيمية	ShamAY	37806	0.63141
		رسول الإسلام محمد صلى الله عليه وسلم خاتم الأنبياء والمرسلين	إسلام محمود دربالة :: إسلام دربالة	ShamAY	37427	0.63141
		الارض و التربه الحسينيه	محمد حسين آل كاشف الغطاء	Ghbook	11124	0.63141
		القول الرشيد في أهم أنواع التوحيد	سليمان العلوان	ShamAY	35762	0.6314
		آخر الزمان	خالد فائق صديق العبيدي	ShamAY	34099	0.63138
		رياض الأفهام في شرح عمدة الأحكام	أبو حفص عمر بن علي بن سالم بن صدقة اللخمي الإسكندري المالكي، تاج الدين الفاكهاني (المتوفى: 734هـ)	ShamAY	32274	0.63137
		الرد الأمين على كُتب عُمر أُمّة الإسلام وردّ السهام والقول المبين	شريف مراد أبو عمرو	ShamAY	1247	0.63137
		قاعدة لا ضرر و اليد و الصحة و القرعة	الشيخ مرتضى الأنصاري	Masaha	1642	0.63137
		مختصر التحفة الاثني عشرية	الألوسي، محمود شكري	ShamAY	529	0.63132
		الحجج الباهرة في إفحام الطائفة الكافرة الفاجرة	محمد بن أسعد الصديقي الدواني، جلال الدين (المتوفى: 918ه)	ShamelaY19	37537	0.63131
		 الحاكمية في الإسلام 	 السيد محمد مهدي الموسوي الخلخالي 	ABLibrary	9628	0.6313
		كتاب أصول الإيمان في ضوء الكتاب والسنة	مجموعة من المؤلفين	ShamelaY19	30847	0.63128
		المذهب الحنبلي «دراسة في تاريخه وسماته وأشهر أعلامه ومؤلفاته»	عبد الله بن عبد المحسن بن عبد الرحمن التركي	Sham19Y	16822	0.63128
		 دليل الناسك 	 السيد محسن الحكيم 	ABLibrary	889	0.63127
		مرآة العقول [ج ١]	الشيخ محمّد باقر بن محمّد تقي المجلسي	Rafed	944	0.63125
		شرح القصيدة اللامية لابن تيمية - عبد الرحيم السلمي	عبد الرحيم بن صمايل العلياني السلمي	ShamelaY19	37805	0.63121
		الرد على النصارى		ShamAY	35341	0.6312
		جرح الرواة وتعديلهم ـ الأسس والضوابط	محمود الدليمي	ShamAY	37248	0.63118
		مصباح الفقيه [ج ٥]	الشيخ آقا رضا الهمداني	Rafed	1865	0.63118
		 الجواهر الفخرية في شرح الروضة البهية 	 قدرت الله وجداني فخر 	ABLibrary	9453	0.63117
		شمس العلوم [ج ١]	نشوان بن سعيد الحميري	Rafed	1366	0.63117
		مهذب الأحكام - الجزء1	السيد عبد الأعلى السبزواري	Masaha	5147	0.63117
		معجم البلدان	شهاب الدين أبو عبد الله ياقوت بن عبد الله الرومي الحموي (المتوفى: 626هـ)	ShamAY	23735	0.63115
		صفة جزيرة العرب	الحسن بن أحمد بن يعقوب الهمداني	Rafed	2485	0.63115
		اللّباب في علوم الكتاب [ج ٨]	أبي حفص عمر بن علي بن عادل الدمشقي الحنبلي	Rafed	3100	0.63114
		مجلة التنكيت والتبكيت	صحيفة صدر العدد الأول منها في 16 يونيو عام 1881 م على يد عبد الله النديم (المتوفى 1314 ه)	Sham19Y	245	0.63111
		مواقف الطوائف من توحيد الأسماء والصفات	محمد بن خليفة بن علي التميمي	ShamAY	12104	0.6311
		قواعد وأسس في السنة والبدعة	الدكتور حسام الدين عفانه	ShamAY	35548	0.63109
		مجموع رسائل الشاب الصالح عبد الرحمن بن سعيد بن علي بن وهف القحطاني رحمه الله تعالى	عبد الرحمن بن سعيد بن علي بن وهف القحطاني (المتوفى: 1422ه)	ShamelaY19	96520	0.63109
		النحو الوافي	عباس حسن (المتوفى: 1398هـ)	ShamAY	10641	0.63108
		الخطاب القرآني لأهل الكتاب وموقفهم منه قديما وحديثا	هود محمد منصور قباص أبو راس	ShamelaY19	132385	0.63107
		جواهر الكلام [ج ١٢]	الشيخ محمّد حسن النّجفي	Rafed	642	0.63105
		فتح القدير [ج ٢]	محمد بن علي بن محمد الشوكاني	Rafed	3964	0.63104
		البديع في نقد الشعر	أبو المظفر مؤيد الدولة مجد الدين أسامة بن مرشد بن علي بن مقلد بن نصر بن منقذ الكناني الكلبي الشيزري (المتوفى: 584هـ)	ShamAY	9225	0.63101
		مع صاحب الفضيلة والدنا الشيخ محمد الأمين الشنقيطي رحمه الله	عطية بن محمد سالم (المتوفى: 1420هـ)	ShamAY	4993	0.63099
		مختصر كتاب جلباب المرأة المسلمة للألباني	حسام الدين عفانة	ShamAY	977	0.63098
		كشف اليقين فى فضائل أمير المؤمنين(ع)	العلامة الحلي	Masaha	4583	0.63097
		السر المكتوم في الفرق بين المالين المحمود والمذموم ويليه جواب في الجمع بين حديثين، هما: دعاؤه صلى الله عليه وسلم لأنس بن مالك بكثرة المال والولد، وحديث دعائه بذلك على من لم يؤمن به ويصدقه	شمس الدين أبو الخير محمد بن عبد الرحمن بن محمد بن أبي بكر بن عثمان بن محمد السخاوي (المتوفى: 902هـ)	ShamAY	1500	0.63094
		أبكار الأفكار في أصول الدّين [ج ٢]	أبي الحسن علي بن محمد بن سالم الثعلبي [ سيف الدين الآمدي ]	Rafed	3377	0.63092
		الإسلام ومشكلات الحضارة	الواحدي :: سيد قطب	ShamAY	33417	0.63091
		مختارات شعراء العرب لابن الشجري	ضياء الدين أبو السعادات هبة الله بن علي بن حمزة، المعروف بابن الشجري (المتوفى: 542ه)	Sham19Y	740	0.63091
		الصّلاة في المشكوك	الميرزا محمّد حسين الغروي النّائيني	Rafed	584	0.63091
		آيات عتاب المصطفى - صلى الله عليه وسلم - في ضوء العصمة والاجتهاد	عويد المطرفي	ShamelaY19	29736	0.63089
		 كتاب الحج 	 السيد حسن الطباطبائي 	ABLibrary	9502	0.63089
		إمامة الصديق	طه الدليمي	ShamAY	37802	0.63088
		 الأنوار في مولد النبي محمد ( ص ) 	 أحمد بن عبد الله البكري 	ABLibrary	7904	0.63088
		التعازي [والمراثي والمواعظ والوصايا]	محمد بن يزيد بن عبد الأكبر الثمالى الأزدي، أبو العباس، المعروف بالمبرد (المتوفى: 285هـ)	ShamAY	21554	0.63087
		 تسعة كتب في اصول التصوف والزهد 	 السلمي 	ABLibrary	8704	0.63087
		تراثنا ـ العدد [ 61 ]	مؤسسة آل البيت عليهم السلام لإحياء التراث ـ قم	Rafed	3249	0.63086
		غنيه النزوع الي علمي الاصول والفروع	حمزه بن علي ابن زهره	Ghbook	10373	0.63085
		الخطر اليهودي بروتوكولات حكماء صهيون	محمد خليفة التونسي	ShamAY	1215	0.63084
		الجواهر الكنزية لنظم ما جمع في العزية	أبو عبد الله محمد عبد القادر بن محمد بن المختار بن أحمد العالم القبلوي الجزائري المالكي الشهير بالشيخ باي بلعالم (المتوفى: 1430 ه)	ShamelaY19	96177	0.63084
		التصوير النبوي للقيم الخلقية والتشريعية في الحديث الشريف	علي علي صبح	ShamelaY19	23143	0.63081
		المرأة بين الفقه والقانون	مصطفى بن حسني السباعي (المتوفى: 1384ه)	Sham19Y	828	0.63081
		جواهر الكلام [ج ٨]	الشيخ محمّد حسن النّجفي	Rafed	637	0.63081
		الحسبة في الإسلام، أو وظيفة الحكومة الإسلامية	تقي الدين أبو العباس أحمد بن عبد الحليم بن عبد السلام بن عبد الله بن أبي القاسم بن محمد ابن تيمية الحراني الحنبلي الدمشقي (المتوفى: 728هـ)	ShamAY	7263	0.63078
		ثم شيعني الألباني	الشيخ عبد الحميد الجاف	Masaha	161	0.63076
		أساس الحكومة الإسلامية	السيد كاظم الحسيني الحائري	Masaha	4892	0.63075
		منهاج السنة النبوية - ط قرطبة	أحمد بن عبد الحليم بن تيمية الحراني أبو العباس	ShamAY	34375	0.63074
		التنبيه على حدوث التصحيف	حمزة بن الحسن الأصفهاني (280 - 360 ه)	Sham19Y	18257	0.63073
		الإسلام محرر العبيد التاريخ الأسود للرق في الغرب	حمدى شفيق	ShamAY	33419	0.63071
		الصوفية والوجه الآخر		ShamAY	35384	0.63068
		 المراتب في فضائل أميرالمؤمنين وسيد الوصيين ( ع ) 	 أبى القاسم اسماعيل بن احمد البستي المعتزلي 	ABLibrary	7700	0.63066
		الجواهر السليمانية على المنظومة البيقونية	أبو الحسن السليماني	ShamAY	37339	0.63064
		اعتقاد أئمة السلف أهل الحديث	محمد بن عبد الرحمن الخميس	ShamAY	7506	0.63064
		اعلام الهدايه (الامام علي بن الحسين زين العابدين عليه السلام)	مجمع جهاني اهل بيت عليهم السلام	Ghbook	6345	0.63064
		الحجج الباهرة في إفحام الطائفة الكافرة الفاجرة	محمد بن أسعد الصديقي الدَّوَّاني، جلال الدين (المتوفى: 918هـ)	ShamAY	923	0.63062
		التدريب في الفقه الشافعي المسمى بـ «تدريب المبتدي وتهذيب المنتهي»	سراج الدين أبي حفص عمر بن رسلان البلقيني الشافعي	ShamAY	37991	0.63059
		شرح أبيات مغني اللبيب	عبد القادر بن عمر البغدادي (1030 ه - 1093 ه)	Sham19Y	150966	0.63059
		رسائل فقهيه شيخ انصاري (ره)	مرتضي انصاري (اعظم انصاري)	Ghbook	7101	0.63058
		سلسة دروس التفسير	صالح بن عواد المغامسي	ShamAY	33125	0.63057
		القواعد والفوائد [ج ١]	محمّد بن جمال الدّين مكّي العاملي الجزيني [ الشهيد الأول ]	Rafed	1374	0.63055
		رجال الكشي مع تعليقات الميرداماد - الجزء1	أبو عمرو محمد بن عمر بن عبد العزيز الكشي	Masaha	5108	0.63054
		حجية القياس والرد علي المخالفين	يوسف بن عبد الرحمن	Sham19Y	1749	0.63053
		موسوعة الإمام الخوئي [ج ٢١]	الشيخ مرتضى البروجردي	Rafed	1610	0.63051
		ملامح يونانية في الأدب العربي	دكتور إحسان عباس (المتوفى: 1424هـ)	ShamAY	1012	0.6305
		من معجزات النبي صلى الله عليه وسلم	عبد العزيز بن محمد السلمان	ShamAY	37409	0.6305
		الطراز الاول	سيد صدرالدين علي بن احمد بن محمد معصوم حسيني دشتكي شيرازي	Ghbook	14738	0.63049
		العين حق	محمد بن عبد المعطي	ShamelaY19	29566	0.63048
		 المسالك والممالك 	 أبي عبيد البكري 	ABLibrary	9205	0.63045
		حوار هادئ مع الدكتور القزويني الشيعي الإثني عشري	أ. د. أحمد بن سعد حمدان الغامدي	ShamAY	35679	0.63044
		 الروضة البهية فيما بين الأشاعرة والماتريدية 	 حسن بن عبد الحسن بن أبي عزبى 	ABLibrary	8445	0.63044
		30 سببا لتنال رحمة الله تعالى	أبو عبد الرحمن سلطان علي	ShamAY	35137	0.63043
		مناقب آل أبي طالب - الجزء1	ابن شهر آشوب المازندراني	Masaha	3007	0.63043
		الرد على السبكي في مسألة تعليق الطلاق	شيخ الإسلام أحمد بن عبد الحليم بن عبد السلام ابن تيمية (661 - 728 ه)	Sham19Y	32384	0.63039
		 نظرية المعرفة 	 تقرير بحث الشيخ السبحاني لحسن مكي العاملي 	ABLibrary	8667	0.63035
		عيون المسائل	السيد محمد باقر الميرداماد	Masaha	1288	0.63034
		جماعة واحدة لا جماعات وصراط واحد لا عشرات حوار مع عبدالرحمن عبدالخالق	ربيع بن هادي المدخلي	ShamAY	33047	0.63033
		الطفل بين الوراثة والتربية [ج ١]	الشيخ محمد تقي فلسفي	Rafed	133	0.63033
		فرائد الأصول [ج ٢]	الشيخ مرتضى الأنصاري	Rafed	2430	0.63032
		موسوعة الإمام الخوئي - الجزء1	السيد أبو القاسم الموسوي الخوئي	Masaha	1762	0.63029
		عقيدة التوحيد في القرآن الكريم	محمد أحمد محمد عبد القادر خليل ملكاوي	ShamAY	11282	0.63028
		مختصر تفسير المعوذتين	محمد بن عبد الوهاب	ShamAY	33100	0.63027
		الأشباه والنظائر في النحو [ج ١]	جلال الدين عبد الرحمن بن أبي بكر السيوطي	Rafed	2058	0.63025
		دراسات في الأديان اليهودية والنصرانية	سعود بن عبد العزيز الخلف	ShamAY	11183	0.63021
		... ومن الحوار اكتشفت الحقيقة	الأستاذ هشام آل قطيط	Masaha	487	0.6302
		التقييد والإيضاح شرح مقدمة ابن الصلاح	أبو الفضل زين الدين عبد الرحيم بن الحسين بن عبد الرحمن بن أبي بكر بن إبراهيم العراقي (المتوفى: 806هـ)	ShamAY	7581	0.63019
		الجامع لأحكام القرآن = تفسير القرطبي	أبو عبد الله محمد بن أحمد بن أبي بكر بن فرح الأنصاري الخزرجي شمس الدين القرطبي (المتوفى: 671هـ)	ShamAY	495	0.63018
		 نهاية الارب في اخبار الفرس والعرب 	 مؤلف مجهول 	ABLibrary	8297	0.63018
		الطرائف في معرفة مذاهب الطوائف‏ - الجزء1	السيد علي بن موسى بن طاووس	Masaha	2052	0.63017
		الإحكام شرح أصول الأحكام لابن قاسم	عبد الرحمن بن محمد بن قاسم العاصمي القحطاني الحنبلي النجدي (المتوفى: 1392ه)	ShamelaY19	96231	0.63016
		تاريخ اليمن خلال القرن الحادي عشر الهجري- السابع عشر الميلادي/ تاريخ طبق الحلوى وصحاف المن والسلوى	عبد الله بن علي بن أحمد بن محمد الحسني، المعروف بالوزير (المتوفى: 1147هـ)	ShamAY	6640	0.63013
		البُرهان في تبرئة أبي هريرة من البُهتان	عبد الله الناصر	ShamAY	35748	0.63012
		موسوعة المعلمي اليماني وأثره في علم الحديث المسماة «النكت الجياد المنتخبة من كلام شيخ النقاد ذهبي العصر العلامة عبد الرحمن بن يحي المعلمي اليماني»	أبو أنس إبراهيم بن سعيد الصبيحي	ShamAY	32308	0.63011
		استخراج الجدال من القرآن الكريم	عبد الرحمن بن نجم بن عبد الوهاب الجزري السعدي العبادي، أبو الفرج، ناصح الدين ابن الحنبلي (المتوفى: 634هـ)	ShamAY	242	0.63009
		إعلام الموقعين عن رب العالمين ت مشهور	أبو عبد الله محمد بن أبي بكر بن أيوب المعروف بابن قيم الجوزية (المتوفى: 751 هـ)	ShamAY	32703	0.63007
		إيقاظ همم أولي الأبصار للاقتداء بسيد المهاجرين والأنصار	صالح بن محمد بن نوح بن عبد الله العَمْري المعروف بالفُلَّاني المالكي (المتوفى: 1218هـ)	ShamAY	6856	0.63007
		المفردات في غريب القرآن	أبو القاسم الحسين بن محمد المعروف بالراغب الأصفهانى (المتوفى: 502هـ)	ShamAY	23636	0.63005
		خلاصة الوفا بأخبار دار المصطفى	علي بن عبد الله بن أحمد الحسني السمهودي (المتوفى: 911هـ)	ShamAY	31372	0.63005
		السيره الائمه الاثناء عشر عليهم السلام	هاشم معروف الحسني	Ghbook	6097	0.63005
		مفهوم التفسير والتأويل والاستنباط والتدبر والمفسر	د مساعد بن سليمان بن ناصر الطيار	ShamAY	31800	0.63004
		 حوار مع الشيخ صالح بن عبدالله الدرويش ( حول تأملات في نهج البلاغة ) 	 الشيخ السبحاني 	ABLibrary	8416	0.63004
		كتاب العين	أبو عبد الرحمن الخليل بن أحمد بن عمرو بن تميم الفراهيدي البصري (المتوفى: 170هـ)	ShamAY	1682	0.63002
		التقرير والتحبير علي تحرير الكمال بن الهمام	أبو عبد الله، شمس الدين محمد بن محمد بن محمد المعروف بابن أمير حاج ويقال له ابن الموقت الحنفي (المتوفى: 879هـ)	ShamAY	21605	0.63
		حاشية البجيرمي على الخطيب = تحفة الحبيب على شرح الخطيب - العلمية	سليمان بن محمد بن عمر البجيرمي الشافعي دار النشر: دار الكتب العلمية - بيروت/ لبنان - 1417هـ -1996م	ShamAY	34250	0.62998
		إِحْكَامُ النَّظَرِ فِي أَحْكَامِ النَّظَرِ بِحَاسَّةِ البَصَرِ	علي بن محمد بن عبد الملك الكتامي الحميري الفاسي، أبو الحسن ابن القطان (المتوفى: 628 هـ)	ShamAY	32285	0.62998
		الإسلام يتحدى	وحيد الدين خان	ShamAY	33285	0.62997
		 المعاد وعالم الآخرة 	 الشيخ ناصر مكارم الشيرازي 	ABLibrary	8617	0.62997
		الحاشية على مدارك الأحكام [ج ٣]	محمّد باقر الوحيد البهبهاني	Rafed	680	0.62997
		تفسير العثيمين: الكهف	محمد بن صالح بن محمد العثيمين (المتوفى: 1421ه)	ShamelaY19	21807	0.62996
		دليل الواعظ إلى أدلة المواعظ (موضوعات للخطب بأدلتها من القرآن الكريم والسنة الصحيحة)	شحاتة محمد صقر	ShamAY	559	0.62995
		ومضات روي اسلاميه في العقيده والاخلاق	رضا شيرازي	Ghbook	7912	0.62995
		اعتقاد أئمة السلف أهل الحديث	محمد بن عبد الرحمن الخميس	Sham19Y	7506	0.62993
		جامع العلوم والحكم - ط المعرفة	أبو الفرج عبد الرحمن بن أحمد بن رجب الحنبلي	ShamAY	33527	0.6299
		مختارات شعراء العرب لابن الشجري	ضياء الدين أبو السعادات هبة الله بن علي بن حمزة، المعروف بابن الشجري (المتوفى: 542هـ)	ShamAY	407	0.6299
		شرح الطحاوية لابن جبرين	عبد الله بن عبد الرحمن بن عبد الله بن إبراهيم بن فهد بن حمد بن جبرين (المتوفى: 1430ه)	Sham19Y	7724	0.6299
		المحاجّة في القرآن الكريم .. دراسة دلالية	أسيل الجنابي	ShamAY	36997	0.62988
		الصحيح من سيرة النبي الأعظم صلّى الله عليه وآله [ج ٣]	السيد جعفر مرتضى العاملي	Rafed	2481	0.62985
		شرح منظومة القواعد الفقهية للسعدي	خالد بن إبراهيم الصقعبي	ShamAY	37570	0.62984
		احكام المتاجر المحرمه	مهدي نجفي كاشف الغطاء	Ghbook	11674	0.62984
		تقريرات آية الله المجدد الشيرازي‏ - الجزء1	الميرزا محمد حسن الشيرازي	Masaha	3278	0.62983
		الإعلام بتوضيح نواقض الإسلام	الواحدي	ShamAY	35464	0.62982
		 شرح المقاصد 	 التفتازاني 	ABLibrary	8465	0.62982
		إتحاف ذوي الألباب في قوله - تعالى -: {يمحو الله ما يشاء ويثبت وعنده أم الكتاب}	مرعي بن يوسف بن أبى بكر بن أحمد الكرمى المقدسي الحنبلى (المتوفى: 1033ه)	ShamelaY19	96271	0.62981
		أنوار الفقاهة (كتاب الزكاة)	الشيخ حسن كاشف الغطاء	Masaha	905	0.62981
		القول البليغ في التحذير من جماعة التبليغ	حمود بن عبد الله بن حمود التويجري	ShamAY	37745	0.6298
		التوضيح والتتمات على كشف الشبهات	علي الخضير	ShamAY	35726	0.6298
		 كتاب الحج 	 السيد حسن الطباطبائي 	ABLibrary	9501	0.6298
		الأحاديث الأربعين النووية مع ما زاد عليها ابن رجب وعليها الشرح الموجز المفيد	عبد الله بن صالح المحسن	ShamAY	8713	0.62978
		موسوعة الدين النصيحة 1-5	الواحدي :: علي بن نايف الشحود	ShamAY	36104	0.62976
		ظاهرة ضعف الإيمان	محمد صالح المنجد	ShamelaY19	36391	0.62976
		جواهر الكلام [ج ١٤]	الشيخ محمّد حسن النّجفي	Rafed	644	0.62975
		مباني منهاج الصالحين‌ - الجزء1	السيد تقي الطباطبائي القمي	Masaha	3541	0.62973
		التفسير البياني للتراكيب القرآنية ذوات الدلالات الاحتمالية		ShamAY	36913	0.62968
		الامام الصادق ( عليه السلام ) عطر النبوه و منهج حياه	حسين ابراهيم الحاج حسن	Ghbook	4981	0.62968
		صفة الفتوى والمفتي والمستفتي	أبو عبد الله أحمد بن حمدان بن شبيب بن حمدان النميري الحرّاني الحنبلي (المتوفى: 695هـ)	ShamAY	6356	0.62967
		جهاد الامام السجّاد	السيد محمد رضا الحسيني الجلالي	Rafed	290	0.62967
		دراسات في التصوف	إحسان إلهي ظهير الباكستاني (المتوفى: 1407هـ)	ShamAY	981	0.62966
		نفحات الاعجاز	العلوي الخوئي	Masaha	471	0.62965
		 حماة الوحي ( پاسداران وحى ) 	 الشيخ فاضل اللنكراني - شهاب الدين الاشراقي ( تعريب : عبد الرحيم الحمراني ) 	ABLibrary	8414	0.62964
		 الصوم في الشريعة الإسلامية الغراء 	 الشيخ السبحاني 	ABLibrary	9595	0.62964
		إعراب القرآن للأصبهاني	إسماعيل بن محمد بن الفضل بن علي القرشي الطليحي التيمي الأصبهاني، أبو القاسم، الملقب بقوام السنة (المتوفى: 535هـ)	ShamAY	581	0.62961
		العُقُود اللُؤْلُؤيَّة فِي تَبْيِين رُجُوع السَّلَفِ عَنْ آرَائِهِمْ وَخَطَئِهِمْ فِي المسَائِلِ الفِقْهِيَّة	فوزي الأثري	ShamAY	36682	0.6296
		الخلاصة في أحكام الحج والعمرة	الواحدي :: علي بن نايف الشحود	ShamAY	36072	0.62958
		موسوعة الأسرة تحت رعاية الإسلام	عطية صقر	ShamAY	38650	0.62957
		 كامل الصناعتين في البيطرة والزردقة ( الناصري ) 	 أبي بكر بن بدر الدين البيطار 	ABLibrary	9936	0.62957
		شرح كتاب الإيمان - يوسف الغفيص	يوسف بن محمد علي الغفيص	ShamAY	31673	0.62955
		إعراب القرآن للأصبهاني	إسماعيل بن محمد بن الفضل بن علي القرشي الطليحي التيمي الأصبهاني، أبو القاسم، الملقب بقوام السنة (المتوفى: 535ه)	ShamelaY19	36506	0.62954
		الأخلاق في القرآن [ج ٢]	آية الله مكارم الشيرازي	Rafed	3949	0.62954
		عمدة الحفاظ في تفسير أشرف الألفاظ	أبو العباس، شهاب الدين، أحمد بن يوسف بن عبد الدائم المعروف بالسمين الحلبي (المتوفى: 756 هـ)	ShamAY	32547	0.62953
		الرد على الجهمية والزنادقة	أبو عبد الله أحمد بن محمد بن حنبل بن هلال بن أسد الشيباني (المتوفى: 241هـ)	ShamAY	7623	0.62953
		الرد على التعقيب الحثيث للشيخ عبد الله الحبشي	محمد ناصر الدين الألباني	ShamelaY19	151039	0.62952
		مصادر الحكم الشرعي والقانون المدني‏  - الجزء1	الشيخ كاشف الغطاء	Masaha	4321	0.6295
		تاج العروس من جواهر القاموس	محمد مرتضي حسيني زبيدي	Ghbook	8169	0.62949
		الكافي شرح البزودي	الحسين بن علي بن حجاج بن علي، حسام الدين السِّغْنَاقي (المتوفى: 711 هـ)	ShamAY	32352	0.62947
		غمز عيون البصائر في شرح الأشباه والنظائر	أحمد بن محمد مكي، أبو العباس، شهاب الدين الحسيني الحموي الحنفي (المتوفى: 1098ه)	ShamelaY19	21588	0.62945
		لماذا اخترت مذهب الشيعة مذهب أهل البيت(ع)	الشيخ محمد مرعي الأنطاكي	Masaha	455	0.62945
		الحميري وشعره في الغدير	الشيخ عبد الحسين الأميني النجفي	Masaha	241	0.62945
		مفاتيح للتعامل مع القرآن	د صلاح عبد الفتاح الخالدي	ShamAY	1229	0.62943
		نفحات الذّات [ج ١]	كريم الأنصاري	Rafed	2836	0.62943
		دروس الشيخ يوسف الغفيص	يوسف بن محمد علي الغفيص	ShamelaY19	37775	0.62942
		محك النظر في المنطق	أبو حامد محمد بن محمد الغزالي الطوسي (المتوفى: 505ه)	ShamelaY19	26538	0.62941
		التضمين النحوي في القرآن الكريم	محمد نديم فاضل	ShamelaY19	95526	0.62941
		كشف المحجة لثمرة المهجة	السيد علي بن موسى بن طاووس	Masaha	4759	0.62941
		إتحاف ذوي الألباب في قوله - تعالى -: {يمحو الله ما يشاء ويثبت وعنده أم الكتاب}	مرعي بن يوسف بن أبى بكر بن أحمد الكرمى المقدسي الحنبلى (المتوفى: 1033هـ)	ShamAY	1754	0.62939
		جالب السرور لربات الخدور	أبو محمد عبد الكريم بن صالح بن عبد الكريم الحميد	ShamelaY19	37566	0.62939
		تراثنا ـ العدد [ 20 ]	مؤسسة آل البيت عليهم السلام لإحياء التراث ـ قم	Rafed	2740	0.62938
		الغدير في الكتاب والسنّة والأدب [ج ١١]	الشيخ عبد الحسين أحمد الأميني النجفي	Rafed	2024	0.62938
		البدر الزاهر في صلاه الجمعه و المسافر	آيت الله العظمي سيد حسين طباطبايي بروجردي	Ghbook	11120	0.62937
		محمد ( صلي الله عليه و آله ) في القرآن	رضا صدر	Ghbook	5301	0.62933
		دليل الداعية	ناجي بن دايل السلطان	ShamAY	23103	0.62932
		الامام جعفر الصادق عليه السلام	المستشار عبدالحليم الجندي	Ghbook	4996	0.62932
		تذكرة المؤتسي شرح عقيدة الحافظ عبد الغني المقدسي	عبد الرزاق بن عبد المحسن البدر	Sham19Y	11093	0.62929
		شرح الدعاء من الكتاب والسنة	أبو عبد الرحمن ماهر بن عبد الحميد بن مقدم	ShamelaY19	96549	0.62927
		المحسن السبط مولود أم سقط	السيد محمد مهدي الخرسان	Masaha	493	0.62925
		الدعاء بالأسماء الحسنى	الواحدي :: محمود عبد الرازق رضواني	ShamAY	34969	0.62924
		تفسير القرآن الكريم - المقدم	محمد أحمد إسماعيل المقدم	ShamelaY19	37041	0.62924
		فقه الجهاد	الواحدي :: ياسر برهامي	ShamAY	36405	0.62923
		التذييل والتكميل في شرح كتاب التسهيل	أبو حيّان الأندلسي	ShamAY	32515	0.62922
		أشرف الوسائل إلى فهم الشّمائل (ومعه: جواهر الدّرر في مناقب ابن حجر)	أحمد بن محمد بن علي بن حجر الهيتمي السعدي الأنصاري، شهاب الدين شيخ الإسلام، أبو العباس (المتوفى: 974هـ)	ShamAY	31701	0.62921
		الكامل في اللغة والأدب	محمد بن يزيد المبرد، أبو العباس (المتوفى: 285ه)	Sham19Y	8505	0.6292
		انوار الاصول	آيت الله العظمي ناصرمكارم شيرازي	Ghbook	9587	0.62919
		معالم الدين من أحاديث الصادق الأمين	محمد محب الدين أبو زيد	ShamAY	32489	0.62917
		الإيمانُ بيومِ القِيامةِ وأهوالِهِ	علي بن نايف الشحود	ShamAY	35263	0.62915
		الكامل في اللغة والأدب	محمد بن يزيد المبرد، أبو العباس (المتوفى: 285هـ)	ShamAY	8505	0.62915
		لمحات في المكتبة والبحث والمصادر	محمد عجاج بن محمد تميم بن صالح بن عبد الله الخطيب	ShamAY	11365	0.62911
		انيس الفقهاء في تعريفات الألفاظ المتداولة بين الفقهاء	قاسم بن عبد الله بن أمير علي القونوي الرومي الحنفي (المتوفى: 978هـ)	ShamAY	10930	0.62909
		الهداية في الأصول [ج ١]	آية الله الشيخ حسن الصافي الإصفهاني	Rafed	3830	0.62909
		عيون المعجزات	الشيخ حسين بن عبد الوهاب	Rafed	1720	0.62908
		رد الطعون الواردة في الموسوعة العبرية عن الإسلام ورسوله صلى الله عليه وسلم	موسى البسيط	Sham19Y	11209	0.62907
		شرح صحيح البخاري للحويني	أبو إسحاق الحويني الأثري حجازي محمد شريف	ShamAY	2082	0.62905
		التَّصَوُّفُ .. المنشَأ وَالمَصَادر	إحسان إلهي ظهير الباكستاني (المتوفى: 1407هـ)	ShamAY	965	0.62904
		ليس عليك وحشة	عبد الملك بن محمد القاسم	ShamelaY19	36555	0.62904
		الإبطال والرفض لعدوان من تجرأ على (كشف الشبهات) بالنقض، ويليه / ملامح جهمية	أبو محمد عبد الكريم بن صالح بن عبد الكريم الحميد	ShamAY	1111	0.62903
		المذهب الحنبلي «دراسة في تاريخه وسماته وأشهر أعلامه ومؤلفاته»	عبد الله بن عبد المحسن بن عبد الرحمن التركي	ShamAY	32454	0.62903
		المقدمات الأساسية في علوم القرآن	عبد الله بن يوسف بن عيسى بن يعقوب اليعقوب الجديع العنزي	ShamAY	1157	0.62902
		 أقوم المسالك في معرفة أحوال الممالك 	 خير الدين التونسي 	ABLibrary	8934	0.62902
		الطفل بين الوراثة والتربية - الجزء1	الشيخ محمد تقي الفلسفي	Masaha	560	0.629
		فتح العلام بشرح الإعلام بأحاديث الأحكام	شيخ الإسلام أبو يحيى زكريا الأنصاري الشافعي الخزرجي (المتوفى: 925 ه)	ShamelaY19	20590	0.62899
		الأدب العربي المعاصر في مصر	أحمد شوقي عبد السلام ضيف الشهير بشوقي ضيف (المتوفى: 1426ه)	Sham19Y	9981	0.62898
		 أدب الطف أو شعراء الحسين ( ع ) 	 جواد شبر 	ABLibrary	7399	0.62898
		تراثنا ـ العددان [ 38 و 39 ]	مؤسسة آل البيت عليهم السلام لإحياء التراث ـ قم	Rafed	2798	0.62898
		أوثق الوسائل في شرح الرسائل	الميرزا موسى التبريزي	Masaha	1591	0.62898
		الحاشية الأولى على الألفية	الشهيد الثاني	Masaha	1138	0.62898
		بحار الأنوار [ج ٣٠]	الشيخ محمّد باقر بن محمّد تقي المجلسي	Rafed	913	0.62896
		 في رحاب أهل البيت ( ع ) 	 لجنة بحوث المجمع العالمي لأهل البيت ( ع ) 	ABLibrary	8539	0.62895
		القواعد الفقهية - د عياض	عياض السلمي	ShamAY	37528	0.62894
		محاضرات عقائدية	المستشار الدمرداش بن زكي العقالي	Rafed	227	0.62894
		المشابهة بين المعتزلة الأوائل والمعتزلة الجدد	فؤاد الشلهوب	ShamAY	37790	0.62892
		الأساليب والإطلاقات العربية	أبو المنذر محمود بن محمد بن مصطفى بن عبد اللطيف المنياوي	Sham19Y	36193	0.62892
		 شبهات حول القرآن وتفنيدها 	 غازي عناية 	ABLibrary	8450	0.62892
		فتح رب العبيد في الرد على مختصر شرح الطحاوية وكتاب التوحيد	الشيخ عبدالعزيز الراجحي	ShamAY	35566	0.62891
		البديع في علم العربية - الجزء1_1	ابن الأثير الجزري	Masaha	3375	0.6289
		الصفدية	ابن تيمية	ShamelaY19	22874	0.62889
		الكواكب الدراري في شرح صحيح البخاري	محمد بن يوسف بن علي بن سعيد، شمس الدين الكرماني (المتوفى: 786هـ)	ShamAY	31908	0.62888
		الإعجاز العلمي إلى أين؟ مقالات تقويمية للإعجاز العلمي.	د مساعد بن سليمان بن ناصر الطيار	Sham19Y	13768	0.62887
		مختصر كتاب جلباب المرأة المسلمة للألباني	حسام الدين عفانة	Sham19Y	9291	0.62887
		شرح الحموية - عبد الرحيم السلمي	عبد الرحيم بن صمايل العلياني السلمي	ShamelaY19	37798	0.62883
		فتاوى يسألونك	الأستاذ الدكتور حسام الدين بن موسى عفانة	ShamAY	988	0.62881
		تعليق مختصر على كتاب لمعة الاعتقاد الهادي إلى سبيل الرشاد	محمد بن صالح بن محمد العثيمين (المتوفى: 1421هـ)	ShamAY	11366	0.6288
		قاعدة مختصرة في قتال الكفار ومهادنتهم وتحريم قتلهم لمجرد كفرهم	شيخ الإسلام أحمد بن عبد الحليم ابن تيمية الحراني (661 - 728 ه)	Sham19Y	147669	0.62878
		شرح كتاب أصول الإيمان لشيخ الإسلام محمد بن عبد الوهاب	صالح آل الشيخ	ShamAY	34732	0.62877
		قاعدة لا ضرر ولا ضرار	آية الله العظمى السيد علي السيستاني	Rafed	209	0.62877
		الإحكام شرح أصول الأحكام لابن قاسم	عبد الرحمن بن محمد بن قاسم العاصمي القحطاني الحنبلي النجدي (المتوفى: 1392هـ)	ShamAY	1705	0.62876
		موسوعة عبد الله بن عبّاس [ج ١٠]	السيد محمد مهدي السيد حسن الموسوي الخرسان	Rafed	1199	0.62875
		رساله في الدماء الثلاثه و احكام الاموات و التيمم	محمد تقي و اراكي خوانساري	Ghbook	11133	0.62873
		كواشف زيوف	عبد الرحمن بن حسن حَبَنَّكَة الميداني الدمشقي (المتوفى: 1425هـ)	ShamAY	12728	0.62871
		شرح أبيات مغني اللبيب	عبد القادر بن عمر البغدادي (1030 ه - 1093 ه)	ShamelaY19	150966	0.62871
		التوحيد و الشرك في القرآن الكريم	آيت الله العظمي جعفر سبحاني	Ghbook	4536	0.62869
		دراسات في النحو	صلاح الدين الزعبلاوي	ShamAY	2120	0.62864
		نهاية الدّراية في شرح الكفاية [ج ١]	الشيخ محمّد حسين الإصفهاني	Rafed	817	0.62863
		القواعد الفقهيه	آيت الله العظمي سيد محمد حسيني شيرازي	Ghbook	8071	0.62862
		تفسير القمي - الجزء1	علي بن ابراهيم القمي	Masaha	24	0.62862
		فوائد القواعد	الشهيد الثاني	Masaha	1170	0.62861
		شرح الورقات لعبدالله الفوزان	عبد الله الفوزان	ShamAY	37547	0.62859
		الخراج لأبي يوسف	أبو يوسف القاضي	ShamelaY19	26333	0.62857
		الخراج لأبي يوسف	أبو يوسف يعقوب بن إبراهيم بن حبيب بن سعد بن حبتة الأنصاري (المتوفى : 182هـ)	ShamAY	26333	0.62854
		 الزكاة في الشريعة الإسلامية الغراء 	 الشيخ السبحاني 	ABLibrary	9567	0.62854
		جنّة الحوادث في شرح زيارة وارث	الملّا حبيب الله الشريف الكاشاني	Rafed	3105	0.62853
		معوقات الخلافة الإسلامية وسبل إعادتها	سعد عبد الله عاشور	ShamAY	33488	0.62849
		النظام القضائي في الفقه الإسلامي	محمد رأفت عثمان	ShamAY	10744	0.62848
		الغدير في الكتاب والسنّة والأدب [ج ٦]	الشيخ عبد الحسين أحمد الأميني النجفي	Rafed	2011	0.62848
		تصحيح المفاهيم في جوانب العقيدة (السنة الحادية عشرة, العدد الثاني)	أبو أحمد محمد أمان بن علي جامي علي (المتوفى: 1415هـ)	ShamAY	10065	0.62846
		مقاصد الشريعة الإسلامية	محمد الطاهر بن محمد بن محمد الطاهر بن عاشور التونسي (المتوفى: 1393هـ)	ShamAY	32107	0.62846
		عمدة الفقه	أبو محمد موفق الدين عبد الله بن أحمد بن محمد بن قدامة الجماعيلي المقدسي ثم الدمشقي الحنبلي، الشهير بابن قدامة المقدسي (المتوفى: 620هـ)	ShamAY	11315	0.62846
		البحث اللغوي عند العرب	د أحمد مختار عبد الحميد عمر	ShamAY	8670	0.62844
		الباعث الحثيث شرح اختصار علوم الحديث ط ابن الجوزي	عماد الدين أبو الفداء إسماعيل ابن كثير - أبو الأشبال أحمد محمد شاكر	Sham19Y	150481	0.62842
		بذل النصح والتذكير لبقايا المفتونين بالتكفير والتفجير	الواحدي	ShamAY	35516	0.62839
		إعراب القرآن [ج ٤]	أبي جعفر أحمد بن محمّد بن إسماعيل النحّاس [ ابن النحّاس ]	Rafed	3323	0.62839
		اسس الحكومه الدينيه	علي محامد	Ghbook	16060	0.62838
		 تفصيل الشريعة في شرح تحرير الوسيلة ( المكاسب المحرمة ) 	 الشيخ فاضل اللنكراني 	ABLibrary	9509	0.62837
		شرح الرضيّ على الكافية [ج ٣]	محمّد بن الحسن الرضي الاسترآبادي	Rafed	1800	0.62836
		دروس عمدة الفقه للشنقيطي	محمد المختار الشنقيطي	ShamAY	34749	0.62835
		روائع التفسير (الجامع لتفسير الإمام ابن رجب الحنبلي)	زين الدين عبد الرحمن بن أحمد بن رجب بن الحسن، السَلامي، البغدادي، ثم الدمشقي، الحنبلي (المتوفى: 795هـ)	ShamAY	10463	0.62834
		الفوائد الذهبية من سير أعلام النبلاء جـ 2	فهد بن عبد الرحمن العثمان	ShamAY	32109	0.62834
		إعراب القرآن [ج ٢]	الزجّاج	Rafed	3143	0.62834
		الممارسة العملية في علاج حالات السحر والمس الشيطاني	عبد الفتاح عبد الغني الهمص	ShamAY	36133	0.62833
		التحفة الربانية في شرح الأربعين حديثًا النووية - ومعها: شرح الأحاديث التي زادها ابن رجب الحنبلي	إسماعيل بن محمد بن ماحي السعدي الأنصاري (المتوفى: 1417هـ)	ShamAY	993	0.62833
		الأمثال القرآنية القياسية المضروبة للإيمان بالله	عبد الله بن عبد الرحمن الجربوع	ShamAY	7366	0.62832
		البدعة وأثرها في محنة المسلمين	أبو إسحاق الحويني الأثري حجازي محمد شريف	ShamAY	7692	0.62831
		الموسوعة الفقهية - الدرر السنية	مجموعة من المؤلفين	ShamelaY19	38056	0.62831
		شرح الحموية - يوسف الغفيص	يوسف بن محمد علي الغفيص	ShamAY	31669	0.6283
		مسألة في منع ترميم الكنائس	الْعَلَّامَةُ الْحَافِظُ الْفَقِيهُ الْمُجْتَهِدُ القَاضِي تَقِيُّ الدِّينِ أَبُو الْحَسَنِ عَلِيُّ بْنُ عَبْدِ الْكَافِي السُّبْكِيُّ	ShamAY	38007	0.62827
		شرح ألفية العراقي في علوم الحديث	عبد الرحمن بن أبي بكر بن محمد، زين الدين المعروف بابن العيني الحنفي (المتوفى: 893ه)	ShamelaY19	96618	0.62827
		المطالب العالية من العلم الإلهي [ج ٨]	محمّد بن عمر بن الحسن بن الحسين التيمي البكري [ فخر الدين الرازي ]	Rafed	3641	0.62825
		المرأة في الإسلام	محمد الغزالي	ShamAY	36038	0.62823
		نشوار المحاضرة وأخبار المذاكرة - العلمية	أبو علي المحسن بن علي بن محمد التنوخي البصري	ShamAY	33773	0.62822
		مغنى اللبيب [ج ١]	أبي محمّد عبد الله جمال الدين بن يوسف بن أحمد بن عبد الله بن هشام الأنصاري المصري	Rafed	1842	0.62822
		توضيح الرشاد في تاريخ حصر الاجتهاد	الشيخ آقا بزرك الطهراني	Masaha	3620	0.62821
		المورد العذب الزلال في كشف شبه أهل الضلال (مطبوع ضمن الرسائل والمسائل النجية، الجزء الرابع، القسم الأول)	عبد الرحمن بن حسن بن محمد بن عبد الوهاب بن سليمان التميمي (المتوفى: 1285هـ)	ShamAY	8571	0.62818
		كتاب المواعظ والإعتبار بذكر الخطط والآثار المعروف بالخطط المقريزيّة [ج ٢]	تقي الدين احمد بن علي المقريزي	Rafed	2320	0.62817
		بحار الأنوار [ج ٥]	الشيخ محمّد باقر بن محمّد تقي المجلسي	Rafed	516	0.62815
		عمل المرأة في الميزان	محمد علي البار	ShamAY	36594	0.62814
		معجم البلدان - الجزء1	ياقوت الحموي	Masaha	2942	0.62814
		التحف في مذاهب السلف	محمد بن علي الشوكاني	ShamAY	33847	0.62812
		غاية المرام في علم الكلام	أبو الحسن سيد الدين علي بن أبي علي بن محمد بن سالم الثعلبي الآمدي (المتوفى: 631هـ)	ShamAY	6364	0.62811
		أبوذر الغفاري رمز اليقظة في الضمير الإنساني	الشيخ محمد جواد الفقيه	Rafed	3	0.62811
		محاضرات في فقه الإمامية - كتاب الخمس	السيد محمد هادي الميلاني	Masaha	5117	0.62811
		الدين العالمي ومنهج الدعوة إليه	عطية صقر	ShamAY	38569	0.6281
		شرح القصيدة اللامية لابن تيمية - عبد الرحيم السلمي	عبد الرحيم بن صمايل العلياني السلمي	ShamAY	808	0.6281
		زاد المسير في علم التفسير [ج ٤]	أبي الفرج عبدالرحمن ابن علي ابن الجوزي	Rafed	3360	0.6281
		الخطر اليهودي بروتوكولات حكماء صهيون	محمد خليفة التونسي	ShamelaY19	38100	0.62809
		مفردات القرآن - نظرات جديدة في تفسير ألفاظ قرآنية	عبد الحميد الفراهي الهندي (المتوفى: 1349هـ)	ShamAY	1981	0.62808
		شرح الرسالة التدمرية	محمد بن عبد الرحمن الخميس	Sham19Y	11256	0.62808
		 غرر الأخبار ودرر الآثار في مناقب أبى الأئمة الأطهار ( ع ) 	 الحسن بن محمد الديلمي 	ABLibrary	7623	0.62807
		بحث التوثيق القرآني لغزوة الخندق	أحمد بن محمد الشرقاوى	ShamAY	37395	0.62806
		شبهات وأباطيل حول معاوية ابن أبي سفيان		ShamAY	35662	0.62806
		البرنس في باريس	محمّد المقداد الورتتاني	Rafed	2151	0.62806
		الجديد في الحكمة	سعيد بن منصور بن كمونة	ShamAY	33849	0.62802
		الحداثة العولمة الارهاب في ميزان النهضة الحسينية	محمد السند	Ghbook	15155	0.62798
		صناعة الحياة	محمد أحمد الراشد	ShamAY	33341	0.62797
		السنة النبوية وحي من الله محفوظة كالقرآن الكريم	الحسين بن محمد آيت سعيد	ShamAY	7599	0.62797
		الملخص في شرح كتاب التوحيد	صالح بن فوزان بن عبد الله الفوزان	ShamAY	9950	0.62796
		محك النظر	أبو حامد الغزالي	Rafed	1719	0.62792
		الأجوبة العراقية على الأسئلة اللاهورية	شهاب الدين محمود بن عبد الله الحسيني الألوسي (المتوفى: 1270هـ)	ShamAY	521	0.62789
		الافصاح في الامامه	محمد بن  محمد بن نعمان شيخ مفيد	Ghbook	2379	0.62789
		 القواعد الكشفية الموضحة لمعانى الصفات الإلهية 	 عبد الوهاب الشعراني 	ABLibrary	8841	0.62788
		الإحكام شرح أصول الأحكام لابن قاسم	عبد الرحمن بن محمد بن قاسم العاصمي القحطاني الحنبلي النجدي (المتوفى: 1392ه)	Sham19Y	96231	0.62787
		دليل الداعية	ناجي بن دايل السلطان	Sham19Y	23103	0.62785
		 الكهف والرقيم في شرح بسم الله الرحمن الرحيم ( ويليه شرح الكهف والرقيم ) 	 عبد الكريم بن ابراهيم الجيلي 	ABLibrary	8812	0.62783
		أسرار ترتيب القرآن	عبد الرحمن بن أبي بكر، جلال الدين السيوطي (المتوفى: 911هـ)	ShamAY	9992	0.62782
		القناعة والتعفف	أبو بكر عبد الله بن محمد بن عبيد بن سفيان بن قيس البغدادي الأموي القرشي المعروف بابن أبي الدنيا (المتوفى: 281ه)	ShamelaY19	22347	0.62782
		التعليقات السنية على العقيدة الواسطية	فيصل بن عبد العزيز بن فيصل ابن حمد المبارك الحريملي النجدي (المتوفى: 1376هـ)	ShamAY	21517	0.62781
		تاريخ الشيعة بين المؤرخ والحقيقة	الدكتور نور الدين الهاشمي	Rafed	1351	0.62781
		التعليقة على الرسالة الصومية	الشيخ الخواجوئي	Masaha	1445	0.62779
		كيف يبني طالب العلم مكتبته	عبد الكريم بن عبد الله بن عبد الرحمن بن حمد الخضير	ShamelaY19	23765	0.62778
		الأجوبة العراقية على الأسئلة اللاهورية	شهاب الدين محمود بن عبد الله الحسيني الألوسي (المتوفى: 1270ه)	ShamelaY19	36066	0.62777
		 بحار الأنوار 	 العلامة المجلسي 	ABLibrary	777	0.62775
		الطّراز الأوّل [ج ١]	السيّد علي بن أحمد بن محمّد معصوم الحسيني	Rafed	399	0.62775
		فن السيرة	دكتور إحسان عباس (المتوفى: 1424هـ)	ShamAY	1019	0.62774
		التنقيح الرائع لمختصر الشرائع - الجزء1	المقداد السيوري	Masaha	1058	0.62774
		تطهير الجنان - القواعد الأربع - منهج السالكين	أحمد بن حجر آل بن علي - محمد بن سليمان التميمي - عبد الرحمن بن ناصر بن سعدي	ShamelaY19	31239	0.62773
		شرح صحيح البخاري للحويني	أبو إسحاق الحويني الأثري حجازي محمد شريف	Sham19Y	2082	0.62772
		بحار الأنوار [ج ٢٥]	الشيخ محمّد باقر بن محمّد تقي المجلسي	Rafed	897	0.62771
		التحفة السنية شرح منظومة ابن أبي داود الحائية	عبد الرزاق بن عبد المحسن البدر	ShamAY	7575	0.6277
		رحلة الصفار إلي فرنسا	محمد بن عبد الله الصفار	Masaha	4832	0.62769
		نيل الأوطار	محمد بن علي بن محمد بن عبد الله الشوكاني اليمني (المتوفى: 1250هـ)	ShamAY	9242	0.62768
		نظرية عدالة الصحابة والمرجعية السياسية في الإسلام	المحامي أحمد حسين يعقوب	Masaha	470	0.62768
		سلم الوصول لبيان ستة الأصول	زيد بن محمد المدخلي	ShamAY	32980	0.62767
		دورة تدريبية في مصطلح الحديث	أبو الأشبال حسن الزهيري آل مندوه المنصوري المصري	ShamelaY19	37606	0.62767
		 المطالب العالية من العلم الإلهي 	 فخر الدين الرازي 	ABLibrary	8613	0.62766
		التدريب وأهميته في العمل الإسلامي	محمد بن حسن بن عقيل موسى الشريف	ShamelaY19	36501	0.62765
		 المواعظ والإعتبار في ذكر الخطط والآثار ( ط بيروت ) 	 المقريزي 	ABLibrary	9234	0.62763
		شذا الرياحين من أخبار الصالحين	أبو مالك محمد بن حامد بن عبد الوهاب	ShamAY	33737	0.62761
		المختارات في الأصول‏  - الجزء1	محمد علي الحائري القمي	Masaha	3565	0.62759
		تذكرة المؤتسي شرح عقيدة الحافظ عبد الغني المقدسي	عبد الرزاق بن عبد المحسن البدر	ShamAY	11093	0.62758
		الرحلة إلى مصر والسودان والحبشه [ج ٢]	أوليا چلبي	Rafed	2321	0.62758
		كتاب التّعارض	آية الله السيّد محمّد كاظم الطباطبائي اليزدي	Rafed	3718	0.62753
		تفسير أبيات المعاني من شعر أبي الطيب المتنبي	أبو المرشد سليمان بن علي المعري (المتوفى: بعد 492هـ)	ShamAY	780	0.62752
		كمال الدين الإسلامي وحقيقته ومزاياه	عبد الله بن جار الله بن إبراهيم آل جار الله	ShamelaY19	31573	0.62752
		تحرير المجله	محمد حسين آل كاشف الغطاء	Ghbook	11370	0.62749
		القواعد الفقهية - الجزء1	السيد حسن الموسوي البجنوردي	Masaha	889	0.62749
		نفحات الأزهار في خلاصة عبقات الأنوار [ج ٦]	السيّد علي الحسيني الميلاني	Rafed	435	0.62746
		الوجازة في شرح الأصول الثلاثة - علي الخضير		ShamAY	35493	0.62745
		شرح كتاب: أحاديث الفتن والحوادث للشيخ محمد بن عبد الوهاب	عبد الرحمن بن ناصر البراك	ShamAY	35983	0.62744
		المحسن السّبط مولود أم سقط	السيد محمد مهدي السيد حسن الموسوي الخرسان	Rafed	59	0.62741
		الاربعون حديثا في اثبات امامه اميرالمومنين عليه السلام 	عبدالله بحراني اصفهاني	Ghbook	15555	0.62741
		بناء المقالة الفاطميّة في نقض الرّسالة العثمانيّة	السيد جمال الدين أحمد بن موسى بن طاووس	Rafed	556	0.62739
		تبصير أولي الألباب ببدعة تقسيم الدين إلى قشر ولباب	محمد أحمد إسماعيل المقدم	ShamAY	1772	0.62735
		البحث الصريح في أيما هو الدين الصحيح	زيادة بن يحيى النصب الراسي (كان حيا: ق 11هـ)	ShamAY	7565	0.62735
		جولة في كتابي (الأغاني) و (السيف اليماني) (العدد الخامس والثمانون - والمئه, السنة الثانية والعشرون- والخامسة والعشرون)	محمد مصطفى المجذوب	ShamAY	10126	0.62734
		 نهاية المرام في علم الكلام 	 العلامة الحلي 	ABLibrary	8672	0.62733
		 الجواهر الفخرية في شرح الروضة البهية 	 قدرت الله وجداني فخر 	ABLibrary	9449	0.62732
		الفوز بالمراد في تاريخ بغداد	سليمان دخيل	Masaha	4133	0.62732
		جواهر الكلام [ج ٤]	الشيخ محمّد حسن النّجفي	Rafed	633	0.62731
		الحدائق الناضرة [ج ١٦]	الشيخ يوسف بن أحمد البحراني [ صاحب الحدائق ]	Rafed	2855	0.62729
		الحد الفاصل بين الإيمان والكفر	عبد الرحمن بن عبد الخالق اليوسف	ShamAY	11571	0.62727
		الدعاء عند أهل البيت عليهم السلام	الشيخ محمد مهدي الآصفي	Rafed	2682	0.62727
		سلسلة حتى لا نخطئ فهم القرآن	محمود محمد غريب: من علماء الأزهر الشريف والموجه الديني لشباب جامعة القاهرة	ShamAY	1447	0.62726
		الأساليب والإطلاقات العربية	أبو المنذر محمود بن محمد بن مصطفى بن عبد اللطيف المنياوي	ShamAY	844	0.62725
		الشعور بالعور	صلاح الدين خليل بن أيبك بن عبد الله الصفدي (المتوفى: 764هـ)	ShamAY	6939	0.62724
		من سب الصحابة ومعاوية فأُمه هاوية	المغراوي	ShamAY	35663	0.62722
		اللباب في شرح الكتاب	عبد الغني بن طالب بن حمادة بن إبراهيم الغنيمي الدمشقي الميداني الحنفي (المتوفى: 1298هـ)	ShamAY	21496	0.62721
		الإتقان والإحكام في شرح تحفة الحكام المعروف بشرح ميارة	أبو عبد الله، محمد بن أحمد بن محمد الفاسي، ميارة (المتوفى: 1072ه)	ShamelaY19	21643	0.62719
		الدولة الفاطمية	عَلي محمد محمد الصَّلاَّبي	ShamAY	245	0.62718
		تفسير غريب ما في الصحيحين البخاري ومسلم	محمد بن فتوح بن عبد الله بن فتوح بن حميد الأزدي الميورقي الحَمِيدي أبو عبد الله بن أبي نصر (المتوفى: 488هـ)	ShamAY	7014	0.62717
		مئة فائدة حديثية من كتاب التنكيل للمعلمي اليماني	هشام البغدادي	ShamAY	37318	0.62715
		هذه هي الصوفية		ShamAY	35390	0.62712
		إسماعيل بن علي الأكوع علامة اليمن ومؤرخها	إبراهيم باجس عبد المجيد المقدسي	ShamAY	38598	0.62709
		 كتاب الزكاة 	 الشيخ المنتظري 	ABLibrary	9529	0.62709
		فقه اللغة (مفهومه - موضوعاته - قضاياه)	الواحدي :: محمد بن إبراهيم الحمد	ShamAY	37213	0.62707
		الوصية الكبرى = رسالة شيخ الإسلام ابن تيمية إلى أتباع عدي بن مسافر الأموي	شيخ الإسلام أبو العباس أحمد بن عبد الحليم ابن تيمية	ShamAY	34401	0.62707
		مقامات النبي و النبوه	محمد السند	Ghbook	15233	0.62706
		عقيدة أبي طالب	السيد طالب الحسيني الرفاعي	Masaha	348	0.62706
		درء الفتنة عن اهل السنة	بكر بن عبد الله أبو زيد	ShamAY	34769	0.62705
		نداءات القرآن لبني الإنسان	أبو يوسف محمد زايد	ShamAY	33121	0.62705
		شرح كشف الشبهات لمحمد بن إبراهيم آل الشيخ	محمد بن إبراهيم بن عبد اللطيف آل الشيخ (المتوفى: 1389هـ)	ShamAY	11264	0.62704
		اصول الفقه	محمد رضا مظفر	Ghbook	15691	0.62704
		أشراط الساعة الكبرى - المغامسي	أبو هاشم صالح بن عواد بن صالح المغامسي	ShamelaY19	37736	0.62703
		مصباح الفقيه [ج ٧]	الشيخ آقا رضا الهمداني	Rafed	1868	0.627
		مفاد حديث الغدير	عبدالحسين اميني ( علامه اميني )	Ghbook	4582	0.62699
		فتح الرحمن في بيان هجر القرآن	أبو أنس محمد بن فتحي آل عبد العزيز، أبو عبد الرحمن محمود بن محمد الملاح	ShamAY	32215	0.62698
		اعتقاد أهل السنة شرح أصحاب الحديث	محمد بن عبد الرحمن الخميس	ShamAY	10471	0.62698
		الوسيط في أصول الفقه [ج ١]	الشيخ جعفر السبحاني	Rafed	2655	0.62698
		الإعجاز العلمي إلى أين؟ مقالات تقويمية للإعجاز العلمي.	د مساعد بن سليمان بن ناصر الطيار	ShamAY	31793	0.62696
		 التيسير في المداواة والتدبير 	 عبد الملك بن زهر الأندلسي 	ABLibrary	9867	0.62692
		شرح العقيدة الواسطية للحازمي	أبو عبد الله، أحمد بن عمر بن مساعد الحازمي	ShamAY	996	0.62687
		تخجيل من حرف التوراة والإنجيل	صالح بن الحسين الجعفري أبو البقاء الهاشمي (المتوفى: 668هـ)	ShamAY	12002	0.62687
		 موسوعة مرآة الحرمين الشريفين وجزيرة العرب 	 أيوب صبري باشا 	ABLibrary	9289	0.62687
		الموازنة بين المتقدمين والمتأخرين في تصحيح الأحاديث وتعليلها	حمزة عبد الله المليباري	ShamAY	37266	0.62684
		دراسات تاريخيّة من القرآن الكريم [ج ١]	دكتور محمد بيومي مهران	Rafed	1777	0.62682
		بداية المجتهد و نهاية المقتصد	أبو الوليد محمد بن أحمد بن محمد بن أحمد بن رشد القرطبي الشهير بابن رشد الحفيد (المتوفى: 595هـ)	ShamAY	34220	0.6268
		محاضرات عقائدية	المستشار الدمرداش العقالي	Masaha	400	0.62677
		عقود الزبرجد على مسند الإمام أحمد	عبد الرحمن بن أبي بكر، جلال الدين السيوطي (المتوفى: 911ه)	Sham19Y	14299	0.62676
		شرح الكافية الشّافية [ج ١]	أبي عبد الله جمال الدين محمّد بن عبد الله بن محمّد بن مالك الطائي الجياني الشافعي	Rafed	1858	0.62676
		اثبات الوصية	علي بن الحسين المسعودي	Masaha	1830	0.62675
		شرح ميارة - العلمية	الواحدي	ShamAY	34345	0.62674
		الآيات القرآنية الواردة في الرد على البدع المتقابلة دراسة عقدية رسالة علمية مقدمة لنيل درجة العالمية العالية (الدكتوراه)	أحمد بن علي الزاملي	ShamelaY19	147315	0.62674
		 حاشية الشيخ المظفر على المكاسب 	 الشيخ محمد رضا المظفر 	ABLibrary	9424	0.62674
		اللّباب في علوم الكتاب [ج ١٨]	أبي حفص عمر بن علي بن عادل الدمشقي الحنبلي	Rafed	3122	0.62671
		 صراط النجاة ( تعليق الميرزا التبريزي ) 	 السيد الخوئي 	ABLibrary	9493	0.62665
		الإمام في بيان أدلة الأحكام	أبو محمد عز الدين عبد العزيز بن عبد السلام بن أبي القاسم بن الحسن السلمي الدمشقي، الملقب بسلطان العلماء (المتوفى: 660هـ)	ShamAY	32185	0.62661
		غاية المرام في علم الكلام	أبو الحسن سيد الدين علي بن أبي علي بن محمد بن سالم الثعلبي الآمدي (المتوفى: 631ه)	Sham19Y	6364	0.6266
		شرح مصابيح السنة للإمام البغوي	محمد بن عز الدين عبد اللطيف بن عبد العزيز بن أمين الدين بن فرشتا، الرومي الكرماني، الحنفي، المشهور ب ابن الملك (المتوفى: 854 ه)	Sham19Y	17791	0.62659
		السنة ومكانتها من التشريع لعبد الحليم محمود	عبد الحليم محمود (المتوفى: 1397ه)	ShamelaY19	28040	0.62658
		سكب الأدب على لامية العرب	سليمان بك الشاوي	ShamAY	37109	0.62656
		شرح الحموية - عبد الرحيم السلمي	عبد الرحيم بن صمايل العلياني السلمي	ShamAY	801	0.62653
		ديوان بهاء الدين	أبو الفضل بهاء الدين زهير بن محمد بن على بن يحى 581 - 656هـ	ShamAY	37942	0.62653
		شرح كتاب الإيمان الأوسط لابن تيمية - الراجحي	عبد العزيز بن عبد الله بن عبد الرحمن الراجحي	ShamelaY19	36972	0.62651
		الحديقه الهلاليه شرح دعاء الهلال من صحيفه السجاديه	بهاءالدين محمد بن حسين شيخ بهائي	Ghbook	14627	0.6265
		الإفصاح عن معاني الصحاح	يحيى بن (هُبَيْرَة بن) محمد بن هبيرة الذهلي الشيبانيّ، أبو المظفر، عون الدين (المتوفى: 560هـ)	ShamAY	31846	0.62649
		رَفعُ الأَسْتَار المُسّبِلَةُ عَنْ مَبَاحِثِ البَسّمَلَةِ	محمد حامد محمد	ShamAY	33143	0.62649
		الإشارة إلى مذهب أهل الحق	أبو اسحاق إبراهيم بن علي بن يوسف الشيرازي (المتوفى: 476 هـ)	ShamAY	33899	0.62649
		كيف يبني طالب العلم مكتبته	عبد الكريم بن عبد الله بن عبد الرحمن بن حمد الخضير	ShamAY	165	0.62648
		كتابات أعداء الإسلام ومناقشتها	عماد السيد محمد إسماعيل الشربينى	ShamAY	1820	0.62648
		الوسيط في اُصول الفقه‏  - الجزء1	الشيخ جعفر السبحاني	Masaha	3597	0.62645
		«خصائص سيد العالمين وما له من المناقب العجائب على جميع الأنبياء عليهم السلام» (مطبوع مع: منهج الإمام جمال الدين السُّرَّمَرِّي في تقرير العقيدة)	جمال الدين السُّرَّمَرِّي	ShamAY	38788	0.62642
		الزبده الفقهيه في شرح الروضه البهيه	محمد حسن ترحيني عاملي	Ghbook	15128	0.62641
		تفسير البيان [ج ٥]	السيّد محمّد حسين الطباطبائي	Rafed	3769	0.6264
		شرح رياض الصالحين	محمد بن صالح بن محمد العثيمين (المتوفى: 1421هـ)	ShamAY	9260	0.62639
		المولد	سمير بن خليل المالكي	ShamAY	36427	0.62638
		الشورى فريضة إسلامية	عَلي محمد محمد الصَّلاَّبي	ShamAY	215	0.62635
		تحرير الأحكام الشرعيّة على مذهب الإماميّة [ج ١]	الحسن بن يوسف بن علي المطّهر [ العلامة الحلّي ]	Rafed	1902	0.62635
		 إيصال الطالب إلى المكاسب 	 السيد محمد الحسيني الشيرازي 	ABLibrary	9473	0.62633
		قبسات من البحث العلمي: اسئلة و ردود في مجال الدين والفكر والعقيدة 	معاونيةالبحوث والدراسات التابعة لمجمع التعليم العالي للفقه	Ghbook	15074	0.62633
		البشري في ذكر من حظي برويه  الحجه  الكبري (عجل الله تعالي فرجه)	موسسه پيام امام هادي عليه السلام	Ghbook	14747	0.62632
		نحو إتقان الكتابة باللغة العربية	مكي الحسني	ShamAY	37220	0.62628
		 تدبير الحبالى والأطفال والصبيان وحفظ صحتهم ومداواة الأمراض العارضة لهم 	 أحمد بن محمد البلدي 	ABLibrary	9839	0.62625
		المهدي في احاديث المسلمين حقيقة ثابتة	السيد محمد رضا الجلالي	Masaha	4083	0.62624
		الديمقراطية وأخواتها آثار وثمرات	خليل بن إبراهيم العبيدي	ShamAY	33499	0.62623
		 حاشية الوافي 	 محمد باقر الوحيد البهبهاني 	ABLibrary	9350	0.62623
		بحر الفوائد في شرح الفرائد [ج ٤]	آية الله ميرزا محمّد حسن بن جعفر الآشتياني	Rafed	921	0.62619
		 في رحاب أهل البيت ( ع ) 	 لجنة بحوث المجمع العالمي لأهل البيت ( ع ) 	ABLibrary	8530	0.62618
		الطرق الحكمية	محمد بن أبي بكر بن أيوب بن سعد شمس الدين ابن قيم الجوزية (المتوفى: 751هـ)	ShamAY	11495	0.62616
		نظام الحكم في الاسلام	آيت الله العظمي جعفر سبحاني	Ghbook	5068	0.62616
		إثبات الوصية للإمام علي بن أبي طالب عليه السلام	أبو الحسن علي بن الحسين بن علي الهذلي المسعودي	Rafed	2515	0.62615
		لله و للحقيقه رد علي كتاب الله ثم للتاريخ	علي آل محسن	Ghbook	10938	0.62615
		الاستقامة في مائة حديث نبوي	محمد زكي محمد خضر	ShamAY	34949	0.62614
		غاية الوصول في شرح لب الأصول	زكريا بن محمد بن أحمد بن زكريا الأنصاري، زين الدين أبو يحيى السنيكي (المتوفى: 926هـ)	ShamAY	9112	0.62613
		في النقد الأدبي	علي علي مصطفى صبح	ShamelaY19	22859	0.62611
		حاشيه علي رساله في العداله	ملا عبد اللّٰه بن محمد حسن مامقاني	Ghbook	11256	0.62611
		دروس رمضان (إرواء الظمآن من دروس رمضان)	شريف الفقي	ShamAY	35098	0.62608
		 كتاب الزكاة 	 الشيخ المنتظري 	ABLibrary	9526	0.62607
		نهاية الوصول إلى علم الأصول [ج ٣]	الحسن بن يوسف بن علي المطّهر [ العلامة الحلّي ]	Rafed	3666	0.62606
		رد الطعون الواردة في الموسوعة العبرية عن الإسلام ورسوله صلى الله عليه وسلم	موسى البسيط	ShamAY	11209	0.62605
		المسائل الطبيه	آيت الله العظمي حسيني	Ghbook	8002	0.62604
		مستمسك العروة الوثقى [ج ١٤]	آية الله السيد محسن الطباطبائي الحكيم	Rafed	422	0.62603
		حياة الصحابيات	أ. د/ طلعت محمد عفيفي سالم	ShamAY	35093	0.626
		من أسرار التنزيل	الإمام فخر الدين محمد بن عمر بن الحسين الرازى المتوفى سنة 606 هـ	ShamAY	34048	0.62598
				ShamAY	38958	0.62598
		المرتجل في شرح الجمل لابن الخشاب	أبو محمد عبد الله بن أحمد بن أحمد بن أحمد ابن الخشاب (492 - 567 هـ)	ShamAY	38977	0.62598
		كشف الحقائق	الشيخ علي آل محسن	Rafed	3596	0.62597
		 في رحاب أهل البيت ( ع ) 	 لجنة بحوث المجمع العالمي لأهل البيت ( ع ) 	ABLibrary	8562	0.62594
		الأحكام الشرعية لشهداء الثورات العربية	علي بن نايف الشحود	ShamAY	1576	0.62592
		 إثبات الوصية للإمام علي بن أبي طالب 	 المسعودي 	ABLibrary	7394	0.62591
		كشف المنن في علامات الساعة والملاحم والفتن	محمود رجب حمادي الوليد	Sham19Y	16989	0.6259
		فقهيات بين السنه و الشيعه	عاطف سلام	Ghbook	7683	0.6259
		سماحة الإسلام وحقوق الأقليّات الدينيّة	السيد سعيد كاظم العذاري	Rafed	46	0.62588
		الأسماء الثلاثة الإله ، الربّ ، والعبادة	الشيخ جعفر السبحاني	Rafed	3338	0.62586
		الوصائل إلى الرسائل [ج ٤]	آية الله السيد محمد الشيرازي	Rafed	3733	0.62585
		انوار الاصول	آيت الله العظمي ناصرمكارم شيرازي	Ghbook	3276	0.62585
		كفاية الأصول	الشيخ محمد كاظم الخراساني [ الآخوند ]	Rafed	334	0.62584
		قراءة في رسالة التنزيه	الشيخ محمد الحسون	Masaha	375	0.62583
		سبيل الوصول إلى علم الأصول	الدكتور صلاح محمد سالم أبو الحاج	ShamAY	37590	0.62582
		 مجلة فقه أهل البيت ( ع ) 	 مجموعة مؤلفين 	ABLibrary	9750	0.62582
		في تاريخ الأدب الجاهلي	علي الجندي	ShamAY	12046	0.62581
		 طرف من الأنباء والمناقب في شرف سيد الأنبياء 	 السيد ابن طاووس 	ABLibrary	7606	0.62581
		الأوائل للعسكري	أبو هلال الحسن بن عبد الله بن سهل بن سعيد بن يحيى بن مهران العسكري (المتوفى: نحو 395هـ)	ShamAY	10529	0.62579
		المهدي (عج)	السيد صدر الدين الصدر	Masaha	2368	0.62579
		الشيعة والسنة	إحسان إلهي ظهير الباكستاني (المتوفى: 1407ه)	ShamelaY19	37548	0.62575
		الخمس في الشريعة الإسلامية الغراء	الشيخ جعفر السبحاني	Masaha	4909	0.62572
		المقنع	محمد بن علي بن بابويه شيخ صدوق	Ghbook	7147	0.62571
		التعايش مع غير المسلمين في المجتمع المسلم	منقذ بن محمود السقار	ShamelaY19	38183	0.62569
		أحكام القرآن [ج ٥]	أبي بكر أحمد بن علي الرازي الجصّاص	Rafed	2012	0.62568
		الدرر المباحة في الحظر والإباحة	خليل بن عبد القادر الشيباني الشهير بالنحلاوي	ShamAY	37518	0.62567
		ارشاد العباد الى استحباب لبس السواد على سيد الشهداء والائمة الامجاد عليهم السلام	السيد ميرزا جعفر الطباطبائي الحائري	Rafed	180	0.62567
		 الزبدة الفقهية في شرح الروضة البهية 	 السيد محمد حسن الترحيني العاملي 	ABLibrary	9694	0.62565
		شرح كتاب الإيمان الأوسط لابن تيمية - الراجحي	عبد العزيز بن عبد الله بن عبد الرحمن الراجحي	ShamAY	37	0.62564
		الشيعة وأهل البيت	إحسان إلهي ظهير الباكستاني (المتوفى: 1407ه)	ShamelaY19	37552	0.62564
		مكة والمدينة في الجاهلية وعهد الرسول صلى الله عليه وسلم	أحمد إبراهيم الشريف	ShamAY	4371	0.62563
		أدب الكاتب - ت: محمد محيي الدين	أبو محمد عبدالله بن مسلم بن قتيبة الكوفي المروري الدينوري	ShamAY	33771	0.62563
		المطالعه و النصوص العربيه (لغير الناطقين بها)	عبدالهادي الشريفي	Ghbook	14950	0.62563
		وقفة هادئة مع الطاعنين في جماعات الدعوة	أبو عبد الله المصري	ShamAY	4281	0.62562
		أهل الفترة ومن في حكمهم	موفق أحمد شكري	ShamAY	31662	0.62561
		عقيدة أهل البيت	عبد الله بن جوران الخضير	ShamAY	35309	0.6256
		اسم الله السبوح	فوزي السعيد	ShamAY	34868	0.62558
		القراءات المتواترة وأثرها في الرسم القرآني والأحكام الشرعية	محمد الحبش	ShamAY	1490	0.62558
		 بهجة الطائفة ( ويليه صوم القلب ) 	 عمار بن محمد البدليسي 	ABLibrary	8726	0.62558
		تجريد التوحيد المفيد	أحمد بن علي بن عبد القادر، أبو العباس الحسيني العبيدي، تقي الدين المقريزي (المتوفى: 845هـ)	ShamAY	10045	0.62557
		أدلة تحريم حلق اللحية	محمد بن أحمد بن إسماعيل المقدم	ShamelaY19	98119	0.62557
		المراد الشرعي بالجماعة وأثر تحقيقه في إثبات الهوية الإسلامية أمام عولمة الإرهاب	صالح بن عبد الله العبود	ShamAY	33444	0.62555
		جامع شروح المنظومة الحائية .	أبو عبد الله ريدان الأثري	ShamAY	35551	0.62554
		القناعة في تبيين شذوذ زيادة (لم يعملوا خيراً قط) في حديث الشفاعة	فوزي الأثري	ShamAY	33083	0.62553
		مرآة العقول [ج ٣]	الشيخ محمّد باقر بن محمّد تقي المجلسي	Rafed	1011	0.62553
		القصيدة الوردية في سيرة خير البرية	عبد الكريم بن محمد بن فاتح بن سليمان بن مصطفى بن محمد المدرس المشهور بالشيخ عبد الكريم بيارة (المتوفى: 1426هـ)	ShamAY	23661	0.62552
		الرسائل الفقهيه: من تقريرات بحث العلمين الايتين النائيني و العراقي قدس سرهما	ابوالفضل نجم آبادي	Ghbook	11247	0.62552
		فقه التاجر المسلم	حسام الدين بن موسى محمد بن عفانة	ShamAY	975	0.62546
		موسوعة الإمام الخوئي [ج ٢٤]	الشيخ مرتضى البروجردي	Rafed	1626	0.62546
		نسيمات من عبق الروضة	أمل أحمد طعمة	ShamAY	2067	0.62545
		 بحار الأنوار 	 العلامة المجلسي 	ABLibrary	765	0.62545
		مشكلة السرف في المجتمع المسلم وعلاجها في ضوء الإسلام	عبد الله بن إبراهيم الطريقي	ShamAY	31270	0.62544
		نور القبس	أبو المحاسن يوسف بن أحمد بن محمود اليغموري (المتوفى: 673هـ)	ShamAY	678	0.62544
		شرح رياض الصالحين	محمد بن صالح بن محمد العثيمين (المتوفى: 1421ه)	Sham19Y	9260	0.62544
		 الإنصاف في مسائل دام فيها الخلاف 	 الشيخ السبحاني 	ABLibrary	9555	0.62544
		 الفقه ، القانون 	 السيد محمد الحسيني الشيرازي 	ABLibrary	9487	0.62542
		سير أعلام النبلاء ط الحديث	شمس الدين أبو عبد الله محمد بن أحمد بن عثمان بن قايماز الذهبي (المتوفى: 748ه)	ShamelaY19	22669	0.6254
		الموجز في أصول الفقه	الشيخ جعفر السبحاني	Rafed	1985	0.6254
		عيون المعجزات	الشيخ حسين بن عبد الوهاب	Masaha	2311	0.62538
		دلائل الصدق لنهج الحق [ج ٢]	الشيخ محمد حسن المظفر	Rafed	248	0.62537
		الحدائق الناضرة [ج ٣]	الشيخ يوسف بن أحمد البحراني [ صاحب الحدائق ]	Rafed	2780	0.62535
		الصحيح من سيرة النبي الأعظم صلّى الله عليه وآله [ج ٢]	السيد جعفر مرتضى العاملي	Rafed	2469	0.62535
		خطى متعثّرة على طريق تجديد النحو العربي	الدكتور عفيف دمشقيّة	Rafed	1986	0.62533
		حقوق الانسان عند الامام علي(ع)	د. غسان السعد	Masaha	215	0.62533
		الكنى والألقاب - الجزء1	الشيخ عباس القمي	Masaha	551	0.62533
		الخلاصة في صفات المنافقين	الواحدي :: علي بن نايف الشحود	ShamAY	36087	0.62532
		شرح زاد المستقنع في اختصار المقنع (كتاب الطهارة)	محمد بن محمد المختار الشنقيطي	ShamelaY19	37545	0.62532
		 جواهر الكلام في ثوبه الجديد 	 الشيخ الجواهري 	ABLibrary	9366	0.62532
		كاشفة الحال عن أحوال الاستدلال‏	ابن أبي جمهور	Masaha	4175	0.62532
		وظائف رمضان	عبد الرحمن بن محمد بن قاسم العاصمي الحنبلي النجدي (المتوفى: 1392ه)	Sham19Y	7374	0.62531
		إتحاف الجمهور بتفسير سورة النور	محمود بن عبد الكريم آل حسن المشهدي	ShamAY	33142	0.6253
		الأحاديث الواردة في الصحيحين في الجن والشياطين	فيصل سعيد محمد الصاعدي	ShamAY	36051	0.6253
		إرشاد العباد إلى لبس السواد على سيد الشهداء و الأئمة الأمجاد	السيد جعفر الطباطبائي الحائري	Masaha	1795	0.6253
		دفاع عن الرسول ضد الفقهاء والمحدثين	الكاتب المصري صالح الورداني	Masaha	256	0.62529
		الإيمان باليوم الآخر	عَلي محمد محمد الصَّلاَّبي	ShamAY	26	0.62528
		 الطراز الأول والكناز لما عليه من لغة العرب المعول 	 ابن معصوم المدني 	ABLibrary	7946	0.62527
		تعليقة على معالم الاصول [ج ٤]	السيّد علي الموسوي القزويني	Rafed	1386	0.62526
		الحج عبر الحضارات والامم	ماجده آل مرتضي مومن	Ghbook	3490	0.62524
		من كرامات الاولياء	آيت الله العظمي سيد محمد حسيني شيرازي	Ghbook	7841	0.62524
		الصحابه بين العداله و العصمه	محمد السند	Ghbook	8401	0.62523
		عبد الوهاب خلاف الفقيه الأصولي المجدد	د. محمد عثمان شبير	ShamAY	38604	0.62522
		الإعلام ب حرمة أهل العلم والإسلام	محمد بن أحمد بن إسماعيل المقدم	ShamelaY19	96617	0.62522
		تفسير العثيمين: الفاتحة والبقرة	محمد بن صالح بن محمد العثيمين (المتوفى: 1421هـ)	ShamAY	1537	0.62521
		شرح تطهير الاعتقاد للصنعاني - الراجحي	عبد العزيز بن عبد الله بن عبد الرحمن الراجحي	ShamelaY19	37020	0.62521
		 رحلتان إلى الحجاز ونجد 	 محمد بهجة البيطار / محمد سعود العوري 	ABLibrary	9112	0.62518
		بهجة الفقيه	الشيخ محمد تقي البهجة	Masaha	5030	0.62518
		انيس الفقهاء في تعريفات الألفاظ المتداولة بين الفقهاء - ط الوفاء	قاسم بن عبد الله بن أمير علي القونوي	ShamAY	34684	0.62517
		معالم الصديق و الصداقه	عادل علوي	Ghbook	4629	0.62517
		الإعلام بقواطع الإسلام من قول أو فعل أو نية أو تعليق مكفر	أحمد بن محمد بن علي بن حجر الهيتمي السعدي الأنصاري، شهاب الدين شيخ الإسلام، أبو العباس (المتوفى: 974هـ)	ShamAY	31783	0.62516
		الأمر بالمعروف والنهي عن المنكر لابن تيمية	تقي الدين أبو العباس أحمد بن عبد الحليم بن عبد السلام بن عبد الله بن أبي القاسم بن محمد ابن تيمية الحراني الحنبلي الدمشقي (المتوفى: 728هـ)	ShamAY	30903	0.62515
		موسوعة الأسرة المسلمة	الواحدي :: علي بن نايف الشحود	ShamAY	32993	0.62515
		الصّواعق الإلهيّة في الردّ على الوهابيّة	الشيخ سليمان بن عبد الوهاب النجدي	Rafed	1576	0.62514
		المعجم الاشتقاقي المؤصل لألفاظ القرآن الكريم (مؤصَّل ببيان العلاقات بين ألفاظ القرآن الكريم بأصواتها وبين معانيها)	د. محمد حسن حسن جبل	ShamAY	38886	0.62512
		الدر المصون في علوم الكتاب المكنون	أبو العباس، شهاب الدين، أحمد بن يوسف بن عبد الدائم المعروف بالسمين الحلبي (المتوفى: 756هـ)	ShamAY	9057	0.62512
		النكت على نزهة النظر في توضيح نخبة الفكر	علي بن حسن الحلبي	ShamAY	34042	0.62511
		حال المؤمنين في رمضان	الدبيسي، محمد بن مصطفى	ShamAY	35090	0.6251
		العباس بن علي عليه السلام	محمد البغدادي	Ghbook	12301	0.6251
		الفروق للقرافي = أنوار البروق في أنواء الفروق	أبو العباس شهاب الدين أحمد بن إدريس بن عبد الرحمن المالكي الشهير بالقرافي (المتوفى: 684هـ)	ShamAY	2215	0.62508
		اللطف واللطائف	عبد الملك بن محمد بن إسماعيل أبو منصور الثعالبي (المتوفى: 429هـ)	ShamAY	595	0.62508
		كنوز الذهب فى تاريخ حلب	أحمد بن إبراهيم بن محمد بن خليل، موفق الدين، أبو ذر سبط ابن العجمي (المتوفى: 884ه)	Sham19Y	11786	0.62508
		تحريم أقسام المعزِّمين بالعزائم المعجمة وصرع الصحيح وصفة الخواتيم	شيخ الإسلام أبو العباس أحمد بن عبد الحليم ابن تيمية الحراني	ShamAY	34390	0.62506
		إعجاز البيان فى تفسير أم القرآن	صدر الدين محمد القونوى	ShamAY	36927	0.62506
		السيف اليماني لمن قال بحل سماع الآلات والمغاني للبرلسي	البرلسي، مصطفى بن رمضان	ShamAY	36161	0.625
		جامع تراث العلامة الألباني في الفقه	د. شادي بن محمد بن سالم آل نعمان	ShamelaY19	145204	0.625
		الأربعين في أصول الدين [ج ٢]	محمّد بن عمر بن الحسن بن الحسين التيمي البكري [ فخر الدين الرازي ]	Rafed	3315	0.62496
		الصفدية	تقي الدين أبو العَباس أحمد بن عبد الحليم بن عبد السلام بن عبد الله بن أبي القاسم بن محمد ابن تيمية الحراني الحنبلي الدمشقي (المتوفى : 728هـ)	ShamAY	22874	0.62495
		جواهر الكلام [ج ٣]	الشيخ محمّد حسن النّجفي	Rafed	632	0.62495
		 جواهر الكلام في ثوبه الجديد 	 الشيخ الجواهري 	ABLibrary	9372	0.62494
		الوابل الصيب من الكلم الطيب	محمد بن أبي بكر بن أيوب بن سعد شمس الدين ابن قيم الجوزية (المتوفى: 751هـ)	ShamAY	216	0.62492
		نفحات من علوم القرآن	محمد أحمد محمد معبد (المتوفى: 1430ه)	ShamelaY19	37530	0.62489
		اللامع العزيزي شرح ديوان المتنبي	أبو العلاء أحمد بن عبد الله المعري (363 - 449 هـ)	ShamAY	38969	0.62488
		جامع تراث العلامة الألباني في الفقه	د. شادي بن محمد بن سالم آل نعمان	Sham19Y	145204	0.62488
		رفقاء طريق	عبد الملك بن محمد القاسم	ShamelaY19	95685	0.62486
		رحلة الهولندي الدكتور ليونهارت راوولف	ليونهارت راوولف	Masaha	4512	0.62486
		إبراز المعاني من حرز الأماني	أبو القاسم شهاب الدين عبد الرحمن بن إسماعيل بن إبراهيم المقدسي الدمشقي المعروف بأبي شامة (المتوفى: 665هـ)	ShamAY	5486	0.62485
		بحوث في الأصول / الاجتهاد والتقليد - الجزء3	الشيخ محمد حسين الأصفهاني	Masaha	4921	0.62483
		مناظرات المستبصرين	الشيخ عبدالله الحسن	Masaha	435	0.62483
		منتقد المنافع في شرح مختصر النافع - كتاب الخمس	ملا حبيب الله شريف كاشاني	Ghbook	11265	0.62482
		ما يجب أن يعرفه المسلم عن دينه	أبو عبد الرحمن عبد الله بن عبد الغني بن محمد خياط (المتوفى: 1415ه)	ShamelaY19	30856	0.62481
		الروضة البهيّة في شرح اللمعة الدمشقيّة [ج ٤]	زين الدين بن علي العاملي [ الشهيد الثاني ]	Rafed	3253	0.62481
		بدايع الاصول	السيد علي الشفيعي	Rafed	3698	0.62479
		الاتجاه العقلي في التفسير	نصرحامد ابوزيد	Ghbook	2851	0.62479
		الأزهر وأثره في النهضة الأدبية الحديثة	محمد كامل الفقي	ShamAY	11748	0.62478
		مناظرة مع طائفة الرفاعية - ط القاسم	شيخ الاسلام ابن تيمية	ShamAY	34380	0.62476
		قصص و عبر	آيت الله العظمي سيد محمد حسيني شيرازي	Ghbook	8081	0.62473
		معالم الفتن: نظرات في حركه الاسلام و تاريخ المسلمين	سعيد ايوب	Ghbook	10420	0.62472
		نفحات القرآن [ج ٥]	آية الله مكارم الشيرازي	Rafed	3807	0.62468
		مجمع الفائدة والبرهان في شرح إرشاد الأذهان [ج ١]	الشيخ أحمد بن محمّد الأردبيلي [ المقدّس الأردبيلي ]	Rafed	1890	0.62468
		إفاضة العوائد - الجزء1	السيد محمد رضا الگلپايگاني	Masaha	2403	0.62468
		التنقيح في شرح العروة الوثقى - الجزء1	الشيخ علي الغروي	Masaha	924	0.62468
		غمز عيون البصائر في شرح الأشباه والنظائر	أحمد بن محمد مكي، أبو العباس، شهاب الدين الحسيني الحموي الحنفي (المتوفى: 1098هـ)	ShamAY	21588	0.62466
		قول الفلاسفة اليونان الوثنيين في توحيد الربوبية	سعود بن عبد العزيز الخلف	ShamAY	3982	0.62466
		قواعد الترجيح المتعلقة بالنص عند ابن عاشور في تفسيره التحرير والتنوير - دراسة تأصيلية تطبيقية	عبير بنت عبد الله النعيم	ShamelaY19	20876	0.62466
		تنبيهات على أحكام تختص بالمؤمنات	صالح بن فوزان بن عبد الله الفوزان	ShamelaY19	31254	0.62464
		جواهر الكلام [ج ٢٩]	الشيخ محمّد حسن النّجفي	Rafed	669	0.62464
		تفسير مقاتل بن سليمان [ج ٢]	الناشر: مؤسسة التاريخ العربي للطباعة والنشر والتوزيع	Rafed	3849	0.62459
		أدعية أهل البيت عليهم السلام في تعقيب الصلوات	الشيخ عبدالله حسن آل درويش	Rafed	1507	0.62459
		مشروعية المشاركة في المجالس التشريعية والتنفيذية المعاصرة	علي بن نايف الشحود	ShamAY	1607	0.62457
		شرح الرسالة التدمرية	محمد بن عبد الرحمن الخميس	ShamAY	11256	0.62457
		العقائد الاسلامية [ج ٣]	مركز المصطفى للدراسات الإسلامية	Rafed	87	0.62457
		الفروسية	محمد بن أبي بكر بن أيوب بن سعد شمس الدين ابن قيم الجوزية (المتوفى: 751هـ)	ShamAY	6275	0.62456
		الكشف والبيان [ج ٣]	أبو إسحاق أحمد [ الثّعلبي ]	Rafed	1649	0.62455
		جلال الدين السيوطي عصره وحياته وآثاره وجهوده في الدرس اللغوي	طاهر سليمان حمودة	ShamelaY19	37651	0.62453
		الإنجيل والصليب	عبد الأحد داود	ShamAY	35334	0.62449
		تراثنا ـ العدد [ 21 ]	مؤسسة آل البيت عليهم السلام لإحياء التراث ـ قم	Rafed	2741	0.62448
		مقامات الزمخشري	أبو القاسم محمود بن عمرو بن أحمد، الزمخشري جار الله (المتوفى: 538هـ)	ShamAY	26586	0.62447
		عصمة الأنبياء	فخر الدين محمد بن عمر بن الحسن بن الحسين التيمي الرازي (المتوفى: 606 هـ)	ShamAY	33893	0.62445
		النجم الثاقب في أحوال الإمام الحجة الغائب(عج) - الجزء1	المحدث الشيخ حسين النوري	Masaha	490	0.62445
		تاريخ النقد الأدبي عند العرب	دكتور إحسان عباس (المتوفى: 1424هـ)	ShamAY	1014	0.62443
		 الإمامة وأهل البيت ( ع ) النظرية والإستدلال 	 السيد محمد باقر الحكيم 	ABLibrary	8348	0.62443
		الجواهر الفخرية في شرح الروضة البهية - الجزء1	الشيخ قدرت الله وجداني فخر	Masaha	4868	0.62443
		رفع الملام عن الأئمة الأعلام - ط العصرية	تقي الدين أبو العباس أحمد بن عبد الحليم بن تيمية الحراني (المتوفى : 728هـ)	ShamAY	34369	0.62442
		التصوير النبوي للقيم الخلقية والتشريعية في الحديث الشريف	علي علي صبح	ShamAY	23143	0.62442
		فقه الإمام الصادق عليه السلام - الجزء1	الشيخ محمد جواد مغنية	Masaha	5121	0.62442
		الحبشي شذوذه وأخطاؤه	عبد الرحمن دمشقية	ShamAY	35693	0.62441
		دفع المناواة عن التفضيل المساواة	سيدمهدي رجايي	Ghbook	15632	0.6244
		 صفة جزيرة العرب 	 الحسن الهمداني ( ابن الحائك ) 	ABLibrary	9129	0.62439
		الشيعة والتشيع - فرق وتاريخ	إحسان إلهي ظهير الباكستاني (المتوفى: 1407ه)	ShamelaY19	37478	0.62438
		رفع الشبهة والغرر عمن يحتج على فعل المعاصي بالقدر	مرعي بن يوسف بن أبى بكر بن أحمد الكرمى المقدسي الحنبلى (المتوفى: 1033ه)	Sham19Y	6481	0.62438
		كشف المنن في علامات الساعة والملاحم والفتن	محمود رجب حمادي الوليد	ShamAY	32447	0.62434
		 حالة أهل الحقيقة مع الله تعالى 	 أحمد بن علي الرفاعي الكبير 	ABLibrary	8724	0.62432
		موسوعة الإمام الخوئي [ج ٣]	الشيخ علي الغروي	Rafed	841	0.62431
		مرآة العقول [ج ٥]	الشيخ محمّد باقر بن محمّد تقي المجلسي	Rafed	1018	0.62431
		الإيجابية والسلبية في الشعر العربي بين الجاهلية والإسلام	علي الشعيبي	ShamAY	34537	0.6243
		شذرات الذهب في أخبار من ذهب	عبد الحي بن أحمد بن محمد ابن العماد العَكري الحنبلي، أبو الفلاح (المتوفى: 1089هـ)	ShamAY	12398	0.62429
		الشفا بتعريف حقوق المصطفى - محذوف الأسانيد	عياض بن موسى بن عياض بن عمرون اليحصبي السبتي، أبو الفضل (المتوفى: 544ه)	ShamelaY19	23645	0.62429
		الرحلة المعينيّة	ماء العينين بن العتيق	Rafed	2198	0.62429
		استواء الله على العرش بين تسليم السلف وتأويل الخلف	أبو رملة محمد المنصور إبراهيم	ShamAY	35455	0.62428
		التفسير والمفسرون أساسياته واتجاهاته ومناهجه في العصر الحديث	الأستاذ الدكتور فضل حسن عباس	ShamelaY19	145333	0.62428
		 موسوعة الفقه الإسلامي طبقا لمذهب أهل البيت ( ع ) 	 مؤسسة دائرة معارف الفقه الاسلامي 	ABLibrary	9654	0.62428
		غرائب التفسير وعجائب التأويل	محمود بن حمزة بن نصر، أبو القاسم برهان الدين الكرماني، ويعرف بتاج القراء (المتوفى: نحو 505ه)	Sham19Y	12820	0.62426
		 تفصيل الشريعة في شرح تحرير الوسيلة - أحكام التخلي 	 الشيخ فاضل اللنكراني 	ABLibrary	9507	0.62426
		المحصول في علم الاُصول‏  - الجزء1	محمود الجلالي المازندراني	Masaha	3561	0.62425
		خصائص الرسول صلى الله عليه وسلم	علي بن نايف الشحود	ShamAY	37382	0.62424
		فتح القدير للشوكاني	محمد بن علي بن محمد بن عبد الله الشوكاني اليمني (المتوفى: 1250ه)	ShamelaY19	23623	0.62422
		حديث تحليلي	طارق الطواري	ShamAY	35985	0.62421
		رسالة الملائكة - نشرها الميمني كملحق في آخر كتابه (أبو العلاء وما إليه)	أحمد بن عبد الله بن سليمان بن محمد بن سليمان، أبو العلاء المعري، التنوخي (المتوفى: 449هـ)	ShamAY	12817	0.62421
		99 شبهة رافضية والرد عليها	جلال	ShamAY	38000	0.62419
		ملاذ الأخيار في فهم تهذيب الأخبار - الجزء1	العلامة المجلسي	Masaha	1299	0.62418
		قوارب النجاة في حياة الدعاة	فتحي يكن	ShamAY	33403	0.62417
		 الأربعين في أصول الدين 	 فخر الدين الرازي 	ABLibrary	8326	0.62416
		الغيبة	الشيخ الطوسي	Masaha	2069	0.62415
		مسائل خلافيه حار فيها اهل السنه	علي آل محسن	Ghbook	7705	0.62413
		محك النظر في المنطق	أبو حامد محمد بن محمد الغزالي الطوسي (المتوفى: 505هـ)	ShamAY	26538	0.62411
		شرح المقاصد [ج ٢]	مسعود بن عمر بن عبدالله [ سعد الدين التفتازاني ]	Rafed	3514	0.62411
		الاعجاز العلمي في القرآن	سامي أحمد الموصلي	Rafed	3208	0.6241
		نظرية المقاصد عند الإمام الشاطبي	أحمد الريسوني	ShamAY	8343	0.62408
		الامام الحسين ( عليه السلام ) في مكه المكرمه ، مع الركب الحسيني	نجم الدين طبسي	Ghbook	9673	0.62408
		فقه تغيير المنكر	د. محمود توفيق محمد سعد	ShamAY	1978	0.62407
		 زاد المعاد ( ويليه مفتاح الجنان ) 	 العلامة المجلسي 	ABLibrary	9341	0.62407
		اجوبه الشبهات حول شعايرالحسيني	علي حمود عناد عبادي	Ghbook	11348	0.62406
		بديع النظام (أو: نهاية الوصول إلى علم الأصول)	مظفر الدين أحمد بن علي بن الساعاتي	ShamelaY19	18570	0.62404
		تاريخ اليمن الإسلامي	أحمد بن أحمد بن محمد المطاع	Masaha	4114	0.62404
		دليل النص بخبر الغدير علي امامه اميرالمومنين عليه السلام	محمد بن علي كراجكي	Ghbook	4562	0.62403
		لنبدا من جديد ..	آيت الله العظمي سيد محمد حسيني شيرازي	Ghbook	7804	0.62402
		الهدي النبوي في الطب	الواحدي :: عبد الله آل جار الله	ShamAY	34902	0.62399
		و لاول مره في تاريخ العالم	آيت الله العظمي سيد محمد حسيني شيرازي	Ghbook	7967	0.62399
		العين حق	محمد بن عبد المعطي	ShamAY	38904	0.62397
		 قراءات فقهية معاصرة 	 السيد محمود الهاشمي الشاهرودي 	ABLibrary	9640	0.62397
		نهاية الوصول إلى علم الأصول [ج ٤]	الحسن بن يوسف بن علي المطّهر [ العلامة الحلّي ]	Rafed	3667	0.62397
		التحفة المدنية في العقيدة السلفية (وطبع الكتاب باسم: الفواكه العذاب في معتقد الشيخ محمد بن عبد الوهاب (في الصفات) بتحقيق الشيخ عبد الله بن عبد المحسن التركي - مؤسسة الرسالة)	حمد بن ناصر بن عثمان بن معمر النجدي التميمي الحنبلي (المتوفى: 1225هـ)	ShamAY	8585	0.62396
		الحدائق الناضرة [ج ٤]	الشيخ يوسف بن أحمد البحراني [ صاحب الحدائق ]	Rafed	2825	0.62396
		مظاهر التشبه بالكفار في العصر الحديث وأثرها على المسلمين	أشرف بارقعان	ShamAY	36555	0.62394
		بيان المحجة في الرد على اللجة (مطبوع ضمن الرسائل والمسائل النجدية، الجزء الرابع، القسم الأول)	عبد الرحمن بن حسن بن محمد بن عبد الوهاب بن سليمان التميمي (المتوفى: 1285هـ)	ShamAY	11073	0.62394
		تأصيل علم العقيدة - عبد الرحيم السلمي	عبد الرحيم بن صمايل العلياني السلمي	ShamelaY19	37800	0.62394
		ديوان امرئ القيس ت المصطاوي	امرؤ القيس بن حجر بن الحارث الكندي، من بني آكل المرار (المتوفى: 545 م)	ShamelaY19	27112	0.62394
		شرح مصابيح السنة للإمام البغوي	محمَّدُ بنُ عزِّ الدِّينِ عبدِ اللطيف بنِ عبد العزيز بن أمين الدِّين بنِ فِرِشْتَا، الرُّوميُّ الكَرمانيّ، الحنفيُّ، المشهور بـ ابن المَلَك (المتوفى: 854 هـ)	ShamAY	32570	0.62393
		الشيعة والتشيع - فرق وتاريخ	إحسان إلهي ظهير الباكستاني (المتوفى: 1407هـ)	ShamAY	686	0.62392
		النحاة والقياس	الواحدي :: صلاح الدين الزعبلاوي	ShamAY	37043	0.62391
		حياة الإمام الحسين عليه السلام [ج ٢]	باقر شريف القرشي	Rafed	1613	0.62388
		كتاب المواعظ والإعتبار بذكر الخطط والآثار المعروف بالخطط المقريزيّة [ج ٤]	تقي الدين احمد بن علي المقريزي	Rafed	2325	0.62388
		دعاء الامام الحسين في يوم عاشوراء	نبيل الحسني	Ghbook	15255	0.62388
		الماتم الحسيني مشروعيته و اسراره	عبدالحسين شرف الدين	Ghbook	4551	0.62386
		شرح الاقتصاد في الاعتقاد - الراجحي	عبد العزيز بن عبد الله بن عبد الرحمن الراجحي	ShamelaY19	36973	0.62383
		بحار الأنوار [ج ٩٠]	الشيخ محمّد باقر بن محمّد تقي المجلسي	Rafed	1167	0.62383
		الإمام علي الرضا ورسالته في الطب النبوي	محمد علي البار	ShamAY	34804	0.62381
		كلمات و أفعال و معتقدات خاطئة	د. طلعت زهران	ShamAY	35578	0.6238
		فقه قراءة القرآن الكريم	أبو خالد سعيد عبد الجليل يوسف صخر المصري	ShamelaY19	38007	0.6238
		 دلائل الصدق لنهج الحق 	 الشيخ محمد حسن المظفر 	ABLibrary	942	0.62379
		سيد المرسلين صلي الله عليه و آله : دراسه موضوعيه لحياه الرسول الاكرم...	آيت الله العظمي جعفر سبحاني	Ghbook	16469	0.62375
		بحوث فقهية معاصرة	الشيخ بشير حسين النجفي	Masaha	5038	0.62375
		عَقْد الفُصُوص في تحريم ذكر الخلاف إذا ثبتت النصوص	فوزي الأثري	ShamAY	37572	0.62374
		إمعان النظر في مشروعية البغض والهجر، وإحياء ما عفا منه واندثر ((دراسة علمية في مشروعية البغض في الله والهجر فيه عز وجل))	أبو محمد عبد الكريم بن صالح بن عبد الكريم الحميد	ShamelaY19	36172	0.62374
		سورة الحجرات دراسة تحليلية وموضوعية	ناصر بن سليمان العمر	ShamAY	36942	0.62373
		كتاب الخمس	الشيخ مرتضى الأنصاري	Masaha	629	0.62373
		 شرح تائية ابن الفارض الكبرى 	 داود القيصري 	ABLibrary	8797	0.62371
		في رحاب السيرة .. عبر وعظات	أبو عامر الطيماوي	ShamAY	37400	0.62369
		 بحار الأنوار 	 العلامة المجلسي 	ABLibrary	780	0.62368
		تفسير العثيمين: الكهف	محمد بن صالح بن محمد العثيمين (المتوفى: 1421هـ)	ShamAY	21807	0.62366
		الشفا بتعريف حقوق المصطفى‏ - الجزء1	القاضي عياض الأندلسي‏	Masaha	2067	0.62366
		الأنوار اللامعة في شرح زيارة الجامعة	السيّد عبد الله شبّر	Rafed	2281	0.62363
		كفاية الأصول(مع تعليقة الزارعي السبزواري)  - الجزء1	علي‏ الزارعي السبزواري	Masaha	4185	0.62362
		حقوق آل البيت	تقي الدين أبو العباس أحمد بن عبد الحليم بن عبد السلام بن عبد الله بن أبي القاسم بن محمد ابن تيمية الحراني الحنبلي الدمشقي (المتوفى: 728هـ)	ShamAY	11162	0.62359
		شرح التلويح على التوضيح	سعد الدين مسعود بن عمر التفتازاني (المتوفى: 793هـ)	ShamAY	9508	0.62358
		فضيله العلم و العلماء	عادل علوي	Ghbook	4635	0.62358
		التبيان شرح نواقض الإسلام	سليمان العلوان	ShamAY	35471	0.62357
		الهدايه في الاصول	حسن صافي اصفهاني	Ghbook	12173	0.62355
		شرح زاد المستقنع في اختصار المقنع (كتاب الطهارة)	محمد بن محمد المختار الشنقيطي	ShamAY	944	0.62354
		الفتاوى الميسرة	السيد عبد الهادي الحكيم	Masaha	601	0.62354
		الدر المصون في علوم الكتاب المكنون	أبو العباس، شهاب الدين، أحمد بن يوسف بن عبد الدائم المعروف بالسمين الحلبي (المتوفى: 756ه)	Sham19Y	9057	0.62353
		 كتاب المكاسب ( المحشَّى ) 	 الشيخ الأنصاري 	ABLibrary	9375	0.62353
		تفسير كنز الدّقائق وبحر الغرائب [ج ٦]	الشيخ محمّد بن محمّد رضا القمّي المشهدي	Rafed	3007	0.62351
		الموقف الاسلامي من اسطوره تحريف القرآن الكريم	المجمع العالمي لاهل البيت عليهم السلام	Ghbook	7591	0.62347
		نسيمات من عبق الروضة	أمل أحمد طعمة	ShamelaY19	97804	0.62345
		 المناظر الإلهية ( ويليه شرح مشكلات الفتوحات المكية لابن عربي ) 	 عبد الكريم بن ابراهيم الجيلي 	ABLibrary	8813	0.62345
		عيوب تشييد البناء في دار الفناء	أبو محمد عبد الكريم بن صالح بن عبد الكريم الحميد	ShamelaY19	37579	0.62343
		دين الحق	عبد الرحمن بن حماد آل عمر	ShamelaY19	30833	0.62343
		شرح كتاب الحج من بلوغ المرام	عبد الله العتيبي	ShamAY	35969	0.62341
		أحسن ما سمعت	عبد الملك بن محمد بن إسماعيل أبو منصور الثعالبي (المتوفى: 429ه)	ShamelaY19	25011	0.62341
		 جواهر الكلام في ثوبه الجديد 	 الشيخ الجواهري 	ABLibrary	9373	0.62341
		حال المؤمنين في شعبان	الدبيسي، محمد بن مصطفى	ShamAY	35091	0.6234
		مع الائمه الهداه في شرح الزياره الجامعه الكبيره	آيت الله علي حسيني ميلاني	Ghbook	9470	0.6234
		مقالات الأصول‏  - الجزء1	الشيخ آقا ضياء الدين العراقي	Masaha	4364	0.6234
		أحكام الأموات إلى حين الدفن و الانصراف	الشيخ كاشف الغطاء	Masaha	1498	0.6234
		الحكم الجديرة بالإذاعة من قول النبي صلى الله عليه وسلم بعثت بالسيف بين يدي الساعة	زين الدين عبد الرحمن بن أحمد بن رجب بن الحسن، السلامي، البغدادي، ثم الدمشقي، الحنبلي (المتوفى: 795ه)	ShamelaY19	26141	0.62339
		أسئلة من البحرين - إجابة الشيخ محمد رشيد رضا صاحب المنار	محمد رشيد رضا	ShamAY	37655	0.62338
		غزو البحار فضله، وأحكامه، وأشهر قادته المسلمين في القرن الهجري الأول	سامي صالح القحطاني	ShamAY	36117	0.62337
		مجمع الأنهر في شرح ملتقى الأبحر	عبد الرحمن بن محمد بن سليمان المدعو بشيخي زاده, يعرف بداماد أفندي (المتوفى: 1078ه)	ShamelaY19	21644	0.62335
		الزبدة الفقهيّة [ج ١]	السيّد محمّد حسن ترحيني العاملي	Rafed	2472	0.62335
		سلامة القرآن من التحريف و تفنيد الإفتراءات على الشيعة الإمامية	د. فتح الله المحمدي	Masaha	303	0.62332
		 ذخيرة العقبى في شرح العروة الوثقى 	 الشيخ علي الصافي الگلبايگاني 	ABLibrary	9513	0.62331
		المحكم و المحيط  الاعظم	ابي الحسن علي بن اسماعيل النحوي اللغوي الاندلسي معروف بابن سيده	Ghbook	16204	0.62328
		شمس العلوم [ج ١٢]	نشوان بن سعيد الحميري	Rafed	1473	0.62327
		قاعدتان فقهيتان / تقريرات	الشيخ حسن محمد مكي العاملي	Masaha	4035	0.62327
		تربية الأولاد في الإسلام	الواحدي :: النابلسي، محمد راتب	ShamAY	34855	0.62326
		العدة في شرح العمدة في أحاديث الأحكام لابن العطار	علي بن إبراهيم بن داود بن سلمان بن سليمان، أبو الحسن، علاء الدين ابن العطار (المتوفى: 724 هـ)	ShamAY	32416	0.62323
		فتح القدير للشوكاني	محمد بن علي بن محمد بن عبد الله الشوكاني اليمني (المتوفى: 1250هـ)	ShamAY	23623	0.62323
		تقرير القواعد وتحرير الفوائد [المشهور بـ «قواعد ابن رجب»]	زين الدين عبد الرحمن بن أحمد بن رجب الحنبلي (المتوفى: 795 هـ)	ShamAY	37983	0.62322
		التقليد والإفتاء والاستفتاء	الشيخ عبد العزيز الراجحي	ShamAY	37515	0.62321
		حضارة العرب - غوستاف لوبون	غوستاف لوبون	ShamelaY19	150939	0.62321
		الوصائل إلى الرسائل‏  - الجزء1	السيد محمد الحسيني الشيرازي	Masaha	3599	0.62321
		معالم التنزيل في تفسير القرآن = تفسير البغوي	محيي السنة، أبو محمد الحسين بن مسعود البغوي (المتوفى: 510هـ)	ShamAY	41	0.6232
		النهر الفائق شرح كنز الدقائق	سراج الدين عمر بن إبراهيم بن نجيم الحنفي (ت 1005ه)	Sham19Y	13620	0.6232
		شرح الاقتصاد في الاعتقاد - الراجحي	عبد العزيز بن عبد الله بن عبد الرحمن الراجحي	ShamAY	38	0.62319
		 معرفة الإمام 	 السيد محمد حسين الطهراني 	ABLibrary	8891	0.62317
		الإلهيّات على هدى الكتاب والسنّة والعقل [ج ١]	الشيخ حسن محمد مكي العاملي	Rafed	3379	0.62317
		التوضيحاتُ الكاشفاتُ على كشفِ الشُبَهاتِ		ShamAY	35480	0.62315
		موسوعة عبد الله بن عبّاس [ج ٢]	السيد محمد مهدي السيد حسن الموسوي الخرسان	Rafed	1165	0.62315
		الحج رموز و حكم	عبدالله جوادي آملي	Ghbook	10931	0.62314
		مصدر القرآن الكريم في رأي المستشرقين عرض ودراسة ونقد		ShamAY	36949	0.62312
		الثّاقب في المناقب	عماد الدين أبي جعفر محمّد بن علي الطوسي [ ابن حمزة ]	Rafed	760	0.62312
		الدراري المضية شرح الدرر البهية	محمد بن علي بن محمد بن عبد الله الشوكاني اليمني (المتوفى: 1250هـ)	ShamAY	7264	0.62309
		 إثنا عشر رسالة 	 السيد محمد باقر الداماد ( الميرداماد ) 	ABLibrary	838	0.62309
		الأصول في علم الأصول‏ - الجزء1	الشيخ علي الإيرواني	Masaha	2411	0.62309
		تعليق الفرائد على تسهيل الفوائد	محمد بدر الدين بن أبي بكر بن عمر الدماميني (763 - 827 ه = 1362 - 1424 م)	ShamelaY19	20985	0.62305
		أحكام القرآن [ج ٣]	أبي بكر أحمد بن علي الرازي الجصّاص	Rafed	1989	0.62302
		عُقودُ الزَّبَرْجَدِ على مُسْند الإِمَام أَحْمد	عبد الرحمن بن أبي بكر، جلال الدين السيوطي (المتوفى: 911هـ)	ShamAY	31988	0.623
		 الأرج المسكي في التاريخ المكي وتراجم الملوك والخلفاء 	 علي بن عبد القادر الطبري 	ABLibrary	8928	0.62299
		الحياة في سبيل الله	هارون يحيى	ShamAY	35947	0.62298
		تفسير العثيمين: الفاتحة والبقرة	محمد بن صالح بن محمد العثيمين (المتوفى: 1421ه)	Sham19Y	1537	0.62295
		 البراهين الواضحات ( دراسات في القضاء ) 	 الشيخ محمد علي اسماعيل پور القمشه‌اى 	ABLibrary	9703	0.62294
		 مسالك الأبصار في ممالك الأمصار 	 أحمد بن يحيى العمري 	ABLibrary	9188	0.62294
		اللباب في شرح الكتاب	عبد الغني بن طالب بن حمادة بن إبراهيم الغنيمي الدمشقي الميداني الحنفي (المتوفى: 1298ه)	ShamelaY19	21496	0.62292
		رفع الشبهة والغرر عمن يحتج على فعل المعاصي بالقدر	مرعي بن يوسف بن أبى بكر بن أحمد الكرمى المقدسي الحنبلى (المتوفى: 1033هـ)	ShamAY	6481	0.62291
		ديوان امرئ القيس ت المصطاوي	امرؤ القيس بن حجر بن الحارث الكندي، من بني آكل المرار (المتوفى: 545 م)	Sham19Y	27112	0.6229
		الوَحشيَّات وهوَ الحمَاسَة الصُّغرى	حبيب بن أوس بن الحارث الطائي، أبو تمام: الشاعر، الأديب (المتوفى: 231هـ)	ShamAY	824	0.62289
		كلمات السداد عَلى مَتنِ "الزّاد"	فيصل المبارك	ShamAY	37372	0.62288
		تعليقة على معالم الاصول [ج ٦]	السيّد علي الموسوي القزويني	Rafed	1390	0.62284
		محاضرات ودروس مفرغة للشيخ صالح آل الشيخ	صالح آل الشيخ	ShamAY	34730	0.62283
		تراثنا ـ العدد [ 68 ]	مؤسسة آل البيت عليهم السلام لإحياء التراث ـ قم	Rafed	3299	0.62281
		منهج شيخ الإسلام محمد بن عبد الوهاب في التفسير	مسعد بن مساعد الحسيني	ShamAY	12102	0.6228
		الإتقان والإحكام في شرح تحفة الحكام المعروف بشرح ميارة	أبو عبد الله، محمد بن أحمد بن محمد الفاسي، ميارة (المتوفى: 1072هـ)	ShamAY	21643	0.6228
		100 فائدة من سورة يوسف	محمد صالح المنجد	ShamAY	33128	0.62278
		مفتاح العلوم	يوسف بن محمّد بن علي السّكّاكي [ السّكّاكي ]	Rafed	1996	0.62278
		صراع مع الملاحدة حتى العظم	عبد الرحمن بن حسن حَبَنَّكَة الميداني الدمشقي (المتوفى: 1425هـ)	ShamAY	12725	0.62276
		مجموعة رسائل وفتاوى في مسائل مهمة تمس إليها حاجة العصر	مجموعة من المؤلفين	ShamelaY19	30944	0.62276
		حقوق النبي صلى الله عليه وسلم على أمته في ضوء الكتاب والسنة	محمد بن خليفة بن علي التميمي	ShamAY	2275	0.62275
		الوسطية في القرآن الكريم	الدكتور عَلي مَحَّمد محمد الصَّلاَّبي	ShamAY	331	0.62275
		الجن وصفاتهم وسبل الوقاية من شرهم	عبد الحميد بن عبد الرحمن السحيباني	ShamAY	35482	0.62274
		الشيعة وصكوك الغفران	محمد مال الله	ShamAY	35675	0.62272
		التعايش مع غير المسلمين في المجتمع المسلم	منقذ بن محمود السقار	ShamAY	1278	0.62269
		كيف تصلي وتخشع	الشيخ ندا أبو أحمد	ShamAY	34927	0.62269
		 محمد رسول الله ( ص ) في الكتب المقدسة 	 سامي عامري 	ABLibrary	8596	0.62267
		الوصائل إلى الرسائل [ج ١]	آية الله السيد محمد الشيرازي	Rafed	3730	0.62267
		تفسير كتاب الله العزيز [ج ٢]	هود بن محكم الهوّاري الأوراسي	Rafed	3819	0.62267
		شرح الأربعين النووية - صالح آل الشيخ	صالح آل الشيخ	ShamAY	35963	0.62266
		تراثنا ـ العدد [ 49 ]	مؤسسة آل البيت عليهم السلام لإحياء التراث ـ قم	Rafed	3187	0.62266
		عودة الحجاب	محمد أحمد إسماعيل المقدم	ShamAY	9133	0.62264
		وَمَا خَلَقْتُ الْجِنَّ وَالْأِنْسَ إِلَّالِيَعْبُدُونِ	الواحدي :: محمد العريفي	ShamAY	35133	0.62264
		شرح الطحاوية - عبد الرحيم السلمي	عبد الرحيم بن صمايل العلياني السلمي	ShamelaY19	37799	0.62263
		السيرة النبوية - راغب السرجاني	راغب الحنفي راغب السرجاني	ShamelaY19	37369	0.62263
		القصيدة الوردية في سيرة خير البرية	عبد الكريم بن محمد بن فاتح بن سليمان بن مصطفى بن محمد المدرس المشهور بالشيخ عبد الكريم بيارة (المتوفى: 1426ه)	ShamelaY19	23661	0.62262
		 بيان الفقه في شرح العروة الوثقى ( الاجتهاد والتقليد ) 	 السيد صادق الحسيني الشيرازي 	ABLibrary	9662	0.62261
		منهاج السنه المحمديه في الرد علي منهاج ابن التيميه	عبدالرحمن العقيلي	Ghbook	15683	0.6226
		 منهاج الملة في بيان الوقت والقبلة 	 الشيخ علي الغروي 	ABLibrary	9397	0.62259
		الحاشية العثيمينية على زاد المستقنع	أبو البهاء، حازم خنفر	Sham19Y	17500	0.62255
		شرح المقاصد [ج ٣]	مسعود بن عمر بن عبدالله [ سعد الدين التفتازاني ]	Rafed	3515	0.62255
		 بحار الأنوار 	 العلامة المجلسي 	ABLibrary	779	0.62254
		تاريخ مدينه منوره	عبد الله بن محمد ابن فرحون	Ghbook	11108	0.62253
		الإنصاف في مسائل الخلاف بين النّحويين : البصريّين والكوفييّن [ج ٢]	كمال الدين أبي البركات عبد الرحمن بن محمّد بن أبي سعيد الأنباري النحوي [ ابن انباري ]	Rafed	1886	0.62252
		الحسبة لشيخ الإسلام ابن تيمية رحمه الله	تقي الدين أبو العباس أحمد بن عبد الحليم بن عبد السلام بن عبد الله بن أبي القاسم بن محمد ابن تيمية الحراني الحنبلي الدمشقي (المتوفى: 728 هـ)	ShamAY	351	0.62251
		متن الخرقى على مذهب ابي عبد الله أحمد بن حنبل الشيباني	أبو القاسم عمر بن الحسين بن عبد الله الخرقي (المتوفى: 334هـ)	ShamAY	2977	0.6225
		الشيعة والسنة	إحسان إلهي ظهير الباكستاني (المتوفى: 1407هـ)	ShamAY	951	0.62249
		فصل الخطاب	الشيخ سليمان بن عبدالوهاب النجدي الحنبلي	Rafed	3497	0.62247
		الزهر الفائح في ذكر من تنزه عن الذنوب والقبائح	شمس الدين أبو الخير ابن الجزري، محمد بن محمد بن يوسف (المتوفى: 833هـ)	ShamAY	9102	0.62246
		الشيعه في الاسلام	محمد حسين طباطبايي	Ghbook	12217	0.62246
		سيره الائمه الاثني عشر ( عليهم السلام ) - الامام السجاد ( عليه السلام )	هاشم معروف الحسني	Ghbook	6385	0.62246
		أنوار الهداية في التعليقة على الكفاية  - الجزء1	السيد روح الله الموسوي الخميني	Masaha	3135	0.62246
		أنوار الهداية في التعليقة على الكفاية - الجزء1	السيد روح الله الموسوي الخميني	Masaha	2641	0.62246
		الفوائد المليّة  لشرح الرسالة النفليّة	زين الدين بن علي العاملي [ الشهيد الثاني ]	Rafed	1337	0.62244
		شرح الأربعين النووية للعثيمين	محمد بن صالح بن محمد العثيمين (المتوفى: 1421ه)	Sham19Y	21812	0.62243
		وصية لقمان	عبد المجيد يوسف الشاذلي	ShamAY	35080	0.62242
		دروس الشيخ يوسف الغفيص	يوسف بن محمد علي الغفيص	Sham19Y	37775	0.62242
		الإنصاف في مسائل دام فيها الخلاف [ج ٢]	الشيخ جعفر السبحاني	Rafed	1974	0.62242
		فتح باب العناية بشرح النقاية	ملا علي القاري (ت1014هـ)	ShamAY	33181	0.62241
		الحديث الحسن بين الحد والحجية	محمد أحمد جلمد	ShamAY	37341	0.6224
		المدرس ومهارات التوجيه	محمد الدويش	ShamAY	35180	0.62239
		منهاج الأصول  [ج ١]	محمّد ابراهيم الكرباسي	Rafed	3649	0.62238
		وظائف رمضان	عبد الرحمن بن محمد بن قاسم العاصمي الحنبلي النجدي (المتوفى: 1392هـ)	ShamAY	7374	0.62236
		رحلتان إلى الحجاز ونجد	محمد بهجة البيطار ومحمد سعود العوري	Rafed	2616	0.62236
		عقد الجواهر الثمينة في مذهب عالم المدينة	أبو محمد جلال الدين عبد الله بن نجم بن شاس بن نزار الجذامي السعدي المالكي (المتوفى: 616ه)	Sham19Y	14594	0.62228
		شرح لمعة الاعتقاد لخالد المصلح	خالد بن عبد الله بن محمد المصلح	ShamAY	7713	0.62227
		اثر النشاط و الحكمه في تقدم المسلمين	آيت الله العظمي سيد محمد حسيني شيرازي	Ghbook	7864	0.62227
		تغيير التنقيح لابن كمال باشا	شيخ الإسلام ابن كمال باشا (ت941هـ)	ShamAY	37541	0.62225
		الزكاة في الشريعة الإسلامية الغراء - الجزء1	الشيخ جعفر السبحاني	Masaha	4860	0.62225
		فدائيون من عصر الرسول	أحمد عبد اللطيف الجدع	ShamAY	4270	0.62222
		ترحال في الجزيرة العربية [ج ٢]	جون لويس بوركهارت	Rafed	2156	0.62222
		دروس وخطب ومحاضرات للشيخ صالح المغامسي	صالح بن عواد المغامسي	ShamAY	34718	0.62221
		كتاب العين [ج ١]	الخليل بن أحمد الفراهيدي	Rafed	2820	0.62221
		تتميم أمل الآمل	الحر العاملي	Masaha	2339	0.6222
		خصائص جزيرة العرب	بكر بن عبد الله أبو زيد	ShamAY	37113	0.62215
		القواعد المثلى في صفات الله وأسمائه الحسنى	محمد بن صالح بن محمد العثيمين (المتوفى: 1421هـ)	ShamAY	8874	0.62214
		بداية المحتاج في شرح المنهاج	بدر الدين أبو الفضل محمد بن أبي بكر الأسدي الشافعي ابن قاضي شهبة (798 - 874 ه)	Sham19Y	132962	0.62212
		 تبصرة الفقهاء 	 الشيخ محمد تقي الرازي الأصفهاني 	ABLibrary	9363	0.62211
		اللوامع الإلهيّة في المباحث الكلاميّة	جمال الدين مقداد بن عبد الله السيوري الحلّي	Rafed	3482	0.6221
		الزينة في ضوء القرآن الكريم - دراسة موضوعية	عوض أبو عليان	ShamAY	36388	0.62209
		القول السديد شرح كتاب التوحيد ط النفائس	أبو عبد الله، عبد الرحمن بن ناصر بن عبد الله بن ناصر بن حمد آل سعدي (المتوفى: 1376هـ)	ShamAY	8529	0.62208
		شرح الاقتصاد في الاعتقاد - الراجحي	عبد العزيز بن عبد الله بن عبد الرحمن الراجحي	Sham19Y	36973	0.62208
		الروضة الندية شرح الدرر البهية ط المعرفة	أبو الطيب محمد صديق خان بن حسن بن علي ابن لطف الله الحسيني البخاري القِنَّوجي (المتوفى: 1307هـ)	ShamAY	7444	0.62206
		ماذا نريد من رمضان	مجدي الهلالي	ShamelaY19	36413	0.62206
		نزهة الأفكار في شرح قرة الأبصار	عبد القادر بن محمد بن محمد سالم المجلسي الشنقيطي المالكي الأشعري (المتوفى: 1337 ه)	ShamelaY19	145166	0.62205
		صراع مع الملاحدة حتى العظم	عبد الرحمن بن حسن حبنكة الميداني الدمشقي (المتوفى: 1425ه)	Sham19Y	12725	0.62205
		 المسائل الطبية 	 السيد صادق الحسيني الشيرازي 	ABLibrary	9669	0.62205
		مسألة التقريب بين أهل السنة والشيعة	ناصر بن عبد الله بن علي القفاري	ShamAY	12763	0.62203
		ارق نفسك وأهلك بنفسك	د خالد بن عبد الرحمن بن علي الجريسي	Sham19Y	5701	0.62202
		شرح تطهير الاعتقاد للصنعاني - الراجحي	عبد العزيز بن عبد الله بن عبد الرحمن الراجحي	ShamAY	50	0.62201
		الأخبار النبوية الفاصلة في الأحداث العالمية المقبلة	محمد أحمد عبد الغني	ShamAY	36491	0.62201
		أصول الدعوة إلى الله	عبد الرحمن بن عبد الخالق	ShamAY	33511	0.62199
		أبحاث في الإعتقاد	عبد العزيز بن محمد آل عبد اللطيف	ShamAY	35709	0.62198
		الأمر بالمعروف	الدكتور ياسر بن حسين برهامي	ShamAY	36332	0.62197
		العدل اساس الملك	آيت الله العظمي سيد محمد حسيني شيرازي	Ghbook	7762	0.62192
		تحرير المعالم في أصول الفقه‏	الشيخ علي المشكيني	Masaha	3204	0.62192
		تحرير المعالم في أصول الفقه‏	الشيخ علي المشكيني	Masaha	2714	0.62192
		مستمسك العروة الوثقى [ج ٢]	آية الله السيد محسن الطباطبائي الحكيم	Rafed	395	0.62191
		كتاب الشعر أو شرح الأبيات المشكلة الإعراب	الحسن بن أحمد بن عبد الغفار الفارسيّ الأصل، أبو علي (المتوفى: 377هـ)	ShamAY	870	0.6219
		الجوهرة في نظم التبصرة	الحسن بن علي بن داود الحلي	Masaha	1062	0.6219
		 مسالك الأبصار في ممالك الأمصار 	 أحمد بن يحيى العمري 	ABLibrary	9192	0.62189
		الوحشيات وهو الحماسة الصغرى	حبيب بن أوس بن الحارث الطائي، أبو تمام: الشاعر، الأديب (المتوفى: 231ه)	ShamelaY19	36082	0.62188
		العسل المصفى من تهذيب زين الفتى في شرح سورة هل أتى‏ - الجزء1	أحمد بن محمد بن علي العاصمي	Masaha	2064	0.62188
		شرح رسالة رفع الملام عن الأئمة الأعلام	يوسف بن محمد علي الغفيص	ShamAY	31671	0.62187
		براءة آدم حقيقة قرآنية	السيد جعفر مرتضى العاملي	Masaha	190	0.62187
		جاهلية القرن العشرين	محمد قطب	ShamAY	34765	0.62185
		الفكر الإسلامي الحديث وصلته بالاستعمار الغربي	محمد البهي (المتوفى: 1402هـ)	ShamAY	11756	0.62185
		دفع شبهات المستشرقين حول السنة	أحمد بوقرين	ShamAY	33304	0.62185
		رسالة في الفقه الميسر	أ. د صالح بن غانم بن عبد الله بن سليمان بن علي السدلان	ShamAY	31260	0.62185
		 معرفة الإمام 	 السيد محمد حسين الطهراني 	ABLibrary	8883	0.62185
		الإلهيّات على هدى الكتاب والسنّة والعقل	الشيخ حسن محمد مكي العاملي	Masaha	1663	0.62185
		شرح كتاب كشف الشبهات - الفوزان	صالح الفوزان	ShamAY	35439	0.62184
		فقه النصيحة	محمد أبو صعيليك	ShamAY	36196	0.62183
		الفقه: السلم و السلام	آيت الله العظمي سيد محمد حسيني شيرازي	Ghbook	8018	0.62183
		احاديث ام المومنين عائشة	مرتضي عسكري	Ghbook	10417	0.62181
		لا تخونوا الله والرسول	صباح علي البياتي	Masaha	387	0.62181
		ألف سؤال وإشكال	الشيخ علي الكوراني	Masaha	185	0.62181
		خلاصه معرفيه	محمد السند	Ghbook	15180	0.6218
		تاريخ العرب القديم	توفيق برو	ShamAY	11084	0.62178
		فتح المعبود في الرد على ابن محمود	حمود بن عبد الله بن حمود بن عبد الرحمن التويجري (المتوفى: 1413هـ)	ShamAY	32118	0.62176
		 لطائف الأعلام في إشارات أهل الإلهام 	 عبد الرزاق الكاشاني ( القاشاني ) 	ABLibrary	8794	0.62176
		ديوان امرئ القيس ت المصطاوي	امْرُؤُ القَيْس بن حجر بن الحارث الكندي، من بني آكل المرار (المتوفى: 545 م)	ShamAY	182	0.62174
		الإنصاف للباقلاني	الإمام الباقلاني	ShamAY	35407	0.62173
		جواهر الكلام [ج ٢٤]	الشيخ محمّد حسن النّجفي	Rafed	657	0.62172
		 مادة البقاء في إصلاح فساد الهواء والتحرز من ضرر الأوباء 	 محمد بن أحمد التميمي المقدسي 	ABLibrary	9835	0.62171
		النفس والروح وشرح قوامها	محمّد بن عمر بن الحسن بن الحسين التيمي البكري [ فخر الدين الرازي ]	Rafed	3705	0.62171
		تحقيق منيف الرتبة لمن ثبت له شريف الصحبة	صلاح الدين أبو سعيد خليل بن كيكلدي بن عبد الله الدمشقي العلائي (المتوفى: 761هـ)	ShamAY	11088	0.62167
		المعنى القرآنى فى ضوء اختلاف القراءات	أحمد سعد الخطيب	ShamAY	36834	0.62167
		نفحات القرآن : اسلوب جديد في التفسير الموضوعي للقرآن الكريم	آيت الله العظمي ناصرمكارم شيرازي	Ghbook	3299	0.62167
		مرآة العقول في شرح أخبار آل الرسول - الجزء1	العلامة المجلسي	Masaha	1364	0.62167
		معجم المصطلحات البلاغيّة وتطوّرها	الدكتور أحمد مطلوب	Rafed	1992	0.62166
		تفسير الكتاب العزيز وإعرابه	عبيد الله بن أحمد بن عبيد الله، ابن أبي الربيع القرشي الأموي العثماني الإشبيلي (المتوفى: 688هـ)	ShamAY	10091	0.62165
		الاجوبه الهاديه الي سواء السبيل	عبدالله حسيني	Ghbook	11213	0.62165
		صيانة صحيح مسلم من الإخلال والغلط وحمايته من الإسقاط والسقط	عثمان بن عبد الرحمن، أبو عمرو، تقي الدين المعروف بابن الصلاح (المتوفى: 643هـ)	ShamAY	6016	0.62164
		ليس عليك وحشة	عبد الملك بن محمد القاسم	Sham19Y	36555	0.62164
		شرح كتاب سيبويه [ج ١]	أبي سعيد السّيرافي الحسن بن عبدالله بن المرزبان	Rafed	2782	0.62164
		السيرة النبوية - راغب السرجاني	راغب الحنفي راغب السرجاني	ShamAY	628	0.62163
		اختلاف المفسرين أسبابه وضوابطه	أحمد بن محمد الشرقاوى	ShamAY	36804	0.62163
		أصول الدعوة وطرقها 3 - جامعة المدينة	مناهج جامعة المدينة العالمية	ShamAY	1652	0.62161
		المرأة في موكب الدعوة	مصطفى الطحان	ShamAY	33443	0.62159
		إلزام النّاصب في إثبات الحجّة الغائب عجّل فرجه [ج ١]	الشيخ علي اليزدي الحائري	Rafed	2565	0.62159
		 الخمس في الشريعة الإسلامية الغراء 	 الشيخ السبحاني 	ABLibrary	9563	0.62158
		 سند العروة الوثقى ( كتاب الطهارة ) 	 الشيخ محمد السند 	ABLibrary	9548	0.62157
		 معرفة الإمام 	 السيد محمد حسين الطهراني 	ABLibrary	8884	0.62156
		لوائح الأنوار السنية ولواقح الأفكار السنية «شرح قصيدة ابن أبي داود الحائية في عقيدة أهل الآثار السلفية»	محمد بن أحمد بن سالم السفاريني الحنبلي	ShamAY	38505	0.62153
		غاية المرام في شرح شرائع الإسلام [ج ١]	الشيخ مفلح الصّيمري البحراني	Rafed	1490	0.62152
		مستمسك العروة الوثقى - الجزء1	السيد محسن الطباطبائي الحكيم	Masaha	1703	0.62152
		التبيان في آداب حملة القرآن	أبو زكريا محيي الدين يحيى بن شرف النووي (المتوفى: 676ه)	Sham19Y	1969	0.62145
		قواعد الاعتدال لمَن أرادَ تقويم الجماعات وَالرِجَال	أبو عبدالرحمن عقيل بن محمد بن زيد المقطري	ShamAY	33312	0.62144
		مجلة جامعة أم القرى 19 - 24	مجموعة من المؤلفين	ShamAY	1190	0.62143
		نفحات القرآن [ج ٦]	آية الله مكارم الشيرازي	Rafed	3817	0.62142
		التنقيح - الجزء1	السيد محمد سعيد الطباطبائي الحكيم	Masaha	2428	0.62139
		آداب طالب العلم	الدكتور صلاح محمد أبو الحاج	ShamAY	34944	0.62137
		صيانة صحيح مسلم من الإخلال والغلط وحمايته من الإسقاط والسقط	عثمان بن عبد الرحمن، أبو عمرو، تقي الدين المعروف بابن الصلاح (المتوفى: 643ه)	Sham19Y	6016	0.62137
		 قاعدة لا ضرر ولا ضرار 	 تقرير بحث السيد محمد باقر الصدر لسيد كمال الحيدري 	ABLibrary	9427	0.62137
		النّهاية	أبي جعفر محمّد بن الحسن بن علي بن الحسن الطّوسي [ شيخ الطائفة ]	Rafed	1269	0.62137
		شرح لامية ابن تيمية	عمر بن سعود بن فهد العيد	ShamAY	7734	0.62134
		تفسير القرآن العظيم - جزء عم	عبد الملك بن محمد بن عبد الرحمن بن قاسم العاصمي	ShamAY	32135	0.62133
		تعليقة القوچاني على كفاية الأصول [ج ٢]	الشيخ علي القوچاني	Rafed	793	0.62133
		لحوم العلماء مسمومة	ناصر بن سليمان العمر	ShamAY	35105	0.62132
		كتابات أعداء الإسلام ومناقشتها	عماد السيد محمد إسماعيل الشربينى	Sham19Y	1820	0.62132
		 دلائل الصدق لنهج الحق 	 الشيخ محمد حسن المظفر 	ABLibrary	941	0.62132
		الأعياد وأثرها على المسلمين	سليمان بن سالم السحيمي	ShamAY	7545	0.62128
		تطهير الجنان - القواعد الأربع - منهج السالكين	أحمد بن حجر آل بن علي - محمد بن سليمان التميمي - عبد الرحمن بن ناصر بن سعدي	ShamAY	31239	0.62128
		القواعد الفقهيّة [ج ٤]	آية الله السيّد محمّد حسن البجنوردي	Rafed	711	0.62125
		قواطع الأدلة في الأصول	أبو المظفر، منصور بن محمد بن عبد الجبار ابن أحمد المروزى السمعاني التميمي الحنفي ثم الشافعي (المتوفى: 489هـ)	ShamAY	12049	0.62124
		صفات الله عز وجل الواردة في الكتاب والسنة	علوي السقاف	ShamelaY19	22889	0.62123
		الموضح عن جهه اعجاز القرآن ، او: كتاب الصرفه	علي بن حسين علم الهدي	Ghbook	9442	0.62122
		شرح كفاية الأصول	الشيخ عبد الحسين الرشتي	Masaha	3994	0.62122
		المواقف - الإيجي	عضد الدين عبد الرحمن بن أحمد الإيجي	ShamAY	33881	0.62119
		المصباح (للكفعمي)	ابراهيم بن علي الكفعمي	Masaha	1075	0.62118
		شرح الوصية الكبرى لابن تيمية - الراجحي	عبد العزيز بن عبد الله بن عبد الرحمن الراجحي	ShamelaY19	37013	0.62117
		شرح ألفية العراقي في علوم الحديث	عبد الرحمن بن أبي بكر بن محمد، زين الدين المعروف بابن العيني الحنفي (المتوفى: 893هـ)	ShamAY	1973	0.62115
		دلائل الصدق لنهج الحق [ج ٤]	الشيخ محمد حسن المظفر	Rafed	251	0.62115
		شرح مسائل الجاهلية للحازمي	أبو عبد الله، أحمد بن عمر بن مساعد الحازمي	ShamAY	539	0.62107
		عوائق في طريق العبودية	أبو محمد عبد الكريم بن صالح بن عبد الكريم الحميد	ShamAY	1084	0.62105
		هداية المتعبد السالك	صالح بن عبد السميع الأزهري	ShamAY	34216	0.62105
		الإفاضات الغروية في الأصول الفقهية	علي نقي فيض الإسلام الأصفهاني	Masaha	2416	0.62105
		مختصر أخلاق حملة القرآن للإمام الآجري	خالد السبت	ShamelaY19	133380	0.621
		أحكام القرآن [ج ٢]	أبي بكر أحمد بن علي الرازي الجصّاص	Rafed	1988	0.621
		ارق نفسك وأهلك بنفسك	د خالد بن عبد الرحمن بن علي الجريسي	ShamAY	5701	0.62099
		الشريف المرتضى وشعره في الغدير	الشيخ عبد الحسين الأميني النجفي	Masaha	312	0.62099
		كتاب الشعر أو شرح الأبيات المشكلة الإعراب	الحسن بن أحمد بن عبد الغفار الفارسي الأصل، أبو علي (المتوفى: 377ه)	ShamelaY19	37492	0.62098
		الشذا الفياح من علوم ابن الصلاح رحمه الله تعالى	إبراهيم بن موسى بن أيوب، برهان الدين أبو إسحاق الأبناسي، ثم القاهري، الشافعي (المتوفى: 802هـ)	ShamAY	7349	0.62096
		كنوز الذهب فى تاريخ حلب	أحمد بن إبراهيم بن محمد بن خليل، موفق الدين، أبو ذر سبط ابن العجمي (المتوفى: 884هـ)	ShamAY	11786	0.62095
		 تاريخ الغيبة الصغرى 	 السيد محمد الصدر 	ABLibrary	7450	0.62095
		رحلتان إلى الحجاز ونجد	محمد بهجة البيطار	Masaha	3970	0.62094
		الحاشية على مدارك الأحكام [ج ١]	محمّد باقر الوحيد البهبهاني	Rafed	673	0.62093
		الاصول في النحو	العلامة ابي بكر محمد بن السري بن سهل النحوي المعروف ب (ابن السراج)	Ghbook	16323	0.62092
		صوفيات حجازية حقائق شاملة عن صوفية الحجاز		ShamAY	35397	0.62091
		الشيعه هم اهل السنه	محمد تيجاني سماوي	Ghbook	7567	0.62091
		إيضاح الفوائد في شرح مشكلات القواعد - الجزء1	فخر المحققين الحلي	Masaha	1080	0.62091
		كمال الدين الإسلامي وحقيقته ومزاياه	عبد الله بن جار الله بن إبراهيم آل جار الله	Sham19Y	31573	0.6209
		كلمات السداد عَلى مَتنِ الزّاد	فيصل بن عبد العزيز آل مبارك (المتوفى: 1376 هـ)	ShamAY	38907	0.62089
		 موسوعة الإمام أمير المؤمنين على بن أبى طالب ( ع ) 	 الشيخ باقر شريف القرشي 	ABLibrary	7811	0.62088
		الحضارة الإسلامية بين أصالة الماضي وآمال المستقبل	علي بن نايف الشحود	ShamAY	33261	0.62085
		أدب الطّف أو شعراء الحسين عليه السلام [ج ١]	جواد شبّر	Rafed	230	0.62085
		إهداء للبرنامج من دار الركائز للنشر والتوزيع - دولة الكويت	منصور بن يونس البهوتي (ت: 1051 ه)	Sham19Y	147658	0.62084
		أشراط الساعة الكبرى - المغامسي	أبو هاشم صالح بن عوّاد بن صالح المغامسي	ShamAY	757	0.62081
		أوضاع المرأة المسلمة ودورها في الإجتماعي من منظور إسلامي	الشيخ حسن الجواهري	Masaha	148	0.62081
		كمال الدين الإسلامي وحقيقته ومزاياه	عبد الله بن جار الله بن إبراهيم آل جار الله	ShamAY	31573	0.62079
		شرح الوصية الكبرى لابن تيمية - الراجحي	عبد العزيز بن عبد الله بن عبد الرحمن الراجحي	ShamAY	48	0.62079
		تاريخ دمشق‏  - الجزء1	سهيل زكار	Masaha	3958	0.62079
		 المرتقى إلى الفقه الأرقى ( كتاب الزكاة ) 	 السيد محمد الروحاني 	ABLibrary	9468	0.62078
		شرح المنهج المنتخب إلى قواعد المذهب	المنجور أحمد بن علي المنجور (المتوفى 995 ه)	Sham19Y	18279	0.62075
		الارتباط بالله و جهاد النفس	آيت الله العظمي سيد محمد حسيني شيرازي	Ghbook	7892	0.62075
		الشرح اليسير على مقدمة أصول التفسير	مهران عثمان	ShamAY	36807	0.62071
		علي والخوارج - الجزء2	السيد جعفر مرتضى العاملي	Masaha	374	0.62069
		سبل السلام - البابي الحلبي	محمد بن إسماعيل الأمير الكحلاني الصنعاني (المتوفى : 1182هـ)	ShamAY	34278	0.62067
		أصول الدعوة وطرقها 3 - جامعة المدينة	مناهج جامعة المدينة العالمية	Sham19Y	12164	0.62066
		التفسير الموضوعي لسورة سبأ	أحمد بن محمد الشرقاوى	ShamAY	33134	0.62065
		مشكاة الأنوار	أبو حامد محمد بن محمد الغزالي الطوسي (المتوفى: 505هـ)	ShamAY	12421	0.6206
		تيسير الوصول إلى معرفة الثلاثة الأصول في سؤال وجواب		ShamAY	35423	0.6206
		أدوار الفقه الإمامي‌	الشيخ جعفر السبحاني	Masaha	3486	0.6206
		معالم في السلوك وتزكية النفوس	عبد العزيز بن محمد بن علي آل عبد اللطيف	Sham19Y	12073	0.62054
		رسالة في الطريق إلى ثقافتنا - ط المدني	أبو فهر، محمود محمد شاكر	ShamAY	34763	0.62053
		إعراب القرآن [ج ٣]	الزجّاج	Rafed	3144	0.62053
		بحار الأنوار [ج ٩٢]	الشيخ محمّد باقر بن محمّد تقي المجلسي	Rafed	1187	0.62052
		نقد القومية العربية على ضوء الإسلام والواقع	عبد العزيز بن عبد الله بن باز (المتوفى: 1420ه)	ShamelaY19	31514	0.62051
		 مصباح المنهاج - كتاب الطهارة 	 السيد محمد سعيد الحكيم 	ABLibrary	9621	0.6205
		شرح الأصول الثلاثة المختصر	أبو عبد الله، أحمد بن عمر بن مساعد الحازمي	ShamAY	537	0.62047
		الطرق الحكمية في السياسة الشرعية	محمد بن أبي بكر أيوب الزرعي ابن القيم أبو عبد الله	ShamAY	34418	0.62045
		إسعاد الاخصا بذكر صحيح فضائل الشام والمسجد الأقصى	أبو عبد الرحمن السلفي المقدسي هشام بن فهمي بن موسى العارف	ShamAY	37116	0.62044
		 الفوائد الرجالية 	 الخاجوئي 	ABLibrary	9771	0.62044
		شرح عقيدة السلف وأصحاب الحديث - الراجحي	عبد العزيز بن عبد الله بن عبد الرحمن الراجحي	ShamAY	47	0.62043
		فقه التعامل بين الزوجين وقبسات من بيت النبوة	الواحدي :: مصطفى العدوي	ShamAY	36601	0.62042
		مصباح المتهجد - الجزء1	الشيخ الطوسي	Masaha	710	0.6204
		قواعد الفقه	محمد عميم الإحسان المجددي البركتي	ShamAY	6284	0.62038
		 شمس العلوم ودواء كلام العرب من الكلوم 	 نشوان بن سعيد الحميري 	ABLibrary	9798	0.62037
		مجمع الأنهر في شرح ملتقى الأبحر - العلمية	عبد الرحمن بن محمد بن سليمان الكليبولي المدعو بشيخي زاده	ShamAY	34212	0.62035
		من مشاهير الصحابة رضي الله عنهم	علي بن نايف الشحود	ShamAY	35793	0.62035
		خلل الصلاة وأحكامه	الشيخ مرتضى الحائري	Masaha	5127	0.62034
		 رحلة ابن بطوطة ( تحفة النظار في غرائب الأمصار وعجائب الأسفار ) 	 ابن بطوطة 	ABLibrary	9074	0.62033
		الهفوات النادرة من المغفلين الملحوظين والسقطات البادرة من المغفلين المحظوظين	محمد بن هلال بن المحسن بن إبراهيم الصابئ، أبو الحسن (المتوفى: 480هـ)	ShamAY	1528	0.62032
		تاريخ دمشق [ج ١]	الناشر: التكوين للتأليف والترجمة والنشر	Rafed	2261	0.62032
		مصابيح الظلام [ج ١١]	محمّد باقر الوحيد البهبهاني	Rafed	3686	0.62029
		آراء المستشرقين حول القرآن الكريم وتفسيره [ج ٢]	د. عمر بن إبراهيم رضوان	Rafed	3088	0.62029
		نفحات القرآن [ج ١٠]	آية الله مكارم الشيرازي	Rafed	3825	0.62028
		كتاب القضاء (تقريرات، للنجم آبادي)	ضياءالدين عراقي	Ghbook	11145	0.62028
		تفسير مقاتل بن سليمان	أبو الحسن مقاتل بن سليمان بن بشير الأزدي البلخى (المتوفى: 150هـ)	ShamAY	23614	0.62027
		عماد البلاغة للافقهسي	الواحدي	ShamAY	34478	0.62026
		مصطلح الحديث في كتاب إعلام الموقعين	علي بن عبد الرحمن العويشز	ShamAY	37287	0.62026
		شرح الأربعين النووية للعثيمين	محمد بن صالح بن محمد العثيمين (المتوفى: 1421هـ)	ShamAY	21812	0.62025
		 نهج الإعلان بما يثبت به دخول شهر رمضان 	 الشيخ علي الغروي 	ABLibrary	9398	0.62024
		علم اليقين من تاريخ الرافضة المشين في عداء المسلمين ومعاونة المحتلين	يونس العلي	ShamAY	35703	0.62023
		بحار الأنوار [ج ٤٤]	الشيخ محمّد باقر بن محمّد تقي المجلسي	Rafed	975	0.62023
		مناهج الوصول إلى علم الأصول‏  - الجزء1	السيد روح الله الموسوي الخميني	Masaha	4368	0.62023
		بحث التوثيق القرآني لغزوة الأحزاب	الواحدي	ShamAY	36900	0.62022
		علوم البلاغة ( البديع والبيان والمعاني )	الدكتور محمّد أحمد قاسم والدكتور محيي الدين ديب	Rafed	2613	0.62021
		كربلاء فوق الشبهات	سيد جعفرمرتضي حسيني عاملي	Ghbook	5110	0.62019
		الفروق اللغوية للعسكري	أبو هلال الحسن بن عبد الله بن سهل بن سعيد بن يحيى بن مهران العسكري (المتوفى: نحو 395هـ)	ShamAY	10414	0.62018
		منازل الأئمة الأربعة أبي حنيفة ومالك والشافعي وأحمد	أبو زكريا يحيى بن إبراهيم بن أحمد بن محمد أبو بكر بن أبي طاهر الأزدي السلماسي (المتوفى: 550هـ)	ShamAY	12089	0.62016
		 ذخيرة العقبى في شرح العروة الوثقى 	 الشيخ علي الصافي الگلبايگاني 	ABLibrary	9512	0.62016
		شرح ابن الناظم على ألفية ابن مالك	بدر الدين محمد ابن الإمام جمال الدين محمد بن مالك (ت 686 ه)	Sham19Y	18115	0.62014
		مفاهيم أساسية لدراسة السيرة النبوية	محمد جلال القصاص	ShamAY	37406	0.62013
		ردود ابن عربي على المتكلمين من خلال كتابه الفتوحات المكية	عادل شافي عيفان	ShamAY	37778	0.62013
		مجلة جامعة أم القرى 19 - 24	مجموعة من المؤلفين	Sham19Y	1190	0.62012
		تنبيه الغافلين عن أعمال الجاهلين وتحذير السالكين من أفعال الجاهلين	محيي الدين أبو زكريا أحمد بن إبراهيم ابن النحاس الدمشقي (المتوفى: 814 ه)	ShamelaY19	35453	0.62011
		أحكام حضور المساجد	الواحدي :: عبد الله الفوزان	ShamAY	36537	0.6201
		حصول المأمول بشرح ثلاثة الأصول	عبد الله بن صالح الفوزان	ShamAY	11158	0.62008
		النوادر السلطانية والمحاسن اليوسفية = سيرة صلاح الدين الأيوبي	يوسف بن رافع بن تميم بن عتبة الأسدي الموصلي، أبو المحاسن، بهاء الدين ابن شداد (المتوفى: 632هـ)	ShamAY	12716	0.62008
		الموسوعة الجنائية الإسلامية المقارنة بالأنظمة المعمول بها في المملكة العربية السعودية	سعود البارودي العتيبي	ShamAY	36425	0.62007
		تفسير القرآن الكريم - المقدم	محمد أحمد إسماعيل المقدم	ShamAY	111	0.62007
		جواهر الكلام [ج ٢٨]	الشيخ محمّد حسن النّجفي	Rafed	663	0.62007
		دستور الأخلاق في القرآن	محمد بن عبد الله دراز (المتوفى: 1377هـ)	ShamAY	8665	0.62006
		نكث الهميان في نكت العميان	صلاح الدين خليل بن أيبك الصفدي (المتوفى: 764ه)	ShamelaY19	28182	0.62005
		التقدم والرجعية	أبو شكيب محمد تقي الدين بن عبد القادر الهلالي (المتوفى: 1407هـ)	ShamAY	1433	0.62003
		الصلاة وحكم تاركها وسياق صلاة النبي من حين كان يكبر إلى أن يفرغ منها	محمد بن أبي بكر أيوب الزرعي ابن القيم أبو عبد الله	ShamAY	34415	0.62
		أحكام المسلم الجديد	وليد السعيدان	ShamAY	36200	0.61999
		التبيان في آداب حملة القرآن	أبو زكريا محيي الدين يحيى بن شرف النووي (المتوفى: 676هـ)	ShamAY	1969	0.61997
		دروس الشيخ محمد الدويش	محمد بن عبد الله بن إبراهيم الدويش	ShamelaY19	37377	0.61997
		 بحار الأنوار 	 العلامة المجلسي 	ABLibrary	774	0.61997
		معجم أعلام شعراء المدح النبوي	محمد أحمد درنيقة	Sham19Y	23679	0.61995
		الإقتباس من القرآن الكريم [ج ١]	أبي منصور عبد الملك بن محمّد بن اسماعيل الثعالبي	Rafed	3176	0.61995
		شرح الأربعين النووية للعثيمين	محمد بن صالح بن محمد العثيمين (المتوفى: 1421ه)	ShamelaY19	21812	0.61993
		القول السديد شرح كتاب التوحيد ط النفائس	أبو عبد الله، عبد الرحمن بن ناصر بن عبد الله بن ناصر بن حمد آل سعدي (المتوفى: 1376ه)	Sham19Y	8529	0.61993
		معيار العلم في فن المنطق	أبو حامد محمد بن محمد الغزالي الطوسي (المتوفى: 505ه)	ShamelaY19	26575	0.61992
		قول الفلاسفة اليونان الوثنيين في توحيد الربوبية	سعود بن عبد العزيز الخلف	Sham19Y	3982	0.61992
		 الحسين وبطلة كربلاء 	 محمد جواد مغنيه 	ABLibrary	7484	0.61991
		الوجيز الميسر في أصول الفقه المالكي	محمد الباجقني	ShamAY	37555	0.6199
		 دروس تمهيدية في القواعد الفقهية 	 الشيخ محمد باقر الإيرواني 	ABLibrary	9542	0.6199
		رد خبر الواحد بما يسمى بـ ( الانقطاع الباطن )حقيقته ، وحكمه وأثره في الفقه الإسلامي	د. ترحيب بن ربيعان الدوسري	ShamAY	37588	0.61989
		السيرة النبوية والتاريخ الإسلامي	عبد الشافى محمد عبد اللطيف	ShamAY	9899	0.61989
		دراسات تاريخيّة من القرآن الكريم [ج ٢]	دكتور محمد بيومي مهران	Rafed	1781	0.61989
		مصباح الفقيه [ج ٦]	الشيخ آقا رضا الهمداني	Rafed	1867	0.61985
		جامع المقاصد في شرح القواعد	علي بن حسين بن عبدالعالي محقق كركي	Ghbook	3476	0.61985
		 الفرقة الناجية 	 الشيخ ابراهيم القطيفي 	ABLibrary	8524	0.61983
		توثيق السنة النبوية ملامح عن منهجه، ودلائله، ومظاهره	عبد الله الرحيلي	ShamAY	34030	0.6198
		الفوائد الغروية	إبراهيم‏ الرودسري	Masaha	3471	0.61979
		المعجم الجامع في تراجم العلماء وطلبة العلم المعاصرين	أعضاء ملتقى أهل الحديث	ShamAY	2080	0.61978
		دور العقيدة في بناء الإنسان	مركز الرسالة	Masaha	251	0.61977
		جمع الوسائل في شرح الشمائل	علي بن (سلطان) محمد، أبو الحسن نور الدين الملا الهروي القاري (المتوفى : 1014هـ)	ShamAY	2569	0.61974
		الرحلة إلى أفريقيا - ط عالم الفوائد	محمد الأمين بن محمد المختار بن عبد القادر الجكني الشنقيطي (المتوفى: 1393هـ)	ShamAY	38380	0.61973
		نظرية المقاصد عند الإمام الشاطبي	أحمد الريسوني	Sham19Y	8343	0.61973
		تهذيب طريق الوصول الي علم الاصول للعلامه الحلي	حسن بن يوسف بن مطهر علامه حلي	Ghbook	12016	0.61973
		دروس الشيخ يوسف الغفيص	يوسف بن محمد علي الغفيص	ShamAY	31668	0.61971
		رياض المسائل في تحقيق الاحكام بالدّلائل [ج ١٥]	السيد علي بن السيد محمد علي الطباطبائي	Rafed	328	0.61971
		زاد المعاد ـ مفتاح الجنان	العلامة المجلسي	Masaha	1286	0.61971
		السيرة الحلبية - الجزء1	أبو الفرج الحلبي الشافعي‏	Masaha	2041	0.61971
		فتح الرحمن بشرح زبد ابن رسلان	شهاب الدين أبو العباس أحمد بن أحمد بن حمزة الرملي (المتوفى: 957 ه)	ShamelaY19	32197	0.6197
		الروح - ط عالم الفوائد	ابن القيم	ShamAY	38394	0.61965
		أسئلة جريئة وأجوبة صريحة حول تفجيرات الرياض		ShamAY	36228	0.61965
		النهر الفائق شرح كنز الدقائق	سراج الدين عمر بن إبراهيم بن نجيم الحنفي (ت 1005هـ)	ShamAY	31914	0.61962
		أوضاع المرأة المسلمة ودورها الإجتماعي من منظور إسلامي	الشيخ حسن الجواهري	Rafed	1565	0.61959
		توجيهات إسلامية لإصلاح الفرد والمجتمع	محمد بن جميل زينو	ShamelaY19	31350	0.61958
		موسوعة الفقه الإسلامي المصرية	مجموعة من المؤلفين	Sham19Y	437	0.61955
		رحلة أبي طالب خان إلى العراق و أوروبة	أبو طالب بن محمد الأصفهاني	Masaha	4459	0.61955
		 رد الحموي على الوهابية 	 السيد أحمد الحموي 	ABLibrary	901	0.61954
		رسائل و مقالات: تبحث في مواضيع فقهيه، اصوليه، كلاميه، تراجم، و مكاتبات و حورات م...	آيت الله العظمي جعفر سبحاني	Ghbook	7650	0.61954
		الإبانة في اللغة العربية	سَلَمة بن مُسْلِم العَوْتبي الصُحاري	ShamAY	32670	0.61953
		 بحار الأنوار 	 العلامة المجلسي 	ABLibrary	787	0.61953
		شرح لامية ابن تيمية	عمر العيد	Sham19Y	7734	0.61952
		فقه تغيير المنكر	د. محمود توفيق محمد سعد	Sham19Y	1978	0.61951
		المرشد الوجيز إلى علوم تتعلق بالكتاب العزيز	المقدسي، أبو شامة	ShamelaY19	22676	0.6195
		كتاب التشبيهات من أشعار أهل الأندلس	أبو عبد الله محمد بن الحسن الكتاني الطبيب (المتوفى: نحو 420هـ)	ShamAY	1024	0.61949
		 بحار الأنوار 	 العلامة المجلسي 	ABLibrary	782	0.61949
		ثلاث رسائل( العدالة، التوبة، قاعدة لاضرر) / تقريرات	الشيخ عباس حاجياني دشتي	Masaha	3623	0.61949
		نظرية الاسلام السياسية	أبو الأعلى المودودي	ShamAY	34780	0.61948
		مرآة العقول [ج ٢٥]	الشيخ محمّد باقر بن محمّد تقي المجلسي	Rafed	1101	0.61948
		المناهل العذبة في إصلاح ما وهي من الكعبة	أحمد بن محمد ابن حجر الهيتمي (973 هـ)	ShamAY	34296	0.61945
		أحكام النساء (للشيخ المفيد)	الشيخ المفيد	Masaha	974	0.61942
		موسوعة الفقه الإسلامي المصرية	مجموعة من المؤلفين	ShamAY	437	0.6194
		البيان والتحصيل والشرح والتوجيه والتعليل لمسائل المستخرجة	أبو الوليد محمد بن أحمد بن رشد القرطبي (المتوفى: 520ه)	ShamelaY19	21751	0.6194
		 الشجرة النعمانية ( شرح القونوي ) 	 ابن عربي 	ABLibrary	8749	0.6194
		مفردات الفاظ القرآن	حسين بن محمد راغب اصفهاني	Ghbook	8514	0.6194
		 منتهى الآمال في تواريخ النبي والآل ( ع ) 	 الشيخ عباس القمي 	ABLibrary	7796	0.61939
		بدائع الأصول	السيد علي الموسوي البهبهاني	Masaha	3181	0.61937
		بدائع الأصول	السيد علي الموسوي البهبهاني	Masaha	2668	0.61937
		 المغني في أبواب التوحيد والعدل 	 القاضي عبد الجبار الهمذاني 	ABLibrary	8628	0.61936
		نور الهدى وظلمات الضلال في ضوء الكتاب والسُّنَّة	د. سعيد بن علي بن وهف القحطاني	ShamAY	1923	0.61934
		عدة رسائل في مسائل فقهية (مطبوع ضمن مجموعة الرسائل والمسائل النجدية، الجزء الثاني)	حمد بن ناصر بن عثمان بن معمر النجدي التميمي الحنبلي (المتوفى: 1225هـ)	ShamAY	11276	0.61934
		شرح عقيدة السلف وأصحاب الحديث - الراجحي	عبد العزيز بن عبد الله بن عبد الرحمن الراجحي	ShamelaY19	37012	0.61934
		وقفات مع قضايا معاصرة شبهات ردود	محمد حازم صلاح أبو إسماعيل محمد عبد الرحيم	ShamelaY19	98121	0.61932
		الإحاطة في أخبار غرناطة [ج ٢]	أبي عبد الله محمّد بن عبد الله بن سعيد بن أحمد السلماني [ لسان الدين بن الخطيب ]	Rafed	2348	0.61928
		الرزق أبوابه ومفاتحه	عبد الملك بن محمد القاسم	ShamelaY19	95675	0.61927
		إهداء للبرنامج من دار الركائز للنشر والتوزيع - دولة الكويت	منصور بن يونس البهوتي (ت: 1051 ه)	ShamelaY19	147658	0.61927
		نزهة الأفكار في شرح قرة الأبصار	عبد القادر بن محمد بن محمد سالم المجلسي الشنقيطي المالكي الأشعري (المتوفى: 1337 ه)	Sham19Y	145166	0.61925
		 معرفة الإمام 	 السيد محمد حسين الطهراني 	ABLibrary	8886	0.61925
		الفتاوى الذهبية في الرقى الشرعية	خالد الجريسي	ShamAY	34898	0.61923
		أسرار الحروف	كاظم محمّد علي شكر	Rafed	3111	0.61921
		ماذا نريد من رمضان	مجدي الهلالي	Sham19Y	36413	0.6192
		آداب الحسن البصري وزهده ومواعظه	ابن الجوزي (597 هـ)	ShamAY	34570	0.61917
		بيان كلمة التوحيد والرد على الكشميري عبد المحمود (مطبوع ضمن الرسائل والمسائل النجدية، الجزء الرابع، القسم الأول)	عبد الرحمن بن حسن بن محمد بن عبد الوهاب بن سليمان التميمي (المتوفى: 1285ه)	Sham19Y	11074	0.61917
		حاشية الدسوقي [ج ١]	محمّد بن عرفة الدسوقي	Rafed	2085	0.61916
		الصحيح من سيرة النبي الأعظم صلّى الله عليه وآله [ج ٧]	السيد جعفر مرتضى العاملي	Rafed	2488	0.61916
		كتاب الطهاره	مرتضي انصاري (اعظم انصاري)	Ghbook	12117	0.61916
		غرائب التفسير وعجائب التأويل	محمود بن حمزة بن نصر، أبو القاسم برهان الدين الكرماني، ويعرف بتاج القراء (المتوفى: نحو 505هـ)	ShamAY	12820	0.61913
		الشفا بتعريف حقوق المصطفى - ت كوشك	عياض بن موسى بن عياض بن عمرون اليحصبي السبتي، أبو الفضل	ShamAY	38635	0.61911
		التحف الربانية في جواب الأسئلة اللمدانية	يحيى بن محمد بن محمد بن عبد الله، أبو زكرياء الشاوي الملياني الجزائري المالكي (المتوفى: 1096ه)	ShamelaY19	36572	0.6191
		فتح ذي الجلال والإكرام بشرح بلوغ المرام ط المكتبة الإسلامية	محمد بن صالح العثيمين	ShamelaY19	29558	0.61908
		الجامع لمسائل أصول الفقه وتطبيقاتها على المذهب الراجح	عبد الكريم بن علي بن محمد النملة	ShamelaY19	29884	0.61907
		جني الثمر بشرح نخبة الفكر	عصام السناني	ShamAY	37349	0.61906
		الحاشية العثيمينية على زاد المستقنع	أبو البهاء، حازم خنفر	ShamAY	32289	0.61906
		رسالة في الطريق إلى ثقافتنا - ط الهيئة المصرية	محمود شاكر أبو فهر	ShamAY	34784	0.61905
		عودة الحجاب	محمد أحمد إسماعيل المقدم	Sham19Y	9133	0.61903
		عقد الجواهر الثمينة في مذهب عالم المدينة	أبو محمد جلال الدين عبد الله بن نجم بن شاس بن نزار الجذامي السعدي المالكي (المتوفى: 616هـ)	ShamAY	32019	0.61902
		بحث قرآني، رواني، علمي، فقهي في اثبات ان مشاهدنا و قبور اهل البيت عليهم السلام م...	محمدرجب عبدالوهاب	Ghbook	11363	0.61902
		مجمع الأنهر في شرح ملتقى الأبحر	عبد الرحمن بن محمد بن سليمان المدعو بشيخي زاده, يعرف بداماد أفندي (المتوفى: 1078هـ)	ShamAY	21644	0.61901
		تفسير البيان [ج ٣]	السيّد محمّد حسين الطباطبائي	Rafed	3767	0.61901
		محاضرتان في الفقه الكلامي	علي شهرستاني	Ghbook	16150	0.61901
		كتاب المكاسب - المقدمة	الشيخ مرتضى الأنصاري	Masaha	1624	0.619
		شرح الطحاوية - عبد الرحيم السلمي	عبد الرحيم بن صمايل العلياني السلمي	ShamAY	803	0.61898
		 تاريخ الأدب الجغرافي العربي 	 اغناطيوس يوليانوفتش كراتشكوفسكي ( تعريب : عثمان هاشم ) 	ABLibrary	8977	0.61896
		تسديد الأصول‏ - الجزء1	السيد محمد المؤمن القمي	Masaha	3255	0.61895
		الأسرار الفاطميّة	الشيخ محمد فاضل المسعودي	Rafed	171	0.61893
		بديع النظام (أو: نهاية الوصول إلى علم الأصول)	مظفر الدين أحمد بن علي بن الساعاتي	ShamAY	32671	0.61889
		مناهج اليقين في أصول الدين	الحسن بن يوسف بن علي المطّهر [ العلامة الحلّي ]	Rafed	3583	0.61889
		فقه قراءة القرآن الكريم	أبو خالد سعيد عبد الجليل يوسف صخر المصري	ShamAY	1481	0.61888
		الكافي في اصول الفقه - الجزء1	السيد محمد سعيد الطباطبائي الحكيم	Masaha	605	0.61887
		الرسائل التسع	الشيخ نجم الدين أبي القاسم جعفر بن الحسن بن يحيى بن سعيد الهذلي [ المحقق الحلّي ]	Rafed	1288	0.61882
		أصول الفقه - الجزء1	الشيخ حسين الحلي	Masaha	2387	0.61882
		جمع القرآن نقد الوثائق و عرض الحقائق	علي شهرستاني	Ghbook	16137	0.6188
		الأسرار المرفوعة في الأخبار الموضوعة المعروف بالموضوعات الكبرى	علي بن (سلطان) محمد، أبو الحسن نور الدين الملا الهروي القاري (المتوفى: 1014هـ)	ShamAY	6056	0.61879
		الإعجاز والإيجاز - دار الغصون	أبو منصور عبد الملك عبد الملك بن محمد بن إسماعيل الثعالبي	ShamAY	33776	0.61874
		بحوث قرآنية في التوحيد و الشرك يبحث عن تحديد معالم التوحيد و الشرك مع تطبيقات عم...	آيت الله العظمي جعفر سبحاني	Ghbook	5060	0.61873
		دلالة الاكتفاء في الجملة القرآنية .. دراسة نقدية للقول بالحذف والتقدير		ShamAY	36910	0.61872
		الرسائل - الجزء1	السيد روح الله الموسوي الخميني	Masaha	3452	0.61872
		حجاب المسلمة بين انتحال المبطلين وتأويل الجاهلين	محمد فؤاد البرازي	ShamAY	36444	0.61868
		أيسر التفاسير لكلام العليّ الكبير [ج ٥]	أبي بكر جابر الجزائري	Rafed	3468	0.61868
		أنوار الأصول [ج ٢]	الناشر: مدرسة الإمام علي بن أبي طالب عليه السلام	Rafed	938	0.61868
		تكفير المعين والفرق بين قيام الحجة وفهم الحجة	إسحاق بن عبد الرحمن بن حسن آل الشيخ	ShamAY	33877	0.61865
		الرد على من زعم أن الخضر حي	الواحدي :: علي بن نايف الشحود	ShamAY	36092	0.61864
		مباحث الأمر التي انتقدها شيخ الإسلام ابن تيمية في مجموع الفتاوى	سليمان بن سليم الله الرحيلي	ShamAY	3552	0.61862
		الرد على اللمع	شحاتة محمد صقر	ShamelaY19	36181	0.61862
		اللّباب في علوم الكتاب [ج ١١]	أبي حفص عمر بن علي بن عادل الدمشقي الحنبلي	Rafed	3104	0.6186
		ثقة المسلم بالله تعالى في ضوء الكتاب والسنة	محمد بن إبراهيم بن سليمان الرومي	ShamAY	32097	0.61859
		مغني اللبيب عن كتب الأعاريب	عبد الله بن يوسف بن أحمد بن عبد الله ابن يوسف، أبو محمد، جمال الدين، ابن هشام (المتوفى: 761هـ)	ShamAY	6972	0.61854
		الشيعة وأهل البيت	إحسان إلهي ظهير الباكستاني (المتوفى: 1407هـ)	ShamAY	959	0.61852
		 عصمة الأنبياء والرسل 	 السيد مرتضى العسكري 	ABLibrary	8512	0.61852
		جماع العلم	الشافعي أبو عبد الله محمد بن إدريس بن العباس بن عثمان بن شافع بن عبد المطلب بن عبد مناف المطلبي القرشي المكي (المتوفى: 204هـ)	ShamAY	3197	0.61851
		أضواء على أوضاعنا السياسية	عبد الرحمن بن عبد الخالق اليوسف	ShamAY	11570	0.6185
		الحسين عليه السلام وبطلة كربلاء	محمّد جواد مغنية	Rafed	3216	0.6185
		منهج السالكين وتوضيح الفقة في الدين	أبو عبد الله، عبد الرحمن بن ناصر بن عبد الله بن ناصر بن حمد آل سعدي (المتوفى: 1376هـ)	ShamAY	12099	0.61849
		دفع إيهام الاضطراب عن آيات الكتاب	محمد الأمين بن محمد المختار بن عبد القادر الجكني الشنقيطي (المتوفى : 1393هـ)	ShamAY	18007	0.61849
		تأصيل علم العقيدة - عبد الرحيم السلمي	عبد الرحيم بن صمايل العلياني السلمي	ShamAY	804	0.61848
		العلمانية والمذهب المالكي	أبو سفيان مصطفى باحو السلاوي المغربي	ShamelaY19	96924	0.61848
		غاية السول في خصائص الرسول صلى الله عليه وسلم	ابن الملقن سراج الدين أبو حفص عمر بن علي بن أحمد الشافعي المصري (المتوفى: 804هـ)	ShamAY	6588	0.61847
		أسرار الصلاة	الواحدي :: ابن القيم	ShamAY	34431	0.61847
		 في رحاب أهل البيت ( ع ) 	 لجنة بحوث المجمع العالمي لأهل البيت ( ع ) 	ABLibrary	8545	0.61847
		الفوائد الرجالية (للخواجوئي)	الشيخ الخواجوئي	Masaha	3498	0.61846
		الفرقان في تفسير القرآن بالقرآن والسنّة [ج ٢٤]	الشيخ محمد الصادقي	Rafed	3047	0.61845
		الشهوات المهلكة	يحيى بن موسى الزهراني	ShamAY	35065	0.61844
		قرة العين بفتاوى علماء الحرمين	حسين بن إبراهيم المغربي أصلا المصري ولادة ومنشأ، الأزهري طالبا، المكي جوارا ومهاجرا المالكي مذهبا (المتوفى: 1292ه)	ShamelaY19	36569	0.61842
		الحسين عليه السلام القربان الذي نعاه الانجيل	كاظم مزعل جابر الاسدي	Ghbook	15252	0.61841
		بحر الفوائد في شرح الفرائد [ج ٨]	آية الله ميرزا محمّد حسن بن جعفر الآشتياني	Rafed	933	0.6184
		الشيخ الطوسي مفسراً	خضير جعفر	Masaha	1722	0.61839
		الشيعة وأهل البيت	إحسان إلهي ظهير الباكستاني (المتوفى: 1407ه)	Sham19Y	37552	0.61838
		فقه الأسرة	أحمد علي طه ريان	ShamAY	8638	0.61831
		المهدي (عج) في احاديث المسلمين حقيقه ثابته	محمد رضا حسيني جلالي	Ghbook	10560	0.61831
		 المعجم الصوفي 	 سعاد الحكيم 	ABLibrary	8900	0.61829
		الرد الوجيز على الشيخ ربيع المدخلي	عبد الرحمن بن عبد الخالق	ShamAY	37809	0.61828
		العجاب في بيان الأسباب	أبو الفضل أحمد بن علي بن محمد بن أحمد بن حجر العسقلاني (المتوفى: 852هـ)	ShamAY	2102	0.61827
		التبرك والتوسل والصلح مع العدو الصهيوني في رسالتين	فتح الله محمدي نجارزادگان	Ghbook	3347	0.61827
		الموجز في أصول الفقه‏	الشيخ جعفر السبحاني	Masaha	3582	0.61827
		الفرقة الناجية	الشيخ ابراهيم القطيفي	Rafed	3490	0.61826
		أساليب الدعوة إلى الله في القرآن الكريم	أبو المجد سيد نوفل	ShamelaY19	22748	0.61824
		تقريرات آيه الله المجدد الشيرازي	محمدحسن بن محمود ميرزاي شيرازي	Ghbook	12039	0.61821
		المجالس السنيّة في مناقب ومناصب العترة النبويّة [ج ١-٤]	السيد محسن بن عبد الكريم الأمين	Rafed	1577	0.6182
		قضايا الدعوة الإسلامية من اليقظة إلى الصحوة	أنور الجندي	ShamAY	33414	0.61819
		ديوان أسامة بن منقذ	أبو المظفر أسامة بن مرشد بن منقذ الكناني المتوفى سنة 488 هـ	ShamAY	37915	0.61819
		أدب الغرباء	أبو الفرج الأصبهاني	ShamAY	34452	0.61819
		سفينه النجاه و مشكاه الهدي و مصباح السعادات	احمد بن علي بن محمد رضا نجفي (كاشف الغطاء)	Ghbook	12116	0.61816
		 كتاب الماء 	 ابن الذهبي 	ABLibrary	7943	0.61815
		الإعتقادات	أبي جعفر محمّد بن علي بن الحسين بن بابويه القمّي [ الشيخ الصدوق ]	Rafed	5	0.61815
		شرح المعلقات التسع	منسوب لأبي عمرو الشيباني (ت 206 ه) ولا تصح نسبته ففي الكتاب نقول متأخرة عن زمن أبي عمرو وليس الأسلوب أسلوبه	Sham19Y	21574	0.61814
		نفحات الذّات [ج ٣]	كريم الأنصاري	Rafed	2838	0.61813
		التعليقات علي شرح اللمعه الدمشقيه [شهيد اول]	محمدبن حسين آقا جمال خوانساري	Ghbook	11965	0.6181
		أهل البيت(ع) سماتهم وحقوقهم في القرآن الكريم	الشيخ جعفر السبحاني	Masaha	186	0.61806
		فوائد الأصول - الجزء1و2	الشيخ محمد علي الكاظمي الخراساني	Masaha	678	0.61804
		الأحكام الفقهية	السيد محمد سعيد الطباطبائي الحكيم	Masaha	604	0.61803
		الصوفية .. نشأتها وتطورها	محمد العبده	ShamAY	35697	0.61802
		سيّد المرسلين صلّى الله عليه وآله [ج ٢]	الشيخ جعفر السبحاني	Rafed	766	0.61802
		فرسان الهيجاء [ج ١]	الشيخ ذبيح الله المحلاتي	Rafed	1541	0.61799
		دور العقيدة في بناء الإنسان	عباس ذهبيات	Rafed	742	0.61797
		المنصف لابن جني، شرح كتاب التصريف لأبي عثمان المازني	أبو الفتح عثمان بن جني الموصلي (المتوفى: 392هـ)	ShamAY	10545	0.61796
		اختيار معرفه الرجال المعروف به رجال الكشي	محمد بن عمر كشي	Ghbook	12196	0.61796
		قتل المرتد إذا لم يتب	الواحدي :: عبد الله قادري الأهدل	ShamAY	36602	0.61795
		معتقد أهل السنة والجماعة في توحيد الأسماء والصفات	محمد بن خليفة بن علي التميمي	ShamAY	11743	0.61795
		عين العبرة في غبن العترة / الآيات الواردة في فضائل أهل البيت(ع)	السيد أحمد بن موسى بن طاووس	Masaha	4678	0.61793
		نهاية الأرب في أخبار الفرس والعرب	مجهول من أهل القرن الثاني الهجري	ShamAY	33835	0.61792
		خلافة الرسول بين الشورى والنص	مركز الرسالة	Masaha	248	0.6179
		صلاة التراويح - الألباني	محمد ناصر الدين الألباني (المتوفى: 1420هـ)	ShamAY	680	0.61788
		الغنية لطالبي طريق الحق عز وجل	عبد القادر بن موسى بن عبد الله بن جنكي دوست الحسني، أبو محمد، محيي الدين الجيلاني، أو الكيلاني، أو الجيلي (المتوفى: 561 هـ)	ShamAY	32542	0.61788
		مباني الأحكام في أصول شرائع الإسلام‏  - الجزء1	الشيخ مرتضى الحائري	Masaha	4263	0.61788
		النهي عن القدوة السيئة وبيان أضرارها	علي بن نايف الشحود	ShamAY	1617	0.61784
		دليل النص بخبر الغدير على امامة امير المؤمنين عليه السلام	أبي الفتح محمّد بن علي الكراجكي	Rafed	191	0.61782
		معالم في السلوك وتزكية النفوس	عبد العزيز بن محمد بن علي آل عبد اللطيف	ShamAY	12073	0.61781
		الرحلة الحجازية	أوليا الشلبي	Masaha	4644	0.6178
		فرائد الأصول [ج ٤]	الشيخ مرتضى الأنصاري	Rafed	2443	0.61777
		معالم الدين وملاذ المجتهدين [ج ٢]	الشيخ حسن بن زين الدين العاملي	Rafed	1363	0.61777
		رحلة ديللافاليه إلى العراق	الناشر: الدار العربيّة للموسوعات	Rafed	2479	0.61776
		 بحار الأنوار 	 العلامة المجلسي 	ABLibrary	790	0.61775
		الانتصار للصحابة الأخيار في رد أباطيل حسن المالكي	عبد المحسن بن حمد بن عبد المحسن بن عبد الله بن حمد العباد البدر	ShamAY	1784	0.61773
		الأنوار النعمانية في الدعوة الربانية	محمد علي محمد إمام	ShamelaY19	21011	0.61773
		الحكم الجديرة بالإذاعة من قول النبي صلى الله عليه وسلم بعثت بالسيف بين يدي الساعة	زين الدين عبد الرحمن بن أحمد بن رجب بن الحسن، السلامي، البغدادي، ثم الدمشقي، الحنبلي (المتوفى: 795ه)	Sham19Y	26141	0.61773
		التحف الربانية في جواب الأسئلة اللمدانية	يحيى بن محمد بن محمد بن عبد الله، أبو زكرياء الشاوي الملياني الجزائري المالكي (المتوفى: 1096هـ)	ShamAY	596	0.61772
		عارفا بحقّكم	السيد علي الشهرستاني	Rafed	1521	0.61772
		موسوعة الإمام الخوئي [ج ١٦]	الشيخ مرتضى البروجردي	Rafed	1588	0.61772
		الاعجاز البياني للقرآن 	عائشة عبدالرحمن بنت شاطي	Ghbook	2797	0.61769
		 رحلة أبي طالب خان إلى العراق واوروبا 	 حاجي محمد بيك خان 	ABLibrary	9206	0.61767
		رحلة الهولندي الدكتور ليونهارت راوولف	الناشر: الدار العربيّة للموسوعات	Rafed	2760	0.61764
		المختار من شعر شعراء الأندلس	علي بن منجب بن سليمان، أبو القاسم، تاج الرياسة، ابن الصيرفي (المتوفى: 542هـ)	ShamAY	10914	0.61763
		شرح سلم الوصول في علم الأصول	أبو عبد الله، أحمد بن عمر بن مساعد الحازمي	ShamAY	533	0.61761
		أشرف الوسائل إلى فهم الشمائل (ومعه: جواهر الدرر في مناقب ابن حجر)	أحمد بن محمد بن علي بن حجر الهيتمي السعدي الأنصاري، شهاب الدين شيخ الإسلام، أبو العباس (المتوفى: 974ه)	ShamelaY19	122255	0.61761
		كشاف القناع عن متن الإقناع	منصور بن يونس بن صلاح الدين ابن حسن بن إدريس البهوتى الحنبلى (المتوفى: 1051ه)	ShamelaY19	21642	0.61759
		علم أئمة الشيعة بالغيب	الشيخ عبد الحسين الأميني النجفي	Masaha	352	0.61756
		رسائل وفتاوى الشيخ حمد بن ناصر بن عثمان بن معمر (مطبوع ضمن مجموعة الرسائل والمسائل النجدية، الجزء الثاني)	حمد بن ناصر بن عثمان بن معمر النجدي التميمي الحنبلي (المتوفى: 1225هـ)	ShamAY	11210	0.61752
		شرح كتاب التوحيد - عبد الرحيم السلمي	عبد الرحيم بن صمايل العلياني السلمي	ShamelaY19	37803	0.61752
		تكملة الجامع لسيرة شيخ الاسلام ابن تيمية خلال سبعة قرون - العمران - ط عالم الفوائد	علي العمران	ShamAY	38473	0.61751
		 منهاج الصالحين ( ط . ج ) 	 السيد محمد صادق الروحاني 	ABLibrary	9732	0.61749
		أصول العقيدة - عبد الرحيم السلمي	عبد الرحيم بن صمايل العلياني السلمي	ShamelaY19	37804	0.61748
		تفسير مقاتل بن سليمان [ج ١]	الناشر: مؤسسة التاريخ العربي للطباعة والنشر والتوزيع	Rafed	3839	0.61748
		عمارة قبور النبي و أهل بيته «صلي الله عليه و آله» مشعر الهي	محمد السند	Ghbook	15232	0.61747
		المعاملات والمقاصد	د. عبد الله بن بيّة	ShamAY	36289	0.61746
		مقامات السيوطي	عبد الرحمن بن أبي بكر، جلال الدين السيوطي (المتوفى: 911ه)	ShamelaY19	28112	0.61745
		 دروس تمهيدية في الفقه الاستدلالي على المذهب الجعفري 	 الشيخ محمد باقر الإيرواني 	ABLibrary	9540	0.61744
		 سند العروة الوثقى ( كتاب الطهارة ) 	 الشيخ محمد السند 	ABLibrary	9549	0.61743
		النصيحة هي المسؤولية المشتركة في العمل الدعوي	ربيع بن هادي المدخلي	ShamAY	33043	0.61742
		شرح أصول التفسير		ShamAY	36945	0.61741
		نهج المستنير وعصمة المستجير	د. صلاح الدين الحسيني	Masaha	497	0.6174
		الإمامة و السياسة - الجزء1	ابن قتيبة	Masaha	3372	0.61735
		مجمع الفوائد - يشتمل علي مسائل اصوليه و قواعد فقهيه ...	آيت الله العظمي حسينعلي منتظري	Ghbook	9798	0.61734
		الدعوة الإصلاحية في بلاد نجد على يد الإمام محمد بن عبد الوهاب وأعلامها من بعده	عبد الله بن محمد بن عبد المحسن المطوع	ShamAY	7615	0.61733
		معيار العلم في فن المنطق	أبو حامد محمد بن محمد الغزالي الطوسي (المتوفى: 505ه)	Sham19Y	26575	0.61733
		 سند العروة الوثقى ( كتاب الحج ) 	 تقرير بحث الشيخ محمد السند لسيد الماجد والشيخ حسن العصفور 	ABLibrary	9546	0.61732
		إتحاف الأخِصّا بفَضَائل المسجد الأقصى	شمس الدين محمد بن أحمد بن علي بن عبد الخالق، المنهاجي الأسيوطي ثم القاهري الشافعي (المتوفى: 880 هـ)	ShamAY	32517	0.61731
		الشناعة على من رد أحاديث الشفاعة (رد على مصطفى محمود)	أبو محمد عبد الكريم بن صالح بن عبد الكريم الحميد	ShamelaY19	96159	0.61731
		 رحلة الهولندي الدكتور ليونهارت راوولف 	 لئونارد راوولف 	ABLibrary	9111	0.61731
		الترغيب والترهيب من الحديث الشريف	عبد العظيم بن عبد القوي بن عبد الله، أبو محمد، زكي الدين المنذري (المتوفى: 656 ه)	Sham19Y	13223	0.61729
		إعلام النبلاء بتاريخ حلب الشهباء [ج ٦]	محمد راغب بن محمود بن هاشم الطبّاخ الحلبي	Rafed	2381	0.61729
		حضارة العرب - غوستاف لوبون	غوستاف لوبون	Sham19Y	150939	0.61728
		 المرجعية والقيادة 	 السيد كاظم الحائري 	ABLibrary	9612	0.61728
		آثَار الشّيخ العَلّامَة عَبْد الرّحمن بْن يحْيَي المُعَلّمِيّ اليَماني	عبد الرحمن المعلمي اليماني	ShamAY	31839	0.61725
		التمهيد لشرح كتاب التوحيد	دروس ألقاها صالح بن عبد العزيز بن محمد بن إبراهيم آل الشيخ، ثم طُبعت	ShamAY	4426	0.61725
		تدريب الراوي في شرح تقريب النواوي	عبد الرحمن بن أبي بكر السيوطي	ShamAY	34038	0.61721
		بلغة الفقيّة [ج ٢]	السيّد محمّد آل بحر العلوم	Rafed	1697	0.61721
		بحوث تربية الفتاة المسلمة	عدنان باحارث	ShamAY	35072	0.6172
		الإيضاح في علوم البلاغة	محمد بن عبد الرحمن بن عمر، أبو المعالي، جلال الدين القزويني الشافعي، المعروف بخطيب دمشق (المتوفى: 739هـ)	ShamAY	7380	0.6172
		مختصر المؤمل في الرد إلى الأمر الأول	أبو القاسم شهاب الدين عبد الرحمن بن إسماعيل بن إبراهيم المقدسي الدمشقي المعروف بأبي شامة (المتوفى: 665ه)	Sham19Y	6299	0.61719
		قدوة الغازي	أبو عبد الله محمد بن عبد الله بن عيسى بن محمد المري، الإلبيري المعروف بابن أبي زَمَنِين المالكي (المتوفى: 399هـ)	ShamAY	30760	0.61715
		نهاية الأفكار في مباحث الألفاظ / تقريرات - الجزء1	الشيخ محمد تقي البروجردي	Masaha	4711	0.61715
		تحقيق المذهب من أن النبي صلى الله عليه وسلم كتب	الواحدي :: أبو الوليد الباجي	ShamAY	36507	0.61714
		الكنز الأكبر من الأمر بالمعروف والنهي عن المنكر لابن داود الحنبلي	عبد الرحمن بن أبي بكر بن داود الحنبلي الدمشقي الصالحي (المتوفى: 856 ه)	ShamelaY19	36110	0.61714
		حوار مع صديقي الشيعي	الهاشمي بن علي	Rafed	1206	0.61714
		كلمة الامام الحسن ( عليه السلام )	آيت الله العظمي سيد محمد حسيني شيرازي	Ghbook	7981	0.61714
		زبدة الأصول - الجزء1	السيد محمد صادق الروحاني	Masaha	3833	0.61713
		الامام الحسن ( عليه السلام ) قدوه و اسوه 	آيت الله العظمي سيد محمد تقي مدرسي	Ghbook	6058	0.61711
		حكم النصرة	لطف الله خوجه	ShamAY	36340	0.6171
		دروس الشيخ محمد الدويش	محمد بن عبد الله بن إبراهيم الدويش	ShamAY	848	0.6171
		أحكام أهل الذمة (العلمية)	الواحدي :: ابن القيم	ShamAY	34409	0.61709
		تزكية النفس و تهذيب الروح	رفيع الدين سيدجعفر رفيعي	Ghbook	15526	0.61709
		احذر المخالفة فتهلك	كمال بن مختار بن إسماعيل	ShamAY	35150	0.61708
		تفسير القرآن الكريم - المقدم	محمد أحمد إسماعيل المقدم	Sham19Y	37041	0.61707
		الدعاء ومنزلته من العقيدة الإسلامية	جيلان العروسي	ShamAY	35063	0.61705
		حاشية معالم الدين	الشيخ محمد صالح المازندراني	Masaha	3638	0.61705
		الرد على أصول الرافضة مفهرسا	علي بن نايف الشحود	ShamAY	35266	0.61704
		رسالة في لبس السواد - الأنوار الإلهية	الميرزا جواد التبريزي	Masaha	5129	0.61703
		اللب المصون شرح الجوهر المكنون في علم البيان	أحمد الدمنهوري	ShamAY	34541	0.61702
		فتاوى تتعلق بأحكام الحج والعمرة والزيارة	عبد العزيز بن عبد الله بن باز (المتوفى: 1420ه)	ShamelaY19	31267	0.61702
		تعليق الفرائد على تسهيل الفوائد	محمد بدر الدين بن أبي بكر بن عمر الدماميني (763 - 827 هـ = 1362 - 1424 م)	ShamAY	38966	0.61701
		التحصيل من المحصول	سراج الدين محمود بن أبي بكر الأرموي (المتوفى: 682 ه)	ShamelaY19	19235	0.61701
		مختصر المؤمل في الرد إلى الأمر الأول	أبو القاسم شهاب الدين عبد الرحمن بن إسماعيل بن إبراهيم المقدسي الدمشقي المعروف بأبي شامة (المتوفى: 665هـ)	ShamAY	6299	0.61699
		شرح المنهج المنتخب إلى قواعد المذهب	المنجور أحمد بن علي المنجور (المتوفى 995 هـ)	ShamAY	32681	0.61697
		أحسن ما سمعت	عبد الملك بن محمد بن إسماعيل أبو منصور الثعالبي (المتوفى: 429هـ)	ShamAY	25011	0.61697
		خلافة الرسول صلّى الله عليه وآله بين الشورى والنصّ	الدكتور صائب عبد الحميد	Rafed	740	0.61695
		فقه القرآن	قطب الدين سعيد بن هبة الله راوندي	Ghbook	2646	0.61694
		شرح الطحاوية لصالح آل الشيخ = إتحاف السائل بما في الطحاوية من مسائل	صالح بن عبد العزيز آل الشيخ	ShamAY	934	0.61692
		 شرح العروة الوثقى 	 الشيخ كاظم الشيرازي 	ABLibrary	9412	0.61692
		أحكام النساء - مستخلصا من كتب الألباني	أبو مالك محمد بن حامد بن عبد الوهاب	ShamAY	1551	0.6169
		تفسير البيضاوى ـ موافق للمطبوع	ناصر الدين البيضاوي	ShamAY	34065	0.61689
		لله .. ثم للتاريخ كشف الأسرار وتبرئة الأئمة الأطهار	حسين الموسوي	Sham19Y	3952	0.61688
		شرح المعلقات التسع	منسوب لأبي عمرو الشيباني (ت 206 ه) ولا تصح نسبته ففي الكتاب نقول متأخرة عن زمن أبي عمرو وليس الأسلوب أسلوبه	ShamelaY19	21574	0.61686
		الحليه اللامعه للبهجه المرضيه	محمد باقربن محمدنقي شفتي بيدآبادي	Ghbook	13084	0.61686
		 المنقذ من التقليد 	 الشيخ سديد الدين الحمصي الرازي 	ABLibrary	8647	0.61683
		التحقيق والإيضاح لكثير من مسائل الحج والعمرة والزيارة على ضوء الكتاب	عبد العزيز بن عبد الله بن باز (المتوفى: 1420ه)	ShamelaY19	31235	0.61681
		القواعد الفقهيه	آيت الله العظمي ناصرمكارم شيرازي	Ghbook	3294	0.6168
		التوضيح الانور بالحجج الوارده لدفع شبه الاعور	سيدمهدي رجايي	Ghbook	15612	0.61679
		تحريم النظر في كتب الكلام	أبو محمد موفق الدين عبد الله بن أحمد بن محمد بن قدامة الجماعيلي المقدسي ثم الدمشقي الحنبلي، الشهير بابن قدامة المقدسي (المتوفى: 620هـ)	ShamAY	6467	0.61678
		 موسوعة التاريخ الإسلامي 	 الشيخ محمد هادي اليوسفي الغروي 	ABLibrary	7856	0.61678
		الدعوة إلى الله فوائد وشواهد	عبد الملك بن محمد القاسم	ShamelaY19	95674	0.61677
		لا حيرة بعد الإطلاع	زيد بن محمد المدخلي	ShamAY	32984	0.61675
		الوجه السلفي لجماعة الإخوان المسلمين	شحاتة محمد صقر	ShamAY	1744	0.61675
		زيادة الإيمان ونقصانه وحكم الاستثناء فيه	عبد الرزاق بن عبد المحسن البدر	Sham19Y	11234	0.61675
		رسالة إلى أهل الثغر - العلوم والحكم	علي بن إسماعيل بن أبي بشر إسحاق بن سالم بن إسماعيل بن عبدالله بن موسى بن بلال	ShamAY	33883	0.61673
		 تبيان الصلاة 	 تقرير بحث البروجردي للشيخ علي الصافي 	ABLibrary	9423	0.61673
		الماء [ج ٢]	أبو محمّد عبدالله بن محمّد الأزدي [ ابن الذهبي ]	Rafed	2927	0.61673
		دين الحق	عبد الرحمن بن حماد آل عمر	ShamAY	30833	0.61671
		لله .. ثم للتاريخ كشف الأسرار وتَبْرِئَةُ الأئمةِ الأَطهارِ	حسين الموسوي	ShamAY	811	0.61669
		شهادة حق حول دعوة الشيخ محمد بن عبد الوهاب والرد على شبهات فرقة الأحباش حولها	عبد الرحمن دمشقية	ShamAY	37769	0.61665
		رسائل الشهيد الأول	الشهيد الأول	Masaha	1106	0.61665
		 موسوعة العتبات المقدسة 	 جعفر الخليلي 	ABLibrary	9246	0.61664
		نور الهدى وظلمات الضلال في ضوء الكتاب والسنة	د. سعيد بن علي بن وهف القحطاني	Sham19Y	96541	0.61663
		حادي الأرواح (دار الكتب العلمية)	محمد بن أبي بكر أيوب الزرعي أبو عبد الله	ShamAY	34425	0.61662
		محك النظر - دار الفكر	أبو حامد محمد بن محمد الغزالي الطوسي (المتوفى: 505هـ)	ShamAY	34794	0.61659
		نبذة عن آخر حياة شيخ الإسلام ابن تيمية	بقلم خادمه إبراهيم بن أحمد الفياني	ShamAY	34584	0.61659
		 أعلام النبوة 	 أبو حاتم الرازي 	ABLibrary	8339	0.61659
		الترغيب والترهيب من الحديث الشريف	عبد العظيم بن عبد القوي بن عبد الله، أبو محمد، زكي الدين المنذري (المتوفى: 656 هـ)	ShamAY	32539	0.61658
		تحقيق المطالب بشرح دليل الطالب	أبو المنذر محمود بن محمد بن مصطفى بن عبد اللطيف المنياوي	ShamelaY19	37590	0.61657
		عصمة الأنبياء والرسل	السيد مرتضى العسكري	Masaha	342	0.61656
		حلية الفرسان وشعار الشجعان	علي بن عبد الرحمن بن هذيل الفزاري الأندلسي (المتوفى: بعد 763هـ)	ShamAY	788	0.61655
		تراثنا ـ العدد [ 24 ]	مؤسسة آل البيت عليهم السلام لإحياء التراث ـ قم	Rafed	2744	0.61655
		مجموعة رسائل وفتاوى في مسائل مهمة تمس إليها حاجة العصر	مجموعة من المؤلفين	ShamAY	30944	0.61654
		قرة العين بفتاوى علماء الحرمين	حسين بن إبراهيم المغربي أصلاً المصري ولادة ومنشأ، الأزهري طالباً، المكي جواراً ومهاجراً المالكي مذهبا (المتوفى: 1292هـ)	ShamAY	590	0.61653
		البيان والتحصيل والشرح والتوجيه والتعليل لمسائل المستخرجة	أبو الوليد محمد بن أحمد بن رشد القرطبي (المتوفى: 520هـ)	ShamAY	21751	0.61653
		الرقية الشرعية	د خالد بن عبد الرحمن بن علي الجريسي	ShamelaY19	21518	0.61651
		 حدائق الحقائق 	 محمد بن أبي بكر الرازي 	ABLibrary	8756	0.61651
		 رحلة ديلاوالية إلى العراق 	 پيترو دلاواله 	ABLibrary	9121	0.61651
		ظاهرة ضعف الإيمان	محمد صالح المنجد	ShamAY	261	0.61648
		حياة محمد ورسالته	محمد علي اللاهوري القادياني (1874-1951 م) أحد أتباع غلام أحمد القادياني (الذي ادعى النبوة) ، ورئيس الفرع اللاهوري للقاديانية (فليحذر)	Sham19Y	9798	0.61645
		حوار مع الشيخ صالح بن عبد الله الدرويش	جعفر السبحاني	Rafed	1506	0.61643
		الوشيعة في كشف شنائع عقائد الشيعة	د. صالح الرقب	ShamAY	35294	0.61638
		الوابل الصيب - الكتاب العربي	محمد بن أبي بكر أيوب الزرعي أبو عبد الله	ShamAY	34420	0.61637
		تفسير ابن عربي للقرآن حقيقته وخطره	الدكتور محمد السيد حسين الذهبي (المتوفى: 1398هـ)	ShamAY	10089	0.61637
		النظرة للغرب .. النظرة للمستقبل	سليمان إبراهيم العسكري	ShamAY	33445	0.61634
		تأصيل علم العقيدة - عبد الرحيم السلمي	عبد الرحيم بن صمايل العلياني السلمي	Sham19Y	37800	0.61634
		 سند العروة الوثقى ( كتاب الحج ) 	 تقرير بحث الشيخ محمد السند لسيد الماجد والشيخ حسن العصفور 	ABLibrary	9543	0.61632
		الفقه للمغتربين	عبد الهادي محمد تقي الحكيم	Rafed	89	0.61631
		الترغيب بالجنة والتحذير من النار	علي بن نايف الشحود	ShamAY	34828	0.6163
		بحار الأنوار [ج ٧٠]	الشيخ محمّد باقر بن محمّد تقي المجلسي	Rafed	1082	0.61629
		فتح ذي الجلال والإكرام بشرح بلوغ المرام ط المكتبة الإسلامية	محمد بن صالح العثيمين	Sham19Y	29558	0.61628
		 دليل تحرير الوسيلة ( احياء الموات ) 	 علي أكبر السيفي المازندراني 	ABLibrary	894	0.61628
		شرح كتاب الصيام من عمدة الفقه - عبد الكريم الخضير	عبد الكريم الخضير	ShamelaY19	23745	0.61626
		معرفة المأمور به والمحذور في زيارة القبور	أبو محمد عبد الكريم بن صالح بن عبد الكريم الحميد	ShamelaY19	20687	0.61625
		فلاح السائل	السيّد رضي الدين أبو القاسم علي بن موسى بن جعفر بن طاووس الحسني الحلّي [ السيّد بن طاووس ]	Rafed	1744	0.61625
		منية الطالب في حاشية المكاسب‌  - الجزء1	الميرزا محمد حسين الغروي النائيني	Masaha	3649	0.61625
		غريب الحديث لابن قتيبة	أبو محمد عبد الله بن مسلم بن قتيبة الدينوري (المتوفى: 276هـ)	ShamAY	7012	0.61624
		الطّرائف في معرفة مذاهب الطوائف	السيّد رضي الدين أبو القاسم علي بن موسى بن جعفر بن طاووس الحسني الحلّي [ السيّد بن طاووس ]	Rafed	3590	0.61624
		معجم الْمَعَالِمِ الْجُغْرَافِيَّةِ فِي السِّيرَةِ النَّبَوِيَّةِ	عاتق بن غيث بن زوير بن زاير بن حمود بن عطية بن صالح البلادي الحربي (المتوفى: 1431هـ)	ShamAY	937	0.61623
		كلمه الامام زين العابدين ( عليه السلام )	حسن شيرازي	Ghbook	8053	0.61623
		ماذا نريد من رمضان	مجدي الهلالي	ShamAY	287	0.61622
		كشف الالتباس عن موجز أبي العباس	المفلح بن حسن الصيمري	Masaha	1120	0.61622
		التقارب الديني: خطره, أسبابه, دعاته	الشيخ الأمين الحاج محمد أحمد	ShamAY	33433	0.6162
		موعظة الحبيب وتحفة الخطيب - من خطب النبي صلى الله عليه وسلم والخلفاء الراشدين	علي بن (سلطان) محمد، أبو الحسن نور الدين الملا الهروي القاري (المتوفى: 1014هـ)	ShamAY	31976	0.61619
		شرح التلويح على التوضيح لمتن التنقيح في أصول الفقه - العلمية	سعد الدين مسعود بن عمر التفتازاني الشافعي (المتوفى: 793هـ)	ShamAY	34200	0.61619
		فتح الرحمن بشرح زبد ابن رسلان	شهاب الدين أبو العباس أحمد بن أحمد بن حمزة الرملي (المتوفى: 957 هـ)	ShamAY	38981	0.61619
		الرد على من كذب بالأحاديث الصحيحة الواردة في المهدي	عبد المحسن بن حمد بن عبد المحسن بن عبد الله بن حمد العباد البدر	ShamelaY19	22951	0.61619
		معجم أعلام شعراء المدح النبوي	محمد أحمد درنيقة	ShamAY	23679	0.61618
		فتاوى الحج	عبد الله الطيار	ShamAY	37639	0.61617
		اسطوره التحريف: دراسه في مساله التحريف عندالشيعه والسنه	محمود شريفي	Ghbook	11229	0.61617
		كفاية الاصول	الآخوند الشيخ محمد كاظم الخراساني	Masaha	545	0.61616
		فقه قراءة القرآن الكريم	أبو خالد سعيد عبد الجليل يوسف صخر المصري	Sham19Y	38007	0.61615
		نفحات الولايه: شرح عصري جامع لنهج البلاغه	آيت الله العظمي ناصرمكارم شيرازي	Ghbook	10772	0.61615
		مدرسة الدعوة	محمد السيد الوكيل	ShamAY	3924	0.61613
		غريب الحديث لابن قتيبة	أبو محمد عبد الله بن مسلم بن قتيبة الدينوري (المتوفى: 276ه)	Sham19Y	7012	0.61613
		كشف الأسرار عن القول التليد فيما لحق مسألة الحجاب من تحريف وتبديل وتصحيف	تركي بن عمر بن محمد بلحمر	ShamelaY19	133379	0.61607
		دفاع عن الحديث النبوي والسيرة	محمد ناصر الدين الألباني (المتوفى: 1420هـ)	ShamAY	421	0.61605
		تحقيق القول بالعمل بالحديث الضعيف	د. عبد العزيز عبد الرحمن بن محمد العثيم	ShamAY	10050	0.61603
		أحكام القرآن لابن العربي ط العلمية	القاضي محمد بن عبد الله أبو بكر بن العربي المعافري الاشبيلي المالكي (المتوفى: 543هـ)	ShamAY	488	0.61602
		الجامع للشرائع	يحيى بن سعيد الحلي	Masaha	1017	0.61602
		هداية المسترشدين في شرح أصول معالم الدين [ج ٣]	الشيخ محمد تقي الرازي النجفي الاصفهاني	Rafed	3682	0.61601
		دروس وعبر من حياة شهداء الثورة السورية	علي بن نايف الشحود	ShamAY	1606	0.616
		التحف الربانية في جواب الأسئلة اللمدانية	يحيى بن محمد بن محمد بن عبد الله، أبو زكرياء الشاوي الملياني الجزائري المالكي (المتوفى: 1096ه)	Sham19Y	36572	0.616
		الحكم الجديرة بالإذاعة من قول النبي صلى الله عليه وسلم بعثت بالسيف بين يدي الساعة	زين الدين عبد الرحمن بن أحمد بن رجب بن الحسن، السَلامي، البغدادي، ثم الدمشقي، الحنبلي (المتوفى: 795هـ)	ShamAY	26141	0.61599
		درر الفرائد المستحسنة في شرح منظومة ابن الشحنة (في علوم المعاني والبيان والبديع)	ابن عبد الحق العمري الطرابلسي (المتوفى: نحو 1024 ه)	ShamelaY19	147320	0.61596
		في النقد الأدبي	علي علي مصطفى صبح	Sham19Y	22859	0.61596
		أصول الفقه [ج ١]	آية الله الشيخ محمد علي الأراكي	Rafed	3599	0.61596
		تراثنا ـ العدد [ 5 ]	مؤسسة آل البيت عليهم السلام لإحياء التراث ـ قم	Rafed	2621	0.61596
		تذكير المسلمين بصفات المؤمنين	الواحدي :: عبد الله آل جار الله	ShamAY	34953	0.61595
		منهج المتقدمين والمتأخرين فى الصناعة الحديثية	مجموعة من المؤلفين	ShamAY	37330	0.61595
		 لطف الله الصافي مع الشيخ جاد الحق في إرث العصبة 	 الشيخ لطف الله الصافي الگلپايگاني 	ABLibrary	9741	0.61595
		الرد الجميل لإلهية عيسى بصريح الإنجيل - ط العصرية	أبو حامد محمد بن محمد الغزالي الطوسي (المتوفى: 505 هـ)	ShamAY	33896	0.61594
		العادة السيئة	محمد صالح المنجد	ShamAY	34726	0.6159
		عودوا الى خير الهدي	محمد بن أحمد بن إسماعيل المقدم	ShamelaY19	98141	0.6159
		أقوال العلماء في صحة حديث الغدير	الشيخ عبد الحسين الأميني النجفي	Masaha	82	0.61588
		أئمة الهدى (إبن القيم)	عبد الرحمن بن عبد الله السحيم :: عبد الرحمن السحيم	ShamAY	35875	0.61584
		آيات الولاية في القرآن	آية الله مكارم الشيرازي	Rafed	3164	0.61584
		النحو المصفى	محمد عيد	ShamAY	2099	0.61583
		الكسب	أبو عبد الله محمد بن الحسن بن فرقد الشيباني (المتوفى: 189هـ)	ShamAY	6163	0.61581
		مؤتمر السنة النبوية بين الواقع والمأمول	مجموعة من المؤلفين	ShamAY	38309	0.61579
		سلاسل الذهب	بدر الدين الزركشي (745 - 794 ه)	ShamelaY19	150599	0.61579
		معجم المعالم الجغرافية في السيرة النبوية	عاتق بن غيث بن زوير بن زاير بن حمود بن عطية بن صالح البلادي الحربي (المتوفى: 1431ه)	Sham19Y	9777	0.61579
		تسديد القواعد في حاشية الفرائد	محمد الإمامي الخوانساري	Masaha	3257	0.61579
		ما يجب أن يعرفه المسلم عن دينه	أبو عبد الرحمن عبد الله بن عبد الغني بن محمد خياط (المتوفى: 1415هـ)	ShamAY	30856	0.61575
		كفاية الأصول [ج ١]	الشيخ محمد كاظم الخراساني [ الآخوند ]	Rafed	2259	0.61575
		المعاد وعالم الآخرة	آية الله مكارم الشيرازي	Rafed	3445	0.61575
		أسماء الله الحسنى الثابتة في الكتاب والسنة - ط سلسبيل	د/محمود عبد الرازق الرضواني - أستاذ العقيدة والمذاهب المعاصرة المشارك .	ShamAY	34970	0.61573
		أحكام أهل الذمة	محمد بن أبي بكر بن أيوب بن سعد شمس الدين ابن قيم الجوزية (المتوفى: 751ه)	ShamelaY19	21747	0.6157
		الكسب	أبو عبد الله محمد بن الحسن بن فرقد الشيباني (المتوفى: 189ه)	Sham19Y	6163	0.61569
		بحار الأنوار [ج ٢٨]	الشيخ محمّد باقر بن محمّد تقي المجلسي	Rafed	908	0.61567
		مستمسك العروة الوثقى [ج ١٠]	آية الله السيد محسن الطباطبائي الحكيم	Rafed	418	0.61566
		منتهى العناية في شرح الكفاية	السيد محمد الحسيني الفيروزآبادي	Masaha	4593	0.61565
		قمع الدجاجلة الطاعنين في معتقد أئمة الإسلام الحنابلة	عبد العزيز بن فيصل الراجحي	ShamelaY19	30885	0.61564
		صفوة الملح بشرح منظومة البيقوني في فن المصطلح	العلامة شمس الدين محمد بن محمد البديري الدمياطي الشهير بابن الميت ت1140هـ	ShamAY	34018	0.61563
		معاني القرآن وإعرابه للزجاج	إبراهيم بن السري بن سهل، أبو إسحاق الزجاج (المتوفى: 311هـ)	ShamAY	922	0.61563
		الدين والسنن الكونية	أبو شكيب محمد تقي الدين بن عبد القادر الهلالي (المتوفى: 1407ه)	Sham19Y	10372	0.61562
		شبهات حول الصحابة معاوية بن أبي سفيان	محمد مال الله	ShamAY	37808	0.6156
		خصائص المصطفى صلى الله عليه وسلم بين الغلو والجفاء	الصادق بن محمد بن إبراهيم	ShamAY	37396	0.6156
		حلية الفقهاء	أحمد بن فارس بن زكرياء القزويني الرازي، أبو الحسين (المتوفى: 395هـ)	ShamAY	31769	0.6156
		 دروس تمهيدية في القواعد الفقهية 	 الشيخ محمد باقر الإيرواني 	ABLibrary	9541	0.61558
		الإيضاح في علوم البلاغة	محمد بن عبد الرحمن بن عمر، أبو المعالي، جلال الدين القزويني الشافعي، المعروف بخطيب دمشق (المتوفى: 739ه)	Sham19Y	7380	0.61555
		ذيل مرآة الزمان	قطب الدين أبو الفتح موسى بن محمد اليونيني (المتوفى: 726 ه)	Sham19Y	12722	0.61555
		المذاهب الفكرية المعاصرة ودورها في المجتمعات وموقف المسلم منها	د. غالب بن علي عواجي	ShamAY	10547	0.61554
		أصل صفة صلاة النبي صلى الله عليه وسلم	محمد ناصر الدين الألباني (المتوفى: 1420هـ)	ShamAY	9875	0.61554
		 في رحاب أهل البيت ( ع ) 	 لجنة بحوث المجمع العالمي لأهل البيت ( ع ) 	ABLibrary	8552	0.61554
		الامام علي بن الحسين زين العابدين ( عليهما السلام ) و الخلافه الاسلاميه	اسحاق شاكر عشيي	Ghbook	6355	0.61554
		تعطير الأنفاس بالتعليق علي وصية النبي لابن عباس	محمد بن عمران	ShamAY	35974	0.61552
		ثوابت الايمان بعد رمضان	صلاح سلطان	ShamAY	34917	0.61552
		تأملات قرآنية - المغامسي	أبو هاشم صالح بن عواد بن صالح المغامسي	ShamelaY19	37454	0.61552
		قرة العين بفتاوى علماء الحرمين	حسين بن إبراهيم المغربي أصلا المصري ولادة ومنشأ، الأزهري طالبا، المكي جوارا ومهاجرا المالكي مذهبا (المتوفى: 1292ه)	Sham19Y	36569	0.61552
		الإكليل في المتشابه والتأويل	تقي الدين أبو العباس أحمد بن عبد الحليم بن عبد السلام بن عبد الله بن أبي القاسم بن محمد ابن تيمية الحراني الحنبلي الدمشقي (المتوفى: 728ه)	Sham19Y	9220	0.61551
		بلغة الفقيّة [ج ١]	السيّد محمّد آل بحر العلوم	Rafed	1676	0.61549
		 الزكاة في الشريعة الإسلامية الغراء 	 الشيخ السبحاني 	ABLibrary	9566	0.61548
		المدائح النبوية في أدب القرنين السادس والسابع للهجرة	ا. د. / ناظم رشيد	ShamelaY19	23672	0.61546
		دورة تدريبية في مصطلح الحديث	أبو الأشبال حسن الزهيري آل مندوه المنصوري المصري	ShamAY	703	0.61545
		 تاريخ دمشق 	 سهيل زكار 	ABLibrary	8989	0.61545
		الشعر الجاهلي قضاياه وظواهره الفنية	الأستاذ الدكتور كريم الوائلي	ShamAY	34469	0.61544
		رحلتي من الظلمات إلى النّور	السيد عبد الكريم هاشمي نجاد	Rafed	1396	0.61544
		المعاد يوم القيامة	علي موسى الكعبي	Rafed	23	0.61544
		تفسير كتاب الله العزيز [ج ٤]	هود بن محكم الهوّاري الأوراسي	Rafed	3821	0.61544
		القواعد التي يحاسب على أساسها العباد	علي بن نايف الشحود	ShamAY	34834	0.61543
		 ترحال في الجزيرة العربية 	 جان لوئيس بوركهارت 	ABLibrary	9026	0.61543
		الإنصاف في مسائل الخلاف بين النّحويين : البصريّين والكوفييّن [ج ١]	كمال الدين أبي البركات عبد الرحمن بن محمّد بن أبي سعيد الأنباري النحوي [ ابن انباري ]	Rafed	1878	0.61543
		مناسبات الآيات والسور	أ. د. أحمد حسن فرحات	ShamAY	1482	0.61542
		تهافت العلمانية في الصحافة العربية	المستشار سالم علي البهنساوي (المتوفى: 1427ه)	ShamelaY19	122393	0.61542
		لمحات الأصول‏	السيد روح الله الموسوي الخميني	Masaha	4222	0.61542
		 الموجز في تاريخ الطب والصيدلة عند العرب 	 محمد كامل حسين 	ABLibrary	9987	0.61541
		حلقات برنامج مجمع البحرين للشيخ صالح المغامسي حفظه الله	صالح بن عواد المغامسي	ShamAY	34717	0.6154
		شرح كتاب التوحيد - عبد الرحيم السلمي	عبد الرحيم بن صمايل العلياني السلمي	ShamAY	806	0.61539
		الحلة السيراء	ابن الأبار، محمد بن عبد الله بن أبي بكر القضاعي البلنسي (المتوفى: 658هـ)	ShamAY	6630	0.61539
		كتاب الحج	آيت الله العظمي سيد حسن طباطبائي قمي	Ghbook	10138	0.61539
		تبصرة الفقهاء [ج ٣]	الشيخ محمد تقي الرازي النجفي الاصفهاني	Rafed	1345	0.61535
		الإعجاز الطبي في القرآن الكريم	سعيد صلاح الفيومي	Rafed	3339	0.61526
		منجزات المريض	الشيخ مشكور الحلاوي النجفي	Masaha	1645	0.61526
		المبادئ المستنبطة من آيتي (58، 59) من سورة النساء لإقامة المجتمع الإسلامي		ShamAY	36908	0.61523
		 دليل تحرير الوسيلة ( أحكام الستر والنظر ) 	 علي أكبر السيفي المازندراني 	ABLibrary	895	0.61522
		الصحيح من سيرة النبي الأعظم صلّى الله عليه وآله [ج ٤]	السيد جعفر مرتضى العاملي	Rafed	2482	0.6152
		نظرة في كتاب البداية والنهاية	الشيخ عبد الحسين الأميني النجفي	Masaha	469	0.6152
		شرح المعتمد في أصول الفقه ((نظمها وشرحها د محمد الحبش))	محمد الحبش	ShamAY	3270	0.61519
		كشف الارتياب في اتباع محمد بن عبد الوهاب	محسن امين عاملي	Ghbook	7739	0.61517
		الحاوي الكبير في فقه مذهب الإمام الشافعي وهو شرح مختصر المزني	أبو الحسن علي بن محمد بن محمد بن حبيب البصري البغدادي، الشهير بالماوردي (المتوفى: 450هـ)	ShamAY	6157	0.61516
		شرح القواعد السبع من التدمرية	يوسف بن محمد علي الغفيص	ShamelaY19	37782	0.61516
		منهاج التحرك عند الامام الهادي ( عليه السلام )	علي نجف	Ghbook	4048	0.61516
		 موسوعة أحكام الأطفال وأدلتها 	 مركز فقه الأئمة الأطهار ( ع ) 	ABLibrary	9671	0.61515
		خاتمة المستدرك‌ - الجزء1	المحدث الشيخ حسين النوري	Masaha	3526	0.61512
		بين الرشاد والتيه	مالك بن الحاج عمر بن الخضر بن نبي (المتوفى: 1393ه)	ShamelaY19	21780	0.61511
		سير أعلام النبلاء ط الحديث	شمس الدين أبو عبد الله محمد بن أحمد بن عثمان بن قَايْماز الذهبي (المتوفى: 748هـ)	ShamAY	22669	0.6151
		الأساس في السنة وفقهها - العبادات في الإسلام	سعيد حوّى (المتوفى 1409 هـ)	ShamAY	38487	0.61507
		 قاموس الأطباء وناموس الألباء 	 مدين بن عبد الرحمن القوصوني المصري 	ABLibrary	9966	0.61506
		الدعوة الإصلاحية في بلاد نجد على يد الإمام محمد بن عبد الوهاب وأعلامها من بعده	عبد الله بن محمد بن عبد المحسن المطوع	Sham19Y	7615	0.61505
		سند العروة الوثقى - صلاة المسافر	الشيخ محمد السند	Masaha	4976	0.61504
		أصول العقيدة - عبد الرحيم السلمي	عبد الرحيم بن صمايل العلياني السلمي	ShamAY	807	0.61502
		تعليقة على معالم الاصول [ج ٢]	السيّد علي الموسوي القزويني	Rafed	1371	0.61502
		الاقتصاد في الاعتقاد للمقدسي	عبد الغني بن عبد الواحد بن علي بن سرور المقدسي الجماعيلي الدمشقي الحنبلي، أبو محمد، تقي الدين (المتوفى: 600هـ)	ShamAY	7546	0.615
		أحكام النساء - مستخلصا من كتب الألباني	أبو مالك محمد بن حامد بن عبد الوهاب	ShamelaY19	38213	0.61499
		الهداية إلى غوامض الكفاية  - الجزء1	محمد حسين الميرسجادي	Masaha	3587	0.61497
		نكث الهميان في نكت العميان	صلاح الدين خليل بن أيبك الصفدي (المتوفى: 764هـ)	ShamAY	28182	0.61495
		محمد صلى الله عليه وآله وسلم في الكتب المقدسة	سامى عامرى	ShamelaY19	23668	0.61495
		صفات الله عز وجل الواردة في الكتاب والسنة	علوي بن عبد القادر السَّقَّاف	ShamAY	22889	0.61493
		 رسائل مولانا ( معرب عاكوب ) 	 جلال الدين الرومي 	ABLibrary	8770	0.61493
		العلم يدعو للإيمان	كريسى موريسون	ShamAY	4312	0.61492
		لقاء رمضان .. سورة الأنعام	صالح بن عواد المغامسي	ShamAY	33127	0.61492
		البيان المشرق لسبب صيام المغرب برؤية المشرق	العلامة عبد الله بن الصديق الغماري	ShamAY	36231	0.61491
		أحكام العبادات في التشريع الاسلامي	فايق سليمان دلول	ShamAY	36219	0.6149
		الدر المنضود في الصلاة والسلام على صاحب المقام المحمود	أحمد بن محمد بن علي بن حجر الهيتمي السعدي الأنصاري، شهاب الدين شيخ الإسلام، أبو العباس (المتوفى: 974هـ)	ShamAY	9801	0.6149
		حاشية المكاسب	الميرزا أبو الفضل النجم آبادي	Rafed	1486	0.6149
		أجوبة الاستفتاءات - الجزء1	السيد علي الحسيني الخامنه اي	Masaha	4887	0.61489
		بيان كلمة التوحيد والرد على الكشميري عبد المحمود (مطبوع ضمن الرسائل والمسائل النجدية، الجزء الرابع، القسم الأول)	عبد الرحمن بن حسن بن محمد بن عبد الوهاب بن سليمان التميمي (المتوفى: 1285هـ)	ShamAY	11074	0.61488
		الجامع لأحوال وأحكام النساء في القرآن الكريم	أبو إسلام أحمد بن علي	ShamAY	36380	0.61488
		إظهار الحق والصواب في حكم الحجاب والتبرج، والسفور، والخلوة بالمرأة الأجنبية، وسفرها بدون محرم، والاختلاط	د. سعيد بن على بن وهف القحطاني	ShamelaY19	96548	0.61488
		وكانت صدّيقة	كمال السيد	Rafed	142	0.61486
		مرآة العقول [ج ٩]	الشيخ محمّد باقر بن محمّد تقي المجلسي	Rafed	1026	0.61486
		شرح ابن الناظم على ألفية ابن مالك	بدر الدين محمد ابن الإمام جمال الدين محمد بن مالك (ت 686 هـ)	ShamAY	32585	0.61483
		اللحية بين الأخذ والإعفاء في ضوء عمل السلف النجباء	محمد بن خليفة الرباح	ShamAY	36673	0.61481
		أبحاث هيئة كبار العلماء	هيئة كبار العلماء بالمملكة العربية السعودية	Sham19Y	21759	0.61479
		صفة جزيرة الأندلس منتخبة من كتاب الروض المعطار	أبو عبد الله محمد بن عبد الله بن عبد المنعم الحِميرى (المتوفى: 900هـ)	ShamAY	1344	0.61475
		حقيقة التشيع ونشأته	الأستاذ صباح البياتي	Masaha	238	0.61475
		موسوعة هل يستوي الذين يعلمون والذين لا يعلمون - علم أصول الفقه في سطور	أبو سند محمد	ShamAY	37583	0.61474
		الرسائل التسع (للمحقق الحلي)	المحقق الحلي	Masaha	1022	0.61474
		التوحيد في المشهد الحسيني و انعكاسه علي خارطة مسؤوليات العصر الراهن	رافد الزبيدي	Ghbook	15244	0.61472
		السيرة الحلبية = إنسان العيون في سيرة الأمين المأمون	علي بن إبراهيم بن أحمد الحلبي، أبو الفرج، نور الدين ابن برهان الدين (المتوفى: 1044هـ)	ShamAY	9873	0.61465
		جمع الوسائل في شرح الشمائل ط المطبعة الأدبية	علي بن سلطان محمد الهروي المشهور بملا علي القارئ المتوفى سنة 1014هـ	ShamAY	34445	0.61465
		 الغارات ( ط . ق ) 	 إبراهيم بن محمد الثقفي الكوفي 	ABLibrary	7897	0.61465
		الهداية الكافية الشافية لبيان حقائق الإمام ابن عرفة الوافية. (شرح حدود ابن عرفة للرصاع)	محمد بن قاسم الأنصاري، أبو عبد الله، الرصاع التونسي المالكي (المتوفى: 894ه)	ShamelaY19	21610	0.61462
		المنح الشافيات بشرح مفردات الإمام أحمد	منصور بن يونس بن صلاح الدين ابن حسن بن إدريس البهوتى الحنبلى (المتوفى: 1051ه)	Sham19Y	6538	0.6146
		تربة الحسين عليه السلام [ج ١]	الشيخ أمين حبيب آل درويش	Rafed	2552	0.61458
		المفصل في صنعة الإعراب	أبي القاسم محمود بن عمر الزمخشري	Rafed	2078	0.61458
		زينة المرأة المسلمة لعبدالله الفوزان	عبد الله بن صالح الفوزان	ShamAY	33226	0.61457
		العلمانية والمذهب المالكي	أبو سفيان مصطفى باحُّو السلاوي المغربي	ShamAY	2040	0.61457
		الغدير في الكتاب والسنّة والأدب [ج ٩]	الشيخ عبد الحسين أحمد الأميني النجفي	Rafed	2018	0.61457
		فصل المقال في شرح كتاب الأمثال	أبو عبيد عبد الله بن عبد العزيز بن محمد البكري الأندلسي (المتوفى: 487هـ)	ShamAY	1025	0.61456
		حاضر العالم الإسلامي	على جريشه ومحمود محمد سالم	ShamAY	10746	0.61456
		تأملات قرآنية - المغامسي	أبو هاشم صالح بن عوّاد بن صالح المغامسي	ShamAY	648	0.61455
		اللباب في قواعد اللغة وآلات الأدب النحو والصرف والبلاغة والعروض واللغة والمثل	محمد علي السَّراج	ShamAY	3538	0.61454
		مناظرات المستبصرين	الشيخ عبد الله الحسن	Rafed	157	0.61453
		منتهي المقال في احوال الرجال	ابوعلي حائري محمد بن اسماعيل مازندراني	Ghbook	9060	0.6145
		 أنوار الفقاهة ( كتاب الحدود والتعزيرات ) 	 الشيخ ناصر مكارم الشيرازي 	ABLibrary	9678	0.61449
		الأساس في التفسير [ج ٨]	سعيد حوّى	Rafed	3154	0.61449
		حوار مع صديقي الشيعي	الهاشمي بن علي	Masaha	242	0.61447
		شرح الرضيّ على الكافية [ج ١]	محمّد بن الحسن الرضي الاسترآبادي	Rafed	1797	0.61442
		بحار الأنوار [ج ٨]	الشيخ محمّد باقر بن محمّد تقي المجلسي	Rafed	526	0.61442
		 العقائد الجعفرية 	 الشيخ جعفر كاشف الغطاء 	ABLibrary	8515	0.61439
		نهج المستنير وعصمة المستجير	الدكتور السيد صلاح الدين الحسيني	Rafed	1236	0.61439
		شروط قبول الأخبار دراسة تأصيلية تاريخية حديثية من خلال تقريرات المحدثين وتطبيقاتهم	حسان آل شعبان	ShamAY	37354	0.61436
		يقظة أولي الاعتبار مما ورد في ذكر النار وأصحاب النار	أبو الطيب محمد صديق خان بن حسن بن علي ابن لطف الله الحسيني البخاري القِنَّوجي (المتوفى: 1307هـ)	ShamAY	6879	0.61435
		السنة المطهرة والتحديات	نور الدين محمد عتر الحلبي، أستاذ التفسير وعلوم القرآن والحديث وعلومه في كليات الشريعة والآداب في جامعتي دمشق وحلب	ShamelaY19	36617	0.61434
		تطور الأدب الحديث في مصر	أحمد عبد المقصود هيكل	ShamAY	8641	0.61433
		تحرير القواعد ومجمع الفرائد	وليد بن راشد السعيدان	ShamAY	37479	0.6143
		سد الذرائع في مسائل العقيدة على ضوء الكتاب والسنة الصحيحة (السنة الرابعة والثلاثون العدد (114))	عبد الله بن شاكر الجنيدي	ShamAY	2424	0.6143
		فقه الأدعية والأذكار	عبد الرزاق بن عبد المحسن البدر	ShamAY	12048	0.61428
		تسبيح ومناجاة وثناء على ملك الأرض والسماء	محمد بن حسن بن عقيل موسى الشريف	ShamelaY19	36529	0.61428
		سيره الائمه الاثني عشر ( عليهم السلام ) - الامام الباقر ( عليه السلام )	هاشم معروف الحسني	Ghbook	6286	0.61426
		الخراج - المطبعة السلفية	أبو يوسف يعقوب بن إبراهيم	ShamAY	34334	0.61423
		سفر نامه	أبو معين الدين ناصر خسرو الحكيم القبادياني المروزي (المتوفى: 481ه)	Sham19Y	6707	0.61421
		التفرغ للرقية مفصلا	مجدي محمد الشهاوي ( أبو عبد الرحمن)	ShamAY	34882	0.6142
		 أدوار الفقه الإمامي 	 الشيخ السبحاني 	ABLibrary	9774	0.6142
		رحلة ديللاقالية إلى العراق	بيترو دلاوالة	Masaha	4718	0.6142
		أجوبة التسولي عن مسائل الأمير عبد القادر في الجهاد	علي بن عبد السلام بن علي، أبو الحسن التُّسُولي المالكي (المتوفى: 1258هـ)	ShamAY	509	0.61418
		فتاوى حديثية - سعد آل حميد	سعد الحميد	ShamAY	37281	0.61417
		كشاف القناع عن متن الإقناع - وزارة العدل	منصور بن يونس البهوتي الحنبلي	ShamAY	34261	0.61417
		زيادة الإيمان ونقصانه وحكم الاستثناء فيه	عبد الرزاق بن عبد المحسن البدر	ShamAY	11234	0.61417
		المقالات المسفرة عن دلائل المغفرة	علي بن عبد الله بن أحمد الحسني الشافعي، نور الدين أبو الحسن السمهودي (المتوفى: 911هـ)	ShamAY	32120	0.61417
		صحيح السيرة النبوية	محمد ناصر الدين الألباني (المتوفى: 1420هـ)	ShamAY	592	0.61416
		أنيس المجتهدين [ج ٢]	محمد مهدي بن أبي ذر النراقي [ المولى مهدي النراقي ]	Rafed	1136	0.61415
		تأثر الخوارج المعاصرين بأصول الخوارج المتقدمين	فهد الفهيد	ShamAY	33491	0.61413
		جواهر الكلام [ج ١٥]	الشيخ محمّد حسن النّجفي	Rafed	645	0.61411
		التنبيه بالمعلوم	محمد بن الحسن الحرّ العاملي [ العلامة الشيخ حرّ العاملي ]	Rafed	174	0.61411
		عدة الصابرين وذخيرة الشاكرين - ط عالم الفوائد	ابن القيم	ShamAY	38389	0.6141
		ديوان ابن عبد ربه الأندلسي	ابن عبد ربه الأندلسي	ShamAY	37874	0.61407
		محمد حسين هيكل الأديب السياسي المؤرخ ورائد الكتابة	محمد رجب البيومي	ShamAY	38612	0.61406
		الأسباب المفيدة في اكتساب الأخلاق الحميدة	محمد بن إبراهيم بن أحمد الحمد	ShamAY	7530	0.61406
		محمد صلى الله عليه وآله وسلم في الكتب المقدسة	سامى عامرى	Sham19Y	23668	0.61406
		الحاكمية في الإسلام	السيد محمد مهدي الخلخالي	Masaha	5058	0.61406
		الاقسام في القرآن الكريم	آيت الله العظمي جعفر سبحاني	Ghbook	5032	0.61405
		الإعجاز العلمي بين الحقيقة والوهم	أحمد محمد فتحي	ShamAY	37003	0.61403
		النصر العزيز على الرد الوجيز حوار مع عبدالرحمن عبدالخالق	ربيع بن هادي المدخلي	ShamAY	37466	0.61397
		تفسير الشيخ أحمد حطيبة	الشيخ الطبيب أحمد حطيبة	ShamelaY19	37037	0.61397
		 دفاع عن الرسول ضد الفقهاء والمحدثين 	 صالح الورداني 	ABLibrary	881	0.61397
		شرح زيارة الغدير	السيّد عبدالمطلب الموسوي الخرسان	Rafed	3061	0.61397
		المنهل العذب الروي في ترجمة قطب الأولياء النووي	شمس الدين أبو الخير محمد بن عبد الرحمن بن محمد السخاوي (المتوفى: 902هـ)	ShamAY	317	0.61396
		رحلة ابن بطوطة [ج ٢]	شمس الدين أبي عبد الله محمد بن عبد الله اللواتي الطنجي	Rafed	2358	0.61395
		أحكام القرآن لابن العربي ط العلمية	القاضي محمد بن عبد الله أبو بكر بن العربي المعافري الاشبيلي المالكي (المتوفى: 543ه)	Sham19Y	1464	0.6139
		اللباب في علل البناء والإعراب	محبّ الدين عبدالله بن الحسين البغدادي [ أبي البقاء العكبري ]	Rafed	2815	0.6139
		 قراءات فقهية معاصرة 	 السيد محمود الهاشمي الشاهرودي 	ABLibrary	9639	0.61387
		 بحوث فقهية 	 شيخ حسين الحلي 	ABLibrary	801	0.61385
		أحكام أهل الذمة	محمد بن أبي بكر بن أيوب بن سعد شمس الدين ابن قيم الجوزية (المتوفى: 751هـ)	ShamAY	21747	0.61379
		نفحات القرآن [ج ٩]	آية الله مكارم الشيرازي	Rafed	3824	0.61379
		كشاف القناع عن متن الإقناع	منصور بن يونس بن صلاح الدين ابن حسن بن إدريس البهوتى الحنبلى (المتوفى: 1051هـ)	ShamAY	21642	0.61377
		شرح الأصول الثلاثة - اللهيمد	سليمان بن محمد اللهيميد	ShamAY	35426	0.61376
		مراح لبيد لكشف معنى القرآن المجيد [ج ١]	الشيخ محمّد بن عمر نووي الجاوي	Rafed	1526	0.61374
		عمدة الطالب لنيل المآرب «في الفقه على المذهب الأحمد الأمثل مذهب الإمام أحمد بن محمد بن حنبل»	منصور بن يونس بن صلاح الدين ابن حسن بن إدريس البهوتى الحنبلى (المتوفى: 1051 ه)	Sham19Y	14386	0.61373
		الفضائل‏	شاذان بن جبرئيل القمي‏	Masaha	2857	0.61373
		التمسك بالسنن والتحذير من البدع (السنة 27 -- العددان103 -104)	شمس الدين أبو عبد الله محمد بن أحمد بن عثمان بن قَايْماز الذهبي (المتوفى: 748هـ)	ShamAY	10321	0.6137
		مغنى اللبيب [ج ٢]	أبي محمّد عبد الله جمال الدين بن يوسف بن أحمد بن عبد الله بن هشام الأنصاري المصري	Rafed	1844	0.61367
		القواعد الفقهيّة [ج ١]	آية الله السيّد محمّد حسن البجنوردي	Rafed	704	0.61366
		ترحال في الجزيرة العربية [ج ١]	جون لويس بوركهارت	Rafed	2155	0.61366
		رحمة للعالمين	محمد سليمان المنصورفوري (المتوفى: 1348هـ)	ShamAY	31836	0.61365
		التبيان في آداب حملة القرآن (ط الوكالة العامة)	أبو زكريا يحيى بن شرف الدين النووي	ShamAY	34087	0.61364
		معيار العلم في فن المنطق	أبو حامد محمد بن محمد الغزالي الطوسي (المتوفى: 505هـ)	ShamAY	26575	0.61361
		 مخطوط نادر من رسائل ابن عربي 	 ابن عربي 	ABLibrary	8754	0.61361
		تفسير الصّافي [ج ٥]	محمّد بن المرتضى [ الفيض الكاشاني ]	Rafed	3040	0.61361
		النظريّة المهدويّة في فلسفة التاريخ	الأسعد بن علي قيدارة	Rafed	1231	0.61361
		كتاب الغيبه	محمد بن حسن شيخ طوسي ( شيخ الطائفه )	Ghbook	2588	0.61361
		إستقصاء الإعتبار [ج ٧]	الشيخ محمّد بن الحسن بن الشّهيد الثّاني	Rafed	576	0.6136
		موسوعة عبد الله بن عباس - الجزء1	السيد محمد مهدي الخرسان	Masaha	456	0.61359
		التعارض	السيد محمد كاظم اليزدي	Masaha	2422	0.61358
		وقعة النهروان أو الخوارج	علي بن الحسين الهاشمي	Rafed	212	0.61357
		لبّ الأثر في الجبر والقدر	الشيخ جعفر السبحاني	Rafed	3520	0.6135
		حكم و وصايا الامام زين العابدين عليه السلام	احمد علي دخيل	Ghbook	6380	0.6135
		المقنع في فقه الإمام أحمد بن حنبل الشيباني رحمه الله تعالى	موفق الدين أبو محمد عبد الله بن أحمد بن محمد بن قدامة المقدسي (المتوفى: 620 هـ)	ShamAY	37992	0.61349
		منهاج الكرامة في معرفة الإمامة	العلامة الحلي	Masaha	443	0.61346
		تعريب منتهى الآمال في تواريخ النبي و الآل - الجزء1	السيد هاشم الميلاني‏	Masaha	2885	0.61344
		موسوعة التفسير قبل عهد التدوين	محمد عمر الحاجى	ShamelaY19	38099	0.61343
		نظريّة عدالة الصّحابة والمرجعيّة السياسيّة في الإسلام	احمد حسين يعقوب	Rafed	299	0.61343
		منظومات ابن سحمان	سليمان بن سحمان	ShamAY	35654	0.61342
		الرحيق المختوم (مع بعض التعديلات والزيادات من د علاء الدين زعتري وغسان محمد رشيد الحموي)	صفي الرحمن المباركفوري (المتوفى: 1427هـ)	ShamAY	9900	0.61342
		اللباب في قواعد اللغة وآلات الأدب النحو والصرف والبلاغة والعروض واللغة والمثل	محمد علي السراج	Sham19Y	3538	0.61342
		تحقيق المطالب بشرح دليل الطالب	أبو المنذر محمود بن محمد بن مصطفى بن عبد اللطيف المنياوي	Sham19Y	37590	0.61342
		نظريّة المعرفة	الشيخ حسن محمد مكي العاملي	Rafed	3494	0.61342
		موسوعة الإمام الخوئي [ج ١١]	الشيخ مرتضى البروجردي	Rafed	884	0.61342
		النحو المصفى	محمد عيد	Sham19Y	2099	0.61341
		ديوان ابن المعتز	أبو العباس عبد الله بن محمد المعتز بالله بن المتوكل بن المعتصم بن الرشيد العباسي، المتوفى سنة 296 هـ	ShamAY	37841	0.6134
		نواقض الإيمان الاعتقادية وضوابط التكفير عند السلف		ShamAY	35601	0.61339
		الرد علي الوهابيه	محمد جواد بلاغي	Ghbook	7552	0.61338
		ابن الرومي وشعره في الغدير	الشيخ عبد الحسين الأميني النجفي	Masaha	33	0.61336
		 الدلائل في شرح منتخب المسائل 	 السيد تقي الطباطبائي 	ABLibrary	9708	0.61334
		 مآثر الكبراء تاريخ سامراء 	 الشيخ ذبيح الله المحلاتي 	ABLibrary	9173	0.61334
		شرح  الفصول  النصيريه 	عبد الوهاب بن علي الاسترآبادي	Ghbook	15678	0.61334
		الأشباه والنظائر للسيوطي	عبد الرحمن بن أبي بكر، جلال الدين السيوطي (المتوفى: 911ه)	ShamelaY19	21719	0.61333
		صحيح المقال في مسألة شد الرحال	عبد العزيز بن عمر الربيعان	ShamAY	4023	0.61331
		زيارة القبور	محيي الدين محمد البركوي الحنفي	ShamAY	36141	0.61331
		يقظة أولي الاعتبار مما ورد في ذكر النار وأصحاب النار	أبو الطيب محمد صديق خان بن حسن بن علي ابن لطف الله الحسيني البخاري القنوجي (المتوفى: 1307ه)	Sham19Y	6879	0.61331
		شرح كتاب سيبويه [ج ٣]	أبي سعيد السّيرافي الحسن بن عبدالله بن المرزبان	Rafed	2819	0.61329
		التنازع والتوازن في حياة المسلم	محمد بن حسن بن عقيل موسى الشريف	ShamelaY19	36502	0.61327
		 موسوعة التاريخ الإسلامي 	 الشيخ محمد هادي اليوسفي الغروي 	ABLibrary	7857	0.61326
		فتح ذي الجلال والإكرام بشرح بلوغ المرام ط المكتبة الإسلامية	محمد بن صالح العثيمين	ShamAY	38968	0.61325
		 الإمام الجنيد سيد الطائفتين 	 الشيخ أحمد فريد المزيدي 	ABLibrary	8690	0.61319
		كنوز الذّهب في تاريخ حلب [ج ١]	سبط ابن العجمي الحلبي	Rafed	2373	0.61319
		النجاه في القيامه في تحقيق امر الامامه	كمال الدين ميثم بن علي بن ميثم ابن ميثم بحراني	Ghbook	7592	0.61318
		أركان الإسلام	عمادة البحث العلمي - الجامعة الإسلامية بالمدينة المنورة	ShamAY	35714	0.61315
		اللطائف الروحية في الدروس الرمضانية	مشعل بن عبد العزيز الفلاحي	ShamAY	35163	0.61311
		شرح المعلقات التسع	منسوب لأبي عمرو الشيباني (ت 206 هـ) ولا تصح نسبته ففي الكتاب نقول متأخرة عن زمن أبي عمرو وليس الأسلوب أسلوبه	ShamAY	21574	0.61311
		أسرار العربيّة	كمال الدين أبي البركات عبد الرحمن بن محمّد بن أبي سعيد الأنباري النحوي [ ابن انباري ]	Rafed	1913	0.61311
		تذكره الاعيان	آيت الله العظمي جعفر سبحاني	Ghbook	9008	0.6131
		جامع خطب عرفة لعبد العزيز آل الشيخ	عبد العزيز بن عبد الله بن محمد بن عبد اللطيف بن عبد الرحمن بن حسن بن الشيخ محمد بن عبد الوهاب	ShamelaY19	21761	0.61309
		شرح الطحاوية للراجحي	عبد العزيز بن عبد الله بن عبد الرحمن الراجحي	ShamAY	1094	0.61307
		قيس بن سعد بن عبادة الأنصاري وشعره في الغدير	الشيخ عبد الحسين الأميني النجفي	Masaha	380	0.61307
		تاريخ دمشق لابن القلانسي	ابن القلانسي	ShamelaY19	22799	0.61304
		التوقيف على مهمات التعاريف - ط الفكر المعاصر	محمد عبد الرؤوف المناوي	ShamAY	34677	0.61303
		مسائل مهمات تتعلق بفقه الصوم والتراويح والقراءة على الأموات	حسام الدين بن موسى محمد بن عفانة	ShamAY	966	0.61303
		تاريخ الأدب في إيران من الفردوسي إلى سعدي / تعريب	إدوارد براوان (المتوفى: 1926 م)	ShamAY	33798	0.613
		المفردات للراغب الأصفهاني - المعرفة	أبو القاسم الحسين بن محمد المعروف بالراغب الأصفهانى (المتوفى: 502هـ)	ShamAY	34092	0.613
		المنتظر و المنتظرون	سيده ام مهدي	Ghbook	6624	0.613
		أمالي ابن الحاجب	عثمان بن عمر بن أبي بكر بن يونس، أبو عمرو جمال الدين ابن الحاجب الكردي المالكي (المتوفى: 646هـ)	ShamAY	31958	0.61298
		الاربعين في امامه الائمه الطاهرين	محمدطاهربن محمدحسين الشيرازي النجفي القمي	Ghbook	15554	0.61297
		شرح نهج البلاغه راوندي	قطب الدين سعيد بن هبة الله راوندي	Ghbook	8378	0.61297
		غرائب التنبيهات على عجائب التشبيهات	علي بن ظافر الأزدي المصري (المتوفى: 613هـ)	ShamAY	1595	0.61296
		إتحاف الوري بأخبار أم القري‏  - الجزء1	عمر بن محمد بن فهد	Masaha	4387	0.61296
		التعليق على رسالة حقيقة الصيام وكتاب الصيام من الفروع ومسائل مختارة منه	محمد بن صالح بن محمد العثيمين (المتوفى: 1421ه)	Sham19Y	12880	0.61293
		منظومة في الرضاع	السيد صدر الدين العاملي	Masaha	1646	0.61293
		الرحيق المختوم (مع بعض التعديلات والزيادات من د علاء الدين زعتري وغسان محمد رشيد الحموي)	صفي الرحمن المباركفوري (المتوفى: 1427ه)	Sham19Y	9900	0.6129
		مذكرة مختصرة في تخريج الأحاديث النبوية	سامي بن محمد بن جاد الله	ShamAY	37288	0.61289
		الفكر العربي في عصر النهضة 1798 - 1939	ألبرت حوراني (المتوفى: 1413 ه)	ShamelaY19	150935	0.61287
		حسن السلوك الحافظ دولة الملوك	محمد بن محمد بن عبد الكريم بن رضوان بن عبد العزيز البعلي شمس الدين، ابن الموصلي (المتوفى: 774هـ)	ShamAY	7241	0.61285
		الرسائل الأربع [ج ٢]	عدّة من الأفاضل	Rafed	3936	0.61284
		مفاهيم القرآن [ج ٨]	الشيخ جعفر السبحاني	Rafed	352	0.61284
		الزبدة الفقهيّة [ج ٣]	السيّد محمّد حسن ترحيني العاملي	Rafed	2476	0.61279
		 الأزهر في ألف عام 	 محمد عبد المنعم خفاجي 	ABLibrary	8931	0.61277
		الامام الكاظم (عليه السلام) قدوه و اسوه	آيت الله العظمي سيد محمد تقي مدرسي	Ghbook	6411	0.61277
		التحذير من مختصرات الصابوني في التفسير	بكر أبو زيد	ShamAY	34771	0.61276
		علم الائمه الاثني عشر ( عليهم السلام ) بالغيب	موسسه تحقيقات و نشر معارف اهل البيت عليهم السلام	Ghbook	7675	0.61276
		رحلة الفرنسي تافرنيية إلى العراق	جان بابتيست تافرنييه	Rafed	2398	0.61275
		حكم الإسلام في الاختلاط		ShamAY	36335	0.61274
		بحوث قرآنية في التوحيد والشرك	الشيخ جعفر السبحاني	Masaha	139	0.61274
		مقتطفات من كتاب من روائع حضارتنا	مصطفى بن حسني السباعي (المتوفى: 1384ه)	ShamelaY19	37563	0.61273
		تنوير الأبصار بما في الرماية من المنافع والأضرار	محمد بن عبد الله الإمام	ShamAY	33210	0.61272
		 سيد المرسلين 	 الشيخ السبحاني 	ABLibrary	7635	0.61266
		قاعدة جامعة في توحيد الله وإخلاص الوجه والعمل له عبادة واستعانة	تقي الدين أبو العباس أحمد بن عبد الحليم بن عبد السلام بن عبد الله بن أبي القاسم بن محمد ابن تيمية الحراني الحنبلي الدمشقي (المتوفى: 728هـ)	ShamAY	11285	0.61265
		أبحاث هيئة كبار العلماء	هيئة كبار العلماء بالمملكة العربية السعودية	ShamAY	21759	0.61265
		التوصل إلى حقيقة التوسل - المشروع والممنوع	أبو غزوان، محمد نسيب بن عبد الرزاق بن محيي الدين الرفاعي (المتوفى: 1413ه)	ShamelaY19	37535	0.61265
		مراقد أهل البيت في القاهرة	محمّد زكي إبراهيم	Rafed	2470	0.61265
		الامام علي خليفة الله	علي رضوي	Ghbook	11886	0.61265
		تأملات في قصة أصحاب الكهف	الواحدي	ShamAY	36901	0.61264
		في النقد الأدبي	علي علي مصطفى صبح	ShamAY	22859	0.61262
		الأشربة وذكر اختلاف الناس فيها لابن قتيبة	أبو محمد عبد الله بن مسلم بن قتيبة الدينوري (المتوفى: 276ه)	ShamelaY19	25793	0.61262
		الآيات البينات في عدم سماع الأموات على مذهب الحنفية السادات	نعمان بن محمود بن عبد الله، أبو البركات خير الدين، الآلوسي (المتوفى: 1317هـ)	ShamAY	6457	0.6126
		فقه المعاملات	عبد العزيز محمد عزام	ShamAY	7377	0.61259
		شرح كتاب الحج من صحيح البخاري لابن عثيمين	محمد الصالح العثيمين	ShamAY	34745	0.61259
		التوصل إلى حقيقة التوسل - المشروع والممنوع	أبو غزوان، محمد نسيب بن عبد الرزاق بن محيي الدين الرفاعي (المتوفى: 1413هـ)	ShamAY	919	0.61259
		 خلاصة عبقات الأنوار 	 السيد حامد النقوي 	ABLibrary	93	0.61259
		درجات الصاعدين الى مقامات الموحدين	محمد الحفظي	ShamAY	35740	0.61258
		ترحال في الجزيرة العربية - الجزء1	جان لوئيس بوركهارت	Masaha	4358	0.61258
		إرشاد العقول إلى مباحث الأصول - الجزء1	محمد حسين الحاج العاملي	Masaha	683	0.61258
		إيقاظ الأفهام في شرح عمدة الأحكام	سليمان اللهيميد	ShamAY	35954	0.61256
		رسالة في تحقيق قواعد النية	الواحدي :: وليد السعيدان	ShamAY	37486	0.61255
		إفاضة القدير في أحكام العصير	شيخ الشريعة الأصفهاني	Masaha	4907	0.61255
		إستقصاء الإعتبار [ج ٤]	الشيخ محمّد بن الحسن بن الشّهيد الثّاني	Rafed	568	0.61253
		نهاية الوصول إلى كفاية الأصول‏	السيد مصطفى الموسوي الحائري	Masaha	4797	0.6125
		المدائح النبوية حتى نهاية العصر الملوكي	د محمود سالم محمد	ShamelaY19	23671	0.61249
		محبة الرسول بين الاتباع والابتداع	عبد الرءوف محمد عثمان	ShamAY	30862	0.61246
		المِنَحُ الشَّافِيات بِشَرْحِ مُفْردَاتِ الإمَامِ أحْمَد	منصور بن يونس بن صلاح الدين ابن حسن بن إدريس البهوتى الحنبلى (المتوفى: 1051هـ)	ShamAY	31805	0.61246
		المدرّس الأفضل [ج ٥]	الشيخ محمّد علي المدرّس الأفغاني	Rafed	2687	0.61246
		سنن النبي ( صلي الله عليه و آله )	محمد حسين طباطبايي	Ghbook	5292	0.61245
		المحكم والمحيط الأعظم	أبو الحسن علي بن إسماعيل بن سيده المرسي [ت: 458هـ]	ShamAY	9757	0.61244
		الحث على اتباع السنة والتحذير من البدع وبيان خطرها	عبد المحسن بن حمد بن عبد المحسن بن عبد الله بن حمد العباد البدر	ShamAY	7605	0.61244
		 كنوز الذهب في تاريخ حلب 	 أبي ذر سبط ابن العجمي 	ABLibrary	9167	0.61243
		شرح مراقي السعود المسمى نثر الورود - ط عالم الفوائد	محمد الأمين بن محمد المختار بن عبد القادر الجكني الشنقيطي (المتوفى: 1393هـ)	ShamAY	38383	0.61242
		تاريخ المساجد الشهيرة	عبد الله سالم نجيب	ShamAY	37121	0.61241
		شرح كتاب التوحيد - عبد الرحيم السلمي	عبد الرحيم بن صمايل العلياني السلمي	Sham19Y	37803	0.6124
		نهاية الأصول‏ / تقريرات	الشيخ حسين علي‏ المنتظري	Masaha	4710	0.61237
		الغدير في الكتاب والسنّة والأدب [ج ٨]	الشيخ عبد الحسين أحمد الأميني النجفي	Rafed	2017	0.61232
		مطالب أولي النهى في شرح غاية المنتهى	مصطفى بن سعد بن عبده السيوطي شهرة، الرحيبانى مولدا ثم الدمشقي الحنبلي (المتوفى: 1243ه)	ShamelaY19	21677	0.61231
		 منتقد المنافع في شرح المختصر النافع 	 ملا حبيب الله الشريف الكاشاني 	ABLibrary	9406	0.61229
		معتصم الشيعة في أحكام الشريعة - الجزء1	الفيض الكاشاني	Masaha	1390	0.61229
		 إتحاف الورى بأخبار أم القرى 	 عمر بن محمد ابن فهد 	ABLibrary	8941	0.61227
		الإكليل في المتشابه والتأويل	تقي الدين أبو العباس أحمد بن عبد الحليم بن عبد السلام بن عبد الله بن أبي القاسم بن محمد ابن تيمية الحراني الحنبلي الدمشقي (المتوفى: 728هـ)	ShamAY	9220	0.61225
		الخلاصة في تدبر القرآن الكريم	د/ خالد بن عثمان السبت	ShamelaY19	133374	0.61225
		رحلتي إلى النور	مالك الرحبي	ShamAY	35822	0.61224
		اسلام معية الثقلين لا المنسلخ	محمد السند	Ghbook	15163	0.61224
		ديوان أبي العتاهية	أبو العَتاهِيَة إسماعيل بن القاسم بن سويد العيني، العنزي، أبو إسحاق.	ShamAY	37815	0.61223
		الصحيح من سيرة النبي الأعظم صلّى الله عليه وآله [ج ١٠]	السيد جعفر مرتضى العاملي	Rafed	2498	0.61222
		عُلوم الحديث في ضوء تطبيقات المحدثين النقاد	حمزة عبد الله المليباري	ShamAY	37280	0.6122
		فتاوى الصيام - ابن جبرين	الواحدي :: ابن جبرين	ShamAY	37673	0.61219
		سفينة البحار - الجزء1	الشيخ عباس القمي	Masaha	4042	0.61218
		المقالات الدمشقية في الدفاع عن ابن تيمية وكشف الضلالات الحبشية	عبد الرحمن دمشقية	ShamAY	35694	0.61216
		أهل البيت عليهم السلام سماتهم وحقوقهم في القرآن الكريم	الشيخ جعفر السبحاني	Rafed	1593	0.61216
		شرح نهج البلاغه ابن ابي الحديد	ابن ابي الحديد معتزلي	Ghbook	2641	0.61216
		أدب الاسلام	الشيخ عبد الله الظاهر عبد الله علي	ShamAY	35188	0.61215
		إثارة الترغيب والتشويق إلى المساجد الثلاثة والبيت العتيق‏  - الجزء1	محمد بن إسحاق الخوارزمي	Masaha	4105	0.61212
		قواعد الحديث	محي الدين الموسوي الغريفي	Rafed	151	0.6121
		حسن السلوك الحافظ دولة الملوك	محمد بن محمد بن عبد الكريم بن رضوان بن عبد العزيز البعلي شمس الدين، ابن الموصلي (المتوفى: 774ه)	Sham19Y	7241	0.61209
		بحوث فقهية	الشيخ حسين الحلي	Masaha	5071	0.61209
		الله يحدث عباده عن نفسه	عمر بن سليمان بن عبد الله الأشقر العتيبي (المتوفى: 1433هـ)	ShamAY	32094	0.61208
		كليات في علم الرجال	الشيخ جعفر السبحاني	Rafed	149	0.61207
		تحفة الأريب في الرد على أهل الصليب		ShamAY	35356	0.61206
		الفوايد الطوسيه	محمد بن حسن حر عاملي	Ghbook	10377	0.61206
		سند العروه الوثقي (كتاب الحج)	محمد السند	Ghbook	15217	0.61205
		بحار الأنوار [ج ٨٦]	الشيخ محمّد باقر بن محمّد تقي المجلسي	Rafed	1155	0.61204
		التوضيح في بيان حال الإنجيل والمسيح	الشيخ محمد حسين كاشف الغطاء	Masaha	226	0.61204
		محمد صلى اللّه عليه وسلم	محمد رضا (المتوفى: 1369هـ)	ShamAY	12935	0.61202
		 معجم فقه الجواهر 	 مؤسسة دائرة المعارف الفقه الاسلامي 	ABLibrary	9645	0.61202
		منع تدوين الحديث	علي شهرستاني	Ghbook	16141	0.612
		جمهرة مقالات العلامة الشيخ أحمد محمد شاكر - مع أهم تعقبات الشيخ على دائرة المعارف الإسلامية	أحمد محمد شاكر	Sham19Y	20642	0.61199
		الاتقان في علوم القرآن 	جلال الدين عبدالرحمن بن ابي بكر سيوطي	Ghbook	2793	0.61198
		التحقيق والإيضاح لكثير من مسائل الحج والعمرة والزيارة على ضوء الكتاب	عبد العزيز بن عبد الله بن باز (المتوفى: 1420هـ)	ShamAY	31235	0.61197
		إمام الكلام في القراءة خلف الإمام	عبد الحي اللكنوي (ت1304هـ)	ShamAY	36014	0.61196
		شرح الشّواهد الشعريّة في أمّات الكتب النحويّة [ج ١]	محمّد محمّد حسن شرّاب	Rafed	1883	0.61195
		فتاوى العلامة محمد ناصر الدين الألباني - مجلة الأصالة	الواحدي :: ناصر الدين الألباني	ShamAY	37651	0.61194
		التَّحبير لإيضَاح مَعَاني التَّيسير	محمد بن إسماعيل بن صلاح بن محمد الحسني، الكحلاني ثم الصنعاني، أبو إبراهيم، عز الدين، المعروف كأسلافه بالأمير (المتوفى: 1182هـ)	ShamAY	32163	0.61194
		تفسير آيات من القرآن الكريم (مطبوع ضمن مؤلفات الشيخ محمد بن عبد الوهاب، الجزء الخامس)	محمد بن عبد الوهاب بن سليمان التميمي النجدي (المتوفى: 1206ه)	Sham19Y	11099	0.61194
		شمس العلوم و دواء كلام العرب من الكلوم‌  - الجزء1	نشوان بن سعيد الحميري	Masaha	3682	0.61192
		بهجة المحافل و بغية الأماثل - الجزء1	عماد الدين يحيى بن أبي بكر العامري‏	Masaha	1946	0.61191
		الوعد المنجَّز في نقد النَّصِّ المؤسَّس	صلاح بن علي الزيات	ShamAY	35508	0.6119
		تقابل الحق و الباطل في القرآن	علي جبوري	Ghbook	11651	0.61189
		حاشية على مختلف الشيعة (للعلامة)	السيد محمد باقر الميرداماد	Masaha	1268	0.61187
		منهاج الكرامة في معرفة الإمامة	الحسن بن يوسف بن علي المطّهر [ العلامة الحلّي ]	Rafed	3540	0.61186
		الدرر الفقهيه في شرح اللمعه الدمشقيه	ماجد كاظمي	Ghbook	12941	0.61186
		التشيع والوسطية الإسلامية	أكرم عبد الكريم ذياب	Masaha	219	0.61186
		روائع الطب الإسلامي	محمد نزار الدقر	ShamAY	34905	0.61185
		بين الرشاد والتيه	مالك بن الحاج عمر بن الخضر بن نبي (المتوفى: 1393هـ)	ShamAY	1725	0.61184
		إقامة البراهين والأدلة على انحصار القواعد والأدلة	سعيد بيهي	ShamAY	37551	0.61183
		كشف النقاب عما في «كلمات» أبي غدة من الأباطيل والافتراءات	محمد ناصر الدين الألباني	ShamelaY19	133365	0.61182
		حاشية العطار على شرح الجلال المحلي على جمع الجوامع	حسن بن محمد بن محمود العطار الشافعي (المتوفى: 1250ه)	ShamelaY19	21608	0.61182
		تحرير الأحكام الشرعية على مذهب الإمامية - الجزء1	العلامة الحلي	Masaha	752	0.6118
		تفسير الرازي = مفاتيح الغيب أو التفسير الكبير	أبو عبد الله محمد بن عمر بن الحسن بن الحسين التيمي الرازي الملقب بفخر الدين الرازي خطيب الري (المتوفى: 606ه)	ShamelaY19	23635	0.61179
		بحار الأنوار [ج ٧٢]	الشيخ محمّد باقر بن محمّد تقي المجلسي	Rafed	1086	0.61178
		القول الفصل في مفهوم الإيمان شرعا		ShamAY	35767	0.61177
		العزيز شرح الوجيز المعروف بالشرح الكبير ط العلمية	عبد الكريم بن محمد بن عبد الكريم، أبو القاسم الرافعي القزويني (المتوفى: 623ه)	Sham19Y	13577	0.61177
		جواهر الكلام [ج ٢٠]	الشيخ محمّد حسن النّجفي	Rafed	651	0.61177
		دراسات تاريخيّة من القرآن الكريم [ج ٣]	دكتور محمد بيومي مهران	Rafed	1783	0.61174
		سلامه القرآن من التحريف	فتح الله محمدي نجارزادگان	Ghbook	6736	0.61173
		آداب المتعلمين	فرج البوسيفي	ShamAY	35013	0.6117
		 منتهى المدارك في شرح تائية ابن فارض 	 محمد بن أحمد الفرغاني 	ABLibrary	8786	0.6117
		أكثر من ألف دعوة في اليوم والليلة	خالد الحسينان	ShamAY	34861	0.61166
		طريقك إلى تقوية إيمانك	أسماء بنت راشد بن عبد الرحمن الرويشد	ShamelaY19	36349	0.61166
		نافذة على زيارة القبور	السيّد فاروق الموسوي	Rafed	2701	0.61166
		البديع في وصف الربيع	أبو الوليد إسماعيل بن محمد بن عامر بن حبيب الحميري (المتوفى: نحو 440هـ)	ShamAY	1704	0.61165
		شرح البداية في علم الدراية	الشهيد الثاني	Masaha	573	0.61165
		مغني المحتاج إلى معرفة معاني ألفاظ المنهاج	محمد الخطيب الشربيني	ShamAY	34254	0.61163
		شرح العمدة لشيخ الإسلام ابن تيمية - من أول كتاب الصلاة إلى آخر باب آداب المشي إلى الصلاة	تقي الدين أبو العباس أحمد بن عبد الحليم بن عبد السلام بن عبد الله بن أبي القاسم بن محمد ابن تيمية الحراني الحنبلي الدمشقي (المتوفى: 728 هـ)	ShamAY	32294	0.61163
		صلح الحسن ( عليه السلام )	عبدالحسين شرف الدين	Ghbook	7135	0.61163
		غريب الحديث لابن قتيبة - ط العلمية	الدِّينَوري، ابن قتيبة	ShamAY	34682	0.61161
		العلاقة مع الآخر في ضوء الوسطية في الإسلام	الشيخ فارس الحسون	Masaha	355	0.61161
		حقيقة الشيعة «حتى لا ننخدع»	عبد الله الموصلي	ShamAY	9854	0.6116
		نصيحة للتجار بالبعد عن نشر الأضرار	يحيى بن علي الحجوري :: يحي الحجوري	ShamAY	36559	0.6116
		السياسة الشرعية - جامعة المدينة	مناهج جامعة المدينة العالمية	ShamAY	1650	0.6116
		 موسوعة أحكام الأطفال وأدلتها 	 مركز فقه الأئمة الأطهار ( ع ) 	ABLibrary	9672	0.61157
		عودوا الى خير الهدي	محمد بن أحمد بن إسماعيل المقدم	Sham19Y	98141	0.61154
		 المناقب والمثالب 	 القاضي النعمان المغربي 	ABLibrary	7786	0.61154
		كفاية النبيه في شرح التنبيه	أحمد بن محمد بن علي الأنصاري، أبو العباس، نجم الدين، المعروف بابن الرفعة (المتوفى: 710هـ)	ShamAY	31834	0.61151
		دراسات في علوم القرآن - فهد الرومي	أ. د. فهد بن عبد الرحمن بن سليمان الرومي	ShamAY	12011	0.61151
		ذيل مرآة الزمان	قطب الدين أبو الفتح موسى بن محمد اليونيني (المتوفى: 726 هـ)	ShamAY	12722	0.6115
		مختصر سيرة الرسول صلى الله عليه وسلم لمحمد بن عبد الوهاب	محمد بن عبد الوهاب بن سليمان التميمي النجدي (المتوفى: 1206هـ)	ShamAY	31465	0.61148
		كتاب الأيمان "ومعالمه، وسننه، واستكماله، ودرجاته"	أبو عُبيد القاسم بن سلاّم بن عبد الله الهروي البغدادي (المتوفى: 224هـ)	ShamAY	11316	0.61146
		التحبير لإيضاح معاني التيسير	محمد بن إسماعيل بن صلاح بن محمد الحسني، الكحلاني ثم الصنعاني، أبو إبراهيم، عز الدين، المعروف كأسلافه بالأمير (المتوفى: 1182ه)	Sham19Y	14309	0.61145
		في رحاب اهل البيت ( عليهم السلام )	المجمع العالمي لاهل البيت عليهم السلام	Ghbook	805	0.61145
		الهداية إلى أوهام الكفاية	عبد الرحيم بن الحسن بن علي الإسنوي الشافعي، أبو محمد، جمال الدين (المتوفى: 772ه)	Sham19Y	14324	0.61138
		تنقيح الأصول‏ - الجزء1	الشيخ حسين التقوي الاشتهاردي	Masaha	3321	0.61138
		 الأزهر في ألف عام 	 محمد عبد المنعم خفاجي 	ABLibrary	8932	0.61136
		الالوسي و التشيع	لجنة التاليف	Ghbook	8354	0.61136
		منهج الإمام جمال الدين السرمري في تقرير العقيدة (مطبوع مع: تحقيق ودراسة كتابه «خصائص سيد العالمين وما له من المناقب العجائب على جميع الأنبياء عليهم السلام»)	خالد بن منصور المطلق	ShamelaY19	20593	0.61135
		 معرفة الإمام 	 السيد محمد حسين الطهراني 	ABLibrary	8892	0.61135
		إرشاد العباد إلى معاني لمعة الاعتقاد	عبد الرحمن بن ناصر بن براك بن إبراهيم البراك	ShamelaY19	18604	0.61134
		 بحار الأنوار 	 العلامة المجلسي 	ABLibrary	754	0.61134
		الفوائد السنية في شرح الألفية	البرماوي شمس الدين محمد بن عبد الدائم (763 - 831 ه)	ShamelaY19	32476	0.61132
		عمدة الطالب لنيل المآرب «في الفقه على المذهب الأحمد الأمثل مذهب الإمام أحمد بن محمد بن حنبل»	منصور بن يونس بن صلاح الدين ابن حسن بن إدريس البهوتى الحنبلى (المتوفى: 1051 هـ)	ShamAY	32418	0.6113
		القواعد المذاعة في مذهب أهل السنة والجماعة	وليد بن راشد الشعلان	ShamAY	35766	0.61129
		تعاون الدعاة وأثره في المجتمع	محمد بن صالح بن محمد العثيمين (المتوفى: 1421ه)	ShamelaY19	21804	0.61129
		دروس في اصول الفقه المقارن تلخيص (الاصول العامة للفقه المقارن) للعلامه السيدمحمد...	مجيد نيسي	Ghbook	15024	0.61129
		 المغني في أبواب التوحيد والعدل 	 القاضي عبد الجبار الهمذاني 	ABLibrary	8622	0.61128
		 الدر المنضود في الصلاة والسلام على صاحب المقام المحمود 	 أحمد بن حجر الهيتمي المكي 	ABLibrary	7524	0.61128
		 تبيان الصلاة 	 تقرير بحث البروجردي للشيخ علي الصافي 	ABLibrary	9418	0.61127
		منهج السلف في العقيدة وأثره في وحدة المسلمين	صالح بن سعد السحيمي	ShamAY	34781	0.61126
		 الجواهر الفخرية في شرح الروضة البهية 	 قدرت الله وجداني فخر 	ABLibrary	9451	0.61125
		الدعوة إلى الإسلام	أحمد المحمود	ShamAY	33437	0.6112
		الإنجاد في أبواب الجهاد وتفصيل فرائضه وسننه وذكر جمل من آدابه ولواحق أحكامه	محمد بن عيسى بن محمد بن أصبغ، أبو عبد الله بن المناصف الأزدي القرطبي (المتوفى: 620هـ)	ShamAY	1449	0.6112
		إتحاف أهل الإيمان بدروس شهر رمضان	الشيخ صالح بن فوزان الفوزان	ShamAY	34756	0.61119
		الاصطلام في الخلاف بين الإمامين الشافعي وأبي حنيفة	أبو المظفر، منصور بن محمد بن عبد الجبار ابن أحمد المروزى السمعاني التميمي الحنفي ثم الشافعي (المتوفى: 489 هـ)	ShamAY	32371	0.61119
		البغداديات	أبو علي الحسن بن أحمد بن عبد الغفار بن محمد بن سليمان بن أبان الفارسي النحوي (377 هـ)	ShamAY	37111	0.61119
		التقديم والتأخير في صحيح البخاري .. دراسة بلاغية	رملة الناصري	ShamAY	34545	0.61117
		تتمة أضواء البيان للشيخ عطية محمد سالم	عطية محمد سالم	ShamAY	33112	0.61117
		جواهر الكلام [ج ٧]	الشيخ محمّد حسن النّجفي	Rafed	636	0.61116
		فتاوى وأحكام في نبي الله عيسى عليه السلام	الواحدي :: ابن جبرين	ShamAY	37645	0.61115
		حقيقة الشيعة «حتى لا ننخدع»	عبد الله الموصلي	Sham19Y	9854	0.61115
		كيف يستفيد طالب العلم من كتب السنة	عبد الكريم بن عبد الله بن عبد الرحمن بن حمد الخضير	ShamelaY19	25976	0.61114
		توصيات الي العاملين للاسلام	آيت الله العظمي سيد محمد حسيني شيرازي	Ghbook	7897	0.61114
		محمد صلى الله عليه وآله وسلم في الكتب المقدسة	سامى عامرى	ShamAY	23668	0.6111
		 بحوث في الملل والنحل 	 الشيخ السبحاني 	ABLibrary	8362	0.61109
		فتح الوهاب فى بيان أحكام الصيام سؤال وجواب	السيد العربى بن كمال	ShamAY	36599	0.61107
		آل البيت عليهم السلام و حقوقهم الشرعيه	آيت الله العظمي جعفر سبحاني	Ghbook	10643	0.61106
		دفاع عن التشيع	السيد نذير الحسني	Masaha	255	0.61106
		إرشاد العقول إلى مباحث الأصول [ج ١]	الشيخ محمّد حسين الحاج العاملي	Rafed	434	0.61105
		سند العروة الوثقى - كتاب الحج - الجزء1	الشيخ محمد السند	Masaha	4963	0.61105
		مخطوطة الجمل - معجم وتفسير لغوي لكلمات القرآن	حسن عز الدين بن حسين بن عبد الفتاح أحمد الجمل	ShamAY	2029	0.61104
		 نهاية الإقدام في علم الكلام للشهرستاني / لباب المحصل في أصول الدين لابن خلدون / الإشارة إلى مذهب أهل الحق ابراهيم الشيرازي 	 الشهرستاني / ابن خلدون / ابراهيم الشيرازي 	ABLibrary	8671	0.61104
		الاسرار الفاطميه	محمد فاضل مسعودي	Ghbook	3776	0.61103
		نفحات من علوم القرآن	محمد أحمد محمد معبد (المتوفى: 1430هـ)	ShamAY	1211	0.61101
		سبل السلام	محمد بن إسماعيل بن صلاح بن محمد الحسني، الكحلاني ثم الصنعاني، أبو إبراهيم، عز الدين، المعروف كأسلافه بالأمير (المتوفى: 1182ه)	ShamelaY19	21590	0.611
		صورة الأرض‏  - الجزء1	محمد بن حوقل	Masaha	4471	0.611
		زغل العلم	شمس الدين أبو عبد الله محمد بن أحمد بن عثمان بن قَايْماز الذهبي (المتوفى: 748هـ)	ShamAY	6342	0.61099
		تبصرة المتعلّمين في أحكام الدين	الحسن بن يوسف بن علي المطّهر [ العلامة الحلّي ]	Rafed	2007	0.61097
		توجيهات إسلامية لإصلاح الفرد والمجتمع	محمد بن جميل زينو	ShamAY	31350	0.61095
		مقامات الحريري ـ الكتب اللبناني	الحريري	ShamAY	33787	0.61093
		لباب اللباب في بيان ما تضمنته أبواب الكتاب من الأركان والشروط والموانع والأسباب	ابن راشد البكري	ShamAY	34242	0.61093
		القَولُ البَدِيعُ في الصَّلاةِ عَلَى الحَبِيبِ الشَّفِيعِ	شمس الدين أبو الخير محمد بن عبد الرحمن بن محمد السخاوي (المتوفى: 902هـ)	ShamAY	1391	0.61092
		غريب القرآن لابن قتيبة ت أحمد صقر	أبو محمد عبد الله بن مسلم بن قتيبة الدينوري (المتوفى: 276هـ)	ShamAY	3259	0.61091
		 كتاب المعراج 	 ابو القاسم عبد الكريم القشيري 	ABLibrary	8712	0.61091
		جواهر الكلام [ج ٣٥]	الشيخ محمّد حسن النّجفي	Rafed	698	0.61089
		موسوعه الالوف في نظم تاريخ الطفوف	حسين عبدالسيد النصار	Ghbook	12380	0.61088
		 رحلة الصفار إلى فرنسا 	 محمد بن عبد الله الصفار 	ABLibrary	9099	0.61087
		البدع الحولية	عبد الله التويجري	ShamAY	9214	0.61086
		ترويج الجنان بحكم شرب الدخان	الإمام محمد عبد الحي اللكنوي (ت1304هـ)	ShamAY	36019	0.61085
		الشيطان علي ضوء القرآن	عادل علوي	Ghbook	4542	0.61084
		إستقصاء الإعتبار [ج ٥]	الشيخ محمّد بن الحسن بن الشّهيد الثّاني	Rafed	569	0.61083
		الأنوار الإلهية في المسائل العقائدية	آية الله الميرزا جواد التبريزي	Rafed	3103	0.61082
		عصر الشيعة	علي كوراني	Ghbook	15117	0.61081
		تراثنا ـ العدد [ 4 ]	مؤسسة آل البيت عليهم السلام لإحياء التراث ـ قم	Rafed	2550	0.6108
		شرح أسماء الله الحسنى في ضوء الكتاب والسنة	د. سعيد بن علي بن وهف القحطاني	ShamelaY19	96493	0.61079
		قدوة الغازي	أبو عبد الله محمد بن عبد الله بن عيسى بن محمد المري، الإلبيري المعروف بابن أبي زمنين المالكي (المتوفى: 399ه)	ShamelaY19	30760	0.61078
		مباني الفقيه‏	الشيخ محمد تقي الفقيه	Masaha	4270	0.61078
		اتجاهات الشعر العربي المعاصر	دكتور إحسان عباس (المتوفى: 1424هـ)	ShamAY	1018	0.61076
		سر صناعة الإعراب - القلم	أبي الفتح عثمان بن جني	ShamAY	34702	0.61076
		المجتمع والأسرة في الإسلام	محمد طاهر الجوابي	ShamAY	8538	0.61076
		 فاكهة ابن السبيل 	 راشد بن عميرة ( ابن هاشم ) 	ABLibrary	9961	0.61076
		شرح القواعد الأربع للحازمي	أبو عبد الله، أحمد بن عمر بن مساعد الحازمي	ShamAY	510	0.61075
		تفصيل الشريعة في شرح تحرير الوسيلة (الاجتهاد والتقليد)	الشيخ محمد الفاضل اللنكراني	Masaha	3276	0.61073
		وقفات مع قضايا معاصرة شبهات ردود	محمد حازم صلاح أبو إسماعيل محمد عبد الرحيم	ShamAY	31616	0.61072
		شرح كتاب الرقاق من صحيح البخاري - المغامسي	أبو هاشم صالح بن عواد بن صالح المغامسي	ShamelaY19	37732	0.61071
		بهجة المحافل وبغية الأماثل في تلخيص المعجزات والسير والشمائل	يحيى بن أبى بكر بن محمد بن يحيى العامري الحرضي (المتوفى: 893هـ)	ShamAY	9780	0.6107
		الاصلاح (بعض مقومات الاصلاح في المجتمع الاسلامي)	آيت الله العظمي سيد محمد حسيني شيرازي	Ghbook	2320	0.6107
		السنة قبل التدوين	محمد عجاج بن محمد تميم بن صالح بن عبد الله الخطيب	ShamelaY19	96178	0.61069
		 سند العروة الوثقى - كتاب النكاح 	 الشيخ محمد السند 	ABLibrary	9551	0.61068
		حاشية كتاب المكاسب (للهمداني)	الشيخ آقا رضا الهمداني	Masaha	765	0.61068
		في رحاب وليد الكعبة	السيد عادل العلوي	Masaha	344	0.61067
		ترجمة الشيخ عبد الرحمن الأفريقي	عمر بن محمد بن محمد بكر فُلاَّتَة (بالتاء) أو الفُلاَّنِيُّ (بالنون) (المتوفى: 1419هـ)	ShamAY	10060	0.61066
		أصول البزدوي - كنز الوصول الى معرفة الأصول	علي بن محمد البزدوي الحنفي	ShamAY	34183	0.61066
		القول السديد في بعض مسائل الاجتهاد والتقليد	محمد بن عبد العظيم المكي الرومي الموروي الحنفي الملقب بابن مُلّا فَرُّوخ (المتوفى: 1061هـ)	ShamAY	6354	0.61065
		أفراحنا بين المشروع والممنوع	ندا أبو أحمد	ShamAY	36475	0.61065
		مخطوطة الجمل - معجم وتفسير لغوي لكلمات القرآن	حسن عز الدين بن حسين بن عبد الفتاح أحمد الجمل	ShamelaY19	96881	0.61065
		تأويل مشكل القرآن	أبي محمّد عبدالله بن مسلم بن قتيبة الدينوري	Rafed	3792	0.61065
		التوحيد في المشهد الحسيني و انعكاسه علي خارطة مسؤوليات العصر الراهن	محمد السند	Ghbook	15161	0.61065
		عبد الرحمن حبنكة الميداني العالم المفكر المفسر	عائدة راغب الجراح	ShamAY	38591	0.61063
		التفسير الكبير - الجزء1	الفخر الرازي‏	Masaha	2591	0.61063
		الإمام المهدي عليه السلام في القرآن و السنة	سعيد ابو معاش	Masaha	2369	0.61063
		الوقت أنفاس لا تعود	عبد الملك بن محمد القاسم	ShamelaY19	95684	0.61058
		مكاتيب الأئمة(ع) - الجزء1	الشيخ علي الأحمدي الميانجي	Masaha	3303	0.61058
		تأويل الآيات الظاهرة في فضائل العترة الطاهرة	السيد عبد الحسين شرف الدين	Masaha	1951	0.61056
		الحدائق الناضرة [ج ١٩]	الشيخ يوسف بن أحمد البحراني [ صاحب الحدائق ]	Rafed	2871	0.61055
		تعليقة على فرائد الأصول	علي الشيرازي	Masaha	3266	0.61054
		نتاج الفكر في أحكام الذكر	أبو محمد عبد الله بن مانع بن غلاب الغبيوي الروقي العتيبي	ShamAY	32012	0.61052
		الخوف في الشعر العربي قبل الإسلام	الدكتور جليل حسن محمَّد	ShamAY	34533	0.61052
		 بهجة المحافل وبغية الأماثل 	 عماد الدين يحيى بن أبي بكر العامري 	ABLibrary	7442	0.61052
		مغني  اللبيب به همراه صوت استاد طالقاني	عبدالله بن يوسف ابن  هشام	Ghbook	15676	0.61051
		البراهين الموضحات لكشف الشبهات		ShamAY	35631	0.6105
		الاختلاف في اللفظ و الرد علي الجهميه و المشبهه	ابومحمد عبدالله بن مسلم بن قتيبه ( ابن قتيبه ) كاتب دينوري	Ghbook	2704	0.6105
		الفكر الإسلامي	محمد محمد إسماعيل	ShamAY	33442	0.61049
		بهجة المحافل وبغية الأماثل في تلخيص المعجزات والسير والشمائل	يحيى بن أبى بكر بن محمد بن يحيى العامري الحرضي (المتوفى: 893ه)	Sham19Y	9780	0.61049
		دروس الشيخ عبد الحي يوسف	أبو عمر عبد الحي بن يوسف	ShamelaY19	37422	0.61047
		الخاتميه في الكتاب و السنه و العقل الصريح	آيت الله العظمي جعفر سبحاني	Ghbook	5277	0.61046
		المسائل البصريات	أبو علي الفارسي (ت 377 هـ)	ShamAY	32669	0.61045
		الخلاصة في شرح الخمسين الشامية	الواحدي :: علي بن نايف الشحود	ShamAY	36085	0.61044
		شرح عمدة الفقه - الراجحي	عبد العزيز بن عبد الله بن عبد الرحمن الراجحي	ShamelaY19	37008	0.61044
		موقف أبي الحسن من أخبار الآحاد	ربيع بن هادي المدخلي	ShamAY	33013	0.61043
		الحديث الموضوعي - جامعة المدينة	مناهج جامعة المدينة العالمية	ShamAY	1642	0.61043
		مغني اللبيب عن كتب الأعاريب	عبدالله بن يوسف ابن  هشام	Ghbook	15559	0.61043
		عليكم بالسنة فإن السنة مفتاح القرآن	محمود اليوسفي	ShamAY	37493	0.61042
		 موسوعة التاريخ الإسلامي 	 الشيخ محمد هادي اليوسفي الغروي 	ABLibrary	7854	0.61041
		الفروق في الشرح الممتع للإمام محمد العثيمين رحمه الله تعالى	عبد الرحمن بن صالح السديس	ShamAY	37525	0.61039
		محبة الرسول بين الاتباع والابتداع	عبد الرءوف محمد عثمان	ShamelaY19	30862	0.61039
		سفر نامه	أبو معين الدين ناصر خسرو الحكيم القبادياني المروزي (المتوفى: 481هـ)	ShamAY	6707	0.61038
		تفسير ابن عربي للقرآن حقيقته وخطره	الدكتور محمد السيد حسين الذهبي (المتوفى: 1398ه)	Sham19Y	10089	0.61038
		بحار الأنوار [ج ٨٩]	الشيخ محمّد باقر بن محمّد تقي المجلسي	Rafed	1164	0.61036
		 رسالة في المعاملة والاختلاف بين المتعاقدين 	 الشيخ محمد رضا حسين آبادى الجرقويئي 	ABLibrary	9415	0.61035
		موسوعة الإمام الخوئي [ج ٢٥]	الشيخ مرتضى البروجردي	Rafed	1631	0.61035
		مجمع الفائدة والبرهان في شرح إرشاد الأذهان [ج ٨]	الشيخ أحمد بن محمّد الأردبيلي [ المقدّس الأردبيلي ]	Rafed	1905	0.61033
		وقفات هادئة مع فتوى إباحة القروض الربوية لتمويل شراء المساكن في المجتمعات الغربية	صلاح الصاوي	ShamAY	36283	0.6103
		قمع الدجاجلة الطاعنين في معتقد أئمة الإسلام الحنابلة	عبد العزيز بن فيصل الراجحي	ShamAY	30885	0.6103
		الأخوة أيها الإخوة	أبو العلاء محمد بن حسين بن يعقوب السلفي المصري	ShamelaY19	98127	0.6103
		شرح منظومة الآجرومية	داود بن سلمان التكريتي	ShamAY	37105	0.61029
		بسط القول والإسهاب في بيان حكم مودة المؤمن للكافر	أبو فيصل البدراني	ShamelaY19	96247	0.61027
		أين المخرج .. فالصخرة أغلقت الغار	مجدي الهلالي	ShamelaY19	36401	0.61026
		عقيدة أهل الإيمان في خلق آدم على صورة الرحمن	حمود بن عبد الله بن حمود بن عبد الرحمن التويجري (المتوفى: 1413ه)	Sham19Y	17329	0.61026
		سنوات الحنابلة	علي بن محمد باخيِّل آل بابطين	ShamAY	35824	0.61021
		بسط القول والإسهاب في بيان حكم مودة المؤمن للكافر	أبو فيصل البدراني	ShamAY	1720	0.61019
		كفاية المستزيد بشرح كتاب التوحيد	الشيخ صالح بن عبد العزيز آل الشيخ	ShamAY	35570	0.61018
		المعاملات المالية للمسلمين في أوروبا		ShamAY	36287	0.61016
		الدفاع عن الصحابي أبي بكرة ومروياته والاستدلال لمنع ولاية النساء على الرجال	عبد المحسن بن حمد بن عبد المحسن بن عبد الله بن حمد العباد البدر	Sham19Y	7617	0.61016
		 فقه العقود 	 السيد كاظم الحائري 	ABLibrary	9610	0.61016
		أنوار الفقاهة (كتاب الطهارة)	الشيخ حسن كاشف الغطاء	Masaha	911	0.61015
		كتاب أصول الإيمان في ضوء الكتاب والسنة	مجموعة من المؤلفين	ShamAY	30847	0.61012
		شرح كتاب الطهارة من بلوغ المرام	صالح آل الشيخ	ShamAY	34736	0.61011
		تاريخ دمشق لابن القلانسي	حمزة بن أسد بن علي بن محمد، أبو يعلى التميمي، المعروف بابن القلانسي (المتوفى : 555هـ)	ShamAY	22799	0.6101
		تنوع خطاب القرآن الكريم في العهد المدني ((دراسة لغوية))		ShamAY	36938	0.61009
		 كتاب الفوز بالمراد في تاريخ بغداد 	 سليمان الدخيل 	ABLibrary	9163	0.61009
		إستقصاء الإعتبار [ج ١]	الشيخ محمّد بن الحسن بن الشّهيد الثّاني	Rafed	549	0.61009
		تفسير القرآن الكريم «سورة الزخرف»	محمد بن صالح العثيمين	ShamelaY19	132428	0.61007
		 رحلة الفرنسي تافرنيية إلى العراق 	 ژان باتيست تاورنيه 	ABLibrary	9122	0.61004
		كليات في علم الرجال	آيت الله العظمي جعفر سبحاني	Ghbook	12214	0.61001
		واقع التقيّة عند المذاهب والفرق الإسلاميّة من غير الشيعة الإماميّة	السيد ثامر هاشم العميدي	Rafed	3528	0.60999
		دلائل الصدق لنهج الحق [ج ٧]	الشيخ محمد حسن المظفر	Rafed	1598	0.60998
		علوم البلاغة «البديع والبيان والمعاني»	الدكتور محمد أحمد قاسم، الدكتور محيي الدين ديب	ShamAY	32343	0.60996
		تفسير أسماء الله الحسنى للسعدي	أبو عبد الله، عبد الرحمن بن ناصر بن عبد الله بن ناصر بن حمد آل سعدي (المتوفى: 1376هـ)	ShamAY	1771	0.60996
		وقفة مع الدكتور البوطي في مسائله	الأستاذ هشام آل قطيط	Masaha	485	0.60996
		توشيع التوشيح	صلاح الدين خليل بن أيبك بن عبد الله الصفدي (المتوفى: 764هـ)	ShamAY	5409	0.60993
		جماع العلم - ط العلمية	محمد بن إدريس الشافعي أبو عبد الله	ShamAY	33951	0.60991
		مصطلح الحديث	محمد بن صالح بن محمد العثيمين (المتوفى: 1421ه)	ShamelaY19	21581	0.60991
		الصحيح من سيرة النبي الأعظم صلّى الله عليه وآله [ج ١]	السيد جعفر مرتضى العاملي	Rafed	1092	0.60991
		التفسير و المفسرون 	محمد حسين ذهبي	Ghbook	4807	0.60989
		نافذه علي اهم الفرق و المذاهب الاسلاميه	شكيب بن بديره الطبلبي	Ghbook	15102	0.60989
		دروس الشيخ عبد المحسن العباد	عبد المحسن بن حمد بن عبد المحسن بن عبد الله بن حمد العباد البدر	ShamelaY19	36993	0.60985
		مناسك الحج والعمرة	أبو عبد الرحمن محمد ناصر الدين، بن الحاج نوح بن نجاتي بن آدم، الأشقودري الألباني (المتوفى: 1420هـ)	ShamAY	12090	0.60984
		الهداية الكافية الشافية لبيان حقائق الإمام ابن عرفة الوافية. (شرح حدود ابن عرفة للرصاع)	محمد بن قاسم الأنصاري، أبو عبد الله، الرصاع التونسي المالكي (المتوفى: 894هـ)	ShamAY	21610	0.60983
		التعليق على رسالة حقيقة الصيام وكتاب الصيام من الفروع ومسائل مختارة منه	محمد بن صالح بن محمد العثيمين (المتوفى: 1421هـ)	ShamAY	12880	0.60981
		الاستشراق وموقفه من السنة النبوية	فالح بن محمد بن فالح الصغير	ShamAY	7539	0.6098
		كشف الحقائق - رد علي كتاب "هذه نصيحتي الي كل شيعي"	علي آل محسن	Ghbook	7740	0.6098
		موسوعة الإمام الخوئي [ج ٣٢]	السيّد محمّد تقي الخوئي	Rafed	1657	0.60978
		جلسات الحج	الواحدي :: ابن عثيمين	ShamAY	36413	0.60977
		 أجوبة السائلين 	 الشيخ فاضل اللنكراني 	ABLibrary	9504	0.60977
		تهافت العلمانية في الصحافة العربية	المستشار سالم علي البهنساوي (المتوفى: 1427هـ)	ShamAY	31711	0.60973
		شرح كتاب الرقاق من صحيح البخاري - المغامسي	أبو هاشم صالح بن عوّاد بن صالح المغامسي	ShamAY	881	0.60973
		اعتماد دعوة الشيخ محمد بن عبد الوهاب على الكتاب والسنة (مطبوع ضمن بحوث ندوة دعوة الشيخ محمد بن عبد الوهاب، الجزء الأول)	مناع بن خليل القطان (المتوفى: 1420هـ)	ShamAY	7511	0.60973
		مرقاة الصعود إلى سنن أبي داود	أبو الفضل جلال الدين عبد الرحمن السيوطي (849 - 911 ه)	ShamelaY19	150639	0.60972
		سند العروه الوثقي (كتاب النكاح)	محمد السند	Ghbook	15221	0.60972
		تأسيس الأحكام بشرح عمدة الأحكام على ما صح عن خير الأنام	أحمد النجمي	ShamAY	35958	0.60971
		فتح القدير [ج ٣]	محمد بن علي بن محمد الشوكاني	Rafed	3965	0.60971
		الامام الصادق ( عليه السلام ) قدوه و اسوه	آيت الله العظمي سيد محمد تقي مدرسي	Ghbook	4983	0.60968
		جمهرة مقالات العلامة الشيخ أحمد محمد شاكر - مع أهم تعقبات الشيخ على دائرة المعارف الإسلامية	أحمد محمد شاكر	ShamAY	38847	0.60967
		بروتوكولات آيات قُم حول الحرمين المقدسين	الدكتور: عبد الله الغفاري	ShamAY	35299	0.60967
		الرفع والتكميل في الجرح والتعديل	محمد عبد الحي بن محمد عبد الحليم الأنصاري اللكنوي الهندي، أبو الحسنات (المتوفى: 1304هـ)	ShamAY	5973	0.60966
		نهاية الأفكار [ج ١ و ٢]	الشيخ محمد تقي البروجردي النجفي	Rafed	325	0.60966
		الأزهر في ألف عام [ج ٣]	الدكتور محمد عبد المنعم خفاجي	Rafed	2340	0.60966
		تهذيب الأجوبة ط عالم الكتب	أبو عبد الله الحسن بن حامد بن علي بن مروان البغدادي الحنبلي (المتوفى: 403 هـ)	ShamAY	32354	0.60964
		المجموع في ترجمة العلامة المحدث الشيخ حماد بن محمد الأنصاري (رحمه الله)	عبد الأول بن حماد الأنصاري	ShamAY	7467	0.60962
		ما هكذا تورد ياسعد الإبل حوار علمي مع الدكتور ربيع حول منهج المحدثين النقاد القدامى في نقد الأحاديث	الواحدي :: حمزة عبد الله المليباري	ShamAY	36631	0.60962
		المستشرقون والسيرة النبوية	عماد الدين خليل	ShamelaY19	23674	0.60962
		قانون التأويل	القاضي محمد بن عبد الله أبو بكر بن العربي المعافري الاشبيلي المالكي (المتوفى: 543ه)	ShamelaY19	97927	0.60962
		ترجمة القرآن الكريم	أحمد علي عبد الله	ShamAY	10062	0.60959
		شرح الأصول الثلاثة للحازمي	أبو عبد الله، أحمد بن عمر بن مساعد الحازمي	ShamAY	545	0.60957
		العقيدة السلفية فى كلام رب البرية وكشف أباطيل المبتدعة الردية	عبد الله بن يوسف الجديع	ShamelaY19	122091	0.60956
		العرش وما روي فيه - محققا	أبو جعفر محمد بن عثمان بن أبي شيبة العبسي (المتوفى : 297هـ)	ShamAY	12444	0.60954
		البديع في علم العربية	مجد الدين أبو السعادات المبارك بن محمد بن محمد بن محمد ابن عبد الكريم الشيباني الجزري ابن الأثير (المتوفى: 606 ه)	Sham19Y	17905	0.60954
		الأشباه والنظائر للسيوطي	عبد الرحمن بن أبي بكر، جلال الدين السيوطي (المتوفى: 911هـ)	ShamAY	21719	0.60953
		لله وللحقيقة [ج ١ ـ ٢]	الشيخ علي آل محسن	Rafed	3508	0.60953
		المناظر الناظره في احكام العتره الطاهره : كتاب الطهاره	آيت الله العظمي سيد محمد علي علوي گرگاني	Ghbook	13677	0.60953
		اعتماد دعوة الشيخ محمد بن عبد الوهاب على الكتاب والسنة (مطبوع ضمن بحوث ندوة دعوة الشيخ محمد بن عبد الوهاب، الجزء الأول)	مناع بن خليل القطان (المتوفى: 1420ه)	Sham19Y	7511	0.60951
		رسالتان حول العصمه	آيت الله العظمي لطف اللّه صافي گلپايگاني	Ghbook	7654	0.6095
		حاشية الطحطاوي على مراقي الفلاح شرح نور الإيضاح	أحمد بن محمد بن إسماعيل الطحطاوي الحنفي - توفي 1231 هـ	ShamAY	11993	0.60948
		المدائح النبوية في أدب القرنين السادس والسابع للهجرة	ا. د. / ناظم رشيد	ShamAY	23672	0.60948
		الاختيارين المفضليات والأصمعيات	علي بن سليمان بن الفضل، أبو المحاسن، المعروف بالأخفش الأصغر (المتوفى: 315هـ)	ShamAY	136	0.60946
		شهر رمضان شهر البناء و التقدم	آيت الله العظمي سيد محمد حسيني شيرازي	Ghbook	7030	0.60943
		تقريرات ثلاث للبروجردي	السيد حسين البروجردي	Masaha	4975	0.60943
		المناقب و المثالب‏	القاضي نعمان المغربي‏	Masaha	2875	0.60941
		أركان الإسلام ـ الطيار	عبد الله الطيار	ShamAY	35277	0.60939
		رحلة الفرنسي تافرنيية إلى العراق	جان باتيست تاورنية	Masaha	4574	0.60939
		الأخوة أيها الإخوة	أبو العلاء محمد بن حسين بن يعقوب السلفي المصري	ShamAY	31619	0.60938
		تجربتي مع الإعجاز العلمي في السنة النبوية	صالح بن أحمد رضا	ShamAY	11080	0.60938
		الحسين (ع) والوهّابيّة	جلال معاش	Rafed	1546	0.60936
		مقامات بديع الزمان الهمذاني	أبو الفضل أحمد بن الحسين بن يحيى بديع الزمان الهمذاني (المتوفى: 398هـ)	ShamAY	28113	0.60933
		 في رحاب أهل البيت ( ع ) 	 لجنة بحوث المجمع العالمي لأهل البيت ( ع ) 	ABLibrary	8555	0.60933
		الباب الحادي عشر	الحسن بن يوسف بن علي المطّهر [ العلامة الحلّي ]	Rafed	2478	0.60933
		منظومات في سائر الفنون	مجموعة من المؤلفين	ShamAY	36168	0.60932
		الأحاديْثُ المُشْكِلَةُ الواردةُ في تفسير القرآنِ الكريم (عَرْضٌ وَدِراسَةٌ)	د. أحمد بن عبد العزيز بن مُقْرِن القُصَيِّر	ShamAY	121	0.60932
		رد البهتان عن إعراب آيات من القرآن الكريم	د يوسف بن خلف بن محل العيساوي	ShamelaY19	37174	0.60931
		المصطلحات الحديثية بين الاتفاق والافتراق	د راوية بنت عبد الله بن علي جابر	ShamelaY19	142182	0.60931
		أعلام القرآن	أبو هاشم صالح بن عواد بن صالح المغامسي	ShamelaY19	37747	0.60928
		أوهام شعراء العرب في المعاني	أحمد بن إسماعيل بن محمد تيمور (المتوفى: 1348ه)	Sham19Y	5361	0.60928
		 ترحال في الجزيرة العربية 	 جان لوئيس بوركهارت 	ABLibrary	9025	0.60927
		مشارع الأشواق إلى مصارع العشاق ومثير الغرام إلى دار السلام	أحمد بن أبراهيم ابن النحاس :: ابن النحاس الدمشقي الدمياطي	ShamAY	36364	0.60923
		الغرامية في مصطلح الحديث	أبو العباس أحمد بن فرح الإشبيلي (624 - 699 ه)	ShamelaY19	36127	0.60923
		 الحاشية على إلهيات الشرح الجديد للتجريد 	 المحقق الأردبيلي 	ABLibrary	8408	0.60923
		الفقه الميسر في ضوء الكتاب والسنة	مجموعة من المؤلفين	ShamelaY19	22726	0.60921
		نفحات الهدايه ( سيرة المعصومين عليهم الصلاة و السلام )	آيت الله العظمي حسيني	Ghbook	7923	0.60921
		 نظام النكاح في الشريعة الإسلامية الغراء 	 الشيخ السبحاني 	ABLibrary	9605	0.6092
		تلبيس إبليس - الكتاب العربي	عبد الرحمن بن علي بن محمد أبو الفرج ابن الجوزي	ShamAY	33755	0.60919
		القواعد السته عشر	حسن بن جعفر بن خضر نجفي كاشف الغطاء	Ghbook	12076	0.60919
		 صيانة الآثار الإسلامية 	 الشيخ السبحاني 	ABLibrary	8487	0.60918
		مقامات السيوطي	عبد الرحمن بن أبي بكر، جلال الدين السيوطي (المتوفى: 911هـ)	ShamAY	28112	0.60917
		دروس أكاديمية المجد الإسلامية المفتوحة - الفقه وأصوله	أكاديمية المجد الإسلامية المفتوحة	ShamAY	34753	0.60917
		 فقه الشيعة ( الاجتهاد والتقليد ) 	 تقرير بحث السيد الخوئي للخلخالي 	ABLibrary	9432	0.60915
		مفهوم الأسماء والصفات	سعد بن عبد الرحمن ندا	ShamAY	23080	0.60913
		البهائيه في الميزان	جمعي از نويسندگان	Ghbook	7023	0.60912
		الشيعة الجذور والبذور	محمود جابر	Masaha	494	0.60912
		التقريرات المسمى بالمحاكمات بين الأعلام‏	عبد النبي النجفي العراقي	Masaha	2427	0.60911
		المنثور في القواعد الفقهية	أبو عبد الله بدر الدين محمد بن عبد الله بن بهادر الزركشي (المتوفى: 794ه)	ShamelaY19	21592	0.6091
		كن صحابيا	راغب السرجاني	ShamelaY19	37381	0.6091
		تفسير آيات من القرآن الكريم (مطبوع ضمن مؤلفات الشيخ محمد بن عبد الوهاب، الجزء الخامس)	محمد بن عبد الوهاب بن سليمان التميمي النجدي (المتوفى: 1206هـ)	ShamAY	11099	0.60909
		الموقظة في علم مصطلح الحديث	شمس الدين أبو عبد الله محمد بن أحمد بن عثمان بن قَايْماز الذهبي (المتوفى: 748هـ)	ShamAY	8195	0.60908
		الله يتجلى في عصر العلم	مجموعة من المؤلفين	ShamAY	9830	0.60906
		الصيام لجام الشهوات الأربع	صلاح سلطان	ShamAY	35067	0.60904
		المدرّس الأفضل [ج ٣]	الشيخ محمّد علي المدرّس الأفغاني	Rafed	2683	0.60904
		مراقد أهل البيت في القاهرة ومعه كتاب حياة الأرواح بعد الموت‏	محمد زكي إبراهيم	Masaha	4093	0.60902
		الانتصار لسيبويه على المبرد	أبو العباس، أحمد بن محمد بن ولاد التميمي النحوي (المتوفى: 332 ه)	ShamelaY19	29555	0.60901
		 في رحاب أهل البيت ( ع ) 	 لجنة بحوث المجمع العالمي لأهل البيت ( ع ) 	ABLibrary	8569	0.60901
		تنبيه العطشان على مورد الظمآن في الرسم القرآني	الرجراجي، الحسين بن علي	ShamAY	36836	0.609
		نقد القومية العربية على ضوء الإسلام والواقع	عبد العزيز بن عبد الله بن باز (المتوفى: 1420هـ)	ShamAY	31514	0.60899
		الايضاح في شرح المفصل	ابن الحاجب جمال الدين ابوعمرو عثمان بن عمر بن ابي بكر بن يونس المصري الاسنوي المالكي	Ghbook	16340	0.60899
		عارضة الأحوذي بشرح صحيح الترمذي	محمد بن عبد الله بن محمد المعافري، أبو بكر ابن العربي (المتوفى: 543 هـ	ShamAY	35988	0.60898
		المحاضرات المنبريّة في المجالس الصفريّة	الشيخ عبدالأمير عبدالزهره « أبو علي البصري »	Rafed	2700	0.60895
		نظرة في كتاب منهاج السنّة النبويّة لابن تيميّة الحرّاني	العلامة الأميني	Rafed	3418	0.60895
		المقرب و معه مثل المقرب	علي بن مؤمن ابن عصفور	Ghbook	16352	0.60895
		الأمر بالمعروف والنهي عن المنكر	أبو يعلى محمد بن الحسين بن محمد بن خلف الفراء الحنبلي	ShamelaY19	36112	0.60893
		العده  في  اصول  الفقه 	محمد بن حسن شيخ طوسي ( شيخ الطائفه )	Ghbook	15918	0.60891
		المجموع في ترجمة العلامة المحدث الشيخ حماد بن محمد الأنصاري (رحمه الله)	عبد الأول بن حماد الأنصاري	Sham19Y	7467	0.6089
		أنوار الفقاهة (كتاب الحج)	الشيخ حسن كاشف الغطاء	Masaha	902	0.6089
		حقيقة التوحيد أو التوحيد الحقيقي	بديع الزمان سعيد النورسي (المتوفى: 1379هـ)	ShamAY	6472	0.60889
		تدريب الدعاة على الأساليب البيانية	أ. د. : عبد الرب بن نواب الدين بن غريب الدين آل نواب	ShamAY	10056	0.60889
		شرح القواعد السبع من التدمرية	يوسف بن محمد علي الغفيص	ShamAY	31675	0.60888
		ذم الفرقة والاختلاف في الكتاب والسنة	عبد الله بن محمد الغنيمان	ShamAY	10252	0.60888
		المهدي المنتظر .. هذه الخرافة	طه الدليمي	ShamAY	35676	0.60886
		حاشية الدسوقي على مختصر المعاني لسعد الدين التفتازاني (المتوفى: 792 ه) [ومختصر السعد هو شرح تلخيص مفتاح العلوم لجلال الدين القزويني]	محمد بن أحمد الدسوقي	Sham19Y	147062	0.60886
		فصل المقال لابن رشد	أبو الوليد محمد بن أحمد بن محمد بن أحمد بن رشد القرطبي الشهير بابن رشد الحفيد (المتوفى: 595ه)	Sham19Y	12727	0.60886
		تنوير البصائر للنهي عن المناكر	عبد الفتاح حمداش بن عمر بن أحمد زراوي الجزائري السني	ShamAY	33211	0.60884
		موسوعة مواقف السلف في العقيدة والمنهج والتربية (أكثر من 9000 موقف لأكثر من 1000 عالم على مدى 15 قرنًا)	أبو سهل محمد بن عبد الرحمن المغراوي	ShamAY	456	0.60883
		سبل السلام	محمد بن إسماعيل بن صلاح بن محمد الحسني، الكحلاني ثم الصنعاني، أبو إبراهيم، عز الدين، المعروف كأسلافه بالأمير (المتوفى: 1182ه)	Sham19Y	21590	0.60883
		موسوعة مواقف السلف في العقيدة والمنهج والتربية (أكثر من 9000 موقف لأكثر من 1000 عالم على مدى 15 قرنا)	أبو سهل محمد بن عبد الرحمن المغراوي	ShamelaY19	37325	0.60881
		الإسلام لعصرنا الحضارة الغربية ضجة عن الحرية وممارسة للهيمنة الثقافية	جعفر شيخ إدريس	ShamAY	33420	0.6088
		الثاقب في المناقب‏	ابن حمزة الطوسي	Masaha	1923	0.6088
		الاعلام بوجوب الهجرة من دار الكفر الى دار الاسلام	عبد العزيز الجربوع	ShamAY	36126	0.60879
		العلمانية والمذهب المالكي	أبو سفيان مصطفى باحو السلاوي المغربي	Sham19Y	96924	0.60879
		مع الشيخ جاد الحق في إرث العصبة‌	الشيخ لطف الله الصافي	Masaha	3551	0.60879
		أحكام النكاح وآدابه	مجموعة من المؤلفين	ShamAY	36681	0.60877
		الإقتباس من القرآن الكريم [ج ٢]	أبي منصور عبد الملك بن محمّد بن اسماعيل الثعالبي	Rafed	3177	0.60876
		اصول الفقه	محمد رضا مظفر	Ghbook	12183	0.60876
		شرح القصائِد العشر	يحيى بن علي بن محمد الشيبانيّ التبريزي، أبو زكريا (المتوفى: 502هـ)	ShamAY	867	0.60875
		حماسة الظرفاء، من أشعار المحدثين والقدماء	عبد الله بن محمد بن يوسف العبدلكاني الزوزني (المتوفى: 431هـ)	ShamAY	752	0.60874
		العرف الشذي شرح سنن الترمذي	محمد أنور شاه بن معظم شاه الكشميري الهندي (المتوفى: 1353هـ)	ShamAY	119	0.6087
		القوانين الفقهية	أبو القاسم، محمد بن أحمد بن محمد بن عبد الله، ابن جزي الكلبي الغرناطي (المتوفى: 741هـ)	ShamAY	6193	0.6087
		الاختلاط بين الواقع والتشريع	إبراهيم الأزرق	ShamAY	36607	0.60868
		هداية المسترشدين في شرح أصول معالم الدين [ج ٢]	الشيخ محمد تقي الرازي النجفي الاصفهاني	Rafed	3679	0.60866
		 المغرب في حلي المغرب 	 علي بن موسى الغرناطي الأندلسي 	ABLibrary	9220	0.60865
		فتح الودود بشرح منظومة ابن أبي داود المصححة	عبد الله بن محمد بن أحمد الطيار	ShamAY	35279	0.60864
		الزاهر في غريب ألفاظ الشافعي - الكويت	محمد بن أحمد بن الأزهر الأزهري الهروي أبو منصور	ShamAY	34678	0.60863
		شرح القصائد العشر	يحيى بن علي بن محمد الشيباني التبريزي، أبو زكريا (المتوفى: 502ه)	ShamelaY19	37488	0.60863
		الإنسان والسلطة (إشكالية العلاقة وأصولها الإشكالية)	حسين الصديق	ShamAY	37714	0.60862
		فتاوى نور على الدرب لابن باز بعناية الشويعر	عبد العزيز بن عبد الله بن باز (المتوفى: 1420هـ)	ShamAY	107	0.60858
		البدع وأثرها في انحراف التصور الإسلامي	صالح سعد السحيمي	ShamelaY19	22823	0.60858
		قاعدة لاضر ولاضرار / تقريرات	السيد مرتضى الموسوي الخلخالي	Masaha	4034	0.60857
		التعليق الممجد على موطأ محمد (شرح لموطأ مالك برواية محمد بن الحسن)	محمد عبد الحي بن محمد عبد الحليم الأنصاري اللكنوي الهندي، أبو الحسنات (المتوفى: 1304هـ)	ShamAY	9804	0.60851
		أمالي ابن الحاجب	عثمان بن عمر بن أبي بكر بن يونس، أبو عمرو جمال الدين ابن الحاجب الكردي المالكي (المتوفى: 646ه)	ShamelaY19	124755	0.6085
		جهود الشيخ الألباني في بيان عقيدة السلف في الإيمان بالله	أحمد صالح حسين الجبوري	ShamAY	35768	0.60848
		 الدلائل في شرح منتخب المسائل 	 السيد تقي الطباطبائي 	ABLibrary	9709	0.60848
		مصباح المتهجد	محمد بن حسن شيخ طوسي ( شيخ الطائفه )	Ghbook	2612	0.60848
		شرح فروع الكافي - الجزء1	الشيخ محمد هادي المازندراني	Masaha	1423	0.60848
		تفسير سورة محمد	سليمان اللهيميد	ShamAY	33129	0.60846
		حسن المحاضرة في أخبار مصر والقاهرة [ج ١]	جلال الدين عبد الرحمن بن أبي بكر السيوطي	Rafed	2158	0.60846
		أصول التربية الإسلامية وأساليبها في البيت والمدرسة والمجتمع	عبد الرحمن النحلاوي	ShamAY	9969	0.60845
		دروس الشيخ عبد الحي يوسف	أبو عمر عبد الحي بن يوسف	ShamAY	857	0.60844
		 كتاب البيع 	 تقرير بحث السيد الخميني لحسن طاهري 	ABLibrary	9430	0.60844
		شرح الأصول الستة	خالد بن عبد الله بن محمد المصلح	ShamAY	7731	0.60841
		التعادل والترجيح‏	السيد روح الله الموسوي الخميني	Masaha	2421	0.60839
		المشوق إلى القراءة وطلب العلم	علي بن محمد بن حسين العِمران	ShamAY	12300	0.60836
		تبصير الناسك بأحكام المناسك	الواحدي :: وليد السعيدان	ShamAY	36201	0.60835
		نهاية المأمول في شرح كفاية الأصول [ج ١]	الشيخ محمد علي الإجتهادي	Rafed	3771	0.60835
		مصباح الفقاهه	آيت الله العظمي سيد ابوالقاسم خوئي	Ghbook	15150	0.60832
		المعتصر من المختصر من مشكل الآثار	يوسف بن موسى بن محمد، أبو المحاسن جمال الدين المَلَطي الحنفي (المتوفى: 803هـ)	ShamAY	11816	0.6083
		جواهر الكلام [ج ٢٧]	الشيخ محمّد حسن النّجفي	Rafed	661	0.6083
		العتاب بين الأصدقاء	علي بن محمد أبو نصية آل حسين التميمي	ShamelaY19	36074	0.60827
		ما لا يسع التاجر جهله	عبد الله المصلح	ShamAY	36553	0.60824
		فقه الأسرة	محمد بن محمد المختار الشنقيطي	ShamAY	7698	0.60823
		معالم حضارات الشرق الأدني القديم	دكتور محمد أبو المحاسن عصفور	ShamAY	8668	0.60823
		المواهب في تحرير أحكام المكاسب	الشيخ جعفر السبحاني	Masaha	5045	0.60822
		المنهج الربّاني في علاج السحر والعين والمس الشيطاني	عبد الفتاح عبد الغني الهمص	ShamAY	36134	0.60821
		ذريعة الاستغناء في تحقيق الغناء	ملا حبيب الله الكاشاني	Masaha	5128	0.6082
		المفضليات	المفضل بن محمد بن يعلى بن سالم الضبي (المتوفى: نحو 168ه)	Sham19Y	6904	0.60819
		رقية الأبرار رقية قرآنية من العين والحسد والسحر	د. خالد عبد الرحمن الجريسي	ShamAY	10446	0.60818
		أصول الفلسفة	السيد محمد حسين الطباطبائي	Masaha	2500	0.60818
		التعليقات على الأصول الثلاثة - للنجمي		ShamAY	35473	0.60817
		سلامة القرآن من التحريف	علي موسى الكعبي	Rafed	203	0.60812
		الجواهر الكنزية لنظم ما جمع في العزية	أبو عبد الله محمد عبد القادر بن محمد بن المختار بن أحمد العالم القبلوي الجزائري المالكي الشهير بالشيخ باي بلعالم (المتوفى: 1430 هـ)	ShamAY	1684	0.6081
		جلاء الأفهام في فضل الصلاة والسلام على خير الأنام صلى الله عليه وسلم	ابن القيم	ShamAY	38324	0.60808
		تحقيق المطالب بشرح دليل الطالب	أبو المنذر محمود بن محمد بن مصطفى بن عبد اللطيف المنياوي	ShamAY	1101	0.60807
		 البلوغ ، حقيقته ، علامته وأحكامه ( وتليه رسالة في تأثير الزمان والمكان على استنباط الأحكام ) 	 الشيخ السبحاني 	ABLibrary	9557	0.60807
		كتاب الجمع والتجريد في شرح كتاب التوحيد	علي الخضير	ShamAY	35481	0.60806
		من هدي السلف في طلب العلم	أبو ياسر محمد بن مطر بن عثمان آل مطر الزهراني (المتوفى: 1427هـ)	ShamAY	12088	0.60803
		الأزهر في ألف عام [ج ٢]	الدكتور محمد عبد المنعم خفاجي	Rafed	2339	0.60803
		الشيعة قادمون	جمال بدوي	ShamAY	35673	0.60802
		اتجاهات الشعر العربي المعاصر	دكتور إحسان عباس (المتوفى: 1424ه)	Sham19Y	1018	0.60802
		مستمسك العروة الوثقى [ج ٩]	آية الله السيد محسن الطباطبائي الحكيم	Rafed	417	0.608
		عارفا بحقكم	علي شهرستاني	Ghbook	16157	0.608
		علامات المهدي المنتظر في خطب الامام علي و رسائله و احاديثه	مهدي حمد الفتلاوي	Masaha	4063	0.608
		سيرة عمر بن عبد العزيز على ما رواه الإمام مالك بن أنس وأصحابه	عبد الله بن عبد الحكم بن أعين بن ليث بن رافع، أبو محمد المصري (المتوفى: 214هـ)	ShamAY	6656	0.60797
		الأصول في النحو [ج ١]	أبي بكر محمّد بن السريّ بن سهل النحوي « ابن السراج »	Rafed	1976	0.60797
		وقعة الجمل‏	ضامن بن شدقم الحسيني المدني‏	Masaha	4679	0.60797
		موسوعة فقه العبادات	الواحدي :: علي بن نايف الشحود	ShamAY	36106	0.60795
		ابن حماد العبدي وشعره في الغدير	الشيخ عبد الحسين الأميني النجفي	Masaha	15	0.60793
		ارشاد العباد الي استحباب ليس السواد علي سيدالشهدا و الائمه الامجاد ( عليهم السلا...	جعفر طباطبائي حائري	Ghbook	5897	0.60792
		النهاية في غريب الحديث و الأثر - الجزء1	ابن الأثير المبارك بن محمد الجزري	Masaha	969	0.60792
		بحار الأنوار [ج ٦٢]	الشيخ محمّد باقر بن محمّد تقي المجلسي	Rafed	1060	0.60788
		حياه الامام علي بن الحسين ( عليهما السلام ) 	سيد جعفر شهيدي	Ghbook	6379	0.60787
		فتح القدير الجامع بين فني الرواية والدراية من علم التفسير	ابن الشوكاني	ShamAY	34054	0.60786
		الرد على السبكي في مسألة تعليق الطلاق	شيخ الإسلام أحمد بن عبد الحليم بن عبد السلام ابن تيمية (661 - 728 ه)	ShamelaY19	32384	0.60786
		أعلام السنة المنشورة لاعتقاد الطائفة الناجية المنصورة (الكتاب نشر - أيضا - بعنوان: 200 سؤال وجواب في العقيدة الاسلامية)	حافظ بن أحمد بن علي الحكمي (المتوفى: 1377ه)	Sham19Y	30821	0.60786
		شرح التّسهيل المسمّى تمهيد القواعد بشرح تسهيل الفوائد [ج ١]	محمّد بن يوسف بن أحمد [ ناظر الجيش ]	Rafed	1881	0.60786
		يسألونك عن رمضان	حسام الدين بن موسى محمد بن عفانة	ShamAY	948	0.6078
		مطالب أولي النهى في شرح غاية المنتهى	مصطفى بن سعد بن عبده السيوطي شهرة، الرحيبانى مولدا ثم الدمشقي الحنبلي (المتوفى: 1243هـ)	ShamAY	21677	0.60779
		كفاية الأصول [ج ٢]	الشيخ محمد كاظم الخراساني [ الآخوند ]	Rafed	2260	0.60777
		تمسك  العترة الطاهرة باقرآن  الكريم: دراسة تفصيلية حول الايات  التي تمسك بها  ال...	محمد جعفر طبسي	Ghbook	15964	0.60777
		عصمه الحوراء زينب ( سلام الله عليها )	عادل علوي	Ghbook	4568	0.60776
		الروضة من الكافي - الجزء8	ثقة الإسلام أبي جعفر الكليني	Masaha	8	0.60775
		المآخذ على شُرّاح ديوان أبي الطَّيب المُتَنَبِّي	أحمد بن علي بن معقل، أبو العباس، عز الدين الأزدي المُهَلَّبي (المتوفى: 644هـ)	ShamAY	449	0.60773
		محمد بن عبد الوهاب داعية التوحيد والتجديد في العصر الحديث	محمد بهجت الأثري بن محمود أفندي ابن عبد القادر بن أحمد بن محمود (المتوفى: 1416هـ)	ShamAY	5075	0.60773
		المحكم في أصول الفقه [ج ٤]	السيّد محمّد سعيد الطباطبائي الحكيم	Rafed	2987	0.60772
		فوائد من خطبة الوداع	أبو الأشبال حسن الزهيري آل مندوه المنصوري المصري	ShamelaY19	37624	0.60771
		الاعتقادات للشيخ الصدوق	محمد بن علي بن بابويه شيخ صدوق	Ghbook	6743	0.60771
		بحار الأنوار [ج ٨٧]	الشيخ محمّد باقر بن محمّد تقي المجلسي	Rafed	1157	0.60768
		الإسلام والمذاهب الإشتراكية	أبو شكيب محمد تقي الدين بن عبد القادر الهلالي (المتوفى: 1407ه)	Sham19Y	8746	0.60764
		الدروع الواقية	السيد علي بن موسى بن طاووس	Masaha	1021	0.60762
		العزيز شرح الوجيز المعروف بالشرح الكبير ط العلمية	عبد الكريم بن محمد بن عبد الكريم، أبو القاسم الرافعي القزويني (المتوفى: 623هـ)	ShamAY	32380	0.60761
		الشمائل الشريفة	عبد الرحمن بن أبي بكر، جلال الدين السيوطي (المتوفى: 911هـ)	ShamAY	6589	0.6076
		جهود علماء المسلمين في تمييز صحيح السيرة النبوية من ضعيفها	عبد الكريم بن زيد عكوي	ShamAY	11144	0.60759
		تعليق الشيخ محمد العثيمين على النونية	محمد بن صالح العثيمين	ShamAY	35509	0.60756
		الإصابة في الذب عن الصحابة - رضي الله عنهم -	الشيخ الدكتور مازن بن محمد بن عيسى	ShamelaY19	96240	0.60756
		رحلة الكابتن فلوير	بن دغار	Rafed	2411	0.60756
		السلوك في طبقات العلماء والملوك	محمد بن يوسف بن يعقوب، أبو عبد الله، بهاء الدين الجُنْدي اليمني (المتوفى: 732هـ)	ShamAY	6668	0.60755
		النجم الثاقب في احوال الامام الحجه الغائب عجل الله تعالي فرجه الشريف	ميرزا حسين محدث نوري	Ghbook	2040	0.60752
		تيسير البيان لأحكام القرآن	محمد بن علي بن عبد الله بن إبراهيم بن الخطيب اليمني الشافعي المشهور بـ «ابن نور الدين» (المتوفى: 825 هـ)	ShamAY	37998	0.60751
				ShamAY	37976	0.60751
		المسائل العسكريات في النحو العربي	أبو علي الفارسي	ShamAY	32698	0.60751
		ملاحظات على البيجوري في شرح جوهرة التوحيد		ShamAY	35573	0.6075
		الهداية إلى أوهام الكفاية	عبد الرحيم بن الحسن بن علي الإسنوي الشافعيّ، أبو محمد، جمال الدين (المتوفى: 772هـ)	ShamAY	31833	0.60749
		 أعيان الشيعة 	 السيد محسن الأمين 	ABLibrary	79	0.60749
		اصول البحث	الشيخ عبد الهادي الفضلي	Masaha	2366	0.60749
		الأجوبة النافعة عن أسئلة لجنة مسجد الجامعة	أبو عبد الرحمن محمد ناصر الدين، بن الحاج نوح بن نجاتي بن آدم، الأشقودري الألباني (المتوفى: 1420ه)	Sham19Y	7524	0.60747
		يسألونك عن رمضان	حسام الدين بن موسى محمد بن عفانة	Sham19Y	1436	0.60746
		 تاريخ اليمن ( تاريخ طبق الحلوى وصحاف المن والسلوى ) 	 عبد الله بن علي الوزير 	ABLibrary	9014	0.60745
		تفسير مقاتل بن سليمان	مقاتل بن سليمان بلخي	Ghbook	10770	0.60742
		الحديث المعلول قواعد وضوابط	حمزة عبد الله المليباري	ShamAY	37260	0.60741
		شرح الرضيّ على الكافية [ج ٢]	محمّد بن الحسن الرضي الاسترآبادي	Rafed	1799	0.60741
		الأجوبة النافعة عن أسئلة لجنة مسجد الجامعة	أبو عبد الرحمن محمد ناصر الدين، بن الحاج نوح بن نجاتي بن آدم، الأشقودري الألباني (المتوفى: 1420هـ)	ShamAY	7524	0.6074
		تيسير مصطلح الحديث	أبو حفص محمود بن أحمد بن محمود طحان النعيمي	ShamAY	8681	0.60739
		موسوعة الإمام الخوئي [ج ٢٣]	الشيخ مرتضى البروجردي	Rafed	1624	0.60739
		الميسر في حياة الخلفاء الراشدين	علي بن نايف الشحود	ShamAY	35791	0.60738
		التدريب وأهميته في العمل الإسلامي	مُحَمَّد بن حَسَن بْن عَقيل مُوسَى الشَّريْف	ShamAY	316	0.60732
		تنبيهات على أحكام تختص بالمؤمنات	صالح بن فوزان بن عبد الله الفوزان	ShamAY	31254	0.60731
		مصباح الفقيه [ج ١]	الشيخ آقا رضا الهمداني	Rafed	1860	0.60731
		مجلة «المعرفة» السورية	عادل العوا	ShamelaY19	73354	0.6073
		مثل ما بعثني الله	فالح بن محمد الصغير	ShamAY	35970	0.60729
		التيجَان في مُلوك حِمْيَرْ	عبد الملك بن هشام بن أيوب الحميري المعافري، أبو محمد، جمال الدين (المتوفى: 213هـ) يرويه عن أسد بن موسى عن أبي إدريس ابن سنان عن جده لأمه وهب بن منبه رضي الله عنهم	ShamAY	681	0.60729
		هداية العقول في شرح كفاية الأصول‏  - الجزء1	السيد محمد علي‏ الموسوي الحمامي	Masaha	4811	0.60729
		الغيث الهامع شرح جمع الجوامع	ولي الدين أبي زرعة أحمد بن عبد الرحيم العراقي (ت: 826هـ)	ShamAY	31822	0.60726
		الخرائج و الجرائح - الجزء1	القطب الراوندي	Masaha	1018	0.60725
		صورة الأرض	محمد بن حوقل البغدادي الموصلي، أبو القاسم (المتوفى: بعد 367ه)	Sham19Y	11780	0.60724
		محمد بن عبد الوهاب مصلح مظلوم ومفترى عليه	مسعود الندوي	ShamAY	1510	0.60722
		 البرق المتألق في محاسن جلق 	 محمد بن مصطفى ابن الراعي 	ABLibrary	8966	0.6072
		اعلام الهدايه (الامام المهدي عجل الله تعالي فرجه الشريف)	مجمع جهاني اهل بيت عليهم السلام	Ghbook	6572	0.6072
		مستدرك الوسائل [ج ١٣]	الشيخ حسين النوري الطبرسي [ المحدّث النوري ]	Rafed	1194	0.60717
		‏الشيخ الانصاري : رائد النهضة العلمية الحديثة	الشيخ جعفر السبحاني	Masaha	2822	0.60717
		الإنصاف فيما قيل في المولد من الغلو والإجحاف	جابر بن موسى بن عبد القادر بن جابر أبو بكر الجزائري	ShamAY	12913	0.60714
		رقائق القرآن	أبو عمر إبراهيم بن عمر السكران المشرف الوهبي التميمي	ShamAY	32137	0.60712
		«خصائص سيد العالمين وما له من المناقب العجائب على جميع الأنبياء عليهم السلام» (مطبوع مع: منهج الإمام جمال الدين السرمري في تقرير العقيدة)	السرمري، جمال الدين	ShamelaY19	20594	0.60712
		 سرح العيون بشرح ما في النبات من الفنون 	 المناوي 	ABLibrary	9964	0.6071
		دروس تمهيدية في القواعد الفقهية - الجزء1	الشيخ باقر الإيرواني	Masaha	4973	0.6071
		أنا اللغة	فضيلة الشيخ علي محمد حسن العماري	ShamAY	37183	0.60708
		كتاب الحاوى الكبير ـ الماوردى	العلامة أبو الحسن الماوردى	ShamAY	34249	0.60706
		أوهام شعراء العرب في المعاني	أحمد بن إسماعيل بن محمد تيمور (المتوفى: 1348هـ)	ShamAY	5361	0.60706
		من وهج العشق الحسيني	عبدالحليم غزي	Ghbook	5990	0.60706
		مختصر الإفادات في ربع العبادات والآداب وزيادات	الإمام محمد بن بدر الدين بن بلبان الدمشقي الحنبلي (1006 - 1083 ه)	Sham19Y	147311	0.60705
		 نظرة في كتاب منهاج السنة النبوية ( من فيض الغدير ) 	 الشيخ الأميني 	ABLibrary	8666	0.60705
		كيف اكون موفقا في الحياه	عادل علوي	Ghbook	4628	0.60704
		اسطورة التحريف	محمود الشريفي	Rafed	1299	0.607
		موسوعة عبد الله بن عبّاس [ج ٥]	السيد محمد مهدي السيد حسن الموسوي الخرسان	Rafed	1173	0.607
		الفرقان في تفسير القرآن بالقرآن والسنّة [ج ٤]	الشيخ محمد الصادقي	Rafed	3010	0.60698
		تفسير الشيخ أحمد حطيبة	الشيخ الطبيب أحمد حطيبة	ShamAY	110	0.60697
		عوالي اللئالي العزيزية - الجزء1	ابن أبي جمهور	Masaha	1108	0.60697
		أعلام السنة المنشورة لاعتقاد الطائفة الناجية المنصورة (الكتاب نشر - أيضا - بعنوان: 200 سؤال وجواب في العقيدة الاسلامية)	حافظ بن أحمد بن علي الحكمي (المتوفى: 1377ه)	ShamelaY19	30821	0.60695
		إلى ربات الخدور لأبو أنس أبو لوز	أبو أنس بن علي أبو لوز	ShamAY	35168	0.60694
		الشيعة الجذور والبذور	محمود جابر	Rafed	1205	0.60694
		أزواج بالكذب	عبد الله بن ضيف الله الرحيلي	ShamAY	7500	0.60693
		صيانه القرآن الكريم من التحريف	المجمع العالمي لاهل البيت عليهم السلام	Ghbook	7668	0.60693
		مقالات تاسيسية في الفكر الاسلامي	محمد حسين طباطبايي	Ghbook	12181	0.60692
		فقه الصيام والحج من دليل الطالب	حمد بن عبد الله بن عبد العزيز الحمد	ShamelaY19	36580	0.6069
		نهاية المرام في شرح مختصر شرائع الإسلام - الجزء1	محمد بن علي الموسوي العاملي	Masaha	1227	0.60688
		تسبيح ومناجاة وثناء على ملك الأرض والسماء	محمد بن حسن بن عقيل موسى الشريف	Sham19Y	36529	0.60687
		السُنَّة المطهرة والتحديات	نور الدين محمد عتر الحلبي، أستاذ التفسير وعلوم القرآن والحديث وعلومه في كليات الشريعة والآداب في جامعتي دمشق وحلب	ShamAY	608	0.60686
		تحرير المعالم في اصول الفقه	علي مشكيني اردبيلي	Ghbook	15682	0.60684
		الفتنة ووقعة الجمل	سيف بن عمر الأسدي التَّمِيمي (المتوفى: 200هـ)	ShamAY	7536	0.60683
		التحذير من البدع	عبد العزيز بن عبد الله بن باز (المتوفى: 1420ه)	ShamelaY19	30917	0.60683
		التقويم الدعوي	محمد أحمد الراشد	ShamAY	33339	0.6068
		رساله في قاعده ضمان اليد	فضل اللّٰه بن عباس نوري	Ghbook	11288	0.6068
		الاختلاط بين الرجال والنساء - مفهومه، وأنواعه، وأقسامه، وأحكامه، وأضراره في ضوء الكتاب والسنة وآثار الصحابة - رضي الله عنهم -	د. سعيد بن على بن وهف القحطاني	ShamelaY19	96456	0.60679
		المستجاد من فعلات الأجواد	المحسن بن علي بن محمد بن أبي الفهم داود التنوخي البصري، أبو علي (المتوفى: 384ه)	Sham19Y	768	0.60678
		احكام الاموات الي حين الدفن و الانصراف	حسن بن جعفر بن خضر نجفي كاشف الغطاء	Ghbook	12079	0.60678
		البداية والكفاية	الشيخ محمد تقي الفقيه	Masaha	2418	0.60678
		 القول الفاصل في الرد على مدعي التحريف 	 السيد المرعشي 	ABLibrary	8575	0.60676
		الحدود في الأصول (مطبوع مع: الإشارة في أصول الفقه)	أبو الوليد سليمان بن خلف بن سعد بن أيوب بن وارث التجيبي القرطبي الباجي الأندلسي (المتوفى: 474 هـ)	ShamAY	32523	0.60675
		تراثنا ـ العدد [ 14 ]	مؤسسة آل البيت عليهم السلام لإحياء التراث ـ قم	Rafed	2728	0.60674
		الإنصاف في مسائل الخلاف بين النحويين: البصريين والكوفيين	عبد الرحمن بن محمد بن عبيد الله الأنصاري، أبو البركات، كمال الدين الأنباري (المتوفى: 577هـ)	ShamAY	7362	0.60672
		 منافع الأغذية ودفع مضارها 	 محمد بن زكريا الرازي 	ABLibrary	9830	0.60672
		الإمام علي بن الحسين عليه السلام دراسة تحليلية..	مختار الأسدي	Rafed	1195	0.60672
		غاية المقال فيما يتعلق بالنعال	الإمام محمد عبد الحي اللكنوي (ت1304هـ)	ShamAY	36022	0.60671
		المفيد في شرح أصول الفقه‏  - الجزء1	ابراهيم شهركاني	Masaha	3576	0.60669
		الإجازة رسمية وليست عبادية	الواحدي :: عبد الله قادري الأهدل	ShamAY	35046	0.60667
		شرح سنن أبي داود للعباد	عبد المحسن بن حمد بن عبد المحسن بن عبد الله بن حمد العباد البدر	ShamelaY19	37052	0.60667
		نماذج الأصول في شرح مقالات الأصول [ج ٢]	السيد عباس المدرّسي اليزدي	Rafed	3778	0.60667
		تحبير الوريقات بشرح الثلاثيات	أبو وداعة وليد بن صبحى الصعيدى	ShamelaY19	36582	0.60666
		الردة مع نبذة من فتوح العراق وذكر المثنى بن حارثة الشيباني	محمد بن عمر بن واقد السهمي الأسلمي بالولاء، المدني، أبو عبد الله، الواقدي (المتوفى: 207ه)	Sham19Y	12222	0.60666
		سبل السلام	محمد بن إسماعيل بن صلاح بن محمد الحسني، الكحلاني ثم الصنعاني، أبو إبراهيم، عز الدين، المعروف كأسلافه بالأمير (المتوفى: 1182هـ)	ShamAY	32028	0.60663
		قضية التكفير بين أهل السنة وفرق الضلال في ضوء الكتاب والسنة	د. سعيد بن علي بن وهف القحطاني	ShamelaY19	96514	0.60661
		كتاب سيبويه [ج ١]	أبو بشر عمرو بن عثمان [ سيبويه ]	Rafed	2542	0.60661
		 بحار الأنوار 	 العلامة المجلسي 	ABLibrary	775	0.6066
		المآخذ على شراح ديوان أبي الطيب المتنبي	أحمد بن علي بن معقل، أبو العباس، عز الدين الأزدي المهلبي (المتوفى: 644ه)	ShamelaY19	37057	0.60658
		المستجاد من فعلات الأجواد	المحسن بن علي بن محمد بن أبي الفهم داود التنوخي البصري، أبو علي (المتوفى: 384هـ)	ShamAY	768	0.60657
		شرح الأصول الخمسة	عبد الجبّار بن أحمد الهمداني الأسدآبادي	Rafed	3424	0.60656
		حب الله نماذج و صور	عادل علوي	Ghbook	4618	0.60656
		غاية المرام في شرح شرائع الإسلام - الجزء1	المفلح بن حسن الصيمري	Masaha	1116	0.60653
		كتاب القضاء [ج ٢]	ميرزا حبيب الله الرشتي	Rafed	1317	0.60652
		ذريعة الاستغناء في تحقيق الغناء	ملا حبيب الله شريف كاشاني	Ghbook	11267	0.60652
		تفسير الرازي = مفاتيح الغيب أو التفسير الكبير	أبو عبد الله محمد بن عمر بن الحسن بن الحسين التيمي الرازي الملقب بفخر الدين الرازي خطيب الري (المتوفى: 606هـ)	ShamAY	31578	0.60651
		بحوث ومقالات في اللغة والأدب وتقويم النصوص (مقالات محمد أجمل الإصلاحي)	د. محمد أجمل أيوب الإصلاحي	Sham19Y	18270	0.6065
		شرح صحيح البخاري - أسامة سليمان	أسامة علي محمد سليمان	ShamelaY19	37771	0.60649
		شرح كتاب سيبويه	أبو سعيد السيرافي الحسن بن عبد الله بن المرزبان (المتوفى: 368 هـ)	ShamAY	32582	0.60648
		شرح صحيح البخاري - أسامة سليمان	أسامة علي محمد سليمان	ShamAY	887	0.60646
		 مجلة فقه أهل البيت ( ع ) 	 مجموعة مؤلفين 	ABLibrary	9745	0.60646
		السجاد علي عليه السلام 	حسين شاكري	Ghbook	6364	0.60643
		أبُو ذر الغفاري رمز اليقظة في الضمير الإنساني	الشيخ محمد جواد آل الفقيه	Masaha	522	0.60643
		التعليقات البازية على كتاب التوحيد		ShamAY	35472	0.60641
		أساليب الدعوة إلى الله في القرآن الكريم	أبو المجد سيد نوفل	ShamAY	22748	0.60641
		المدائح النبوية حتى نهاية العصر الملوكي	د محمود سالم محمد	ShamAY	23671	0.6064
		كتاب الألفين - الجزء1	العلامة الحلي	Masaha	4040	0.6064
		أدلة تحريم حلق اللحية	محمد بن أحمد بن إسماعيل المقدم	ShamAY	31615	0.60639
		كتاب الصوم (للشيخ الأنصاري)	الشيخ مرتضى الأنصاري	Masaha	821	0.60639
		تاريخ السنة النبوية	صائب عبد الـحميد	Masaha	195	0.60639
		الاقصي المبارك	آيت الله العظمي سيد محمد حسيني شيرازي	Ghbook	7874	0.60638
		النصر العزيز على الرد الوجيز حوار مع عبدالرحمن عبدالخالق	ربيع بن هادي المدخلي	ShamAY	33022	0.60637
		الانتصار للسلف الأخيار: نقد لكتاب «أسماء الله الحسنى» للدكتور: محمود عبدالرازق الرضواني	محمد محب الدين أبو زيد	ShamelaY19	19449	0.60637
		تكوين الملكة الفقهية	أ. د. محمد عثمان شبير	ShamAY	37562	0.60635
		الرد الأثري على البيجوري في جوهرة التوحيد		ShamAY	35728	0.60635
		عصمة الأنبياء عليهم السلام	زين العابدين عبد علي طاهر الكعبي	Rafed	809	0.60635
		من قصص المستبدين	آيت الله العظمي سيد محمد حسيني شيرازي	Ghbook	7840	0.60635
		مقالات حول مباحث الألفاظ	السيد علي الموسوي البهبهاني	Masaha	4366	0.60635
		تحفة الحكَّام في نكت العقود والأحكام	محمد بن محمد بن محمد، أبو بكر ابن عاصم القيسي الغرناطي (المتوفى: 829هـ)	ShamAY	1239	0.60634
		حديث تركت فيكم أمرين دراسة لمصدرية التلقي في هذا الدين	فالح بن محمد الصغير	ShamAY	35986	0.60633
		رسالة في آلام الأطفال وتشوهاتهم الخلقية	وسيم فتح الله	ShamAY	33223	0.60632
		القرآن وعلوم الأرض	محمد سميح عافية	ShamelaY19	23144	0.60632
		شرح (التبصرة والتذكرة = ألفية العراقي)	أبو الفضل زين الدين عبد الرحيم بن الحسين بن عبد الرحمن بن أبي بكر بن إبراهيم العراقي (المتوفى: 806هـ)	ShamAY	1779	0.60631
		كن صحابيا	راغب السرجاني	ShamAY	849	0.6063
		الموسوعة القرانية المتخصصة	محمود حمدي زقروق	Ghbook	9443	0.6063
		تذكرة الخواص‏	سبط بن الجوزي‏	Masaha	1954	0.6063
		الحوار مع أتباع الأديان - مشروعيته وآدابه	منقذ بن محمود السقار	ShamelaY19	95567	0.60628
		شرح كشف الشبهات- صالح آل السيخ	صالح آل الشيخ	ShamAY	34738	0.60627
		الغدير في الكتاب العزيز	الشيخ عبد الحسين الأميني النجفي	Masaha	366	0.60625
		رد البهتان عن إعراب آيات من القرآن الكريم	د يوسف بن خلف بن محل العيساوي	ShamAY	1470	0.60624
		اثبات الوصيه للامام علي بن ابي طالب عليه السلام	ابوالحسين علي بن حسين بن علي هذلي مسعودي	Ghbook	9199	0.60624
		موسوعه في ظلال شهداء الطف	حيدر الصمياني	Ghbook	15684	0.60623
		معجم لغة الفقهاء	محمد رواس قلعجي - حامد صادق قنيبي	ShamAY	1214	0.60621
		 موسوعة العتبات المقدسة 	 جعفر الخليلي 	ABLibrary	9248	0.60621
		حقوق الانسان عند اهل البيت (عليهم السلام)	علي كوراني	Ghbook	15140	0.60621
		أحكام المحبوسين في الفقه الجعفري	الشيخ محمد باقر الخالصي	Masaha	4899	0.6062
		أحاديث يحتج بها الشيعة	عبد الرحمن محمد سعيد دمشقية	ShamAY	35281	0.60619
		الإِعلامُ بـ حُرمةِ أهلِ العلمِ والإِسلامِ	محمد بن أحمد بن إسماعيل المقدم	ShamAY	1972	0.60618
		موسوعة الإمام الخوئي [ج ٣٣]	السيّد محمّد تقي الخوئي	Rafed	1663	0.60612
		بحار الأنوار [ج ٤]	الشيخ محمّد باقر بن محمّد تقي المجلسي	Rafed	507	0.60611
		السيرة النبوية كما جاءت في الأحاديث الصحيحة	أبو عمر، محمد بن حمد الصوياني	ShamelaY19	123668	0.60609
		ترتيب المدارك وتقريب المسالك	أبو الفضل القاضي عياض بن موسى اليحصبي (المتوفى: 544ه)	ShamelaY19	31215	0.60609
		أسئلة القرآن المجيد وأجوبتها	محمّد بن أبي بكر بن عبدالقادر الرازي	Rafed	3099	0.60609
		شرح عمدة الفقه - الراجحي	عبد العزيز بن عبد الله بن عبد الرحمن الراجحي	ShamAY	381	0.60608
		وبل الغمامة في شرح عمدة الفقه لابن قدامة	الأستاذ الدكتور/ عبد الله بن محمد بن أحمد الطيار	ShamelaY19	145206	0.60607
		 دور أهل البيت ( ع ) في بناء الجماعة الصالحة 	 السيد محمد باقر الحكيم 	ABLibrary	972	0.60605
		تحبير الوريقات بشرح الثلاثيات	أبو وداعة وليد بن صبحى الصعيدى	ShamAY	606	0.60604
		الحقوق الإجتماعية في الإسلام	الناشر: مركز الرسالة	Rafed	12	0.60603
		مصباح الفقاهة - الجزء1	الشيخ محمد علي التوحيدي	Masaha	850	0.60603
		شرح مقدمة كشف الشبهات - صالح آل الشيخ	صالح آل الشيخ	ShamAY	34742	0.60602
		فتاوى في التوحيد	عبد الله بن عبد الرحمن بن عبد الله بن إبراهيم بن فهد بن حمد بن جبرين (المتوفى: 1430هـ)	ShamAY	598	0.60601
		تحريرات في الأصول‏  - الجزء1	السيد مصطفى الموسوي الخميني	Masaha	3205	0.60599
		طريقك إلى تقوية إيمانك	أسماء بنت راشد بن عبد الرحمن الرويشد	ShamAY	237	0.60598
		أنوار الفقاهة (كتاب الصيام)	الشيخ حسن كاشف الغطاء	Masaha	909	0.60598
		تحريرات في الأصول‏ - الجزء1	السيد مصطفى الموسوي الخميني	Masaha	2715	0.60598
		رسالة ابن القيم إلى أحد إخوانه	محمد بن أبي بكر بن أيوب بن سعد شمس الدين ابن قيم الجوزية (المتوفى: 751ه)	Sham19Y	6666	0.60597
		كيف تؤثرين على زوجك		ShamAY	34923	0.60591
		التحالف السياسي في الإسلام	منير محمد الغضبان	ShamelaY19	95662	0.60591
		العقيدة السلفية فى كلام رب البرية وكشف أباطيل المبتدعة الردية	عبد الله بن يوسف الجديع	ShamAY	31689	0.60589
		 ذخيرة العقبى في شرح العروة الوثقى 	 الشيخ علي الصافي الگلبايگاني 	ABLibrary	9515	0.60589
		المنثور في القواعد الفقهية	أبو عبد الله بدر الدين محمد بن عبد الله بن بهادر الزركشي (المتوفى: 794ه)	Sham19Y	21592	0.60586
		كفاية الأحكام - الجزء1	المحقق السبزواري	Masaha	1289	0.60586
		 كتاب الزكاة 	 الشيخ المنتظري 	ABLibrary	9527	0.60585
		كيف اهتديت إلى التوحيدوالصراط المستقيم	الواحدي	ShamAY	35418	0.60583
		الكبائر من الذنوب	حسين الشاكري	Ghbook	4638	0.60583
		الرقية الشرعية	د خالد بن عبد الرحمن بن علي الجريسي	ShamAY	21518	0.60581
		رياض المسائل في تحقيق الاحكام بالدّلائل [ج ١٣]	السيد علي بن السيد محمد علي الطباطبائي	Rafed	323	0.6058
		قاعدة لا ضرر ولا ضرار	السيد محمد باقر الصدر	Masaha	5100	0.6058
		مجلة «المعرفة» السورية	عادل العوا	ShamAY	467	0.60579
		نهاية الدراية في شرح الكفاية - الجزء1	الشيخ محمد حسين الأصفهاني	Masaha	4729	0.60578
		المفردات في غريب القرآن	أبو القاسم الحسين بن محمد المعروف بالراغب الأصفهانى (المتوفى: 502ه)	ShamelaY19	23636	0.60577
		المعاملات المالية أصالة ومعاصرة	أبو عمر دبيان بن محمد الدبيان	Sham19Y	14474	0.60576
		أجود التقريرات‏ - الجزء1	السيد أبو القاسم الموسوي الخوئي	Masaha	2374	0.60573
		بهجة النفوس والأسرار في تاريخ دار هجرة النبي المختار  - الجزء1	عبد الله بن عبد الملك المرجاني	Masaha	3955	0.60573
		إرشاد الغبي إلى مذهب أهل البيت في صحب النبي صلى الله عليه وسلم	الشوكاني	ShamAY	36050	0.60572
		الرد على من كذب بالأحاديث الصحيحة الواردة في المهدي	عبد المحسن بن حمد بن عبد المحسن بن عبد الله بن حمد العباد البدر	ShamAY	22951	0.60572
		الكبائر للذهبي	تنسب لشمس الدين أبي عبد الله محمد بن أحمد بن عثمان بن قَايْماز الذهبي (المتوفى: 748هـ)	ShamAY	6848	0.60572
		الإلحاد والظلم في المسجد الحرام بين الإرادة والتنفيذ	د محمد بن سعد بن عبد الرحمن آل سعود	ShamAY	8766	0.60572
		الاختيار لتعليل المختار	عبد الله بن محمود بن مودود الموصلي البلدحي، مجد الدين أبو الفضل الحنفي (المتوفى: 683هـ)	ShamAY	1066	0.60572
		صيانة الآثار الإسلاميّة	الشيخ جعفر السبحاني	Rafed	3525	0.60572
		الشيعة الروافض طائفة شرك وردة	عبد المنعم مصطفى حليمة " أبو بصير "	ShamAY	35671	0.60571
		الأقسام في القرآن الكريم	الشيخ جعفر السبحاني	Rafed	3170	0.6057
		شرح «أدب القاضي للخصاف» للصدر الشهيد ت سرحان	برهان الأئمة حسام الدين عمر بن عبد العزيز بن مازة البخاري المعروف بالصدر الشهيد (المتوفى شهيدا: سنة 536 ه)	ShamelaY19	150967	0.60564
		نهج البيان عن كشف معاني القرآن [ج ٢]	محمّد بن الحسن الشيباني	Rafed	1629	0.60564
		دروس أكاديمية المجد الإسلامية المفتوحة - الحديث وعلومه	أكاديمية المجد الإسلامية المفتوحة	ShamAY	34752	0.60562
		الإنصاف في مسائل الخلاف بين النحويين: البصريين والكوفيين	عبد الرحمن بن محمد بن عبيد الله الأنصاري، أبو البركات، كمال الدين الأنباري (المتوفى: 577ه)	Sham19Y	7362	0.60562
		الرسالة القبرصية - نسخة أخرى مشكولة	الواحدي :: ابن تيمية	ShamAY	34378	0.60561
		خصائص النظم في «خصائص العربية» لأبي الفتح عثمان بن جني	حسن بن إسماعيل بن حسن بن عبد الرازق الجناجي رئيس قسم البلاغة بجامعة الأزهر (المتوفى: 1429 ه)	ShamelaY19	151015	0.60561
		 إظهار الحق 	 رحمة الله بن خليل الرحمن الهندي 	ABLibrary	8338	0.60559
		كتاب المراتب في فضائل أمير المؤمنين و سيد الوصيين(ع)	أبو القاسم إسماعيل بن أحمد البستي‏	Masaha	2490	0.60558
		وقعة الجمل	ضامن بن شدقم بن علي الحسيني المدني	Rafed	241	0.60557
		الأرج المسكي في التاريخ المكي وتراجم الملوك والخلفاء	علي بن عبد القادر الطبري	Masaha	4487	0.60557
		تلبيس إبليس	جمال الدين أبو الفرج عبد الرحمن بن علي بن محمد الجوزي (المتوفى: 597هـ)	ShamAY	11438	0.60556
		التطور والثبات في حياة البشرية	الواحدي :: محمد قطب	ShamAY	33320	0.60555
		مرآة الرشاد في الوصية الي الاحبة و الذرية و الاولاد	ملا عبد اللّٰه بن محمد حسن مامقاني	Ghbook	16409	0.60554
		حقائق الأصول [ج ١]	آية الله السيد محسن الطباطبائي الحكيم	Rafed	3653	0.60553
		 المفاتيح الوجودية والقرآنية لكتاب فصوص الحكم لابن العربي 	 عبد الباقي مفتاح 	ABLibrary	8870	0.60552
		الدر المنضود في أحكام الحدود - الجزء1	السيد محمد رضا الگلپايگاني	Masaha	4917	0.60552
		لئالي الاصول	آيت الله العظمي سيد محمد علي علوي گرگاني	Ghbook	13895	0.60551
		تعليم المعلمات الأطفال الذكور رؤية شرعية	صادق الهادي	ShamAY	36660	0.6055
		تاريخ الخلفاء الراشدين الفتوحات والإنجازات السياسية	د محمد سهيل طقوش	ShamAY	9911	0.60549
		المتكلم و الصفات	آيت الله العظمي جعفر سبحاني	Ghbook	5054	0.60548
		النبوة والأنبياء في اليهودية والمسيحية والإسلام	أحمد عبد الوهاب	ShamelaY19	22862	0.60547
		صفة صلاة النبي صلى الله عليه وسلم من التكبير إلى التسليم كأنك تراها	محمد ناصر الدين الألباني (المتوفى: 1420ه)	Sham19Y	657	0.60546
		فتح العزيز بشرح الوجيز = الشرح الكبير [وهو شرح لكتاب الوجيز في الفقه الشافعي لأبي حامد الغزالي (المتوفى: 505 ه) ]	عبد الكريم بن محمد الرافعي القزويني (المتوفى: 623ه)	Sham19Y	1142	0.60545
		شرح كتاب الصيام من عمدة الفقه - عبد الكريم الخضير	عبد الكريم الخضير	ShamAY	163	0.60544
		من محاسن الدين الإسلامي	الواحدي :: عبد العزيز السلمان	ShamAY	33398	0.60544
		موسوعة الإعجاز العلمي في القرآن والسنة	النابلسي، محمد راتب	ShamAY	1444	0.60544
		تاريخ النّياحة على الإمام الشهيد الحسين بن علي عليهما السلام [ج ١]	السيد صالح الشهرستاني	Rafed	281	0.60543
		دروس الشيخ عبد المحسن العباد	عبد المحسن بن حمد بن عبد المحسن بن عبد الله بن حمد العباد البدر	Sham19Y	36993	0.60542
		إسفار الفصيح	محمد بن علي بن محمد، أبو سهل الهروي (المتوفى: 433هـ)	ShamAY	11724	0.60541
		إستقصاء الإعتبار [ج ٦]	الشيخ محمّد بن الحسن بن الشّهيد الثّاني	Rafed	575	0.60541
		البديع في علم العربية	مجد الدين أبو السعادات المبارك بن محمد بن محمد بن محمد ابن عبد الكريم الشيباني الجزري ابن الأثير (المتوفى: 606 هـ)	ShamAY	32520	0.60538
		انتقادات موجهة للطب النبوي	معتز الخطيب	ShamAY	34903	0.60537
		فوائد من خطبة الوداع	أبو الأشبال حسن الزهيري آل مندوه المنصوري المصري	Sham19Y	37624	0.60537
		المنار المنيف في الصحيح والضعيف = نقد المنقول والمحك المميز بين المردود والمقبول	محمد بن أبي بكر بن أيوب بن سعد شمس الدين ابن قيم الجوزية (المتوفى: 751هـ)	ShamAY	8566	0.60536
		تفسير الرازي: مفاتيح الغيب ـ العلمية	الإمام العالم العلامة والحبر البحر الفهامة فخر الدين محمد بن عمر التميمي الرازي الشافعي	ShamAY	34044	0.60534
		 تنبيه المغترين 	 عبد الوهاب الشعراني 	ABLibrary	8838	0.60534
		عمدة الأصول‏  - الجزء1	السيد محسن الخرازي	Masaha	4003	0.60533
		نظرة في كتاب البداية والنهاية	العلامة الأميني	Rafed	3617	0.60531
		 بحار الأنوار 	 العلامة المجلسي 	ABLibrary	748	0.6053
		المفضليات	المفضل بن محمد بن يعلى بن سالم الضبي (المتوفى: نحو 168هـ)	ShamAY	6904	0.60529
		 تاريخ المستبصر 	 ابن المجاور 	ABLibrary	9001	0.60529
		أولياء الصوفية عند ابن تيمية في الفرقان		ShamAY	35380	0.60527
		إيصال السالك في أصول الإمام مالك	الولاتي الشنقيطي	ShamAY	37499	0.60527
		علم الأخلاق الإسلامية	مقداد يالجن محمد علي	ShamAY	11293	0.60525
		معجم القواعد العربيّة	عبد الغني الدقر	Rafed	2710	0.60525
		 شرح الأسماء الحسنى 	 السيد حسين الهمداني الدرود آبادي 	ABLibrary	8453	0.60523
		مختصر المعاني	مسعود بن عمر بن عبدالله [ سعد الدين التفتازاني ]	Rafed	2556	0.60523
		وفيات الأعيان وأنباء أبناء الزمان	أبو العباس شمس الدين أحمد بن محمد بن إبراهيم بن أبي بكر ابن خلكان البرمكي الإربلي (المتوفى: 681هـ)	ShamAY	1000	0.60522
		لسان العرب	محمد بن مكرم ابن منظور	Ghbook	7322	0.60522
		أسرار العربية	عبد الرحمن بن محمد بن عبيد الله الأنصاري، أبو البركات، كمال الدين الأنباري (المتوفى: 577هـ)	ShamAY	7502	0.6052
		المؤتمر العالمي لتوجيه الدعوة وإعداد الدعاة	-	ShamAY	8903	0.60519
		رسائل فلسفية لابن باجه	محمد بن يحيى بن باجه، وقد يعرف بابن الصائغ، أبو بكر التجيبى الأندلسي السرقسطى (المتوفى: 533هـ)	ShamAY	8301	0.60518
		تنبيه الغافلين وإرشاد الجاهلين عما يقع لهم من الخطأ حال تلاوتهم لكتاب الله المبين	علي بن محمد بن سالم، أبو الحسن النوري الصفاقسي (المتوفى: 1118هـ)	ShamAY	10929	0.60516
		المستشرقون والسيرة النبوية	عماد الدين خليل	ShamAY	23674	0.60516
		مقومات الداعية الناجح في ضوء الكتاب والسنة - مفهوم، ونظر، وتطبيق	د. سعيد بن علي بن وهف القحطاني	ShamelaY19	96524	0.60516
		أنواع التصنيف المتعلقة بتفسير القرآن الكريم	د مساعد بن سليمان بن ناصر الطيار	Sham19Y	13893	0.60514
		نكت النهاية - الجزء1	المحقق الحلي	Masaha	1046	0.60514
		حاشية العطار على شرح الجلال المحلي على جمع الجوامع	حسن بن محمد بن محمود العطار الشافعي (المتوفى: 1250هـ)	ShamAY	21608	0.60513
		منهج الدميري في كتابه حياة الحيوان	إبراهيم بن عبد الله المديهش	ShamelaY19	145430	0.60512
		تسلية أهل المصائب	محمد بن محمد بن محمد، شمس الدين المنبجي (المتوفى: 785ه)	ShamelaY19	21502	0.60511
		تعريب رحلات في فارس‏  - الجزء1	جان شاردن	Masaha	4119	0.60511
		تفسير القرآن الكريم «سورة سبأ»	محمد بن صالح العثيمين	ShamelaY19	150303	0.60509
		 نخب الذخائر في أحوال الجواهر 	 محمد بن ابراهيم الأنصاري ( ابن الأكفاني ) 	ABLibrary	9939	0.60509
		 الولاية الإلهية وولاية الفقيه 	 الشيخ محسن العراقي 	ABLibrary	9701	0.60508
		شرح العروة الوثقى - الجزء1	الشيخ مرتضى الحائري	Masaha	5073	0.60505
		الشرح الميسر للقواعد الأربع	أبو عبد الله، أحمد بن عمر بن مساعد الحازمي	ShamAY	654	0.60503
		الإكليل في استنباط التنزيل	جلال الدين عبد الرحمن بن أبي بكر السيوطي	Rafed	4010	0.60502
		تَسْدِيْدُ الإِصَابَةِ فِيْمَا شَجَرَ بَيْنَ الصَّحَابَةِ	أبو صفوان ذياب بن سعد بن علي بن حمدان بن أحمد بن محفوظ آل حمدان الغامدي الأزدي نسبا، ثم الطائفي مولدا	ShamAY	32442	0.60499
		وسيلة الوصول إلى حقائق الأصول‏ - الجزء1	الشيخ محمد حسين النجفي الكلباسي	Masaha	4841	0.60499
		تأريخ المستبصر	ابن المجاور	Rafed	2189	0.60496
		تفسير كنز الدّقائق وبحر الغرائب [ج ٥]	الشيخ محمّد بن محمّد رضا القمّي المشهدي	Rafed	3001	0.6049
		شرح المنظومة البيقونية في مصطلح الحديث	محمد بن صالح بن محمد العثيمين (المتوفى: 1421هـ)	ShamAY	11254	0.60488
		سيرة الشاب الصالح عبد الرحمن بن سعيد بن علي بن وهف القحطاني رحمه الله تعالى (1403 ه - 1422 ه) - ونبذة من سيرة شقيقه الصغير الصالح عبد الرحيم رحمه الله تعالى (1410 ه - 1422 ه)	د. سعيد بن علي بن وهف القحطاني	ShamelaY19	96492	0.60484
		الدعاء اشراقاته و معطياته	كمال حيدري	Ghbook	11350	0.60484
		النصّ الجليّ في إثبات ولاية علي عليه السلام	محمد حسين بن الآقا باقر بروجردي	Rafed	3534	0.60482
		البابيه و البهائيه تاريخ و وثائق	عبدالمنعم احمد النمر	Ghbook	7019	0.60482
		منهج الإمام مسلم في ترتيب كتابه الصحيح ودحض شبهات حوله	ربيع بن هادي المدخلي	ShamAY	37307	0.60481
		فتح العزيز بشرح الوجيز = الشرح الكبير [وهو شرح لكتاب الوجيز في الفقه الشافعي لأبي حامد الغزالي (المتوفى: 505 هـ) ]	عبد الكريم بن محمد الرافعي القزويني (المتوفى: 623هـ)	ShamAY	1142	0.6048
		الخطوط العريضة للأسس التي قام عليها دين الشيعة الإمامية الاثني عشرية	محب الدين بن أبي الفتح بن عبد القادر بن صالح بن عبد الرحيم بن محمد الخطيب (المتوفى: 1389ه)	ShamelaY19	37824	0.60479
		المنهج العلمي لطلاب العلم الشرعي	أبو صفوان ذياب بن سعد بن علي بن حمدان بن أحمد بن محفوظ آل حمدان الغامدي الأزدي نسبا، ثم الطائفي مولدا	ShamAY	32420	0.60478
		قراءة الإمام نافع عند المغاربة		ShamAY	36962	0.60478
		الحصون المنيعه في رد ما اورده صاحب المنار في حق الشيعه	محسن امين عاملي	Ghbook	7544	0.60478
		الانتصار لسيبويه على المبرد	أبو العباس، أحمد بن محمد بن ولاد التميمي النحوي (المتوفى: 332 هـ)	ShamAY	38899	0.60474
		التيجان في ملوك حمير	عبد الملك بن هشام بن أيوب الحميري المعافري، أبو محمد، جمال الدين (المتوفى: 213ه) يرويه عن أسد بن موسى عن أبي إدريس ابن سنان عن جده لأمه وهب بن منبه رضي الله عنهم	ShamelaY19	37473	0.60474
		أحكام الشهيد في الفقه الإسلامي	عبد الرحمن بن غرمان	ShamAY	36467	0.60473
		ديوان أمين تقي الدين	أمين تقي الدين (1301 - 1356 هـ / 1884 - 1937 م)	ShamAY	37941	0.60473
		نهاية المحتاج إلى شرح المنهاج	شمس الدين محمد بن أبي العباس أحمد بن حمزة شهاب الدين الرملي (المتوفى: 1004هـ)	ShamAY	3565	0.60471
		تحقيق الآمال في جواز إخراج صدقة الفطر بالمال	السيد أحمد الصديق الغماري (ت1380هـ)	ShamAY	36439	0.6047
		كلمات السداد على متن الزاد	فيصل بن عبد العزيز آل مبارك (المتوفى: 1376 ه)	ShamelaY19	29577	0.6047
		بحار الأنوار [ج ١٠]	الشيخ محمّد باقر بن محمّد تقي المجلسي	Rafed	829	0.6047
		الايات الناسخه و المنسوخه	علي بن الحسين شريف مرتضي ( سيد مرتضي )	Ghbook	2790	0.60469
		حاشية المظفر على المكاسب - الجزء1	الشيخ محمد رضا المظفر	Masaha	5027	0.60469
		لماذا تاخر المسلمون ؟	آيت الله العظمي سيد محمد حسيني شيرازي	Ghbook	7803	0.60467
		نصف العلم ... لا أدري	أبو سهل خالد رمضان	ShamAY	34782	0.60465
		جماليات المفردة القرآنية	أحمد ياسوف	ShamelaY19	37654	0.60464
		الدفاع عن السنة - جامعة المدينة (بكالوريوس)	مناهج جامعة المدينة العالمية	ShamelaY19	95991	0.60464
		 منطق الطير 	 فريد الدين العطار النيسابوري ( تعريب جمعة ) 	ABLibrary	8732	0.60464
		أعلام القرآن	أبو هاشم صالح بن عوّاد بن صالح المغامسي	ShamAY	774	0.60463
		مساجلة علمية بين الإمامين الجليلين العز بن عبد السلام وابن الصلاح حول صلاة الرغائب المبتدعة	العز بن عبد السلام (660 هـ) وابن الصلاح (643 هـ)	ShamAY	34315	0.60462
		المسلمون والعولمة	الواحدي :: محمد قطب	ShamAY	33322	0.60461
		من مشاهد القيامة وأهوالها	الواحدي :: عبد الله آل جار الله	ShamAY	34954	0.60461
		جهود الشيخ محمد الأمين الشنقيطي في تقرير عقيدة السلف	عبد العزيز بن صالح بن إبراهيم الطويان	Sham19Y	11991	0.60454
		 بحوث في الملل والنحل 	 الشيخ السبحاني 	ABLibrary	8361	0.60454
		نهاية الإقدام في علم الكلام	أبي الفتح محمد بن عبدالكريم بن أبي بكر أحمد الشهرستاني	Rafed	3495	0.60454
		الاستقامة - ياسر برهامي	الواحدي :: ياسر برهامي	ShamAY	34981	0.60453
		إفاضة العوائد [ج ٢]	آية الله السيّد محمّد رضا الگلپايگاني	Rafed	3872	0.60453
		الفصول الغروية في الأصول الفقهية	الشيخ محمد حسين الأصفهاني صاحب الفصول	Masaha	3465	0.60451
		كشف الرّموز [ج ٢]	الشيخ حسن بن أبي طالب اليوسفي [ الفاضل الآبي ]	Rafed	1327	0.6045
		فتاوى نور على الدرب لابن باز بعناية الشويعر	عبد العزيز بن عبد الله بن باز (المتوفى: 1420ه)	Sham19Y	107	0.60449
		إفحام النصارى	سليمان الخراشي	ShamAY	37796	0.60447
		المسائل العشر في الغيبة	الشيخ المفيد	Masaha	419	0.60446
		محاضرات عقائديه	دمرداش عقالي	Ghbook	7700	0.60445
		طرف من الأنباء والمناقب	السيّد رضي الدين أبو القاسم علي بن موسى بن جعفر بن طاووس الحسني الحلّي [ السيّد بن طاووس ]	Rafed	770	0.60443
		الحدائق الناضرة [ج ٢١]	الشيخ يوسف بن أحمد البحراني [ صاحب الحدائق ]	Rafed	2877	0.60441
		الفرقان في تفسير القرآن بالقرآن والسنّة [ج ١٣]	الشيخ محمد الصادقي	Rafed	3024	0.6044
		شرح أسماء الله الحسنى في ضوء الكتاب والسُّنَّة	د. سعيد بن علي بن وهف القحطاني	ShamAY	1846	0.60437
		أحكام الفقير والمسكين في القرآن العظيم والسنة النبوية	الواحدي :: محمد بن عمر بازمول	ShamAY	36216	0.60436
		مسائل خلافية حار فيها أهل السنة	الشيخ علي آل محسن	Rafed	165	0.60435
		البدع وأثرها في انحراف التصور الإسلامي	صالح سعد السحيمي	ShamAY	22823	0.60434
		 ديوان أبي الحسن الششتري 	 علي بن عبد الله النميري ( أبو الحسن الششتري ) 	ABLibrary	8758	0.60434
		صيانة الآثار الإسلاميّة	الشيخ جعفر السبحاني	Masaha	301	0.6043
		 الزبدة الفقهية في شرح الروضة البهية 	 السيد محمد حسن الترحيني العاملي 	ABLibrary	9693	0.60429
		طرق الاستدلال بالسنة والاستنباط منها	عبد العزيز بن عزت بن الشيخ مصطفى بن الحاج أسعد الخياط	ShamelaY19	37347	0.60428
		 آية التطهير رؤية مبتكرة 	 الشيخ فاضل اللنكراني - الشيخ شهاب الدين الإشراقي 	ABLibrary	8306	0.60427
		 مناهج اليقين في أصول الدين 	 العلامة الحلي 	ABLibrary	8646	0.60425
		دروس للشيخ عبد الله حماد الرسي	عبد الله حماد الرسي	ShamAY	376	0.60423
		فِقْهُ الأُسرةِ المسلِمة معالِمُ تربويَّةُ لأسرةٍ راشدةٍ	المهندس. عبد اللطيف البريجاوي	ShamAY	36111	0.60422
		طبائع الاستبداد ومصارع الاستعباد	عبد الرحمن بن أحمد بن مسعود الكواكبي يلقب بالسيد الفراتي (المتوفى: 1320ه)	ShamelaY19	36085	0.60422
		شرح الرسالة	أبو محمد عبد الوهاب بن علي بن نصر الثعلبي البغدادي المالكي (المتوفى: 422 ه)	ShamelaY19	18609	0.60422
		إظهار الحق [ج ١ ـ ٢]	رحمة الله بن خليل الرحمن الهندي	Rafed	3394	0.60422
		الفوز بالمراد في تاريخ بغداد	سليمان الدخيل	Rafed	2459	0.60422
		الدفاع عن السنة - جامعة المدينة (ماجستير)	مناهج جامعة المدينة العالمية	ShamelaY19	95992	0.60421
		التدبر في القرآن	محمد رضا حسيني شيرازي	Ghbook	7959	0.6042
		كشف الرّموز [ج ١]	الشيخ حسن بن أبي طالب اليوسفي [ الفاضل الآبي ]	Rafed	1326	0.60419
		كشف الغطاء عن مبهمات الشريعة الغرّاء [ج ٣]	الشيخ جعفر كاشف الغطاء	Rafed	1599	0.60417
		 تاريخ دمشق 	 ابن القلانسي 	ABLibrary	8991	0.60416
		رحلة الكابتن فلوير  - الجزء1	أرنست فلوير	Masaha	4180	0.60416
		شرح الأربعين النووية للإمام النووي رحمه الله	سليمان اللهيميد	ShamAY	35962	0.60414
		روايات الجامع الصحيح ونسخه «دراسة نظرية تطبيقية»	دكتور جمعة فتحي عبد الحليم	ShamAY	32213	0.60414
		سلسلة التربية لماذا	محمد بن إبراهيم بن إبراهيم بن حسان	ShamAY	7701	0.60413
		عودة المجد وهم أم حقيقة	مجدي الهلالي	ShamelaY19	36409	0.60413
		نقد الصحابة والتابعين للتفسير	عبد السلام بن صالح الجار الله	Sham19Y	148083	0.60413
		 مسالك الأبصار في ممالك الأمصار 	 أحمد بن يحيى العمري 	ABLibrary	9199	0.60413
		وصف أفريقيا	حسن بن محمد الوزان الفاسي	Masaha	4385	0.60411
		منظومة جوهرة الإسلام		ShamAY	35604	0.6041
		الفكر العربي في عصر النهضة 1798 - 1939	ألبرت حوراني (المتوفى: 1413 ه)	Sham19Y	150935	0.6041
		فضائح الفتن	محمد أحمد الراشد	ShamAY	33343	0.60408
		علم الامام بين الاطلاقيه والاشائيه علي ضوء الكتاب والسنه	صباح عباس حسن الساعدي	Ghbook	12311	0.60408
		شرح رياض الصالحين - حطيبة	الشيخ الطبيب أحمد حطيبة	ShamelaY19	36997	0.60407
		شرح ألفيّة ابن مالك	ابن ناظم	Rafed	2006	0.60405
		غربة الإسلام	الواحدي :: التويجري، حمود بن عبد الله	ShamAY	33333	0.60403
		الوجيز في إيضاح قواعد الفقة الكلية	الشيخ الدكتور محمد صدقي بن أحمد بن محمد آل بورنو أبو الحارث الغزي	ShamAY	8379	0.60402
		مصحف أميرالمؤمنين علي عليه السلام بين المنزل والمفسّر	السيد علي الشهرستاني	Rafed	3389	0.60402
		سورة آل عمران، مصدرا عن الإسلام قبل البعثة النبوية، دراسة في الآيات /19، 85، 39	علي المحمداوي	ShamAY	33140	0.604
		الرد على الوهابية	الشيخ محمد جواد البلاغي	Rafed	244	0.604
		شرح لامية العجم (وهو مختصر شرح الصفدي المسمى الغيث المسجم)	كمال الدين، محمد بن موسى بن عيسى بن علي الدَّمِيري أبو البقاء الشافعي (المتوفى: 808هـ)	ShamAY	1672	0.60399
		من أسباب تراجع الدرس الحديثي	زين العابدين بلافريج	ShamAY	37323	0.60399
		السيرة النبوية كما جاءت في الأحاديث الصحيحة	أبو عمر، محمد بن حمد الصوياني	Sham19Y	123668	0.60399
		من عنده علم الكتاب	جلال الصغير	Ghbook	7717	0.60399
		الأشربة وذكر اختلاف الناس فيها لابن قتيبة	أبو محمد عبد الله بن مسلم بن قتيبة الدينوري (المتوفى: 276هـ)	ShamAY	25793	0.60398
		تفسير مقاتل بن سليمان [ج ٤]	الناشر: مؤسسة التاريخ العربي للطباعة والنشر والتوزيع	Rafed	3851	0.60397
		مقدمات الشيخ ربيع المدخلي	ربيع بن هادي المدخلي	ShamAY	33019	0.60396
		بحوث في القواعد الفقهيه : تقريرات محمدالسند	محمد السند	Ghbook	15182	0.60396
		مصدر التشريع عند مذهب الجعفرية	محمد باب العلوم	Masaha	496	0.60396
		القرآن يتحدي	آيت الله العظمي سيد محمد حسيني شيرازي	Ghbook	7905	0.60393
		الرسالة العرشية	تقي الدين أبو العَباس أحمد بن عبد الحليم بن عبد السلام بن عبد الله بن أبي القاسم بن محمد ابن تيمية الحراني الحنبلي الدمشقي (المتوفى : 728هـ)	ShamAY	480	0.60392
		دفاع عن الرسول (ص) ضد الفقهاء و المحدثين ( من اهل السنه )	صالح ورداني	Ghbook	7646	0.60391
		مسألة فى المرابطة بالثغور أفضل أم المجاورة بمكة شرفها الله تعالى	تقي الدين أبو العباس أحمد بن عبد الحليم بن عبد السلام بن عبد الله بن أبي القاسم بن محمد ابن تيمية الحراني الحنبلي الدمشقي (المتوفى: 728هـ)	ShamAY	11578	0.6039
		مقتطفات من كتاب من روائع حضارتنا	مصطفى بن حسني السباعي (المتوفى: 1384هـ)	ShamAY	987	0.6039
		 كتاب الحجب 	 ابن عربي 	ABLibrary	8741	0.6039
		فاسألوا أهل الذّكر	الدكتور محمّد التيجاني السماوي	Rafed	1214	0.6039
		تراثنا ـ العدد [ 52 ]	مؤسسة آل البيت عليهم السلام لإحياء التراث ـ قم	Rafed	3237	0.6039
		نزهة النظر في توضيح نخبة الفكر في مصطلح أهل الأثر	أبو الفضل أحمد بن علي بن محمد بن أحمد بن حجر العسقلاني (المتوفى: 852هـ)	ShamAY	1565	0.60388
		دروس تمهيديّة في الفقه الإستدلالي على المذهب الجعفري [ج ٣]	الشيخ محمّد باقر الإيرواني	Rafed	2678	0.60387
		دلائل الصدق لنهج الحق [ج ٣]	الشيخ محمد حسن المظفر	Rafed	250	0.60387
		ملحق العقيدة الواسطيَّة	علوي بن عبد القادر السَّقَّاف	ShamAY	35571	0.60386
		التعليقه علي  الرساله  الصوميه	بهاءالدين محمد بن حسين شيخ بهائي	Ghbook	11905	0.60386
		أساليب الجواب في القرآن الكريم		ShamAY	36912	0.60385
		الروض الأنف في شرح السيرة النبوية - الجزء1	عبد الرحمن السهيلي	Masaha	2028	0.60385
		منهج الإمام البخاري	أبو بكر كافي	Sham19Y	16232	0.60384
		غربة الإسلام	حمود بن عبد الله بن حمود بن عبد الرحمن التويجري (المتوفى: 1413هـ)	ShamAY	32000	0.60382
		سيرة الشاب الصالح عبد الرحمن بن سعيد بن علي بن وهف القحطاني رحمه الله تعالى (1403 هـ - 1422 هـ) - ونبذة من سيرة شقيقه الصغير الصالح عبد الرحيم رحمه الله تعالى (1410 هـ - 1422 هـ)	د. سعيد بن علي بن وهف القحطاني	ShamAY	1845	0.60382
		نظام القضاء و الشهاده في الشريعه الاسلاميه الغراء	آيت الله العظمي جعفر سبحاني	Ghbook	9837	0.60381
		الفوائد الرضوية على الفرائد المرتضوية - الجزء1	الشيخ آقا رضا الهمداني	Masaha	3469	0.60381
		لسان العرب	محمد بن مكرم بن على، أبو الفضل، جمال الدين ابن منظور الأنصاري الرويفعى الإفريقى (المتوفى: 711ه)	Sham19Y	1687	0.60378
		المقنع في الغيبه و الزياره المكمله له 	علي بن الحسين شريف مرتضي ( سيد مرتضي )	Ghbook	6621	0.60377
		ردع الإخوان عن محدثات آخر جمعة رمضان - سلسلة لقاء العشر الأواخر بالمسجد الحرام (7)	محمد عبد الحي بن محمد عبد الحليم الأنصاري اللكنوي الهندي، أبو الحسنات (المتوفى: 1304 هـ)	ShamAY	32393	0.60376
		آخر الزمان 	خالد فائق عبيدي	Ghbook	2748	0.60376
		نور الايضاح ونجاة الارواح - دار الحكمة	حسن الوفائي الشرنبلالي أبو الإخلاص	ShamAY	34214	0.60375
		 النص الجلي في إثبات ولاية علي ( ع ) 	 السيد محمدحسين البروجردي 	ABLibrary	8662	0.60375
		بحار الأنوار [ج ٩٤]	الشيخ محمّد باقر بن محمّد تقي المجلسي	Rafed	1218	0.60375
		تحويل القبلة من القدس إلى الكعبة	محمد السيد عبده	ShamAY	36659	0.60374
		عيون الأدلة في مسائل الخلاف بين فقهاء الأمصار	أبو الحسن علي بن عمر بن أحمد البغدادي المالكي المعروف بابن القصار (المتوفى: 397ه)	Sham19Y	14608	0.60374
		جهود الشيخ محمد الأمين الشنقيطي في تقرير عقيدة السلف	عبد العزيز بن صالح بن إبراهيم الطويان	ShamAY	11991	0.60373
		المخصّص [ج ١٦]	أبي الحسن علي بن إسماعيل بن سيده المرسي [ ابن سيده ]	Rafed	3564	0.60373
		المعلم الأول صلى الله عليه وسلم	فؤاد بن عبد العزيز الشلهوب	ShamAY	1936	0.60369
		لسان العرب	محمد بن مكرم بن على، أبو الفضل، جمال الدين ابن منظور الأنصاري الرويفعى الإفريقى (المتوفى: 711هـ)	ShamAY	1687	0.60367
		تسلية أهل المصائب	محمد بن محمد بن محمد، شمس الدين المنبجي (المتوفى: 785هـ)	ShamAY	21502	0.60367
		جامع خطب عرفة لعبد العزيز آل الشيخ	عبد العزيز بن عبد الله بن محمد بن عبد اللطيف بن عبد الرحمن بن حسن بن الشيخ محمد بن عبد الوهاب	ShamAY	21761	0.60366
		المُعَامَلَاتُ المَالِيَّةُ أَصَالَة وَمُعَاصَرَة	أبو عمر دُبْيَانِ بن محمد الدُّبْيَانِ	ShamAY	32119	0.60366
		تسْبّيحٌ ومُناجاةُ وثناءٌ عَلَى مَلِكِ الأَرْضِ وَالسَّمَاءِ	مُحَمَّد بن حَسَن بْن عَقيل مُوسَى الشَّريْف	ShamAY	332	0.60364
		بدر شاكر السياب دراسة في حياته وشعره	دكتور إحسان عباس (المتوفى: 1424هـ)	ShamAY	1017	0.60361
		نهاية النهاية في شرح الكفاية  - الجزء1	الشيخ علي الإيرواني	Masaha	4752	0.60361
		ارشاد الطالبين الى نهج المسترشدين	جمال الدين مقداد بن عبد الله السيوري الحلّي	Rafed	3450	0.60357
		أسس التقوى لنيل جنة المأوى	الشيخ علي بن محمد رضا كاشف الغطاء	Masaha	4941	0.60357
		 دعوة إلى سبيل المؤمنين 	 طارق زين العابدين 	ABLibrary	880	0.60354
		الردة مع نبذة من فتوح العراق وذكر المثنى بن حارثة الشيباني	محمد بن عمر بن واقد السهمي الأسلمي بالولاء، المدني، أبو عبد الله، الواقدي (المتوفى: 207هـ)	ShamAY	12222	0.60353
		قوانين الاصول	ابوالقاسم بن محمدحسن گيلاني ميرزاي قمي	Ghbook	15151	0.60353
		إنارة الدجى في مغازي خير الورى صلى الله عليه وآله وسلم	حسن بن محمد المشاط المالكي (المتوفى: 1399هـ)	ShamAY	9772	0.60352
		مرآة الجنان وعبرة اليقظان في معرفة حوادث الزمان	اليافعي	ShamAY	33823	0.60351
		دروس للشيخ عبد الله حماد الرسي	عبد الله حماد الرسي	ShamelaY19	37003	0.60351
		 موسوعة أحكام الأطفال وأدلتها 	 مركز فقه الأئمة الأطهار ( ع ) 	ABLibrary	9673	0.6035
		كَشْفُ المنَاهِجِ وَالتَّنَاقِيحِ في تَخْريِجِ أحَادِيثِ المَصَابِيحِ	محمد بن إبراهيم بن إسحاق السلمي المُنَاوِي ثم القاهري، الشافعيّ، صدر الدين، أبو المعالي (المتوفى: 803هـ)	ShamAY	32165	0.60349
		اسم التفضيل في القرآن الكريم - دراسة دلالية -	رياض الجبوري	ShamAY	37091	0.60348
		تراثنا ـ العددان [ 87 و 88 ]	مؤسسة آل البيت عليهم السلام لإحياء التراث ـ قم	Rafed	3638	0.60347
		صورة الأرض	محمد بن حوقل البغدادي الموصلي، أبو القاسم (المتوفى: بعد 367هـ)	ShamAY	11780	0.60346
		الاحتجاج بالأثر على من أنكر المهدي المنتظر	حمود بن عبد الله بن حمود بن عبد الرحمن التويجري (المتوفى: 1413ه)	ShamelaY19	36046	0.60345
		الإسلام والمرأة	الشيخ جعفر النقدي	Rafed	1478	0.60345
		قواعد التفسير عند ابن القيم	علي العمران	ShamAY	36752	0.60344
		إِمْعَانُ النَّظَرِ في مشروعية البغض والهجر، وإحياء ما عفا منه واندثر ((دراسة علمية في مشروعية البغض في الله والهجر فيه عَزَّ وَجَل))	أبو محمد عبد الكريم بن صالح بن عبد الكريم الحميد	ShamAY	1021	0.60342
		شرح لامية العجم (وهو مختصر شرح الصفدي المسمى الغيث المسجم)	كمال الدين، محمد بن موسى بن عيسى بن علي الدميري أبو البقاء الشافعي (المتوفى: 808ه)	ShamelaY19	95860	0.60342
		جواهر الكلام [ج ١٧]	الشيخ محمّد حسن النّجفي	Rafed	648	0.60342
		مجمع الفوائد	الشيخ حسين علي‏ المنتظري	Masaha	4283	0.60341
		أنواع التَّصنيف المتعلِّقة بتَفسير القُرآن الكريم	د مساعد بن سليمان بن ناصر الطيار	ShamAY	31801	0.6034
		 تذكرة الخواص 	 سبط ابن الجوزي 	ABLibrary	7466	0.6034
		نهاية المأمول في شرح كفاية الأصول‏  - الجزء1	الشيخ محمد علي‏ الاجتهادي	Masaha	4749	0.6034
		بناء المجتمع الإسلامي	د نبيل السمالوطي	ShamAY	11075	0.60339
		نهاية الأفكار [ج ٣]	الشيخ محمد تقي البروجردي النجفي	Rafed	326	0.60339
		القول الفاصل في الردّ على مدّعي التحريف	آية الله السيّد شهاب الدين الحسيني المرعشي النجفي	Rafed	3483	0.60339
		بحوث فقهية معاصرة	آية الله العظمي الشيخ بشير حسين النجفي	Ghbook	9067	0.60339
		بهجة النفوس في شرح رسالة العروس في علم اصول الفقه	عبد العزيز بن سالم السامرائي	ShamAY	37585	0.60338
		 نظرة في كتاب السنة والشيعة ( من فيض الغدير ) 	 الشيخ الأميني 	ABLibrary	8663	0.60337
		مراه المراد في تحقيق مشتبهات رجال الاسناد	احمدبن مصطفي بن احمد الخمسئي السلطاني القزويني الخوئيني	Ghbook	15651	0.60336
		الحاشية على مدارك الأحكام [ج ٢]	محمّد باقر الوحيد البهبهاني	Rafed	676	0.60334
		القواعد والفوائد [ج ٢]	محمّد بن جمال الدّين مكّي العاملي الجزيني [ الشهيد الأول ]	Rafed	1387	0.60333
		شرح الكلمات وما ترشد إليه الآيات - الدروبي	الشيخ محمد غازي الدروبي	ShamAY	36837	0.60332
		منهج دراسة الأديان بين الشيخ رحمت الله الهندي (ت: 1891 م) والقس فندر	شريف فياض	ShamelaY19	132410	0.60332
		شرح الزيارة الجامعة الكبيرة	الشيخ محمّد باقر بن محمّد تقي المجلسي	Rafed	2804	0.60331
		العداله الاسلاميه	آيت الله العظمي سيد محمد حسيني شيرازي	Ghbook	7760	0.6033
		شرح كشف الشبهات ويليه شرح الأصول الستة	محمد بن صالح بن محمد العثيمين (المتوفى: 1421هـ)	ShamAY	9923	0.60327
		مختصر التحرير شرح الكوكب المنير	تقي الدين أبو البقاء محمد بن أحمد بن عبد العزيز بن علي الفتوحي المعروف بابن النجار الحنبلي (المتوفى: 972هـ)	ShamAY	12019	0.60327
		تفسير السمرقندي = بحر العلوم	أبو الليث نصر بن محمد بن أحمد بن إبراهيم السمرقندي (المتوفى: 373ه)	Sham19Y	23594	0.60327
		المنفرجتان ((شعر ابن النحوي والغزالي))	زكريا بن محمد بن أحمد بن زكريا الأنصاري، زين الدين أبو يحيى السنيكي (المتوفى: 926هـ)	ShamAY	6167	0.60325
		علوم العربيّة [ج ٢]	السيد هاشم الحسيني الطهراني	Rafed	2730	0.60324
		ديوان بديع الزمان الهمذاني	الهمذانى، ابوالفضل احمد بن الحسين بن يحيى بن سعيد 398 هـ	ShamAY	37929	0.60323
		فصول البدائع في أصول الشرائع	محمد بن حمزة بن محمد، شمس الدين الفناري (أو الفنري) الرومي (المتوفى: 834ه)	ShamelaY19	98083	0.60323
		اصطلاحات الأصول ومعظم أبحاثها	الشيخ علي المشكيني	Masaha	2383	0.60323
		طبائع الاستبداد ومصارع الاستعباد	عبد الرحمن بن أحمد بن مسعود الكَوَاكِبي يلقب بالسيد الفراتي (المتوفى: 1320هـ)	ShamAY	528	0.60322
		 الكشف الوافي في شرح أصول الكافي 	 محمد هادي الشيرازي ( آصف شيرازي ) 	ABLibrary	7920	0.60321
		اللّباب في علوم الكتاب [ج ١٤]	أبي حفص عمر بن علي بن عادل الدمشقي الحنبلي	Rafed	3113	0.60321
		كشف الغمة في معرفة الأئمة - الجزء1	المحدث الإربلي	Masaha	2491	0.60319
		روضة المستبين في شرح كتاب التلقين	أبو محمد، وأبو فارس، عبد العزيز بن إبراهيم بن أحمد القرشي التميمي التونسي المعروف بابن بزيزة (المتوفى: 673 هـ)	ShamAY	32604	0.60317
		 الجواهر الفخرية في شرح الروضة البهية 	 قدرت الله وجداني فخر 	ABLibrary	9450	0.60315
		فصول البدائع في أصول الشرائع	محمد بن حمزة بن محمد، شمس الدين الفناري (أو الفنري) الرومي (المتوفى: 834ه)	Sham19Y	98083	0.60314
		بحوث في الأصول - الجزء1	الشيخ محمد حسين الأصفهاني	Masaha	3141	0.60314
		بحوث في الأصول - الجزء1	الشيخ محمد حسين الأصفهاني	Masaha	2647	0.60314
		رسالة ابن القيم إلى أحد إخوانه	محمد بن أبي بكر بن أيوب بن سعد شمس الدين ابن قيم الجوزية (المتوفى: 751هـ)	ShamAY	6666	0.60312
		بحوث مؤتمر السنة النبوية في الدراسات المعاصرة	مجموعة من المؤلفين	ShamAY	37345	0.60311
		الممتع في صنعة الشعر	عبد الكريم النهشلي القيرواني	ShamAY	32088	0.60311
		فرائد الاصول	مرتضي انصاري (اعظم انصاري)	Ghbook	12191	0.6031
		 خلاصة عبقات الأنوار 	 السيد حامد النقوي 	ABLibrary	92	0.60309
		تدوين القرآن	الشيخ علي الكوراني العاملي	Rafed	3991	0.60309
		السواك وسنن الفطرة - المقدم	محمد أحمد إسماعيل المقدم	ShamelaY19	36999	0.60307
		الأذان بين الإصالة والتحريف	السيد علي الشهرستاني	Rafed	1587	0.60307
		خلاصة الأفكار شرح مختصر المنار	قاسم بن قطلوبغا الحنفي (ت879هـ)	ShamAY	37543	0.60305
		حقيقه التشيع و نشاته	المجمع العالمي لاهل البيت عليهم السلام	Ghbook	7633	0.60305
		فاسألوا أهل الذكر	د. محمد التيجاني السماوي	Masaha	354	0.60305
		المدرّس الأفضل [ج ٦]	الشيخ محمّد علي المدرّس الأفغاني	Rafed	2695	0.60304
		عناية الأصول في شرح كفاية الأصول [ج ٤]	السيد مرتضى الفيروزآبادي	Rafed	4005	0.60302
		‏القواعد العامة في الفقه المقارن	السيد محمد تقي الحكيم	Masaha	2365	0.60302
		شرح ديوان المتنبي للعكبري	أبو البقاء عبد الله بن الحسين بن عبد الله العكبري البغدادي محب الدين (المتوفى: 616هـ)	ShamAY	6908	0.60301
		أعلام السنة المنشورة لاعتقاد الطائفة الناجية المنصورة (الكتاب نشر - أيضا - بعنوان: 200 سؤال وجواب في العقيدة الاسلامية)	حافظ بن أحمد بن علي الحكمي (المتوفى: 1377هـ)	ShamAY	30821	0.603
		 الشيعة شبهات وردود 	 الشيخ ناصر مكارم الشيرازي 	ABLibrary	9690	0.60298
		 معارج الفهم في شرح النظم 	 العلامة الحلي 	ABLibrary	8618	0.60296
		الاصلاح الاجتماعي	آيت الله العظمي سيد محمد حسيني شيرازي	Ghbook	8057	0.60296
		مريم جميلة المهاجرة من اليهودية إلى الإسلام ومن أمريكا إلى باكستان بحثا عن الحقيقة والإيمان	ذاكر الأعظمي	ShamAY	38608	0.60295
		رحلة الصَّفار إلى فرنسا	محمّد بن عبدالله الصفار الأندلسي التطواني	Rafed	3079	0.60295
		الشمس وراء السحب	كمال السيد	Rafed	90	0.60294
		فصل المقال لابن رشد	أبو الوليد محمد بن أحمد بن محمد بن أحمد بن رشد القرطبي الشهير بابن رشد الحفيد (المتوفى: 595هـ)	ShamAY	12727	0.60292
		 منازل السائرين ( شرح التلمساني ) 	 عبد الله الأنصاري الهروي 	ABLibrary	8780	0.60292
		حلية العلماء في معرفة مذاهب الفقهاء ط الرسالة الحديثة	سيف الدين أبو بكر محمد بن أحمد الشاشي القفال	Sham19Y	146126	0.60286
		الانسان بين الجبر و التفويض	آيت الله العظمي جعفر سبحاني	Ghbook	5036	0.60283
		تذكير الأنام بسنن وآداب الصيام	سالم جمال الهنداوي	Sham19Y	13269	0.60282
		سمط اللآلي في شرح أمالي القالي [هو كتاب شرح أمالي القالي / لأبي عبيد البكري؛ نسخه وصححه وحقق ما فيه وخرجه وأضاف إليه عبد العزيز الميمني]	أبو عبيد عبد الله بن عبد العزيز بن محمد البكري الأندلسي (المتوفى: 487هـ)	ShamAY	1586	0.6028
		 معرفة الإمام 	 السيد محمد حسين الطهراني 	ABLibrary	8890	0.60279
		 إعلام النبلاء بتاريخ حلب الشهباء 	 محمد راغب الطباخ الحلبي 	ABLibrary	8955	0.60279
		رد البهتان عن إعراب آيات من القرآن الكريم	د يوسف بن خلف بن محل العيساوي	Sham19Y	37174	0.60278
		من ضوابط فهم السنة النبوية : جمع الروايات في الموضوع الواحد وفقهها	أحمد بن محمد فكير	ShamAY	37292	0.60276
		السنة ومكانتها من التشريع لعبد الحليم محمود	عبد الحليم محمود (المتوفى: 1397هـ)	ShamAY	1164	0.60276
		حكم السحر والكهانة وما يتعلق بها	عبد العزيز بن عبد الله بن باز (المتوفى: 1420هـ)	ShamAY	5412	0.60275
		منهاج أهل السنة والجماعة في العقيدة والعمل	محمد بن صالح بن محمد العثيمين (المتوفى: 1421ه)	Sham19Y	12097	0.60275
		صفة صلاة النبي صلى الله عليه وسلم من التكبير إلى التسليم كأنك تراها	محمد ناصر الدين الألباني (المتوفى: 1420هـ)	ShamAY	31580	0.60274
		الاكتفاء الذاتي و البساطه في العيش	آيت الله العظمي سيد محمد حسيني شيرازي	Ghbook	7784	0.60273
		مفهوم الحكمة في الدعوة	د صالح بن عبد الله بن حميد	ShamelaY19	30955	0.60272
		جامع المقاصد في شرح القواعد [ج ١٢]	الشيخ عليّ بن الحسين بن عبد العالي الكركي	Rafed	580	0.60271
		من فقه الزهراء عليها السلام	آيت الله العظمي سيد محمد حسيني شيرازي	Ghbook	13732	0.6027
		تهافت العلمانية في الصحافة العربية	المستشار سالم علي البهنساوي (المتوفى: 1427ه)	Sham19Y	122393	0.60269
		تبصرة المتعلمين في أحكام الدين	العلامة الحلي	Masaha	751	0.60266
		منزلة السنة في التشريع	إبراهيم عبد المقتدر	ShamAY	37592	0.60265
		مطارح الأنظار [ج ٤]	الميرزا أبو القاسم الكلانتري الطهراني	Rafed	998	0.60264
		المشترك اللفظي في الحقل القرآني	عبد العال سالم مكرم	ShamelaY19	38049	0.60263
		مباحث حول نبوة سيدالانبياء (صلي الله عليه و آله)	محمد السند	Ghbook	15228	0.6026
		بين يدي الحكم رسالة الى القضاة	عبد الله بن سليمان الغفيلي	ShamAY	33169	0.60257
		 فقه الشيعة ( كتاب الخمس والأنفال ) 	 السيد محمد مهدي الموسوي الخلخالي 	ABLibrary	9630	0.60254
		رسائل آل طوق القطيفي [ج ٢]	الشيخ أحمد آل طوق	Rafed	1408	0.60254
		 الشامل في أصول الدين 	 عبد الملك الجويني 	ABLibrary	8449	0.60253
		تلخيص الخطابة	أبو الوليد محمد بن أحمد بن محمد بن أحمد بن رشد القرطبي الشهير بابن رشد الحفيد (المتوفى: 595هـ)	ShamAY	698	0.60251
		شرح متن الورقات - صالح آل الشيخ	صالح آل الشيخ	ShamAY	34740	0.6025
		منهج الإمام البخاري في تصحيح الأحاديث وتعليلها ( من خلال الجامع الصحيح )	أبو بكر كافي	ShamAY	16232	0.60249
		موسوعة الفقه الإسلامي	محمد بن إبراهيم بن عبد الله التويجري	ShamelaY19	37532	0.60249
		كتاب الطهارة (للشيخ الأنصاري) - الجزء1	الشيخ مرتضى الأنصاري	Masaha	832	0.60245
		مصطلح الحديث في سؤال وجواب	مصطفى العدوي	ShamAY	37286	0.60243
		آيات الغدير	مركز المصطفى	Masaha	22	0.60241
		بين الفضيلة والرذيلة	الواحدي :: الشعراوي	ShamAY	35038	0.60239
		تبيين القرآن	آية الله السيد محمد الشيرازي	Rafed	3714	0.60239
		الآداب الاسلاميه	جامعة المصطفي ( صلي الله عليه وآله ) العالمية	Ghbook	14958	0.60239
		عقيدة أهل الإيمان في خلق آدم على صورة الرحمن	حمود بن عبد الله بن حمود بن عبد الرحمن التويجري (المتوفى: 1413هـ)	ShamAY	32264	0.60237
		الحوار مع أتباع الأديان - مشروعيته وآدابه	منقذ بن محمود السقار	ShamAY	1554	0.60237
		شرح زيارة عاشوراء	عبدالرسول النوري الفيروزكوهي [ الفاضل المازندراني ]	Rafed	2628	0.60237
		دراسة في علامات الظهور	السيد جعفر مرتضى العاملي	Masaha	511	0.60237
		 موسوعة الإمام أمير المؤمنين على بن أبى طالب ( ع ) 	 الشيخ باقر شريف القرشي 	ABLibrary	7808	0.60236
		المعجزة المحمدية	السيد إبراهيم أحمد	ShamAY	37436	0.60233
		الأسئلة والأجوبة في العقيدة	صالح بن عبد الرحمن بن عبد الله الأطرم (المتوفى: 1428ه)	ShamelaY19	36500	0.60232
		الملامح العامة للفرقة الناجية الطائفة المنصورة	الشيخ عبد الفتاح زراوي	ShamAY	37791	0.60231
		الصوم في الشريعة الإسلامية الغراء - الجزء1	الشيخ جعفر السبحاني	Masaha	4939	0.60231
		تقريرات آية الله المجدّد الشيرازي [ج ٢]	المولى علي الروزدري	Rafed	942	0.60229
		جمال الأسبوع بكمال العمل المشروع	السيد علي بن موسى بن طاووس	Masaha	701	0.60229
		الدفاع عن السنة - جامعة المدينة (ماجستير)	مناهج جامعة المدينة العالمية	ShamAY	1671	0.60228
		الحسن ابن علي عليه السلام الامامه المنسيه	صالح الطاني	Ghbook	12811	0.60228
		جواهر الأصول / تقريرات - الجزء1	محمد حسن المرتضوي اللنگرودي	Masaha	3624	0.60227
		أثر الاختلاف في القواعد الأصولية في اختلاف الفقهاء	محمد حسن عبد الغفار	ShamelaY19	37648	0.60225
		النور المبين في شرح زيارة الأربعين	مهدي تاج الدين	Rafed	2702	0.60224
		شَوَاهِد التَّوضيح وَالتَّصحيح لمشكلات الجامع الصَّحيح	محمد بن عبد الله، ابن مالك الطائي الجياني، أبو عبد الله، جمال الدين (المتوفى: 672هـ)	ShamAY	31625	0.60223
		شرح الرسالة	أبو محمد عبد الوهاب بن علي بن نصر الثعلبي البغدادي المالكي (المتوفى: 422 هـ)	ShamAY	32674	0.60223
		المفصل في شرح آية لا إكراه في الدين	علي بن نايف الشحود	ShamAY	33096	0.60222
		نهاية المحتاج إلى شرح المنهاج	شمس الدين محمد بن أبي العباس أحمد بن حمزة شهاب الدين الرملي (المتوفى: 1004ه)	Sham19Y	3565	0.60222
		سلسلة التربية لماذا	محمد حسان	Sham19Y	7701	0.60222
		رد الحموي علي الوهابيه	احمد بن سيد محمد مكي حسيني حموي شهاب الدين مصري حنفي	Ghbook	7649	0.60222
		الأساس في السنة وفقهها - العقائد الإسلامية	سعيد حوّى (المتوفى 1409 هـ)	ShamAY	38486	0.60218
		الكافي	تقي الدين بن نجم الدين حلبي (ابوالصلاح حلبي)	Ghbook	7049	0.60217
		المعاملات المالية المعاصرة في الفكر الاقتصادي الإسلامي	ياسر كراويه	ShamAY	36286	0.60215
		زغل العلم	شمس الدين أبو عبد الله محمد بن أحمد بن عثمان بن قايماز الذهبي (المتوفى: 748ه)	Sham19Y	6342	0.60214
		ماذا تعرف عن التوحيد	إسلام محمود دربالة	ShamAY	35581	0.60213
		المنثور في القواعد الفقهية	أبو عبد الله بدر الدين محمد بن عبد الله بن بهادر الزركشي (المتوفى: 794هـ)	ShamAY	21592	0.60213
		أهمّية الضّمير في القُرآن	هارون يحيى	ShamAY	37008	0.60212
		توفيق الرحمن في دروس القرآن	فيصل بن عبد العزيز بن فيصل ابن حمد المبارك الحريملي النجدي (المتوفى: 1376هـ)	ShamAY	9254	0.60212
		كتاب و عتاب	الشيخ قيس بهجة العطار	Masaha	382	0.60211
		السيرة النبوية كما جاءت في الأحاديث الصحيحة	أبو عمر، محمد بن حمد الصوياني	ShamAY	31746	0.60209
		المعارف الرافعه في شرح الزياره الجامعه 	مصطفي الامامي الاهوازي	Ghbook	16291	0.60208
		كيف يستفيد طالب العلم من كتب السنة	عبد الكريم بن عبد الله بن عبد الرحمن بن حمد الخضير	ShamAY	173	0.60207
		تنوير العقول في الفرق بين النبي والرسول	محمد بن عبد الله الإمام	ShamAY	35736	0.60206
		وقعة صفين‏	مؤمن بن حسن الشبلنجي‏	Masaha	3026	0.60205
		التحالف السياسي في الإسلام	منير محمد الغضبان	ShamAY	1574	0.60204
		موسوعة الأسئلة العقائديّة [ج ٢]	مركز الأبحاث العقائديّة	Rafed	1379	0.60203
		دروس الشيخ محمد بن صالح العثيمين	محمد بن صالح بن محمد العثيمين (المتوفى : 1421هـ)	ShamAY	414	0.60201
		سلامة القرآن من التحريف	مركز الرسالة	Masaha	302	0.60199
		مستند الشّيعة [ج ١٠]	أحمد بن محمّد مهدي النّراقي	Rafed	606	0.60198
		أصول الفوائد الغروية في مسائل علم أصول الفقه الإسلامي‏ - الجزء1	محمد باقر كمرئي	Masaha	2372	0.60197
		قالوا عن القرآن	عماد الدين خليل	ShamAY	1479	0.60196
		النور الساطع في الفقه النافع	محمد رضا آل كاشف الغطاء	Ghbook	10214	0.60196
		الاعجاز العلمي في القرآن	الدكتور السيد الجميلي	Rafed	3244	0.60195
		العبدي الكوفي وشعره في الغدير	الشيخ عبد الحسين الأميني النجفي	Masaha	336	0.60195
		وجيزة الأحكام‌  - الجزء1	الشيخ محمد حسين كاشف الغطاء	Masaha	3673	0.60194
		كتاب من لا يحضره الفقيه [ج ٣]	أبي جعفر محمّد بن علي بن الحسين بن بابويه القمّي [ الشيخ الصدوق ]	Rafed	1431	0.60193
		شرح كتاب الحج من بلوغ المرام	أبو محمد عبد الله بن مانع بن غلاب الغبيوي الروقي العتيبي	ShamAY	32212	0.60192
		مسكن الفواد في فقد الاحبه و الاولاد	شيخ زين الدين عاملي شهيد ثاني	Ghbook	16506	0.60192
		عنوان الدليل من مرسوم خط التنزيل	أبو العباس أحمد بن محمد بن عثمان الأزدي المعروف بابن البناء المراكشي (المتوفى: 721هـ)	ShamAY	1594	0.6019
		السراج الوهاج لمحو أباطيل الشلبي عن الإسراء والمعراج	حمود بن عبد الله بن حمود بن عبد الرحمن التويجري (المتوفى: 1413ه)	Sham19Y	17401	0.60189
		تبيان الصلاة - الجزء1	السيد حسين البروجردي	Masaha	4992	0.60189
		عاصفه السلام	كمال السيد	Ghbook	6079	0.60187
		فاطمة الزهراء(ع) سر الوجود	السيد عادل العلوي	Masaha	335	0.60187
		دعوة إلى سبيل المؤمنين	طارق زين العابدين	Masaha	253	0.60187
		مختصر اليمانيات المسلولة على الرافضة المخذولة	-	ShamAY	991	0.60186
		بلغة الفقيه - الجزء1	السيد محمد بن محمد تقي بحر العلوم	Masaha	4968	0.60186
		فلسفة المكان في الشعر العربي قراءة موضوعاتية جمالية.	حبيب مونسي	ShamAY	34479	0.60185
		اجوبه المسائل الشرعيه	آيت الله العظمي ناصرمكارم شيرازي	Ghbook	3272	0.60185
		قدم العالم وتسلسل الحوادث بين شيخ الإسلام ابن تيمية والفلاسفة - مع بيان من أخطأ في المسألة من السابقين والمعاصرين	كاملة بنت محمد بن جاسم بن علي آل جهام الكواري	ShamAY	9933	0.60182
		محمد في التوراة والإنجيل والقرآن	إبراهيم خليل أحمد (من كبار علماء النصارى مَنَّ الله عليه بالإسلام)	ShamAY	1074	0.60182
		 الدر المنضود في أحكام الحدود 	 تقرير بحث السيد الگلپايگاني للجهرمي 	ABLibrary	9440	0.6018
		 رحلات في فارس 	 ژان شاردن ( تعريب : صلاح صلاح ) 	ABLibrary	9123	0.60178
		 موسوعة الفقه الإسلامي طبقا لمذهب أهل البيت ( ع ) 	 مؤسسة دائرة معارف الفقه الاسلامي 	ABLibrary	9650	0.60177
		موقف الشيعة من أهل السنة	محمد مال الله	ShamAY	35317	0.60176
		مفتاح السعيدية في شرح الألفية الحديثية	شمس الدين محمد بن عمار بن محمد بن أحمد المصري المالكي المعروف بابن عمار (المتوفى: 844هـ)	ShamAY	2026	0.60176
		اغتنام الفرص	آيت الله العظمي سيد محمد حسيني شيرازي	Ghbook	8073	0.60174
		الأساس في السنة وفقهها - العبادات في الإسلام	سعيد حوى (المتوفى 1409 ه)	ShamelaY19	18339	0.60173
		المحمدون من الشعراء وأشعارهم	جمال الدين أبو الحسن علي بن يوسف القفطي (المتوفى: 646هـ)	ShamAY	1253	0.60171
		الصحيفة المهديه المنتخبه	مرتضي مجتهدي سيستاني	Ghbook	2505	0.60171
		الصواعق النارية في بيان حياة المبتدع اليومية	أبو سند محمد	ShamAY	36137	0.60168
		مصطلح الحديث	محمد بن صالح بن محمد العثيمين (المتوفى: 1421هـ)	ShamAY	21581	0.60168
		المدارس النحويّة	الدكتور شوقي ضيف	Rafed	2811	0.60166
		بيان الفقه في شرح العروة الوثقى (الاجتهاد والتقليد) - الجزء1	السيد صادق الحسيني الشيرازي	Masaha	3282	0.60165
		تراثنا ـ العدد [ 9 ]	مؤسسة آل البيت عليهم السلام لإحياء التراث ـ قم	Rafed	2638	0.60164
		لا تخونوا الله و الرسول !	صباح علي بياتي	Ghbook	4576	0.60157
		موسوعة الطير والحيوان في الحديث النبوي	عبد اللطيف عاشور	Sham19Y	23686	0.60155
		موسوعة عبد الله بن عبّاس [ج ٧]	السيد محمد مهدي السيد حسن الموسوي الخرسان	Rafed	1183	0.6015
		الدفاع عن الصحابي أبي بكرة ومروياته والاستدلال لمنع ولاية النساء على الرجال	عبد المحسن بن حمد بن عبد المحسن بن عبد الله بن حمد العباد البدر	ShamAY	7617	0.60149
		المنهاج في يوميات الحاج	ناصر العيشي	ShamAY	36628	0.60149
		الإنباه إلى حكم تارك الصلاة، ويليه (ملحوظات على كتاب الصلاة)	أبو محمد، عبد الله بن مانع بن غلاب الغبيوي الروقي العتيبي	ShamAY	32002	0.60148
		 في رحاب أهل البيت ( ع ) 	 لجنة بحوث المجمع العالمي لأهل البيت ( ع ) 	ABLibrary	8566	0.60148
		من غاب عنه المطرب	عبد الملك بن محمد بن إسماعيل أبو منصور الثعالبي (المتوفى: 429 ه)	ShamelaY19	28115	0.60147
		منهج الرشاد لمن أراد السداد	الشيخ جعفر كاشف الغطاء	Masaha	444	0.60145
		الخلاصة في آفات اللسان	علي بن نايف الشحود	ShamAY	34859	0.60144
		دروس في العقائد الاسلاميه	آيت الله العظمي ناصرمكارم شيرازي	Ghbook	3284	0.60144
		علي امامنا و امامكم ابوبكر	محمد رضي رضوي	Ghbook	7652	0.60142
		تاريخ القرآن	محمد حسينعلي صغير	Ghbook	2895	0.60139
		كشف اللثام شرح عمدة الأحكام	شمس الدين، أبو العون محمد بن أحمد بن سالم السفاريني الحنبلي (المتوفى: 1188 هـ)	ShamAY	32282	0.60137
		إحقاق الحقّ وإزهاق الباطل [ج ٣٢]	آية الله السيّد شهاب الدين الحسيني المرعشي النجفي	Rafed	2813	0.60137
		التزكية بين أهل السنة والصوفية	أحمد فريد	ShamAY	35383	0.60135
		الزيادة والإحسان في علوم القرآن	محمد بن أحمد بن سعيد الحنفي المكي، شمس الدين، المعروف كوالده بعقيلة (المتوفى: 1150 ه)	ShamelaY19	150960	0.60134
		موسوعة كلمات الامام المهدي عجل الله تعالي فرجه	موسسه پيام امام هادي عليه السلام	Ghbook	14793	0.60134
		 حسن المحاضرة في أخبار مصر والقاهرة 	 جلال الدين السيوطي 	ABLibrary	9035	0.60129
		المخزاة الجعيطية في كتابة السيرة النبوية	إبراهيم عوض	ShamAY	37450	0.60128
		نشوة الطرب في تاريخ جاهلية العرب	ابن سعيد الأندلسي	ShamelaY19	28174	0.60128
		الاسماء الثلاثه	آيت الله العظمي جعفر سبحاني	Ghbook	2714	0.60128
		الجليس الصالح الكافي والأنيس الناصح الشافي	أبو الفرج المعافى بن زكريا بن يحيى الجريرى النهرواني (المتوفى: 390هـ)	ShamAY	7301	0.60127
		تحقيق لطيف حول التوقيع الشريف	آيت الله العظمي ميرزا يدالله دوزدوزاني	Ghbook	14799	0.60127
		شروط النهضة	مالك بن الحاج عمر بن الخضر بن نبي (المتوفى: 1393ه)	ShamelaY19	21841	0.60126
		كتاب المكاسب [ج ٤]	الشيخ مرتضى الأنصاري	Rafed	2675	0.60126
		دراسات في علم الأصول [ج ٣]	آية الله السيّد علي الشاهرودي	Rafed	3674	0.60125
		حادي الأرواح إلى بلاد الأفراح	محمد بن أبي بكر بن أيوب بن سعد شمس الدين ابن قيم الجوزية (المتوفى: 751هـ)	ShamAY	11147	0.60124
		أخلاق الشباب المسلم	أبو شكيب محمد تقي الدين بن عبد القادر الهلالي (المتوفى: 1407هـ)	ShamAY	12183	0.60123
		الإبانة عن أسباب الإعانة على صلاة الفجر وقيام الليل	رقية بنت محمد المحارب	ShamAY	7800	0.60122
		مذكرة القول الراجح مع الدليل لكتاب الطهارة من شرح منار السبيل	خالد بن إبراهيم الصقعبي	ShamAY	31777	0.60121
		رساله الصلاه في المشكوك لامام للمحققين المجدد الميرزا محمدحسين الغروي ناييني	محمدحسين الغروي النائيني	Ghbook	11663	0.60121
		المقرِّب ومعه مُثُل المقرِّب	أبي الحسن علي بن مؤمن بن محمّد بن علي ابن عصفور الحضرمي الإشبيلي « ابن عصفور »	Rafed	2249	0.6012
		الجامع لمسائل أصول الفقه وتطبيقاتها على المذهب الراجح	عبد الكريم بن علي بن محمد النملة	ShamAY	207	0.60119
		 تحفة الازهار وزلال الانهار في نسب ابناء الائمة الاطهار ( ع ) 	 ضامن بن شدقم الحسيني المدني 	ABLibrary	7459	0.60118
		وثلث لطعامك	عبد الملك بن محمد القاسم	ShamelaY19	95678	0.60117
		شرح نخبة الفكر في مصطلحات أهل الأثر	علي بن (سلطان) محمد، أبو الحسن نور الدين الملا الهروي القاري (المتوفى: 1014هـ)	ShamAY	5989	0.60116
		الإرشاد إلى توحيد رب العباد	عبد الرحمن بن حماد آل عمر	ShamelaY19	36499	0.60116
		 مصباح الفقاهة ( ط أنصاريان ) 	 تقرير بحث السيد الخوئي للتبريزي 	ABLibrary	9434	0.60115
		الإشاعة لأشراط الساعة	محمد بن رسول البرزنجي الحسيني (1040 ه - 1103 ه)	ShamelaY19	132618	0.60114
		معجم المصطلحات العلمية العربية	د. فايز الداية (معاصر)	ShamAY	34687	0.60113
		فضل رب البرية في شرح الدرر البهية	أبو الحسن علي بن مختار الرملي	ShamelaY19	133386	0.60113
		مفاتيح الشرائع	محمد بن مرتضي فيض كاشاني	Ghbook	10424	0.60109
		أهل الحديث هم الطائفة المنصورة والفرقة الناجية - حوار مع سلمان بن فهد العودة	ربيع بن هادي المدخلي	ShamAY	33011	0.60108
		قضية التكفير بين أهل السنة وفرق الضلال في ضوء الكتاب والسُّنَّة	د. سعيد بن علي بن وهف القحطاني	ShamAY	1869	0.60106
		مستقصي مدارك القواعد	ملا حبيب الله شريف كاشاني	Ghbook	11266	0.60105
		تفسير القرآن العزيز لابن أبي زمنين	أبو عبد الله محمد بن عبد الله بن عيسى بن محمد المري، الإلبيري المعروف بابن أبي زَمَنِين المالكي (المتوفى: 399هـ)	ShamAY	1638	0.60104
		موسوعة الأذان بين الأصالة والتحريف [ج ١]	السيد علي الشهرستاني	Rafed	3627	0.60103
		الروض الأنف في شرح السيرة النبوية	أبو القاسم عبد الرحمن بن عبد الله بن أحمد السهيلي (المتوفى: 581هـ)	ShamAY	6864	0.60101
		القواعد الفقهية من مباحث الأصول - الجزء3	السيد محمد باقر الصدر	Masaha	5031	0.60101
		تذكير الأنام بسنن وآداب الصيام	سالم جمال الهنداوي	ShamAY	31921	0.601
		 كتاب المرشد أو الفصول مع نصوص طبية مختارة 	 محمد بن زكريا الرازي 	ABLibrary	9831	0.60099
		رسائل الشهيد الأوّل	الشيخ شمس الدين محمد بن مكّي [ الشهيد الأوّل ]	Rafed	1251	0.60098
		الإمامة عند الشيعة من خلال مرويات أصول الكافي دراسة مقارنة بالقرآن والعقل		ShamAY	35287	0.60095
		مَصَاعِدُ النَّظَرِ للإشْرَافِ عَلَى مَقَاصِدِ السِّوَرِ	إبراهيم بن عمر بن حسن الرباط بن علي بن أبي بكر البقاعي (المتوفى: 885هـ)	ShamAY	1404	0.60095
		الشرح الميسر لقواعد الأصول ومعاقد الفصول	أبو عبد الله، أحمد بن عمر بن مساعد الحازمي	ShamAY	513	0.60092
		أين المخرج .. فالصخرة أغلقت الغار	مجدي الهلالي	ShamAY	274	0.60091
		التعليق على العدة شرح العمدة - أسامة سليمان	أسامة علي محمد سليمان	ShamAY	643	0.60089
		مباحث الأصول / تقريرات - الجزء1	السيد كاظم الحسيني الحائري	Masaha	4256	0.60087
		جامع المقاصد في شرح القواعد [ج ٤]	الشيخ عليّ بن الحسين بن عبد العالي الكركي	Rafed	560	0.60086
		مستمسك العروة الوثقى [ج ٨]	آية الله السيد محسن الطباطبائي الحكيم	Rafed	416	0.60083
		سلمان الفارسي في مواجهة التحدّي	السيد جعفر مرتضى العاملي	Rafed	144	0.60081
		الميلاديه	آيت الله العظمي سيد محمد حسيني شيرازي	Ghbook	7852	0.60081
		مختصر الخرقي من مسائل الإمام أحمد بن حنبل	أبو القاسم عمر بن الحسين الخرقي	ShamAY	34270	0.60078
		 أبكار الأفكار في أصول الدين 	 سيف الدين الآمدي 	ABLibrary	8316	0.60078
		الاجتهاد (من كتاب التلخيص لإمام الحرمين)	عبد الملك بن عبد الله بن يوسف بن محمد الجويني، أبو المعالي، ركن الدين، الملقب بإمام الحرمين (المتوفى: 478هـ)	ShamAY	6352	0.60077
		نبي الرحمة	عبد الرحمن بن عبد الله	ShamAY	37412	0.60076
		الرسائل العشرة	السيد روح الله الموسوي الخميني	Masaha	3460	0.60076
		 الدلائل في شرح منتخب المسائل 	 السيد تقي الطباطبائي 	ABLibrary	9706	0.60075
		عقيدة أهل السنة والجماعة في الصحابة الكرام رضي الله عنهم (أصل الكتاب رسالة دكتوراه)	ناصر بن علي عائض حسن الشيخ	Sham19Y	12038	0.60074
		 شرح الشفاء ( شرح ملا علي القاري ) 	 القاضي عياض 	ABLibrary	8456	0.60074
		 مسند الإمام الكاظم ( ع ) 	 الشيخ عزيز الله عطاردي 	ABLibrary	7737	0.60074
		المهذب في فضائل الشام	الواحدي :: علي بن نايف الشحود	ShamAY	36099	0.60073
		آيات الغدير	مركز المصطفى للدراسات الإسلامية	Rafed	38	0.60073
		شرح ثلاثة الأصول لخالد المصلح	خالد بن عبد الله بن محمد المصلح	ShamAY	7730	0.60072
		المذاهب الفكرية المعاصرة ودورها في المجتمعات وموقف المسلم منها	د. غالب بن علي عواجي	Sham19Y	10547	0.60072
		شرح ملّا جامي [ج ٢]	عبد الرحمن بن أحمد نور الدين الجامي	Rafed	2284	0.60071
		تفسير السمرقندي = بحر العلوم	أبو الليث نصر بن محمد بن أحمد بن إبراهيم السمرقندي (المتوفى: 373هـ)	ShamAY	23594	0.60069
		أبو بكر الصديق أول الخلفاء الراشدين ط إحياء الكتب العربية	محمد رضا (المتوفى: 1369ه)	ShamelaY19	21515	0.60069
		ظاهرة الافتراء على الشيعة عبر التاريخ	الشيخ جعفر السبحاني	Rafed	3438	0.60067
		 مقالات الإسلاميين واختلاف المصلين 	 أبو الحسن الأشعري 	ABLibrary	8637	0.60066
		التوضيح المفيد لمسائل كتاب التوحيد	عبد الله بن محمد بن أحمد الدويش (المتوفى: 1409هـ)	ShamAY	7593	0.60065
		كشف الحق او الاربعون	محمد صادق خاتون آبادي	Ghbook	16334	0.60065
		المعالم الأثيرة في السنة و السيرة	محمد حميد الله‏	Masaha	2873	0.60064
		الحقوق والواجبات على الرجال والنساء في الإسلام	ربيع بن هادي المدخلي	ShamAY	35042	0.60063
		أشراط الساعة	عبد الله بن سليمان الغفيلي	ShamelaY19	30813	0.60063
		رساله مختصره في لبس السواد - الانوار الالهية	آيت الله العظمي ميرزا جواد تبريزي	Ghbook	10097	0.60063
		القرآن وعلوم الأرض	محمد سميح عافية	ShamAY	23144	0.60062
		تفسير السمرقندي = بحر العلوم	أبو الليث نصر بن محمد بن أحمد بن إبراهيم السمرقندي (المتوفى: 373ه)	ShamelaY19	23594	0.60061
		المتشابهات		ShamAY	36935	0.6006
		حاشيتا قليوبي وعميرة	أحمد سلامة القليوبي وأحمد البرلسي عميرة	ShamelaY19	21843	0.60059
		بحار الأنوار [ج ٨٠]	الشيخ محمّد باقر بن محمّد تقي المجلسي	Rafed	1110	0.60059
		فتح المعين بشرح قرة العين بمهمات الدين	زين الدين أحمد بن عبد العزيز بن زين الدين بن علي بن أحمد المعبري المليباري الهندي (المتوفى: 987هـ)	ShamAY	34252	0.60058
		الحاشية على قوانين الأصول‏ - الجزء1	الشيخ جواد الطارمي	Masaha	3351	0.60057
		كيف تسبق	أبو عبد الملك خالد بن عبد الرحمن الحسينان	ShamelaY19	36546	0.60056
		الصحيح من سيرة النبي الأعظم صلّى الله عليه وآله [ج ٦]	السيد جعفر مرتضى العاملي	Rafed	2487	0.60056
		النكت الوفية بما في شرح الألفية	برهان الدين إبراهيم بن عمر البقاعي	ShamAY	72	0.60055
		علم الأخلاق الإسلامية	مقداد يالجن محمد علي	Sham19Y	11293	0.60055
		شرح كتاب الصيام من بلوغ المرام	محمد بن صالح العثيمين	ShamAY	34746	0.60054
		اتعاظ الحنفاء بأخبار الأئمة الفاطميين الخلفاء	أحمد بن علي بن عبد القادر، أبو العباس الحسيني العبيدي، تقي الدين المقريزي (المتوفى: 845هـ)	ShamAY	176	0.60054
		من أنوار الخطب المنبرية	السيد حامد على خطاب	ShamAY	35036	0.60053
		أثر الاختلاف في القواعد الأصولية في اختلاف الفقهاء	محمد حسن عبد الغفار	ShamAY	706	0.60053
		معجم مقاليد العلوم في الحدود والرسوم	عبد الرحمن بن أبي بكر، جلال الدين السيوطي (المتوفى: 911هـ)	ShamAY	7039	0.60053
		 دليل تحرير الوسيلة ( الخمس ) 	 علي أكبر السيفي المازندراني 	ABLibrary	890	0.60053
		شرح مختصر خليل للخرشي	محمد بن عبد الله الخرشي المالكي أبو عبد الله (المتوفى: 1101هـ)	ShamAY	91	0.60052
		التعليق على العدة شرح العمدة - أسامة سليمان	أسامة علي محمد سليمان	ShamelaY19	37427	0.60051
		المعالم الأثيرة في السنة والسيرة	محمد محمد حسن الشراب	Masaha	4773	0.60051
		دور الشباب المسلم في الحياةا	الواحدي :: عبد الله آل جار الله	ShamAY	34965	0.6005
		 الدر المنضود في أحكام الحدود 	 تقرير بحث السيد الگلپايگاني للجهرمي 	ABLibrary	9441	0.6005
		شرائع الإسلام في مسائل الحلال و الحرام - الجزء1	المحقق الحلي	Masaha	1030	0.60048
		مصباح الفقيه [ج ١٣]	الشيخ آقا رضا الهمداني	Rafed	1876	0.60044
		مختصر كفاية المهتدي لمعرفة المهدي عليه السلام	مير لوحي سبزواري	Masaha	4067	0.60043
		المجموع اللفيف	أمين الدولة محمد بن محمد بن هبة الله العلوي الحسيني أبو جعفر الأفطسي الطرابلسي (المتوفى: بعد 515ه)	Sham19Y	9096	0.60041
		توحيد الكلمة على كلمة التوحيد	الواحدي	ShamAY	35524	0.6004
		إيضاح المسالك إلى قواعد الإمام أبي عبد الله مالك	أحمد بن يحيى الونشريسي (المتوفى: 914 ه)	ShamelaY19	133360	0.6004
		 موسوعة العتبات المقدسة 	 جعفر الخليلي 	ABLibrary	9254	0.60039
		التنقيح في شرح العروه الوثقي	آيت الله العظمي سيد ابوالقاسم خوئي	Ghbook	10219	0.60039
		نحو التغيير	آيت الله العظمي سيد محمد حسيني شيرازي	Ghbook	8168	0.60039
		تاريخ المستبصر، صفة بلاد اليمن ومكة وبعض الحجاز	يوسف بن يعقوب ابن مجاور	Masaha	4138	0.60039
		مجموعة رسائل في الحجاب والسفور	ابن تيمية - عبد العزيز بن باز - محمد الصالح العثيمين - محمد تقي الدين الهلالي الحسيني	ShamelaY19	31228	0.60038
		نظام الإثبات في الفقه الإسلامي	عوض عبد الله أبو بكر	ShamelaY19	23082	0.60037
		عقيدة محمد بن عبد الوهاب السلفية وأثرها في العالم الإسلامي	صالح بن عبد الله العبود	ShamAY	12039	0.60036
		الحسن والحسين	الواحدي :: محمد رضا	ShamAY	35873	0.60036
		مجلة «المعرفة» السورية	عادل العوا	Sham19Y	73354	0.60035
		شرح كتاب فضل الاسلام - صالح آل الشيخ	صالح آل الشيخ	ShamAY	34737	0.60034
		النكت الوفية بما في شرح الألفية	برهان الدين إبراهيم بن عمر البقاعي	Sham19Y	23798	0.60034
		اهل البيت عليهم السلام سماتهم و حقوقهم في القرآن الكريم	آيت الله العظمي جعفر سبحاني	Ghbook	3871	0.60034
		محاضرة القابضون على الجمر	الشيخ محمد صالح المنجد	ShamAY	34721	0.6003
		حاشية الكفاية	آية الله السيد محمد حسين الطباطبائي	Rafed	3651	0.6003
		الرد على اللمع	شحاتة محمد صقر	ShamAY	571	0.60029
		أربعون عاماً في الحياة العربية والدولية	أحمد الشقيري	ShamAY	37690	0.60029
		القول في علم النجوم للخطيب	أبو بكر أحمد بن علي بن ثابت بن أحمد بن مهدي الخطيب البغدادي (المتوفى: 463ه)	ShamelaY19	21491	0.60028
		تقويم أساليب تعليم القرآن الكريم وعلومه في وسائل الإعلام	د. محمد حسن محمد سبتان	ShamAY	11101	0.60027
		 نتائج الأفكار القدسية في بيان معاني شرح الرسالة القشيرية 	 الشيخ عبد الله العروسي 	ABLibrary	8824	0.60027
		 الحجج البالغة على تجرد النفس الناطقة 	 حسن حسن زاده آملى 	ABLibrary	8409	0.60026
		مشكاة الأنوار في غرر الأخبار	علي بن الحسن‏ الطبرسي	Masaha	4741	0.60026
		الأصول العلمية للدعوة السلفية	عبد الرحمن بن عبد الخالق اليوسف	ShamAY	12826	0.60025
		دلائل الإعجاز بين أبي سعيد السيرافي والجرجاني	حسن بن إسماعيل بن حسن بن عبد الرازق الجناجي رئيس قسم البلاغة بجامعة الأزهر (المتوفى: 1429 ه)	ShamelaY19	151016	0.60025
		وليد الكعبه	محمد حسين حسيني جلالي	Ghbook	8343	0.60025
		قاعدة في الأموال السلطانية	شيخ الإسلام أحمد بن عبد الحليم بن تيمية	ShamAY	34357	0.60022
		سرّ صناعة الإعراب [ج ٢]	أبي الفتح عثمان بن جنّي	Rafed	2074	0.60022
		فقه الصيام والحج من دليل الطالب	حمد بن عبد الله بن عبد العزيز الحمد	ShamAY	603	0.60021
		 دلالة الحائرين 	 ابن ميمون 	ABLibrary	8420	0.6002
		نشوة الطرب في تاريخ جاهلية العرب	ابن سعيد الأندلسي	ShamAY	28174	0.60019
		كشف الغطاء عن مبهمات الشريعة الغرّاء [ج ٤]	الشيخ جعفر كاشف الغطاء	Rafed	1600	0.60016
		رسالة قاعدة ضمان اليد	الشيخ فضل الله النوري	Rafed	1257	0.60016
		السيرة الحلبية في سيرة الأمين المأمون - المعرفة	علي بن إبراهيم بن أحمد الحلبي، أبو الفرج، نور الدين ابن برهان الدين (المتوفى: 1044هـ)	ShamAY	34439	0.60015
		تراثنا ـ العدد [ 62 ]	مؤسسة آل البيت عليهم السلام لإحياء التراث ـ قم	Rafed	3250	0.60015
		مجالس منبريه : محاضرات و نواعي مجالس شهر محرم الحرام	مصطفي الامامي الاهوازي	Ghbook	16407	0.60015
		التبصرة للخمي	علي بن محمد الربعي، أبو الحسن، المعروف باللخمي (المتوفى: 478 هـ)	ShamAY	32309	0.60014
		دراسات في الباقيات الصالحات	عبد الرزاق بن عبد المحسن البدر	ShamAY	10207	0.60014
		القول البين الأظهر في الدعوة إلى الله والأمر بالمعروف والنهي عن المنكر	عبد العزيز بن عبد الله بن عبد الرحمن الراجحي	ShamAY	1883	0.60012
		المتخلفون مليارا مسلم	آيت الله العظمي سيد محمد حسيني شيرازي	Ghbook	7807	0.60012
		حدائق الأنوار و مطالع الأسرار في سيرة النبي المختار	محمد بن بحر الحضرمي‏	Masaha	1958	0.60012
		حول مسألة فناء النار عن ابن تيمية	عبد الكريم الحميد	ShamAY	35739	0.60009
		مصادر الوحي وأنواعه في القرآن الكريم	الدكتور ستار جبر حمّود الأعرجي	Rafed	811	0.60008
		الشباب	آيت الله العظمي سيد محمد حسيني شيرازي	Ghbook	8165	0.60004
		حدائق الأنوار ومطالع الأسرار في سيرة النبي المختار	محمد بن عمر بن مبارك الحميري الحضرمي الشافعي، الشهير بـ «بَحْرَق» (المتوفى: 930هـ)	ShamAY	9795	0.60002
		مرآة العقول [ج ٦]	الشيخ محمّد باقر بن محمّد تقي المجلسي	Rafed	1020	0.60002
		أبعاد التحالف الرافضي الصليبي في العراق وآثاره على المنطقة	عبد المحسن الرافعي	ShamAY	33458	0.6
		عيون الأدلة في مسائل الخلاف بين فقهاء الأمصار	أبو الحسن علي بن عمر بن أحمد البغدادي المالكي المعروف بابن القصار (المتوفى: 397هـ)	ShamAY	32022	0.6
		 الدرة الباهرة من الأصداف الطاهرة ( تحقيق الصغير ) 	 الشهيد الأول 	ABLibrary	916	0.6
		 البراهين القاطعة في شرح تجريد العقائد الساطعة 	 محمد جعفر استر آبادى ( شريعتمدار ) 	ABLibrary	8366	0.59999
		بحار الأنوار [ج ١٤]	الشيخ محمّد باقر بن محمّد تقي المجلسي	Rafed	851	0.59996
		تشحيذ الأذهان بسيرة بلاد العرب والسودان‏	محمد بن عمر التونسي	Masaha	4503	0.59995
		الفن الواقع والمأمول - قصص توبة الفنانين والفنانات	د خالد بن عبد الرحمن بن علي الجريسي	ShamAY	9550	0.59991
		الإلحاد الخميني في أرض الحرمين	أبو عبد الرحمن مقبل بن هادي بن مقبل بن قائدة (اسم رجل) الهمداني الوادعي (المتوفى: 1422ه)	ShamelaY19	96926	0.59991
		الرد على أسئلة توني بولدروجوفاك	عبد الرحمن عبد الخالق	ShamAY	35340	0.5999
		فاطمه الزهراء ( سلام الله عليها ) سر الوجود	عادل علوي	Ghbook	4594	0.5999
		المجموع اللفيف	أمين الدولة محمد بن محمد بن هبة الله العلوي الحسيني أبو جعفر الأفطسي الطرابلسي (المتوفى: بعد 515هـ)	ShamAY	9096	0.59987
		رسالة لطيفة في شرح حديث أنت ومالك لأبيك - سلسلة لقاء العشر الأواخر بالمسجد الحرام (28)	محمد بن إسماعيل بن صلاح بن محمد الحسني، الكحلاني ثم الصنعاني، أبو إبراهيم، عز الدين، المعروف كأسلافه بالأمير (المتوفى: 1182 هـ)	ShamAY	32499	0.59986
		الثبات	صالح الرقب	ShamAY	35058	0.59986
		ابن عربي سنّيّ متعصّب	السيد جعفر مرتضى العاملي	Rafed	1570	0.59986
		كفاية الأخيار في حل غاية الاختصار	أبو بكر بن محمد بن عبد المؤمن بن حريز بن معلى الحسيني الحصني، تقي الدين الشافعي (المتوفى: 829هـ)	ShamAY	6140	0.59985
		صدق النبأ في بيان حقيقة عبد الله بن سبأ	أبو عبد الله الذهبي	ShamAY	35683	0.59984
		 لوائح الحق ولوامع العشق 	 عبد الرحمن جامي 	ABLibrary	8820	0.59984
		الدفاع عن السنة - جامعة المدينة (بكالوريوس)	مناهج جامعة المدينة العالمية	ShamAY	1670	0.59983
		أزواج بالكذب	عبد الله بن ضيف الله الرحيلي	Sham19Y	7500	0.59983
		الأساس في التفسير [ج ٧]	سعيد حوّى	Rafed	3153	0.59983
		الفية السيد المرتضي رحمة الله	علي شهرستاني	Ghbook	16146	0.59981
		قصة موسى والخضر	أبو إسحاق الحويني الأثري حجازي محمد شريف	ShamAY	7690	0.5998
		الإمام علي(ع) وتنمية ثقافة أهل الكوفة	محمد العبادي	Masaha	580	0.5998
		دواوين الشعر العربي على مر العصور	مجموعة من المؤلفين	ShamAY	37910	0.59979
		المكتبة الإسلامية	عماد علي جمعة	ShamAY	8564	0.59978
		المستشرقون والتراث	عبد العظيم محمود الديب (المتوفى: 1431ه)	ShamelaY19	23307	0.59978
		الشيعة شبهات وردود	آية الله مكارم الشيرازي	Rafed	3475	0.59977
		الوسيلة إلى نيل الفضيلة	ابن حمزة الطوسي	Masaha	627	0.59975
		الامامه و القياده	احمد عزالدين	Ghbook	6592	0.59973
		شرح مقدمة القيروانى للشيخ أحمد النقيب		ShamAY	35438	0.59972
		الآداب الطبّيّة في الإسلام	السيد جعفر مرتضى العاملي	Rafed	264	0.59972
		دليل تحرير الوسيلة (ولاية الفقيه)	علي اكبر سيفي مازندراني	Ghbook	9143	0.5997
		الحقوق والواجبات على الرجال والنساء في الإسلام	ربيع بن هادي المدخلي	ShamAY	33015	0.59968
		وجهة العالم الإسلامي	مالك بن الحاج عمر بن الخضر بن نبي (المتوفى: 1393ه)	ShamelaY19	37827	0.59968
		موسوعة الطير والحيوان في الحديث النبوي	عبد اللطيف عاشور	ShamAY	23686	0.59966
		محاضرات في النصرانية (تبحث في الأدوار التي مرَّت عليها عقائد النصاري وفي كتبهم ومجامعهم المقدسة وفرقهم)	محمد بن أحمد بن مصطفى بن أحمد المعروف بأبي زهرة (المتوفى: 1394هـ)	ShamAY	2280	0.59965
		عوامل النصر الشرعية	زيد بن محمد المدخلي	ShamAY	32981	0.59964
		رسالة الإمام أبي بكر البيهقي إلى الإمام أبي محمد الجويني	أحمد بن الحسين بن علي بن موسى الخسروجردي الخراساني، أبو بكر البيهقي (المتوفى: 458ه)	ShamelaY19	27089	0.59963
		المعالم الأثيرة في السنة والسيرة	محمد بن محمد حسن شراب	Sham19Y	23677	0.59963
		شرح تجريد التوحيد للمقريزي	سليمان العلوان	ShamAY	35707	0.59962
		رحلتي بين الشك و الإيمان	مصطفى الغلاييني	ShamAY	35741	0.5996
		فصول البدائع في أصول الشرائع	محمد بن حمزة بن محمد، شمس الدين الفناري (أو الفَنَري) الرومي (المتوفى: 834هـ)	ShamAY	31597	0.59959
		المهدوية عند أهل البيت	ابو الفضل الاسلامي	Masaha	4061	0.59959
		رحلات في فارس/ تعريب	السير جون شاردان (المتوفى: 1713م)	ShamAY	33804	0.59958
		مختصر اليمانيات المسلولة على الرافضة المخذولة	-	ShamelaY19	37631	0.59958
		الأخلاق في القرآن [ج ١]	آية الله مكارم الشيرازي	Rafed	3948	0.59958
		التحالف السياسي في الإسلام	منير محمد الغضبان	Sham19Y	95662	0.59957
		بدر شاكر السياب دراسة في حياته وشعره	دكتور إحسان عباس (المتوفى: 1424ه)	Sham19Y	1017	0.59957
		الحدائق الناضرة [ج ١٧]	الشيخ يوسف بن أحمد البحراني [ صاحب الحدائق ]	Rafed	2858	0.59957
		آكام المرجان في أحكام الجان	محمد بن عبد الله الشبلي الدمشقيّ الحنفي، أبو عبد الله، بدر الدين ابن تقي الدين (المتوفى: 769هـ)	ShamAY	6451	0.59955
		الخلاصة في تدبر القرآن الكريم	د/ خالد بن عثمان السبت	Sham19Y	133374	0.59952
		إثبات الشفاعة لصاحب المقام المحمود والرد على الدكتور مصطفى محمود	محمود عبده عبد الرازق	ShamAY	37415	0.59951
		حاشية الدسوقي على مختصر المعاني لسعد الدين التفتازاني (المتوفى: 792 ه) [ومختصر السعد هو شرح تلخيص مفتاح العلوم لجلال الدين القزويني]	محمد بن أحمد الدسوقي	ShamelaY19	147062	0.59951
		التوضيح المفيد لمسائل كتاب التوحيد	عبد الله بن محمد بن أحمد الدويش (المتوفى: 1409ه)	Sham19Y	7593	0.5995
		الموسوعة الميسرة في الأديان والمذاهب والأحزاب المعاصرة	الندوة العالمية للشباب الإسلامي	ShamAY	9582	0.59948
		البداية والنهاية ط إحياء التراث	أبو الفداء إسماعيل بن عمر بن كثير القرشي البصري ثم الدمشقي (المتوفى: 774هـ)	ShamAY	8376	0.59947
		صور الإعلام الإسلامي في القرآن الكريم - دراسة في التفسير الموضوعي	عاطف إبراهيم المتولي رفاعي	ShamAY	1737	0.59946
		 حادي الأرواح إلى بلاد الأفراح 	 ابن قيم الجوزية 	ABLibrary	8407	0.59946
		المعالم الأثيرة في السنة والسيرة	محمد بن محمد حسن شراب	ShamelaY19	23677	0.59944
		فصل الخطاب في ( تباب اتباع ) مذهب محمد بن عبدالوهاب	سليمان بن عبدالوهاب نجدي	Ghbook	7681	0.59943
		السِّيرةُ النَّبَويَّةُ الصَّحيْحَةُ مُحَاوَلَةٌ لِتَطبِيْقِ قَوَاعِدِ المُحَدِّثيْنَ فِيْ نَقْدِ روَايَاتِ السِّيْرَةِ النَّبَويَّةِ	د. أكرم ضياء العمري	ShamAY	31719	0.59939
		الامام المهدي (عجل الله تعالي فرجه الشريف) و الايمان بالغيب 	آيت الله العظمي سيد محمد تقي مدرسي	Ghbook	6589	0.59938
		الموسوعة التاريخية للخلفاء الفاطميين - الجزء1	عارف تامر	Masaha	4074	0.59938
		إرشاد العباد إلى معاني لمعة الاعتقاد	عبد الرحمن بن ناصر بن براك بن إبراهيم البراك	ShamAY	32404	0.59937
		حقائق الأصول‏  - الجزء1	السيد محسن الطباطبائي الحكيم	Masaha	3640	0.59937
		 تفصيل الشريعة في شرح تحرير الوسيلة ( الصوم والاعتكاف ) 	 الشيخ فاضل اللنكراني 	ABLibrary	9508	0.59936
		التراويح أكثر من ألف عام في المسجد النبوي	عطية بن محمد سالم (المتوفى: 1420ه)	ShamelaY19	22950	0.5993
		سيرة الشاب الصالح عبد الرحمن بن سعيد بن علي بن وهف القحطاني رحمه الله تعالى (1403 ه - 1422 ه) - ونبذة من سيرة شقيقه الصغير الصالح عبد الرحيم رحمه الله تعالى (1410 ه - 1422 ه)	د. سعيد بن علي بن وهف القحطاني	Sham19Y	96492	0.59927
		الأنجم الزاهرات على حل ألفاظ الورقات في أصول الفقه	شمس الدين محمد بن عثمان بن علي المارديني الشافعي (المتوفى: 871هـ)	ShamAY	5990	0.59926
		السبع المعلقات [مقاربة سيمائية/ أنتروبولوجية	عبد الملك مرتاض	ShamAY	34468	0.59924
		أجوبة السائلين	الشيخ محمد الفاضل اللنكراني	Masaha	4886	0.59924
		إعلام النبلاء بتاريخ حلب الشهباء  - الجزء1	محمد راغب الطباخ	Masaha	4237	0.59924
		أصول الفقه [ج ٢]	آية الله الشيخ محمد علي الأراكي	Rafed	3600	0.5992
		طلائع الصوفية	أبو العزايم جاد الكريم بكير	ShamAY	35399	0.59919
		 نهاية المرام في علم الكلام 	 العلامة الحلي 	ABLibrary	8673	0.59919
		أعلام الحديث (شرح صحيح البخاري)	أبو سليمان حمد بن محمد الخطابي (ت 388 هـ)	ShamAY	32483	0.59918
		إيمان أبي طالب وسيرته	الشيخ عبد الحسين الأميني النجفي	Masaha	91	0.59918
		ابهي الدرر في اخبار الامام المنتظر	مركز الدراسات التخصصية في الامام المهدي (ع)	Masaha	4068	0.59918
		المفيد في مهمات التوحيد	الدكتور عبد القادر بن محمد عطا صوفي	ShamAY	8672	0.59917
		الانتصار للسلف الأخيار: نقد لكتاب «أسماء الله الحسنى» للدكتور: محمود عبدالرازق الرضواني	محمد محب الدين أبو زيد	ShamAY	38789	0.59915
		شرح كتاب الجامع لأحكام الصيام وأعمال رمضان - حطيبة	الشيخ الطبيب أحمد حطيبة	ShamelaY19	36977	0.59915
		حدائق الأنوار ومطالع الأسرار في سيرة النبي المختار	محمد بن عمر بن مبارك الحميري الحضرمي الشافعي، الشهير ب «بحرق» (المتوفى: 930ه)	Sham19Y	9795	0.59913
		 مسالك الأبصار في ممالك الأمصار 	 أحمد بن يحيى العمري 	ABLibrary	9193	0.59913
		جواهر الكلام [ج ٥]	الشيخ محمّد حسن النّجفي	Rafed	634	0.59913
		إنارة الدجى في مغازي خير الورى(ص)	القاضي حسن بن محمد المشاط	Masaha	1879	0.59911
		شرح الزرقاني على الموطأ - العلمية	محمد بن عبد الباقي بن يوسف الزرقاني ـ سنة الوفاة 1122	ShamAY	33529	0.59909
		إيضاح الفرائد - الجزء1	السيد محمد التنكابني	Masaha	2645	0.59909
		إيضاح الفرائد  - الجزء1	السيد محمد التنكابني	Masaha	3139	0.59909
		شرح التسهيل المسمى «تمهيد القواعد بشرح تسهيل الفوائد»	محمد بن يوسف بن أحمد، محب الدين الحلبي ثم المصري، المعروف بناظر الجيش (المتوفى: 778 هـ)	ShamAY	32525	0.59905
		فقه الدعوة في صحيح الإمام البخاري	سعيد بن علي بن وهب القحطاني	ShamelaY19	31061	0.59905
		أين المخرج .. فالصخرة أغلقت الغار	مجدي الهلالي	Sham19Y	36401	0.59904
		مفتاح الأصول‏  - الجزء1	الشيخ اسماعيل الصالحي المازندارني	Masaha	4360	0.59902
		محاضرات في علوم القرآن - غانم قدورى	أبو عبد الله غانم بن قدوري بن حمد بن صالح، آل موسى فَرَج الناصري التكريتي	ShamAY	1436	0.599
		الأسلوب	أحمد الشايب	ShamAY	7357	0.59898
		انوار الفقاهه - كتاب الصلاه	حسن بن جعفر بن خضر نجفي كاشف الغطاء	Ghbook	12067	0.59897
		منتهي المطلب (ط - الحديثة)	حسن بن يوسف بن مطهر علامه حلي	Ghbook	11308	0.59897
		 مسند الإمام الصادق ( ع ) 	 الشيخ عزيز الله عطاردي 	ABLibrary	7722	0.59894
		تسهيل المناسك	عبد الكريم بن صنيتان العمري	ShamAY	11096	0.59893
		صفه بلاد اليمن و مكه و بعض الحجار: المسماة تاريخ المستبصر	يوسف بن يعقوب ابن مجاور	Ghbook	11110	0.5989
		غيبه الامام المهدي عند الامام الصادق عليه السلام	د. السيد ثامر العميدي	Masaha	4069	0.59889
		رسالة في إفتقار إثبات الأحكام للأدلة الصحيحة	الواحدي :: وليد السعيدان	ShamAY	37484	0.59886
		مجموع فتاوى العلامة عبد العزيز بن باز رحمه الله	عبد العزيز بن عبد الله بن باز (المتوفى: 1420هـ)	ShamAY	21537	0.59884
		النّفس من كتاب الشّفاء	أبو علي حسين بن عبد الله بن سينا [ شيخ الرئيس ابن سينا ]	Rafed	904	0.59884
		 الفتح الرباني والفيض الرحماني 	 عبد القادر الجيلاني 	ABLibrary	8719	0.59882
		السياسيه التربويه عند الامام الصادق عليه السلام	عبدالمهدي فضل الله	Ghbook	5003	0.59882
		الماتريدية		ShamAY	35645	0.59881
		الأصول العلمية للدعوة السلفية	عبد الرحمن بن عبد الخالق اليوسف	Sham19Y	12826	0.5988
		عقيدة أهل السنة والجماعة في الصحابة الكرام رضي الله عنهم (أصل الكتاب رسالة دكتوراه)	ناصر بن علي عائض حسن الشيخ	ShamAY	12038	0.59879
		تاريخ المستبصر	جمال الدين أبو الفتح يوسف بن يعقوب ابن محمد المعروف بابن المجاور الشيباني الدمشقي (المتوفى: 690ه)	Sham19Y	471	0.59879
		مقدمة في فقه النظام السياسي الإسلامي	محمد بن شاكر الشريف	ShamAY	33174	0.59878
		فتاوى تتعلق بأحكام الحج والعمرة والزيارة	عبد العزيز بن عبد الله بن باز (المتوفى: 1420هـ)	ShamAY	31267	0.59878
		ترتيب الفروق واختصارها	أبو عبد الله محمد بن إبراهيم البقوري (المتوفى: 707 ه)	ShamelaY19	20583	0.59877
		الاخلاق في القرآن	آيت الله العظمي ناصرمكارم شيرازي	Ghbook	3274	0.59876
		فتح القدير ، الجامع بين فني الروايه و الدرايه من علم التفسير	محمد بن علي بن محمد شوكاني	Ghbook	10118	0.59876
		 خلافة الإمام علي ( ع ) بين النصوص الدينية والتغطية الإعلامية 	 الشيخ علي البامياني 	ABLibrary	8419	0.59871
		نهاية الاقدام في وجوب المسح على الاقدام	الشهيد الثالث القاضي السيد التستري	Masaha	473	0.5987
		شرح اللّمع في النحو	أبي الفتح عثمان بن جنّي	Rafed	2232	0.59869
		مفتاح الوصول إلى بناء الفروع على الأصول (ومعه: مثارات الغلط في الأدلة)	أبو عبد الله محمد بن أحمد الحسني التلمساني (المتوفى: 771)	ShamelaY19	147913	0.59868
		رسالة الإمام أبي بكر البيهقي إلى الإمام أبي محمد الجويني	أحمد بن الحسين بن علي بن موسى الخسروجردي الخراساني، أبو بكر البيهقي (المتوفى: 458ه)	Sham19Y	27089	0.59868
		 إنارة الدجى في مغازي خير الورى ( ص ) 	 القاضي حسن بن محمد المشاط 	ABLibrary	7428	0.59863
		التوحيد وبيان العقيدة السلفية النقية	عبد الله بن محمد بن عبد العزيز بن عبد الرحمن بن حسين بن حميد (المتوفى: 1402هـ)	ShamAY	8588	0.59862
		حقائق الأصول [ج ٢]	آية الله السيد محسن الطباطبائي الحكيم	Rafed	3654	0.59862
		 الصوم في الشريعة الإسلامية الغراء 	 الشيخ السبحاني 	ABLibrary	9594	0.59861
		نهج الحق و كشف الصدق	حسن بن يوسف بن مطهر علامه حلي	Ghbook	16338	0.59861
		نظام النكاح في الشريعه الاسلاميه الغراء	آيت الله العظمي جعفر سبحاني	Ghbook	9836	0.5986
		إتحاف الأخيار بغرائب الأخبار	إدريس الجعيدي	Masaha	4342	0.5986
		تاريخ دمشق	حمزة بن أسد بن علي بن محمّد التيّمي [ ابن القلانسي ]	Rafed	2269	0.59857
		أخطاء في العقيدة	عبد الرحمن بن صالح المحمود	ShamAY	35446	0.59855
		المعارك الأدبية	أحمد أنور سيد أحمد الجندي (المتوفى: 1422ه)	Sham19Y	11546	0.59851
		ملامح الولاء في شرح زياره عاشوراء	سيده ام مهدي	Ghbook	5988	0.59851
		سلسله النقد و التحقيق الحق المبين	آيت الله علي حسيني ميلاني	Ghbook	4788	0.59849
		البرهان في علوم القرآن [ج ١]	بدر الدين محمّد بن عبد الله الزّركشي	Rafed	2086	0.59847
		العتاب بين الأصدقاء	علي بن محمد أبو نصية آل حسين التميمي	ShamAY	524	0.59845
		محاضرات في المواريث	محمد علي خرسان	Ghbook	10204	0.59845
		شرح الرضي على الكافية	الأستراباذي، الرضي	ShamAY	34703	0.59844
		تحفة الطالبين في ترجمة الإمام محيي الدين	علي بن إبراهيم بن داود بن سلمان بن سليمان، أبو الحسن، علاء الدين ابن العطار (المتوفى: 724هـ)	ShamAY	321	0.59843
		 الطراز الأول والكناز لما عليه من لغة العرب المعول 	 ابن معصوم المدني 	ABLibrary	7947	0.59843
		كتاب الإجارة	الميرزا حبيب الله الرشتي	Masaha	1592	0.59843
		مختصر المعاني	مسعود بن عمر التفتازاني	Masaha	2344	0.59842
		 سند العروة الوثقى ( كتاب الحج ) 	 تقرير بحث الشيخ محمد السند لسيد الماجد والشيخ حسن العصفور 	ABLibrary	9544	0.5984
		النكت في إعجاز القرآن	علي بن عيسى بن علي بن عبد الله، أبو الحسن الرماني المعتزلي (المتوفى: 384هـ)	ShamAY	31985	0.59838
		الامام المهدي (عجل الله تعالي فرجه الشريف) في القرآن و السنه	سعيد ابومعاش	Ghbook	6583	0.59838
		المحرر في الفقه على مذهب الإمام أحمد بن حنبل	عبد السلام بن عبد الله بن الخضر بن محمد، ابن تيمية الحراني، أبو البركات، مجد الدين (المتوفى: 652هـ)	ShamAY	7460	0.59837
		الفوائد المدنيه	حسين  الشيخ الاسلامي  التويسركاني	Ghbook	11210	0.59837
		الاحتجَاج بالأثر على من أنكر المهدي المنتظر	حمود بن عبد الله بن حمود بن عبد الرحمن التويجري (المتوفى: 1413هـ)	ShamAY	517	0.59836
		الرد القويم البالغ على كتاب الخليلي المسمى بالحق الدامغ	علي بن محمد بن ناصر الفقيهي	ShamAY	35466	0.59834
		شرح حصن المسلم من أذكار الكتاب والسنة	أبو مسلم مجدي بن عبد الوهاب الأحمد	ShamelaY19	96495	0.59834
		الطّراز الأوّل [ج ٧]	السيّد علي بن أحمد بن محمّد معصوم الحسيني	Rafed	508	0.59834
		الصحيفه الهادية الجامعة	محمد باقر بن مرتضي موحد ابطحي اصفهاني	Ghbook	9864	0.59833
		 المواهب اللدنية بالمنح المحمدية 	 الشيخ أحمد بن محمد القسطلانى 	ABLibrary	7803	0.59832
		الصحيفه المهدية الجامعة	محمد باقر بن مرتضي موحد ابطحي اصفهاني	Ghbook	9866	0.59832
		المعارك الأدبية	أحمد أنور سيد أحمد الجندي (المتوفى: 1422هـ)	ShamAY	11546	0.59831
		أثر الاختلاف في القواعد الأصولية في اختلاف الفقهاء	محمد حسن عبد الغفار	Sham19Y	37648	0.59829
		الصحيفه العسكرية الجامعة	محمد باقر بن مرتضي موحد ابطحي اصفهاني	Ghbook	9865	0.59829
		الصحيفه الجوادية الجامعة	محمد باقر بن مرتضي موحد ابطحي اصفهاني	Ghbook	9863	0.59829
		التفريع في فقه الإمام مالك بن أنس - رحمه الله -	عبيد الله بن الحسين بن الحسن أبو القاسم ابن الجَلَّاب المالكي (المتوفى: 378هـ)	ShamAY	32017	0.59828
		جامع الدروس العربية	مصطفى بن محمد سليم الغلايينى (المتوفى: 1364هـ)	ShamAY	3284	0.59827
		دروس الشيخ عبد المحسن العباد	عبد المحسن بن حمد بن عبد المحسن بن عبد الله بن حمد العباد البدر	ShamAY	370	0.59827
		اللّباب في علوم الكتاب [ج ١٥]	أبي حفص عمر بن علي بن عادل الدمشقي الحنبلي	Rafed	3114	0.59827
		الصحيفه الكاظميه الجامعة	محمد باقر بن مرتضي موحد ابطحي اصفهاني	Ghbook	9862	0.59827
		المحرر في الفقه على مذهب الإمام أحمد بن حنبل	عبد السلام بن عبد الله بن الخضر بن محمد، ابن تيمية الحراني، أبو البركات، مجد الدين (المتوفى: 652ه)	Sham19Y	7460	0.59826
		 التصريف لمن عجز عن التأليف 	 خلف بن عباس الزهراوي 	ABLibrary	9848	0.59826
		الجامع في المولد	مجموعة من المؤلفين	ShamAY	37418	0.59822
		الوسيط في المذهب	أبو حامد محمد بن محمد الغزالي الطوسي (المتوفى: 505هـ)	ShamAY	6128	0.59821
		علم الأصول تاريخاً وتطوراً	الشيخ علي القائيني	Masaha	4002	0.59819
		مقدمة ابن الصلاح = معرفة أنواع علوم الحديث - ت فحل	عثمان بن عبد الرحمن، أبوعمرو، تقي الدين المعروف بابن الصلاح (المتوفى: 643هـ)	ShamAY	127	0.59818
		الخطاب الاستشراقي والقرآن الكريم التشريعات المالية في القرآن نموذجاً		ShamAY	36933	0.59813
		التنبيه على المخالفات العقدية في الفتح	علي بن عبد العزيز بن علي الشبل	ShamAY	35476	0.59812
		النّهاية [ج ١]	مجد الدين أبي السعادات المبارك بن محمد الجزري [ ابن الأثير ]	Rafed	3505	0.59812
		التربية الجادة ضرورة	محمد الدويش	ShamAY	35130	0.59811
		وقعة صفين - ت هارون	نصر بن مزاحم المنقرى (المتوفى: 212هـ)	ShamAY	33834	0.59805
		أهمية العناية بالتفسير والحديث والفقه	عبد المحسن بن حمد بن عبد المحسن بن عبد الله بن حمد العباد البدر	Sham19Y	10871	0.59805
		وجوب تحكيم الرسول صلى الله عليه وسلم في كل شيء من أحوالنا	الواحدي :: علي بن نايف الشحود	ShamAY	36103	0.59804
		إحقاق الحق و إزهاق الباطل - الجزء1	الشهيد الثالث القاضي السيد التستري	Masaha	1883	0.59803
		الفروق في اللغة	حسن بن عبد الله‏ العسكري	Masaha	4742	0.59802
		أكمل البيان في شرح حديث النجد قرن الشيطان	محمد سندهو	ShamAY	35953	0.59801
		عقود الزبرجد على مسند الإمام أحمد في إعراب الحديث	عبد الرحمن بن أبي بكر، جلال الدين السيوطي (المتوفى: 911ه)	ShamelaY19	23077	0.598
		موسوعة حديث الثقلين [ج ٤]	مركز الأبحاث العقائديّة	Rafed	1421	0.598
		تاريخ المستبصر	جمال الدين أبو الفتح يوسف بن يعقوب ابن محمد المعروف بابن المجاور الشيباني الدمشقي (المتوفى: 690هـ)	ShamAY	471	0.59799
		خطر تقسيم التوحيد علي عقيده المسلمين	لجنة البحوث و الدراسات بالطريقة العزمية	Ghbook	7643	0.59799
		الامام الصادق ( عليه السلام ) علم و عقيده	رمضان لاوند	Ghbook	7121	0.59797
		شفاء العليل في اختصار إبطال التحليل - البعلي - ت العمران - ط عالم الفوائد	محمد بن علي بن أحمد بن عمر بن يعلى، أبو عبد الله، بدر الدين البعليّ (المتوفى: 778هـ)	ShamAY	38464	0.59796
		تاريخ الحديث النبوي وموثرات الهوى والموروث الجاهلي عليه	السيد علي الشهرستاني	Masaha	194	0.59796
		كشف المخدرات والرياض المزهرات لشرح أخصر المختصرات	عبد الرحمن بن عبد الله بن أحمد البعلي الخلوتي الحنبلي (المتوفى: 1192هـ)	ShamAY	6115	0.59793
		الذات الإلهية	مالك مهدي خلصان	Masaha	134	0.59789
		صلاة المسافر	السيد أبو الحسن الأصفهاني	Masaha	4962	0.59788
		قراءة قانونية في سورة يوسف	الدكتور محمد محروس المدرس الأعظمي	ShamAY	36408	0.59787
		علم الامام : كتاب وجيز يبحث عن علم الامام و كميته و كيفيته عن طريقي العقل و النق...	محمد حسين مظفر	Ghbook	7676	0.59785
		التلخيص القيم لاختيارات أبي العباس وتلميذه ابن القيم	الواحدي :: وليد السعيدان	ShamAY	37641	0.59784
		القرآن منهج و سلوك	آيت الله العظمي سيد محمد حسيني شيرازي	Ghbook	7884	0.59784
		شبهات و ايضاحات حول اصول الفقه للشيعه الاماميه	آيت الله العظمي جعفر سبحاني	Ghbook	11231	0.59783
		الحلول الشرعية للخلافات والمشكلات الزوجية والأسرية	د. عَبْدِ اللَّهِ بنِ عَبْدِ الرَّحْمَنِ بنِ جِبْرِيْنٍ	ShamAY	35041	0.59782
		تَسدِيدُ الإِصَابَةِ لِمَن أنَكَرَ تَكفِيرَ الشِيعةِ للصَحَابةِ		ShamAY	35641	0.59777
		صلح الإمام الحسن(ع) من منظور آخر	الأسعد بن علي	Masaha	309	0.59776
		نونية ابن القيم = الكافية الشافية	محمد بن أبي بكر بن أيوب بن سعد شمس الدين ابن قيم الجوزية (المتوفى: 751ه)	Sham19Y	11375	0.59775
		شرح صحيح البخارى لابن بطال	ابن بطال أبو الحسن علي بن خلف بن عبد الملك (المتوفى: 449هـ)	ShamAY	10486	0.59772
		التوحيد وأثره وبيان العقيدة السلفية النقية	عبدالله بن محمد بن حميد	ShamAY	35479	0.59772
		تراثنا ـ العددان [ 73 و 74 ]	مؤسسة آل البيت عليهم السلام لإحياء التراث ـ قم	Rafed	3305	0.59772
		تفسير كنز الدّقائق وبحر الغرائب [ج ٢]	الشيخ محمّد بن محمّد رضا القمّي المشهدي	Rafed	2090	0.59772
		النكت في المسائل المختلف فيها بين الشافعي وأبي حنيفة للشيرازي (التطوع - الاعتكاف)	الشيرازي، أبو إسحاق	ShamAY	36430	0.59771
		مقتل الشيخ جميل الرحمن الأفغاني، ومعه (حول كلمة وهابي)	أبو عبد الرحمن مقبل بن هادي بن مقبل بن قائدة (اسم رجل) الهمداني الوادعي (المتوفى: 1422ه)	ShamelaY19	96789	0.59771
		الوسطية في ضوء القرآن الكريم	ناصر بن سليمان العمر	ShamAY	1939	0.5977
		الموسوعة القرآنيّة [ج ٨]	ابراهيم الأبياري	Rafed	3867	0.5977
		مدخل عام لدارسة فقه القرآن المقارن	خالد غفوري الحسني	Ghbook	15100	0.5977
		منهج الإمام مسلم في ترتيب كتابه الصحيح ودحض شبهات حوله	ربيع بن هادي المدخلي	ShamAY	33012	0.59767
		النهاية في غريب الحديث والأثر	مجد الدين أبو السعادات المبارك بن محمد بن محمد بن محمد ابن عبد الكريم الشيباني الجزري ابن الأثير (المتوفى: 606ه)	ShamelaY19	23691	0.59764
		تقريرات آية الله المجدّد الشيرازي [ج ٣]	المولى علي الروزدري	Rafed	945	0.59764
		الشرح الصغير في شرح مختصر النافع - الجزء1	السيد علي الطباطبائي	Masaha	1511	0.59764
		نفحات الأزهار في خلاصة عبقات الأنوار [ج ٩]	السيّد علي الحسيني الميلاني	Rafed	439	0.59761
		اكاذيب الوهابيه	صالح ورداني	Ghbook	10930	0.59761
		الشهادة الثالثة	الشيخ محمد السند	Masaha	4889	0.5976
		شرح الكافية البديعية	صفي الدين الحلّي	Rafed	2153	0.59758
		 فقه الحج 	 الشيخ لطف الله الصافي الگلپايگاني 	ABLibrary	9740	0.59756
		الحجة في الفقه‏	مهدي الحائري اليزدي	Masaha	3436	0.59756
		شرح الترغيب والترهيب للمنذرى - حطيبة	الشيخ الطبيب أحمد حطيبة	ShamelaY19	36971	0.59755
		معارج الفهم في شرح النظم	الحسن بن يوسف بن علي المطّهر [ العلامة الحلّي ]	Rafed	3595	0.59755
		مصطفى السباعي الداعية الرائد والعالم المجاهد	عبد الله محمود الطنطاوي	ShamAY	38589	0.59754
		شرح الورقات في أصول الفقه - للصقعبي	خالد بن إبراهيم الصقعبي	ShamAY	37569	0.59754
		اهتمام المحدثين بالسنة المطهرة	الخشوعي محمد الخشوعي	ShamAY	37344	0.59754
		تيسير أصول الفقه للمبتدئين	محمد حسن عبد الغفار	ShamelaY19	37693	0.59754
		 الغاية القصوى في التعليق على العروة الوثقى ( كتاب الخمس ) 	 السيد تقي الطباطبائي القمي 	ABLibrary	9715	0.59753
		سامرا عاصمة الدولة العربية في عهد العباسيين [ج ٢]	أحمد عبد الباقي	Rafed	2440	0.59752
		الهمة طريق إلى القمة	محمد بن حسن بن عقيل موسى الشريف	ShamelaY19	36525	0.59751
		 مصارع المصارع في الرد على كتاب مصارعة الفلاسفة 	 خواجه نصير الدين الطوسي 	ABLibrary	8603	0.5975
		مجموع رسائل الشاب الصالح عبد الرحمن بن سعيد بن علي بن وهف القحطاني رحمه الله تعالى	عبد الرحمن بن سعيد بن علي بن وهف القحطاني (المتوفى: 1422هـ)	ShamAY	1881	0.59749
		كتب ومقالات الدكتور حبيب عبد الملك		ShamAY	35575	0.59744
		جامع المقدمات العلمية لمهمات الكتب والمصنفات الشرعية	أبو يعلى البيضاوي	ShamAY	37617	0.59743
		السنة النبوية في مواجهة التحديات والشبهات المعاصرة	أيمن محمود مهدي	ShamAY	37313	0.59742
		خواطر حول الوهابية	محمد بن أحمد بن إسماعيل المقدم	ShamelaY19	96299	0.59742
		البراهين القاطعة [ج ٢]	محمّد جعفر الأسترآبادي	Rafed	718	0.59741
		الإرشاد إلى توحيد رب العباد	عبد الرحمن بن حماد آل عمر	ShamAY	31	0.5974
		فوائد من خطبة الوداع	أبو الأشبال حسن الزهيري آل مندوه المنصوري المصري	ShamAY	704	0.5974
		رويه الله: في ضوآ الكتاب و السنه و العقل الصريح	آيت الله العظمي جعفر سبحاني	Ghbook	6727	0.5974
		الأحكام الشرعية ثابتة لا تتغير	الشيخ لطف الله الصافي الگلپايگاني	Masaha	5004	0.59739
		تفسير سورة النور	محمد بن محمد المختار الشنقيطي	ShamAY	7697	0.59738
		تحصيل المرام في أخبار البيت الحرام والمشاعر العظام ومكة والحرم وولاتها الفخام‏  - الجزء1	محمد بن أحمد المالكي المكي	Masaha	4442	0.59738
		محاضرات في أصول الفقه / تقريرات - الجزء1	الشيخ محمد إسحاق الفياض	Masaha	4289	0.59737
		رحلة بنيامين التطيلي‏	بنيامين بن يونة التطيلي	Masaha	4577	0.59737
		التفريع في فقه الإمام مالك بن أنس	ابن الجلاب	ShamAY	34232	0.59736
		شرح شافية ابن الحاجب - ركن الدين الاستراباذي	حسن بن محمد بن شرف شاه الحسيني الأستراباذي، ركن الدين (المتوفى: 715ه)	Sham19Y	11750	0.59736
		بحار الأنوار [ج ٨٤]	الشيخ محمّد باقر بن محمّد تقي المجلسي	Rafed	1145	0.59736
		محاضرات في علوم القرآن - غانم قدورى	أبو عبد الله غانم بن قدوري بن حمد بن صالح، آل موسى فرج الناصري التكريتي	Sham19Y	12917	0.59735
		الفقه، القواعد الفقهية	آيت الله العظمي سيد محمد حسيني شيرازي	Ghbook	10360	0.59734
		البرهان في تفسير القرآن - الجزء1	السيد هاشم البحراني	Masaha	3228	0.59729
		دراسات في أصول الفقه‏	السيد محمد الكلانتر	Masaha	3769	0.59725
		كيفية دعوة عصاة المسلمين إلى الله تعالى في ضوء الكتاب والسنة	د. سعيد بن علي بن وهف القحطاني	ShamelaY19	96519	0.59723
		موسوعة الإمام الخوئي [ج ٦]	الشيخ علي الغروي	Rafed	849	0.59722
		جواب الحافظ أبى محمد عبد العظيم المنذري المصري عن أسئلة فى الجرح والتعديل	عبد العظيم بن عبد القوي بن عبد الله، أبو محمد، زكي الدين المنذري (المتوفى: 656هـ)	ShamAY	9863	0.59721
		وظيفة علماء الدين	البشير الإبراهيمي	ShamAY	33399	0.5972
		منهج الشيخ عبد الرزاق عفيفي وجهوده في تقرير العقيدة والرد على المخالفين	أحمد بن علي الزاملي	ShamAY	31966	0.59719
		 الرد على الفتاوى المتطرفة 	 الشيخ علي الكوراني العاملي 	ABLibrary	8428	0.59719
		بحر الفوائد في شرح الفرائد [ج ٥]	آية الله ميرزا محمّد حسن بن جعفر الآشتياني	Rafed	922	0.59719
		الروض المربع شرح زاد المستنقع في اختصار المقنع	منصور بن يونس بن إدريس البهوتي (المتوفى: 1051هـ)	ShamAY	34262	0.59718
		 موسوعة الإمام أمير المؤمنين على بن أبى طالب ( ع ) 	 الشيخ باقر شريف القرشي 	ABLibrary	7805	0.59717
		 كتاب الأزل 	 محمد وفا الكبير 	ABLibrary	8799	0.59713
		رأس السنة ... هل نحتفل؟	شحاتة محمد صقر	ShamelaY19	36158	0.59712
		إعراب القرآن - الجزء1	الزجاج	Masaha	3238	0.59712
		االآراء الفقهيه	هادي نجفي	Ghbook	12880	0.5971
		رفع الملام عن الإئمة الأعلام - ت: الشحود	الواحدي :: ابن تيمية	ShamAY	34383	0.59709
		كشف الغطاء عن مبهمات الشريعة الغرّاء [ج ٢]	الشيخ جعفر كاشف الغطاء	Rafed	1572	0.59709
		تاريخ الفكر الديني الجاهلي	محمد إبراهيم الفيومي (المتوفى: 1427هـ)	ShamAY	10006	0.59706
		النبوة والأنبياء في اليهودية والمسيحية والإسلام	أحمد عبد الوهاب	Sham19Y	22862	0.59704
		العبادات في الإسلام وأثرها في تضامن المسلمين	علي عبد اللطيف منصور	ShamAY	8811	0.59703
		تفسير القرآن (وهو اختصار لتفسير الماوردي)	أبو محمد عز الدين عبد العزيز بن عبد السلام بن أبي القاسم بن الحسن السلمي الدمشقي، الملقب بسلطان العلماء (المتوفى: 660هـ)	ShamAY	5638	0.59701
		إخبار العلماء بأخبار الحكماء	جمال الدين أبو الحسن علي بن يوسف بن إبراهيم الشيباني القفطي (المتوفى: 646 ه)	ShamelaY19	26336	0.59698
		الفوائد المدنية (حوار حول الاصول في مدينةالرسول)	حسين  الشيخ الاسلامي  التويسركاني	Ghbook	14045	0.59697
		الرد الجميل على أخطاء ابن عقيل	التويجري، حمود بن عبد الله	ShamAY	37749	0.59696
		التعليق الكبير في المسائل الخلافية بين الأئمة ت الفريح	أبو يعلى الفراء محمد بن الحسين بن محمد بن خلف البغدادي الحنبلي (المولود ببغداد سنة 380 ه والمتوفى بها سنة 458 ه)	ShamelaY19	127663	0.59695
		السيف المسلول على من سب الرسول	تقي الدين علي بن عبد الكافي السبكي (المتوفى 756 هـ)	ShamAY	32502	0.59694
		تقويم أساليب تعليم القرآن الكريم وعلومه في وسائل الإعلام	د. محمد حسن محمد سبتان	Sham19Y	11101	0.59694
		 تحفة الازهار وزلال الانهار في نسب ابناء الائمة الاطهار ( ع ) 	 ضامن بن شدقم الحسيني المدني 	ABLibrary	7460	0.59694
		 الطراز الأول والكناز لما عليه من لغة العرب المعول 	 ابن معصوم المدني 	ABLibrary	7952	0.59693
		 دفاع عن التشيع 	 السيد نذير يحيى الحسني 	ABLibrary	966	0.59692
		محاضرات حول الامام المهدي ( عجل الله تعالي فرجه الشريف )	احمد وائلي	Ghbook	4578	0.59692
		نور التوحيد وظلمات الشرك في ضوء الكتاب والسنة	د. سعيد بن علي بن وهف القحطاني	ShamelaY19	96538	0.59691
		 بحار الأنوار 	 العلامة المجلسي 	ABLibrary	783	0.5969
		تيسير التحرير	محمد أمين بن محمود البخاري المعروف بأمير بادشاه الحنفي (المتوفى: 972 هـ)	ShamAY	32376	0.59688
		سمات المؤمنين في الفتن وتقلب الأحوال	صالح بن عبد العزيز بن محمد بن إبراهيم آل الشيخ	ShamelaY19	30899	0.59687
		زيارات ذبيح آل محمد صلوات الله عليهم و سلم العاشورائيه	حيدر تربتي كربلايي	Ghbook	11956	0.59685
		إتحاف النبهاء بضوابط الفقهاء	وليد السعيدان	ShamAY	37480	0.59683
		أصول الفقه [ج ١]	آية الله الشيخ حسين الحلّي	Rafed	947	0.5968
		الإيمان حقيقته، خوارمه، نواقضه عند أهل السنة والجماعة	عبد الله بن عبد الحميد الأثري	ShamAY	9837	0.59679
		رسالة في وجوب الجمع بين الأدلة	الواحدي :: وليد السعيدان	ShamAY	37491	0.59678
		مقدمة ابن الصلاح = معرفة أنواع علوم الحديث - ت فحل	عثمان بن عبد الرحمن، أبوعمرو، تقي الدين المعروف بابن الصلاح (المتوفى: 643ه)	Sham19Y	23799	0.59678
		 شرح الأصول الخمسة 	 القاضي عبد الجبار الهمذاني 	ABLibrary	8455	0.59678
		الامام المهدي (عجل الله تعالي فرجه الشريف)	آيت الله العظمي سيد محمد حسيني شيرازي	Ghbook	6582	0.59676
		مشروع تفنيد الكتاب المقدس (( خلاصة التكوين ))		ShamAY	35376	0.59675
		زيارة القبور والاستنجاد بالمقبور	تقي الدين أبو العباس أحمد بن عبد الحليم بن عبد السلام بن عبد الله بن أبي القاسم بن محمد ابن تيمية الحراني الحنبلي الدمشقي (المتوفى: 728هـ)	ShamAY	6919	0.59675
		تذكير العابد بحكم المسألة في المساجد (دراسة فقهية مقارنة)	أبو مالك عدنان عبده المقطري	ShamAY	36723	0.59675
		نقض الإمام أبي سعيد عثمان بن سعيد على المريسي الجهمي العنيد فيما افترى على الله عز وجل من التوحيد	أبو سعيد عثمان بن سعيد بن خالد بن سعيد الدارمي السجستاني (المتوفى: 280هـ)	ShamAY	8680	0.59675
		تاريخ مختصر الدول	غريغوريوس (واسمه في الولادة يوحنا) ابن أهرون (أو هارون) بن توما الملطي، أبو الفرج المعروف بابن العبري (المتوفى: 685ه)	Sham19Y	12348	0.59675
		 دليل تحرير الوسيلة ( أحكام الأسرة ) 	 علي أكبر السيفي المازندراني 	ABLibrary	9752	0.59674
		الزّواج الموفّق	الشيخ محمّد جواد المروّجي الطبسي	Rafed	911	0.59673
		منتهى الأصول - الجزء1	السيد حسن الموسوي البجنوردي	Masaha	4377	0.59673
		شرح شواهد المغني	جلال الدين عبد الرحمن بن أبي بكر السيوطي	Rafed	2896	0.59671
		حوار مع صديقي الشيعي	بن علي هاشمي	Ghbook	4558	0.59671
		تيسير أصول الفقه للمبتدئين	محمد حسن عبد الغفار	ShamAY	726	0.59669
		الغاية في اختصار النهاية	عز الدين عبد العزيز بن عبد السلام السلمي (المتوفى: 660 ه)	ShamelaY19	127703	0.59667
		 طبقات المعتزلة 	 الإمام أحمد المرتضى 	ABLibrary	8488	0.59667
		المكاسب المحرمه: توضيح لماذهب اليه الشيخ الانصاري قدس سره في بيان مدلولها	مرتضي انصاري (اعظم انصاري)	Ghbook	10778	0.59667
		ملاذ الاخيار في فهم تهذيب الاخبار	محمد بن حسن شيخ طوسي ( شيخ الطائفه )	Ghbook	10766	0.59666
		شرائع الإسلام - الجزء1	المحقق الحلي	Masaha	598	0.59666
		الانتصارات الإسلامية في كشف شبه النصرانية	سليمان بن عبد القوي بن الكريم الطوفي الصرصري، أبو الربيع، نجم الدين (المتوفى: 716هـ)	ShamAY	1125	0.59665
		نهاية الوصول في دراية الأصول	صفي الدين محمد بن عبد الرحيم الأرموي الهندي (715 ه)	Sham19Y	16562	0.59665
		ترتيب المدارك وتقريب المسالك	أبو الفضل القاضي عياض بن موسى اليحصبي (المتوفى: 544هـ)	ShamAY	31215	0.59664
		شرح أبيات سيبويه	يوسف بن أبي سعيد الحسن بن عبد الله بن المرزبان أبو محمد السيرافي (المتوفى: 385هـ)	ShamAY	690	0.59661
		مذكرة الحج	خالد الهويسين	ShamAY	36361	0.5966
		تراجم المؤلفين التونسيين	محمد محفوظ (المتوفى: 1408 هـ)	ShamAY	38786	0.5966
		تعاون الدعاة وأثره في المجتمع	محمد بن صالح بن محمد العثيمين (المتوفى: 1421هـ)	ShamAY	21804	0.59659
		الإلحاد الخميني في أرض الحرمين	أَبِو عَبد الرَّحمَن مُقْبلُ بنُ هَادِي بنِ مُقْبِلِ بنِ قَائِدَةَ (اسم رجل) الهَمْدَاني الوادعِيُّ (المتوفى: 1422هـ)	ShamAY	2042	0.59659
		 المرتقى إلى الفقه الأرقى ( كتاب الخمس ) 	 السيد محمد الروحاني 	ABLibrary	9467	0.59659
		موجزا مختصرا ؛ الصحيح من تاريخ الاسلام	ابوالعباس بن كمال	Ghbook	7723	0.59658
		الأثر المشهور عن الإمام مالك رحمه الله في صفة الاستواء دراسة تحليلية	عبد الرزاق بن عبد المحسن البدر	ShamAY	8712	0.59656
		 مصابيح الأحكام 	 السيد محمدمهدي بحر العلوم 	ABLibrary	9353	0.59655
		الجمع والفرق (أو كتاب الفروق)	أبو محمد عبد الله بن يوسف الجويني (ت 438 هـ)	ShamAY	32662	0.59653
		 الرحلة الحجازية 	 اولياء چلبي 	ABLibrary	9091	0.59653
		مناقب الشيخين في التفسير و الحديث عرض و نقد: محاضرات الشيخ نجم الدين الطبسي	نجم الدين طبسي	Ghbook	16274	0.59653
		الشيخ علي الخفيف الفقيه المجدد	محمد عثمان شبير	ShamAY	38617	0.59652
		موسوعة الإمام الخوئي [ج ٥]	الشيخ علي الغروي	Rafed	847	0.5965
		الألفاظ والمصطلحات المتعلقة بتوحيد الربوبية	آمال بنت عبد العزيز العمرو	ShamAY	7547	0.59649
		شروط النهضة	مالك بن الحاج عمر بن الخضر بن نبي (المتوفى: 1393هـ)	ShamAY	1728	0.59648
		ضرائر الشِّعْر	علي بن مؤمن بن محمد، الحَضْرَمي الإشبيلي، أبو الحسن المعروف بابن عصفور (المتوفى: 669هـ)	ShamAY	868	0.59648
		 رحلة الكابتن فلوير 	 ارنست فلوير 	ABLibrary	9105	0.59648
		إعراب القرآن [ج ١]	الزجّاج	Rafed	3142	0.59648
		الايمان والكفر وآثارهما في الفرد والمجتمع	مركز الرسالة	Masaha	507	0.59647
		العقل العملي	محمد السند	Ghbook	8398	0.59645
		نظره في كتاب البدايه و النهايه	عبدالحسين اميني ( علامه اميني )	Ghbook	7726	0.59644
		مجموعة الرسائل الأصولية	السيد محمد كاظم اليزدي	Masaha	4286	0.59643
		مسألة حدوث العالم - ط البشائر	شيخ الإسلام أحمد بن عبد الحليم ابن تيمية	ShamAY	34397	0.59641
		المشترك اللفظي في الحقل القرآني	عبد العال سالم مكرم	ShamAY	1496	0.59641
		التقييد والإيضاح لقولهم لا مشاحة في الإصطلاح	محمد الثاني بن عمر موسى	ShamAY	37492	0.5964
		إمامة الشيعة توجب الاعتقاد بتحريف القرآن	عبدالملك بن عبدالرحمن الشافعي	ShamAY	35295	0.59637
		القواعد الفقهية بين الأصالة والتوجيه	محمد حسن عبد الغفار	ShamelaY19	37692	0.59636
		 مباني منهاج الصالحين 	 السيد تقي الطباطبائي القمي 	ABLibrary	9723	0.59635
		صحيح موارد الظمآن إلى زوائد ابن حبان	أبو عبد الرحمن محمد ناصر الدين، بن الحاج نوح بن نجاتي بن آدم، الأشقودري الألباني (المتوفى: 1420 هـ)	ShamAY	32335	0.59633
		 مباني منهاج الصالحين 	 السيد تقي الطباطبائي القمي 	ABLibrary	9727	0.59633
		القصد السديد على كتاب التوحيد	الواحدي	ShamAY	35647	0.59632
		ثمار الافكار	لجنة التاليف	Ghbook	7622	0.59632
		الروض المربع شرح زاد المستقنع	منصور بن يونس بن صلاح الدين ابن حسن بن إدريس البهوتى الحنبلى (المتوفى: 1051هـ)	ShamAY	1679	0.5963
		الشهادة الزكية في ثناء الأئمة على ابن تيمية	مرعي بن يوسف بن أبى بكر بن أحمد الكرمى المقدسي الحنبلى (المتوفى: 1033هـ)	ShamAY	6661	0.5963
		الطّراز الأوّل [ج ٣]	السيّد علي بن أحمد بن محمّد معصوم الحسيني	Rafed	482	0.59629
		الخلود في جهنّم	محمد عبد الخالق كاظم	Rafed	1443	0.59628
		تعالى الله عما يقولون علوا كبيرا		ShamAY	35302	0.59627
		مسائل في الإيمان - الفوزان	فضيلة الشيخ العلامة صالح بن فوزان الفوزان	ShamAY	35421	0.59623
		دروس الشيخ أحمد فريد	أحمد فريد	ShamAY	904	0.59622
		الإيمان والكفر وآثارهما على الفرد والمجتمع	الاستاذ عباس ذهيبات	Masaha	132	0.59622
		تيسير الكريم المنان في سيرة عثمان بن عفان رضي الله عنه - شخصيته وعصره	عَلي محمد محمد الصَّلاَّبي	ShamAY	260	0.59621
		عناية الأصول في شرح كفاية الأصول [ج ١]	السيد مرتضى الفيروزآبادي	Rafed	4002	0.59617
		الهداية في الأصول [ج ٣]	آية الله الشيخ حسن الصافي الإصفهاني	Rafed	3832	0.59616
		مناهج المحدثين (كامل)	سعد الحميد	ShamAY	37327	0.59612
		المعالم الأثيرة في السنة والسيرة	محمد بن محمد حسن شُرَّاب	ShamAY	23677	0.59612
		التعليقة على إختيار معرفة الرّجال [ج ١]	السيّد محمّد باقر الحسيني الاسترآبادي	Rafed	533	0.59612
		حركه التاريخ عند الامام علي عليه السلام	محمد مهدي شمس الدين	Ghbook	8376	0.5961
		من مجلة التراث العربي	مجموعة من المؤلفين	ShamAY	37218	0.59607
		الجامع الصحيح للسنن والمسانيد	صهيب عبد الجبار	ShamAY	31842	0.59607
		كشف الخفاء ومزيل الإلباس عما اشتهر من الأحاديث على ألسنة الناس	إسماعيل بن محمد العجلوني الجراحي (المتوفى: 1162هـ)	ShamAY	856	0.59607
		 خلاصة عبقات الأنوار 	 السيد حامد النقوي 	ABLibrary	88	0.59606
		 الدر المنضود في معرفة صيغ النيات والإيقاعات والعقود 	 علي بن علي بن محمد بن طي الفقعاني ( ابن طي ) 	ABLibrary	929	0.59606
		الإمام علي الهادي عليه السلام سيرة وتاريخ	مركز الرسالة	Masaha	1667	0.59606
		صَحِيحُ الأثَر وجَمَيلُ العبر من سيرة خير البشر (صلى الله عليه وسلم)	محمد بن صامل السلمي	ShamAY	31716	0.59605
		طبائع الاستبداد ومصارع الاستعباد	عبد الرحمن بن أحمد بن مسعود الكواكبي يلقب بالسيد الفراتي (المتوفى: 1320ه)	Sham19Y	36085	0.59604
		دليل الطالب لنيل المطالب	مرعي بن يوسف بن أبى بكر بن أحمد الكرمى المقدسي الحنبلى (المتوفى: 1033ه)	Sham19Y	11196	0.59604
		ارجوزه في الفقه	عباس بن علي نجفي ( آل كاشف الغطاء )	Ghbook	2917	0.59604
		درر الحكام شرح غرر الأحكام	محمد بن فرامرز بن علي الشهير بملا - أو منلا أو المولى - خسرو (المتوفى: 885هـ)	ShamAY	11446	0.59603
		 كتاب الديات 	 المدني الكاشاني 	ABLibrary	968	0.59603
		السعاية في كشف ما في شرح الوقاية	الإمام محمد عبد الحي اللكنوي (ت1304هـ)	ShamAY	33177	0.59602
		مدخل لفهم السيرة	يحيى بن إبراهيم اليحيى	ShamAY	37405	0.59602
		إثارة التّرغيب والتّشويق إلى المساجد الثّلاثة والبيت العتيق	محمّد بن إسحاق الخوارزمي	Rafed	2013	0.59602
		نتايج الافكار في نجاسه الكفار	آيت الله العظمي سيد محمد رضا گلپايگاني	Ghbook	10190	0.59602
		ديوان محمد إقبال	محمد إقبال	ShamAY	37854	0.59597
		 الزبدة الفقهية في شرح الروضة البهية 	 السيد محمد حسن الترحيني العاملي 	ABLibrary	9697	0.59596
		ضرائر الشعر	علي بن مؤمن بن محمد، الحضرمي الإشبيلي، أبو الحسن المعروف بابن عصفور (المتوفى: 669ه)	ShamelaY19	37489	0.59591
		الكتاب الفضيحة! (1)	إبراهيم عوض	ShamAY	33318	0.5959
		 الدر المنضود في أحكام الحدود 	 تقرير بحث السيد الگلپايگاني للجهرمي 	ABLibrary	9442	0.5959
		بحوث في الملل والنّحل [ج ٨]	الشيخ جعفر السبحاني	Rafed	205	0.5959
		 تحرير الأحكام ( ط . ق ) 	 العلامة الحلي 	ABLibrary	9319	0.59589
		ولادة الإمام المهدي عليه السلام	مركز الدراسات التخصصية في الامام المهدي (ع)	Masaha	4062	0.59589
		التبيين لمخاطر التطبيع على المسلمين	ناصر الفهد	ShamAY	37734	0.59586
		الشفاء في بديع الاكتفاء	محمد بن حسن بن علي بن عثمان النَّوَاجي، شمس الدين (المتوفى: 859هـ)	ShamAY	820	0.59583
		التفسير و المفسرون في العصر الحديث	عبدالقادر محمد صالح	Ghbook	4806	0.59583
		الأسئلة والأجوبة في العقيدة	صالح بن عبد الرحمن بن عبد الله الأطرم (المتوفى: 1428ه)	Sham19Y	36500	0.5958
		من هو الصدّيق ؟ ومن هي الصدّيقة ؟	السيد علي الشهرستاني	Rafed	1369	0.5958
		العناية شرح الهداية	محمد بن محمد بن محمود، أكمل الدين أبو عبد الله ابن الشيخ شمس الدين ابن الشيخ جمال الدين الرومي البابرتي (المتوفى: 786هـ)	ShamAY	9403	0.59578
		إخبار العلماء بأخبار الحكماء	جمال الدين أبو الحسن علي بن يوسف بن إبراهيم الشيباني القفطي (المتوفى: 646 هـ)	ShamAY	32322	0.59578
		مآثر الكبراء في تأريخ سامرّاء [ج ١]	الشيخ ذبيح الله المحلاتي	Rafed	2364	0.59577
		الإيقاظ من الهجعة بالبرهان على الرجعة	محمد بن الحسن الحرّ العاملي [ العلامة الشيخ حرّ العاملي ]	Rafed	300	0.59575
		الحجاب في الشرع والفطرة	عبد العزيز بن مرزوق الطّريفي	ShamAY	32287	0.59574
		شرح شذور الذهب في معرفة كلام العرب	عبد الله بن يوسف بن أحمد بن عبد الله ابن يوسف، أبو محمد، جمال الدين، ابن هشام (المتوفى: 761هـ)	ShamAY	6969	0.59573
		كنز الفوائد في حل مشكلات القواعد - الجزء1	السيد عميد الدين الحسيني العميدي	Masaha	1123	0.59573
		ربحت محمد ولم أخسر المسيح	د. عبد المعطي الدالاتي	ShamAY	35614	0.59572
		شرح كتاب التوحيد من صحيح البخاري لفضيلة الشيخ عبد العزيز بن عبد الله الراجحي	الشيخ عبدالعزيز الراجحي	ShamAY	35433	0.59567
		الانتصار للسلف الأخيار: نقد لكتاب «أسماء الله الحسنى» للدكتور: محمود عبدالرازق الرضواني	محمد محب الدين أبو زيد	Sham19Y	19449	0.59565
		 ذخيرة العقبى في شرح العروة الوثقى 	 الشيخ علي الصافي الگلبايگاني 	ABLibrary	9514	0.59565
		 مناقب القطب الرباني سيدي عبد الوهاب الشعراني 	 محمد بن عبد الرحمن المليجي الشعراني الشافعي 	ABLibrary	8864	0.5956
		صفات الداعية إلى الله في الحديث النبوي	أحمد محجوب الجبوري	ShamAY	33504	0.59559
		مجمع الفائدة والبرهان في شرح إرشاد الأذهان [ج ٣]	الشيخ أحمد بن محمّد الأردبيلي [ المقدّس الأردبيلي ]	Rafed	1896	0.59556
		الورود الجعفرية في حاشية الرياض الطباطبائية	الشيخ عباس بن حسن كاشف الغطاء	Masaha	5070	0.59555
		إظهار الحق	رحمت الله الهندي	ShamelaY19	22721	0.59554
		قَانون التَّأويْل	القاضي محمد بن عبد الله أبو بكر بن العربي المعافري الاشبيلي المالكي (المتوفى: 543هـ)	ShamAY	2076	0.59552
		شرح أبيات سيبويه	يوسف بن أبي سعيد الحسن بن عبد الله بن المرزبان أبو محمد السيرافي (المتوفى: 385ه)	ShamelaY19	37487	0.59552
		 دروس تمهيدية في الفقه الاستدلالي على المذهب الجعفري 	 الشيخ محمد باقر الإيرواني 	ABLibrary	9539	0.59549
		أسلمة المعرفة	إسماعيل راجي الفاروقي	ShamAY	33347	0.59547
		صنائع المعروف تقي مصارع السوء	مصطفى شيخ إبراهيم حقي	ShamAY	35111	0.59547
		موسوعة عبد الله بن عبّاس [ج ٦]	السيد محمد مهدي السيد حسن الموسوي الخرسان	Rafed	1179	0.59545
		إجماع العلماء على الهجر والتحذير من أهل الأهواء	خَالد بن ضَحَوي الظَّفيري	ShamAY	35711	0.59544
		إستقصاء الإعتبار [ج ٣]	الشيخ محمّد بن الحسن بن الشّهيد الثّاني	Rafed	567	0.59543
		الإتقان في علوم القرآن	عبد الرحمن بن أبي بكر، جلال الدين السيوطي (المتوفى: 911هـ)	ShamAY	11728	0.59542
		أداء ما وجب من بيان وضع الوضاعين في رجب	ابن دحية	ShamelaY19	23163	0.59542
		السنة قبل التدوين	محمد عجاج بن محمد تميم بن صالح بن عبد الله الخطيب	ShamAY	1688	0.59541
		فقه الشيعة / تقريرات	السيد محمد مهدي الخلخالي	Masaha	4032	0.5954
		مختصر سيرة الرسول - دار الفيحاء والسلام	عبد الله بن محمد بن عبد الوهاب بن سليمان التميمي	ShamAY	34441	0.59539
		الأدب المقارن - جامعة المدينة (ماجستير)	مناهج جامعة المدينة العالمية	ShamAY	1668	0.59537
		التنازع والتوازن في حياة المسلم	مُحَمَّد بن حَسَن بْن عَقيل مُوسَى الشَّريْف	ShamAY	319	0.59537
		إتحاف العباد بفضائل الجهاد	عبد الله عزام	ShamAY	35043	0.59535
		الأصول في النحو	أبو بكر محمد بن السري بن سهل النحوي المعروف بابن السراج (المتوفى: 316هـ)	ShamAY	7365	0.59535
		شرح رياض الصالحين - حطيبة	الشيخ الطبيب أحمد حطيبة	ShamAY	102	0.59534
		تأويل مشكل القرآن	أبو محمد عبد الله بن مسلم بن قتيبة الدينوري (المتوفى: 276هـ)	ShamAY	23596	0.59534
		شرح سنن أبي داود للعباد	عبد المحسن بن حمد بن عبد المحسن بن عبد الله بن حمد العباد البدر	ShamAY	113	0.59534
		شبهات حول المرأة	موقع المنبر	ShamAY	33307	0.59533
		نفحات الأزهار في خلاصة عبقات الأنوار [ج ٨]	السيّد علي الحسيني الميلاني	Rafed	437	0.59531
		إعراب القرآن للباقولي - منسوب خطأ للزجاج	علي بن الحسين بن علي، أبو الحسن نور الدين جامع العلوم الأصفهاني الباقولي (المتوفى: نحو 543ه)	ShamelaY19	23585	0.59529
		الخلاصة الجامعة في قواعد التفسير النافعة	حامد العلي	ShamAY	36805	0.59528
		وجهة العالم الإسلامي	مالك بن الحاج عمر بن الخضر بن نبي (المتوفى: 1393هـ)	ShamAY	1154	0.59527
		بين العقيدة والقيادة	اللواء الرّكن محمود شيت خطابْ	ShamAY	1207	0.59527
		مقتطفات من كتاب من روائع حضارتنا	مصطفى بن حسني السباعي (المتوفى: 1384ه)	Sham19Y	37563	0.59527
		القول في علم النجوم للخطيب	أبو بكر أحمد بن علي بن ثابت بن أحمد بن مهدي الخطيب البغدادي (المتوفى: 463هـ)	ShamAY	21491	0.59526
		التوحيد أولا يا دعاة الإسلام	أبو عبد الرحمن محمد ناصر الدين، بن الحاج نوح بن نجاتي بن آدم، الأشقودري الألباني (المتوفى: 1420هـ)	ShamAY	1870	0.59524
		المراه في المجتمع المعاصر	آيت الله العظمي سيد محمد حسيني شيرازي	Ghbook	7904	0.59522
		أيّ ... بُنَيَّ خُذْ عَنِّي بعضاً منِّي	محمد بن إبراهيم شقرة	ShamAY	35174	0.59521
		 منهاج الصالحين ( ط . ج ) 	 السيد محمد صادق الروحاني 	ABLibrary	9734	0.59521
		 نظام الإرث في الشريعة الإسلامية الغراء 	 الشيخ السبحاني 	ABLibrary	9599	0.59521
		الإقناع في مسائل الإجماع	علي بن محمد بن عبد الملك الكتامي الحميري الفاسي، أبو الحسن ابن القطان (المتوفى: 628هـ)	ShamAY	31776	0.5952
		أصول في التفسير	محمد بن صالح بن محمد العثيمين (المتوفى: 1421ه)	ShamelaY19	21796	0.59518
		 هداية الأعلام إلى مدارك شرائع الأحكام 	 السيد تقي الطباطبائي القمي 	ABLibrary	9731	0.59518
		اللمعة الدمشقية في فقه الإمامية	الشهيد الأول	Masaha	1073	0.59515
		حقوق الإنسان في الإسلام لجمل الليل	طاهر أحمد مولانا جمل الليل	ShamAY	11749	0.59512
		تفسير الطبري = جامع البيان ت شاكر	محمد بن جرير بن يزيد بن كثير بن غالب الآملي، أبو جعفر الطبري (المتوفى: 310هـ)	ShamAY	43	0.59512
		عودة المجد وهم أم حقيقة	مجدي الهلالي	Sham19Y	36409	0.5951
		الوافي بالوفيات	صلاح الدين خليل بن أيبك بن عبد الله الصفدي (المتوفى: 764هـ)	ShamAY	32241	0.59509
		المعجم الفلسفي (بالألفاظ العربية والفرنسية والإنكليزية واللاتينية)	الدكتور جميل صليبا (المتوفى: 1976م)	ShamAY	34800	0.59508
		التفسير النبوي مُقَدِّمَةٌ تَأْصِيْلِيَّةٌ مَعَ دِرَاسَةٍ حَدِيثِيَّةٍ لِأَحَادِيْثِ التَّفْسِيْرِ النَّبَوِيِّ الصَّريح	خالد بن عبد العزيز الباتلي	ShamAY	32142	0.59507
		مفتاح الأصول [ج ١]	آية الله الشيخ إسماعيل الصالحي المازندراني	Rafed	3808	0.59507
		دروس في الرسائل - الجزء1	غلام علي‏ المحمدي البامياني	Masaha	3789	0.59507
		قواعد الأحكام في معرفة الحلال و الحرام - الجزء1	العلامة الحلي	Masaha	760	0.59507
		أخذ المال على أعمال القُرَب	عادل بن شاهين بن محمد شاهين	ShamAY	31916	0.59506
		الصحابة في القرآن والسنّة والتاريخ	الناشر: مركز الرسالة	Rafed	119	0.59506
		محمد تقي العثماني القاضي الفقيه والداعية الرحالة	لقمان الحكيم	ShamAY	38619	0.59505
		غاية المرام في شرح شرائع الإسلام [ج ٤]	الشيخ مفلح الصّيمري البحراني	Rafed	1495	0.59504
		ارواء الضمآن من فضائل الرحمن	أبو سند محمد	ShamAY	35152	0.59503
		أَوْضَحُ الْمَسالِكِ إلى أَحْكامِ الْمَناسِكِ	الواحدي :: عبد العزيز السلمان	ShamAY	36230	0.59503
		مناظرات [ج ٣]	الشيخ عبد الله الحسن	Rafed	1504	0.59502
		النبوة والأنبياء في اليهودية والمسيحية والإسلام	أحمد عبد الوهاب	ShamAY	22862	0.595
		القطره من بحار مناقب النبي والعتره عليهم السلام	احمد مستنبط	Ghbook	11371	0.59499
		محاضرات في أصول الفقه [ج ٤٣]	آية الله الشيخ محمّد إسحاق الفيّاض	Rafed	924	0.59498
		الزبدة الفقهيّة [ج ٢]	السيّد محمّد حسن ترحيني العاملي	Rafed	2473	0.59498
		أصح البشائر في مبعث سيد الأوائل والأواخر	محمد مصطفى المجذوب	ShamAY	12203	0.59495
		فاسالوا اهل الذكر	محمد تيجاني سماوي	Ghbook	7679	0.59493
		تقريرات في أصول الفقه	السيد حسين البروجردي	Masaha	2706	0.59493
		تقريرات في أصول الفقه	السيد حسين البروجردي	Masaha	3196	0.59493
		كشف الخفاء ومزيل الإلباس عما اشتهر من الأحاديث على ألسنة الناس	إسماعيل بن محمد العجلوني الجراحي (المتوفى: 1162ه)	Sham19Y	856	0.59492
		المغرب في حلى المغرب [ج ١]	علي بن موسى بن محمّد بن عبد الملك بن سعيد الغرناطي الأندلسي	Rafed	2271	0.59492
		الفتح المبين بشرح الأربعين	أحمد بن محمد بن علي بن حجر الهيتمي السعدي الأنصاري، شهاب الدين شيخ الإسلام، أبو العباس (المتوفى: 974 هـ)	ShamAY	32377	0.59491
		 معجم فقه الجواهر 	 مؤسسة دائرة المعارف الفقه الاسلامي 	ABLibrary	9643	0.59491
		التحذير من البدع	عبد العزيز بن عبد الله بن باز (المتوفى: 1420هـ)	ShamAY	30917	0.59489
		 الطراز الأول والكناز لما عليه من لغة العرب المعول 	 ابن معصوم المدني 	ABLibrary	7948	0.59489
		الشفاء في بديع الاكتفاء	محمد بن حسن بن علي بن عثمان النواجي، شمس الدين (المتوفى: 859ه)	ShamelaY19	36073	0.59488
		نهضة الحسين (ع)	السيد هبة الدين الحسيني الشهرستاني	Rafed	1530	0.59488
		توجيهات إسلامية لعبد الله بن حميد	عبد الله بن محمد بن عبد العزيز بن عبد الرحمن بن حسين بن حميد (المتوفى: 1402هـ)	ShamAY	2191	0.59487
		الطّراز الأوّل [ج ٢]	السيّد علي بن أحمد بن محمّد معصوم الحسيني	Rafed	481	0.59487
		بصائر في الفتن	محمد بن أحمد بن إسماعيل المقدم	ShamelaY19	98084	0.59486
		الائمة الاثنا عشر عليهم السلام	آيت الله علي حسيني ميلاني	Ghbook	4791	0.59485
		معالي السبطين	محمد مهدي مازندراني حائري	Ghbook	6085	0.59485
		المنهاج في شعب الإيمان	الحسين بن الحسن بن محمد بن حليم البخاري الجرجاني، أبو عبد الله الحليمي (المتوفى: 403 ه)	ShamelaY19	18567	0.59482
		كتاب القضاء	ضياءالدين عراقي	Ghbook	11144	0.59482
		شرح السنة للبربهاري	أبو محمد الحسن بن علي بن خلف البربهاري (المتوفى: 329هـ)	ShamAY	8601	0.59481
		موسوعة العلامة الإمام مجدد العصر محمد ناصر الدين الألباني «موسوعة تحتوي على أكثر من (50) عملا ودراسة حول العلامة الألباني وتراثه الخالد»	أبو عبد الرحمن محمد ناصر الدين، بن الحاج نوح بن نجاتي بن آدم، الأشقودري الألباني (المتوفى: 1420ه)	ShamelaY19	36190	0.5948
		مقالات الإسلاميّين واختلاف المصلّين	أبي الحسن علي بن إسماعيل الأشعري	Rafed	3845	0.5948
		 مصالح الأبدان والأنفس 	 أحمد بن سهل البلخي 	ABLibrary	9834	0.59478
		امام سوم حسين بن علي عليه السلام	فواد كاظم مقدادي	Ghbook	5911	0.59478
		مفهوم الحكمة في الدعوة إلى الله تعالى في ضوء الكتاب والسنة	د. سعيد بن علي بن وهف القحطاني	ShamelaY19	96523	0.59473
		قاعدة في الجرح والتعديل (مطبوع مع كتاب «أربع رسائل في علوم الحديث» )	تاج الدين عبد الوهاب بن تقي الدين السبكي (المتوفى: 771ه)	ShamelaY19	26113	0.59473
		الشهادة الزكية في ثناء الأئمة على ابن تيمية	مرعي بن يوسف بن أبى بكر بن أحمد الكرمى المقدسي الحنبلى (المتوفى: 1033ه)	Sham19Y	6661	0.59473
		الولايه التكوينيه لآل محمد ( صلوات الله عليهم )	سيد علي عاشور	Ghbook	7595	0.59469
		موقف المؤسسات الشرعية في المملكة العربية السعودية من الإرهاب والعنف والتطرف	د. علي بن راشد الدبيان	ShamAY	33386	0.59468
		فقه العبادات على المذهب الشافعي	الحاجة درية العيطة	ShamAY	12895	0.59467
		أصح البشائر في مبعث سيد الأوائل والأواخر	محمد مصطفى المجذوب	Sham19Y	12203	0.59467
		أقوال ذوي العرفان في أن أعمال الجوارح داخلة في مسمى الإيمان		ShamAY	35459	0.59466
		عمارة المساجد المعنوية وفضلها	عبد العزيز عبد الله الحميدي	ShamelaY19	31287	0.59465
		 القضاء والقدر 	 فخر الدين الرازي 	ABLibrary	8573	0.59465
		الفصيحة العجما في الكلام على حديث «أحبب حبيبك هونا ما» - سلسلة لقاء العشر الأواخر بالمسجد الحرام (10)	أحمد بن عبد اللطيف بن أحمد البَرْبِير الحسني، أبو الفيض (المتوفى: 1226 هـ)	ShamAY	32388	0.59464
		دروس في البلاغه	غلامعلي محمدي بامياني	Ghbook	12194	0.59462
		النكت والفوائد السنية على مشكل المحرر لمجد الدين ابن تيمية	إبراهيم بن محمد بن عبد الله بن محمد ابن مفلح، أبو إسحاق، برهان الدين (المتوفى: 884هـ)	ShamAY	6094	0.59459
		الطفل بين الوراثة والتربية [ج ٢]	الشيخ محمد تقي فلسفي	Rafed	134	0.59459
		تيسير أصول الفقه للمبتدئين	محمد حسن عبد الغفار	Sham19Y	37693	0.59457
		رسالة الإمام أبي بكر البيهقي إلى الإمام أبي محمد الجويني	أحمد بن الحسين بن علي بن موسى الخُسْرَوْجِردي الخراساني، أبو بكر البيهقي (المتوفى: 458هـ)	ShamAY	27089	0.59455
		عناية الأصول في شرح كفاية الأصول [ج ٣]	السيد مرتضى الفيروزآبادي	Rafed	4004	0.59455
		التراويح أكثر من ألف عام في المسجد النبوي	عطية بن محمد سالم (المتوفى: 1420ه)	Sham19Y	22950	0.59454
		 كتاب الحدود 	 الشيخ المنتظري 	ABLibrary	9525	0.59454
		جماليات المفردة القرآنية	أحمد ياسوف	ShamAY	1053	0.59453
		 بحار الأنوار 	 العلامة المجلسي 	ABLibrary	768	0.59452
		التحفة الرضويّة في مجرّبات الإماميّة	محمّد الرضي الرضوي	Rafed	2073	0.59452
		أشراط الساعة	عبد الله بن سليمان الغفيلي	ShamAY	30813	0.59451
		الموجز في اصول الفقه	آيت الله العظمي جعفر سبحاني	Ghbook	15657	0.59449
		الحوار مع أتباع الأديان - مشروعيته وآدابه	منقذ بن محمود السقار	Sham19Y	95567	0.59447
		الوافي بالوفيات - النسخة المحررة ط إحياء التراث = التراجم	صلاح الدين خليل بن أيبك بن عبد الله الصفدي (المتوفى: 764هـ)	ShamAY	38166	0.59446
		فتاوى نور على الدرب لابن باز بعناية الطيار	عبد العزيز بن عبد الله بن باز (المتوفى: 1420هـ)	ShamAY	8380	0.59445
		شرح منهاج الكرامه في معرفه الامامه	آيت الله علي حسيني ميلاني	Ghbook	4777	0.59445
		مقدمة ابن الصلاح = معرفة أنواع علوم الحديث - ت الفحل	عثمان بن عبد الرحمن، أبوعمرو، تقي الدين المعروف بابن الصلاح (المتوفى: 643هـ)	ShamAY	34016	0.59444
		مرويات السيرة بين قواعد المحدثين وروايات الإخباريين	مسفر بن غرم الله الدميني	ShamAY	11393	0.59443
		تحرير الخصاصة في تيسير الخلاصة (شرح الفيه ابن وردي)	عمر بن مظفر بن عمر بن محمد ابن ابي الفوارس	Ghbook	15660	0.59442
		الشفا بتعريف حقوق المصطفى - محذوف الأسانيد	عياض بن موسى بن عياض بن عمرون اليحصبي السبتي، أبو الفضل (المتوفى: 544هـ)	ShamAY	23645	0.59441
		نظام الإرث في الشريعة الإسلامية الغراء	الشيخ جعفر السبحاني	Masaha	5144	0.5944
		النحو الوافي	صباح عباس حسن الساعدي	Ghbook	15837	0.59439
		تأسيس الأئمّة عليهم السلام لأصول منهج فهم النص القرآني	الدكتور ستار جبر حمّود الأعرجي	Rafed	1516	0.59435
		فدك	جاسم  هاتو الموسوي	Ghbook	10651	0.59432
		 مصارع المصارع في الرد على كتاب مصارعة الفلاسفة 	 خواجه نصير الدين الطوسي 	ABLibrary	8602	0.59429
		فتاوى مهمة لموظفي الأمة	محمد بن فنخور العبدلي	ShamAY	37668	0.59428
		تحفة الذاكرين بعدة الحصن الحصين من كلام سيد المرسلين	محمد بن علي بن محمد بن عبد الله الشوكاني اليمني (المتوفى: 1250هـ)	ShamAY	6844	0.59427
		التروك النبوية «تأصيلا وتطبيقا»	محمد صلاح محمد الإتربي	ShamAY	32324	0.59425
		دروس تمهيديّة في القواعد الفقهيّة [ج ١]	الشيخ محمّد باقر الإيرواني	Rafed	1969	0.59425
		الاعداد الروحي لعصر الظهور	علاءالدين موسوي	Ghbook	4633	0.59425
		تربية القرآن يا ولدي	محمود محمد غريب: من علماء الأزهر الشريف والموجه الديني لشباب جامعة القاهرة	ShamelaY19	21501	0.59424
		بحار الأنوار [ج ١٩]	الشيخ محمّد باقر بن محمّد تقي المجلسي	Rafed	870	0.59424
		مجموعة الفوائد البهية على منظومة القواعد الفقهية	أبو مُحمَّدٍ، صالحُ بنُ مُحمَّدٍ بنِ حسنٍ آلُ عُمَيِّرٍ، الأسمريُّ، القحْطانيُّ	ShamAY	9846	0.59423
		تأملات في دعوة الشيخ محمد بن عبد الوهاب	عبد الله بن عبد المحسن بن عبد الرحمن التركي	ShamAY	11085	0.59422
		أدب الطفولة بين القرآن الكريم والسنة الشريفة	علي علي صبح	ShamelaY19	23139	0.59421
		النكت والفوائد السنية على مشكل المحرر لمجد الدين ابن تيمية	إبراهيم بن محمد بن عبد الله بن محمد ابن مفلح، أبو إسحاق، برهان الدين (المتوفى: 884ه)	Sham19Y	6094	0.5942
		مكارم الأخلاق‏	الحسن بن الفضل‏ الطبرسي	Masaha	4687	0.5942
		الإيضاح في شرح المفصّل [ج ١]	ابن حاجب	Rafed	2183	0.59419
		العقيدة الواسطية: اعتقاد الفرقة الناجية المنصورة إلى قيام الساعة أهل السنة والجماعة	تقي الدين أبو العباس أحمد بن عبد الحليم بن عبد السلام بن عبد الله بن أبي القاسم بن محمد ابن تيمية الحراني الحنبلي الدمشقي (المتوفى: 728ه)	ShamelaY19	22665	0.59418
		عودة المجد وهم أم حقيقة	مجدي الهلالي	ShamAY	283	0.59417
		مرض القلوب وشفاؤها عند شيخ الإسلام ابن تيمية وابن القيم جمع ودراسة	سعود بن حمد الصقري	ShamAY	34858	0.59417
		السنة قبل التدوين	محمد عجاج بن محمد تميم بن صالح بن عبد الله الخطيب	Sham19Y	96178	0.59417
		مصارف الزكاة في الشريعة الإسلامية	الواحدي :: عبد الله آل جار الله	ShamAY	36606	0.59416
		دروس في مسائل علم الأصول - الجزء1	الميرزا جواد التبريزي	Masaha	3821	0.59415
		نوادر المعجزات في مناقب الأئمّة الهداة عليهم السلام	أبي جعفر محمد بن جرير بن رستم الطبري الإمامي الصغير	Rafed	3476	0.59414
		أعيان العصر وأعوان النصر	صلاح الدين خليل بن أيبك الصفدي (المتوفى: 764هـ)	ShamAY	131	0.59413
		حاشيتا قليوبي وعميرة	أحمد سلامة القليوبي وأحمد البرلسي عميرة	ShamAY	21843	0.59411
		الامام جعفر الصادق عليه السلام امام المسلمين 	المستشار عبدالحليم الجندي	Ghbook	4973	0.59411
		مجموعة أسئلة تهم الأسرة المسلمة	محمد بن صالح بن محمد العثيمين (المتوفى: 1421هـ)	ShamAY	11377	0.59409
		إحكام القنطرة في أحكام البسملة	الإمام محمد عبد الحي اللكنوي (ت1304هـ)	ShamAY	36000	0.59408
		تيسير لمعة الاعتقاد	عبد الرحمن بن صالح المحمود	ShamAY	35424	0.59408
		 شرح فروع الكافي 	 محمد هادي المازندراني 	ABLibrary	9344	0.59408
		موسوعة الإمام أميرالمؤمنين علي بن أبي طالب عليه السلام [ج ١ و ٢]	باقر شريف القرشي	Rafed	377	0.59407
		المدارس النحوية	أحمد شوقي عبد السلام ضيف الشهير بشوقي ضيف (المتوفى: 1426هـ)	ShamAY	10546	0.59405
		التنبيهات المجملة على المواضع المشكلة	صلاح الدين أبو سعيد خليل بن كيكلدي بن عبد الله الدمشقي العلائي (المتوفى: 761هـ)	ShamAY	10322	0.59401
		عجالة الإملاء المتيسرة من التذنيب	إبراهيم بن محمد بن محمود بن بدر، برهان الدين، أبو إسحاق الحلبي القبيباتي الشافعي الناجي (المتوفى: 900ه)	ShamelaY19	97928	0.594
		اصول البيان العربي في ضوء القرآن 	محمد حسين علي الصغير	Ghbook	2759	0.594
		سلسله المسائل الفقهيه [الحج]	آيت الله العظمي جعفر سبحاني	Ghbook	6737	0.594
		في مقارنة الأديان	الدكتور صائب عبد الحميد	Rafed	801	0.59399
		الفصول المهمة في أصول الأئمة - الجزء1	الحر العاملي	Masaha	1260	0.59398
		عون المعبود شرح سنن أبي داود، ومعه حاشية ابن القيم: تهذيب سنن أبي داود وإيضاح علله ومشكلاته	محمد أشرف بن أمير بن علي بن حيدر، أبو عبد الرحمن، شرف الحق، الصديقي، العظيم آبادي (المتوفى: 1329هـ)	ShamAY	1200	0.59397
		أبكار الأفكار في أصول الدّين [ج ٣]	أبي الحسن علي بن محمد بن سالم الثعلبي [ سيف الدين الآمدي ]	Rafed	3405	0.59396
		 صورة الأرض 	 ابن حوقل النصيبي 	ABLibrary	9132	0.59395
		المستند في شرح العروه الوثقي ( موسوعة الامام الخوئي )	آيت الله العظمي سيد ابوالقاسم خوئي	Ghbook	10198	0.59395
		 موسوعة الفقه الإسلامي طبقا لمذهب أهل البيت ( ع ) 	 مؤسسة دائرة معارف الفقه الاسلامي 	ABLibrary	9655	0.59394
		الخطوط العريضة للأسس التي قام عليها دين الشيعة الإمامية الاثني عشرية	محب الدين بن أبي الفتح بن عبد القادر بن صالح بن عبد الرحيم بن محمد الخطيب (المتوفى: 1389هـ)	ShamAY	1212	0.59393
		نساء الطفوف	محمد علي الحلو	Ghbook	12356	0.59391
		المحصول للرازي - جامعة الإمام	محمد بن عمر بن الحسين الرازي	ShamAY	34194	0.5939
		حاشية فرائد الأصول [ج ٢]	آية الله الشيخ محمّد إبراهيم اليزدي النجفي	Rafed	3711	0.59388
		السلف الصالح	مركز الأبحاث العقائدية	Masaha	149	0.59388
		أبو بكر الصديق أول الخلفاء الراشدين ط إحياء الكتب العربية	محمد رضا (المتوفى: 1369هـ)	ShamAY	21515	0.59387
		آيات الولايه في القرآن 	آيت الله العظمي ناصرمكارم شيرازي	Ghbook	2707	0.59387
		أحاديث منتشرة في الانترنت	علوي السقاف	ShamAY	33076	0.59386
		شرح أَلْفِيَّةِ السُّيوطي في الحديث المسمى «إسعاف ذوي الوَطَر بشرح نظم الدُّرَر في علم الأثر»	الشيخ محمد ابن العلامة علي بن آدم ابن موسى الأثيوبي الولوي	ShamAY	469	0.59386
		الصحابة في القرآن والسُنّة والتأريخ	مركز الرسالة	Masaha	325	0.59386
		حاشية على كفاية الأصول‏  - الجزء1	السيد محمد حسين الطباطبائي	Masaha	3629	0.59385
		 وصف افريقيا 	 ابن الوزان الزياتي 	ABLibrary	9313	0.59384
		بحوث في الملل والنّحل [ج ٧]	الشيخ جعفر السبحاني	Rafed	202	0.59382
		مراح لبيد لكشف معنى القرآن المجيد [ج ٢]	الشيخ محمّد بن عمر نووي الجاوي	Rafed	1536	0.59381
		أسنى المطالب في شرح روض الطالب	زكريا بن محمد بن زكريا الأنصاري، زين الدين أبو يحيى السنيكي (المتوفى: 926هـ)	ShamAY	11468	0.5938
		النبذة الكافية في أحكام أصول الدين (النبذ في أصول الفقه)	أبو محمد علي بن أحمد بن سعيد بن حزم الأندلسي القرطبي الظاهري (المتوفى: 456هـ)	ShamAY	6321	0.5938
		حاشية على درر الفوائد	محمود الآشتياني	Masaha	3633	0.5938
		إمعان في أقسام القرآن	عبد الحميد الفراهي	ShamAY	36937	0.59378
		منيه الطالب في حاشيه المكاسب	موسي بن محمد نجفي خوانساري	Ghbook	11657	0.59377
		القواعد الفقهية بين الأصالة والتوجيه	محمد حسن عبد الغفار	ShamAY	723	0.59375
		شرح الأخبار في فضائل الأئمة الأطهار [ج ٢]	القاضي النعمان بن محمّد التميميّ المغربي	Rafed	788	0.59375
		 الزيارة ( من فيض الغدير ) 	 الشيخ الأميني ( اعداد تبريزي 1390 ه - ) 	ABLibrary	9426	0.59374
		التطبير حقيقه لا بدعه	ناصر منصور	Ghbook	5914	0.59374
		 حدائق الأنوار ومطالع الأسرار في سيرة النبي المختار ( المسمى تبصرة الحضرة الأحمدية الشّاهدية بسيرة الحضرة الأحمدية النبوية ) 	 محمد بن عمر بحرق الحضرمي الشّافعي 	ABLibrary	7483	0.59373
		مجموعة الرسائل والمسائل النجدية (الجزء الرابع، القسم الثاني)	لبعض علماء نجد الأعلام	ShamAY	11378	0.59372
		المسائل النحوية والصرفية في شرح أبي العلاء المعري على ديوان ابن أبي حصينة	هاني القزاز	ShamAY	37054	0.59371
		القمقام الزخار والصمصام البتار	فرهاد ميرزا قاجار	Ghbook	12701	0.59371
		بحار الأنوار [ج ٥٣]	الشيخ محمّد باقر بن محمّد تقي المجلسي	Rafed	1016	0.5937
		مصدر التشريع عند مذهب الجعفريّة	محمّد باب العلوم	Rafed	1193	0.59369
		الإنصاف في مسائل دام فيها الخلاف - الجزء1	الشيخ جعفر السبحاني	Masaha	4944	0.59364
		شرح الزركشي على مختصر الخرقي - العلمية	شمس الدين أبي عبد الله محمد بن عبد الله الزركشي المصري الحنبلي	ShamAY	34268	0.59363
		نظرة تاريخية في حدوث المذاهب الفقهية الأربعة: الحنفي - المالكي - الشافعي - الحنبلي وانتشارها عند جمهور المسلمين	أحمد بن إسماعيل بن محمد تيمور (المتوفى: 1348ه)	ShamelaY19	96605	0.59363
		كفايه الاصول	محمد كاظم بن حسين آخوند خراساني	Ghbook	14628	0.59363
		رد الاباطيل عن نهضه الحسين عليه السلام	عبدالله حسين	Ghbook	5961	0.59363
		التوهم في وصف أحوال الآخرة	الحارث بن أسد المحاسبي، أبو عبد الله (المتوفى: 243ه)	ShamelaY19	21799	0.59362
		الجوهر النفيس في سياسة الرئيس	ابن الحداد محمد بن منصور بن حبيش (المتوفى: بعد 673هـ)	ShamAY	9681	0.59361
		ديوان ابن شهيد	أحمد بن عبد الملك بن أحمد بن شهيد 382 - 426 هـ	ShamAY	37873	0.59357
		الكافية الشافية في الإنتصار للفرقة الناجية (نونية ابن القيم)	الواحدي :: ابن القيم	ShamAY	34419	0.59356
		الأعمال الفدائية صورها وأحكامها الفقهية	سامي بن خالد الحمود	ShamAY	36325	0.59355
		منظومة مفردات أحمد	محمد بن علي العمري المقدسي	ShamAY	37377	0.59353
		جلال الدين السيوطي عصره وحياته وآثاره وجهوده في الدرس اللغوي	طاهر سليمان حمودة	ShamAY	1050	0.5935
		سفينه البحار و مدينه الحكم و الاثار مع تطبيق النصوص الوارده فيها علي بحار الانوا...	عباس قمي	Ghbook	12046	0.5935
		رخصة الفطر في سفر رمضان وما يترتب عليها من الآثار	أحمد علي طه ريان	ShamelaY19	23073	0.59345
		غرر الأخبار و درر الآثار في مناقب أبي الأئمة الأطهار(ع)	الشيخ حسن الديلمي	Masaha	2310	0.59345
		عيار الشعر	محمد بن أحمد بن محمد بن أحمد بن إبراهيم طباطبا، الحسني العلوي، أبو الحسن (المتوفى: 322ه)	Sham19Y	6911	0.59344
		 مسالك الأبصار في ممالك الأمصار 	 أحمد بن يحيى العمري 	ABLibrary	9196	0.5934
		أسماء البقاع والجبال في القرآن الكريم	جلال الدين عبد الرحمن بن أبي بكر السيوطي	Rafed	2082	0.5934
		شرح شافية ابن الحاجب [ج ١]	الشيخ رضي الدين محمّد بن الحسن الاستراباذي النحوي	Rafed	1849	0.59337
		الفصول المفيدة في الواو المزيدة	صلاح الدين أبو سعيد خليل بن كيكلدي بن عبد الله الدمشقي العلائي (المتوفى: 761هـ)	ShamAY	6984	0.59336
		الأسئلة والأجوبة في العقيدة	صالح بن عبد الرحمن بن عبد الله الأطرم (المتوفى: 1428هـ)	ShamAY	32	0.59335
		القصيدة النونية - ط ابن تيمية	محمد بن أبي بكر بن أيوب بن سعد شمس الدين ابن قيم الجوزية (المتوفى: 751 هـ)	ShamAY	33861	0.59334
		 نفس المهموم في مصيبة سيدنا الحسين المظلوم ( يليه نفثة المصدور فيما يتجدد به حزن العاشور ) 	 الشيخ عباس القمي 	ABLibrary	7873	0.5933
		الإعجاز البلاغي في قصة يوسف عليه السلام	علي الطاهر	ShamAY	36731	0.59329
		إحياء الأراضي الموات	محمود المظفر	Masaha	4900	0.59329
		مجموعة رسائل في الحجاب والسفور	ابن تيمية - عبد العزيز بن باز - محمد الصالح العثيمين - محمد تقي الدين الهلالي الحسيني	ShamAY	31228	0.59328
		مجموعة رسائل علمية	أبو عبد الرحمن مقبل بن هادي بن مقبل بن قائدة (اسم رجل) الهمداني الوادعي (المتوفى: 1422ه)	ShamelaY19	96787	0.59328
		حماه الوحي	محمد فاضل لنكراني	Ghbook	12223	0.59328
		دروس في تاريخ الفقه و ادواره	آيت الله العظمي جعفر سبحاني	Ghbook	15062	0.59328
		انوار الفقاهه	آيت الله العظمي ناصرمكارم شيرازي	Ghbook	3277	0.59327
		المقصد السني في تفسير آية الكرسي	أحمد بن محمد الشرقاوى	ShamAY	33136	0.59326
		شرح (قواعد الإعراب لابن هشام)	محمد بن مصطفى القوجوي، شيخ زاده (المتوفى: 950 ه)	ShamelaY19	19236	0.59326
		الطفيات: المقوله والاجراء النقدي	علي كاظم المصلاوي	Ghbook	12343	0.59325
		الوصية لابن قدامة	أبو محمد الموفق عبد الله بن أحمد بن محمد بن قدامة المقدسي (620 هـ)	ShamAY	34298	0.59324
		التنازع والتوازن في حياة المسلم	محمد بن حسن بن عقيل موسى الشريف	Sham19Y	36502	0.59322
		شرح شافية ابن الحاجب - ركن الدين الاستراباذي	حسن بن محمد بن شرف شاه الحسيني الأستراباذي، ركن الدين (المتوفى: 715هـ)	ShamAY	11750	0.59321
		تفسير الماوردي = النكت والعيون	أبو الحسن علي بن محمد بن محمد بن حبيب البصري البغدادي، الشهير بالماوردي (المتوفى: 450هـ)	ShamAY	1640	0.59319
		 رجوع الشيخ إلى صباه في القوة على الباه 	 ابن كمال باشا 	ABLibrary	9954	0.59318
		الوراثه الاصطفائيه لفاطمه الزهرا عليها السلام تقريرا لابحاث المحقق آيه الله الشي...	محمد السند	Ghbook	15175	0.59315
		نونية ابن القيم = الكافية الشافية	محمد بن أبي بكر بن أيوب بن سعد شمس الدين ابن قيم الجوزية (المتوفى: 751هـ)	ShamAY	11375	0.59314
		 تبيان الصلاة 	 تقرير بحث البروجردي للشيخ علي الصافي 	ABLibrary	9416	0.59314
		موسوعة الإمام أمير المؤمنين علي بن أبي طالب(ع) - الجزء1	الشيخ باقر شريف القرشي	Masaha	3109	0.59314
		تحفة الذاكرين بعدة الحصن الحصين من كلام سيد المرسلين	محمد بن علي بن محمد بن عبد الله الشوكاني اليمني (المتوفى: 1250ه)	Sham19Y	6844	0.59313
		فقه القرآن	محمد يزدي	Ghbook	9062	0.59313
		48 سؤالا في الصيام	محمد بن صالح بن محمد العثيمين (المتوفى: 1421ه)	ShamelaY19	21528	0.59312
		ظاهره التحريف في التراث الاسلامي	آيت الله العظمي جعفر سبحاني	Ghbook	10557	0.59312
		وجاء النبي المنتظر	عبد الوهاب بن عبد السلام بن طويلة	ShamAY	1561	0.5931
		السراج في بيان غريب القرآن	محمد بن عبد العزيز بن أحمد الخضيري	ShamAY	32130	0.59307
		استشهاد الحسين رضوان الله عليه بين الحقائق والأوهام	عَلي محمد محمد الصَّلاَّبي	ShamAY	218	0.59306
		نهاية المرام في علم الكلام [ج ٢]	الحسن بن يوسف بن علي المطّهر [ العلامة الحلّي ]	Rafed	3370	0.59305
		نهاية السول شرح منهاج الوصول	عبد الرحيم بن الحسن بن علي الإسنوي الشافعيّ، أبو محمد، جمال الدين (المتوفى: 772هـ)	ShamAY	7332	0.59304
		الفقه المنهجي على مذهب الإمام الشافعي رحمه الله تعالى	مجموعة من المؤلفين	ShamAY	402	0.59304
		التعليقات والنوادر	أبو علي الهجري، هارون بن زكريا (المتوفى: نحو 300هـ)	ShamAY	664	0.59303
		السّقيفة امّ الفتن	الدكتور جواد جعفر الخليلي	Rafed	1729	0.59302
		أحكام السلام	الواحدي :: عبد السلام بن برجس آل عبد الكريم	ShamAY	36680	0.59301
		نحو منهج أمثل لتفسير القرآن مؤتمر ماليزيا	الواحدي	ShamAY	36903	0.593
		جمع الكلمه و تعدد الاحزاب	آيت الله العظمي سيد محمد حسيني شيرازي	Ghbook	8142	0.59298
		تاريخ مختصر الدول	غريغوريوس (واسمه في الولادة يوحنا) ابن أهرون (أو هارون) بن توما الملطي، أبو الفرج المعروف بابن العبري (المتوفى: 685هـ)	ShamAY	12348	0.59295
		من خطي الاولياء	آيت الله العظمي سيد محمد حسيني شيرازي	Ghbook	7837	0.59293
		السيره المباركه	احمد قدسي	Ghbook	3288	0.59293
		الروض الأنف في شرح السيرة النبوية لابن هشام	أبو القاسم عبد الرحمن بن عبد الله بن أحمد السهيلي (المتوفى: 581هـ)	ShamAY	1514	0.5929
		الصحيح من سيرة النبي الأعظم صلّى الله عليه وآله [ج ٩]	السيد جعفر مرتضى العاملي	Rafed	2497	0.5929
		شرح القصيدة الدالية للكلوذاني	عبد الرحمن بن ناصر البراك	Sham19Y	17870	0.59287
		دروس تمهيدية في الفقه الاستدلالي على المذهب الجعفري - الجزء1	الشيخ باقر الإيرواني	Masaha	811	0.59287
		تيسير الاعتقاد شرح لمعة الاعتقاد	سليمان اللهيميد	ShamAY	35737	0.59286
		فقه الشيعة - كتاب الخمس والأنفال - الجزء1	السيد محمد مهدي الخلخالي	Masaha	5131	0.59285
		رسالة المسترشدين	الحارث بن أسد المحاسبي، أبو عبد الله (المتوفى: 243ه)	Sham19Y	6871	0.59284
		الوهابيّة جذورها التاريخيّة.. مواقفها من المسلمين	حسين أبو علي	Rafed	1196	0.59284
		قواعد البيوع وفرائد الفروع	الواحدي	ShamAY	37488	0.59281
		تفسير المنتصر الكتاني	محمد المنتصر بالله بن محمد الزمزمي الكتاني الإدريسي الحسني (المتوفى: 1419هـ)	ShamAY	123	0.5928
		القضاء والقدر	محمّد بن عمر بن الحسن بن الحسين التيمي البكري [ فخر الدين الرازي ]	Rafed	3462	0.59278
		النثر الفني في ثورة التوابين وامارة المختار الثقفي	هاشم جبار الرزاق	Ghbook	15269	0.59277
		الإتقان في علوم القرآن (ط مجمع الملك فهد)	أبو الفضل جلال الدين عبد الرحمن بن أبي بكر السيوطي	ShamAY	34111	0.59276
		إيقاظ القوابل للتقرب بالنوافل للكوراني	برهان الدين إبراهيم الكوراني	ShamAY	36163	0.59273
		 منتهى المدارك في شرح تائية ابن فارض 	 محمد بن أحمد الفرغاني 	ABLibrary	8785	0.59273
		 مباني منهاج الصالحين 	 السيد تقي الطباطبائي القمي 	ABLibrary	9725	0.59272
		المسائل العكبريه	محمد بن  محمد بن نعمان شيخ مفيد	Ghbook	2465	0.59272
		كتاب البيع	السيد محمد علي الحجة الكوهكمري	Masaha	5079	0.59272
		نهاية الوصول في دراية الأصول	صفي الدين محمد بن عبد الرحيم الأرموي الهندي (715 هـ)	ShamAY	32587	0.59271
		منهل الغمام في شرح شرائع الإسلام - الجزء1	الشيخ عباس بن حسن كاشف الغطاء	Masaha	5104	0.59271
		معالم الدين في فقه آل ياسين [ج ١]	شمس الدين محمد بن شجاع القطان الحلّي	Rafed	1329	0.59269
		تفسير ابن كثير / دار الفكر	أبو الفداء إسماعيل بن عمر بن كثير القرشي الدمشقي (المتوفى: 774 هـ)	ShamAY	34063	0.59263
		طرق الاستدلال بالسنة والاستنباط منها	عبد العزيز بن عزت بن الشيخ مصطفى بن الحاج أسعد الخياط	ShamAY	624	0.59261
		الشرح الكبير (المطبوع مع المقنع والإنصاف)	شمس الدين أبو الفرج عبد الرحمن بن محمد بن أحمد بن قدامة المقدسي (المتوفى: 682 هـ)	ShamAY	37988	0.59259
		أمنا عائشة ملكة الطهر	نصر الصنقري	ShamAY	35842	0.59259
		تغليظ الملام على المتسرعين إلى الفتيا وتغيير الأحكام	حمود بن عبد الله بن حمود بن عبد الرحمن التويجري (المتوفى: 1413هـ)	ShamAY	32267	0.59258
		تاويل الدعائم	ابوحنيفة نعمان بن محمد	Ghbook	3343	0.59257
		المعارف الرافعه في شرح الزياره الجامعه 	علي نظامي پورالهمداني	Ghbook	16273	0.59257
		تفسير الشعراوي - الخواطر	محمد متولي الشعراوي (المتوفى: 1418هـ)	ShamAY	1083	0.59256
		الإيجابية في حياة الداعية	عبد الله بن يوسف الحسن	ShamAY	33431	0.59256
		دليل الطالب لنيل المطالب	مرعي بن يوسف بن أبى بكر بن أحمد الكرمى المقدسي الحنبلى (المتوفى: 1033هـ)	ShamAY	11196	0.59255
		 قاموس الأطباء وناموس الألباء 	 مدين بن عبد الرحمن القوصوني المصري 	ABLibrary	9965	0.59254
		مقامات فاطمة الزهراء في الكتاب والسنّة	السيد محمد علي الحلو	Masaha	203	0.59254
		موسوعة الملل والأديان - الدرر السنية	مجموعة من المؤلفين	ShamAY	1525	0.59253
		حماسة القرشي	عباس القرشي	Sham19Y	2512	0.59253
		الإيماء إلى أطراف أحاديث كتاب الموطأ	أبو العباس أحمد بن طاهر الداني الأندلسي (المتوفى: 532 ه)	ShamelaY19	127660	0.59252
		نماذج الأصول في شرح مقالات الأصول [ج ١]	السيد عباس المدرّسي اليزدي	Rafed	3777	0.5925
		الخلاصة في أحكام السجن في الفقه الإسلامي	علي بن نايف الشحود	ShamAY	1619	0.59246
		متن التسهيل ـ عبدالله بن صالح الفوزان	محمد بن علي أسباسلار البعلي	ShamAY	37375	0.59246
		الاستذكار الجامع لمذاهب فقهاء الأمصار وعلماء الأقطار فيما تضمنه الموطأ من معاني الرأي والآثار وشرح ذلك كله بالإيجاز والإختصار.	أبو عمر يوسف بن عبد الله بن عبد البر النمري القرطبي 368هـ - 463هـ	ShamAY	33530	0.59246
		الصحاح تاج اللغة وصحاح العربية	أبو نصر إسماعيل بن حماد الجوهري الفارابي (المتوفى: 393هـ)	ShamAY	23235	0.59244
		الوصائل الى الرسائل [ج ٨]	آية الله السيد محمد الشيرازي	Rafed	3748	0.59242
		منهاج أهل السنة والجماعة في العقيدة والعمل	محمد بن صالح بن محمد العثيمين (المتوفى: 1421هـ)	ShamAY	12097	0.59238
		الخُلاصةُ في أحكامِ الاستغاثةِ والتَّوَسُّلِ -ط2	الواحدي :: علي بن نايف الشحود	ShamAY	36070	0.59237
		أدوار علم الفقه وأطواره‏	الشيخ علي كاشف الغطاء	Masaha	2377	0.59237
		القصاص دراسة في الفقه الجنائي المقارن	هاني السباعي	ShamAY	36397	0.59236
		لب اللباب «مختصر شرح فصول الآداب»	عبد الله بن مانع الروقي	ShamAY	32160	0.59235
		نوادر الأصول في أحاديث الرسول صلى الله عليه وسلم	محمد بن علي بن الحسن بن بشر، أبو عبد الله، الحكيم الترمذي (المتوفى: نحو 320هـ)	ShamAY	720	0.59235
		أحاديث وقصص لا تثبت انتشرت عبر البريد الإلكتروني	عبد الله بن زقيل	ShamAY	33089	0.59235
		الوجيز في أصول الفقه الإسلامي	الأستاذ الدكتور محمد مصطفى الزحيلي	ShamAY	32540	0.59234
		 المسالك والممالك ( ط مصر ) 	 ابراهيم بن محمد الاصطخري ( الكرخي ) 	ABLibrary	9203	0.59234
		دليل أرباب الفلاح لتحقيق فن الاصطلاح	حافظ بن أحمد حكمي	ShamAY	37276	0.59233
		الجزيره الخضراء عرض و نقد	نجم الدين طبسي	Ghbook	12930	0.59233
		أخبار فخ وخبر يحيي بن عبد الله وأخيه إدريس بن عبد الله (انتشار الحركة الزيدية في اليمن والمغرب والديلم)	أحمد بن سهل الرازي (المتوفي في الربع الأول من القرن الرابع)	ShamelaY19	117366	0.59232
		النهاية في غريب الحديث والأثر	مجد الدين أبو السعادات المبارك بن محمد بن محمد بن محمد ابن عبد الكريم الشيباني الجزري ابن الأثير (المتوفى: 606هـ)	ShamAY	23691	0.59231
		حاشية فرائد الأصول	الشيخ آقا رضا الهمداني	Masaha	3637	0.59231
		نظام الإثبات في الفقه الإسلامي	عوض عبد الله أبو بكر	ShamAY	23082	0.5923
		كتاب القضاء	آيت الله علي حسيني ميلاني	Ghbook	13968	0.5923
		الاعجاز العلمي في القرآن الكريم	سامي احمد موصلي	Ghbook	2792	0.59228
		التوسل أنواعه وأحكامه	أبو عبد الرحمن محمد ناصر الدين، بن الحاج نوح بن نجاتي بن آدم، الأشقودري الألباني (المتوفى: 1420هـ)	ShamAY	7592	0.59227
		شكري فيصل العالم الأديب المجمعي	د. محمد مطيع الحافظ	ShamAY	38609	0.59223
		الرسائل التوحيديه	محمد حسين طباطبايي	Ghbook	12175	0.59223
		سيره الامام الحسين ( عليه السلام )	حسين الشاكري	Ghbook	5964	0.59223
		السلفية ومناهج التغيير	الواحدي :: ياسر برهامي	ShamAY	33391	0.59222
		مفتاح السعيدية في شرح الألفية الحديثية	شمس الدين محمد بن عمار بن محمد بن أحمد المصري المالكي المعروف بابن عمار (المتوفى: 844ه)	ShamelaY19	96878	0.59221
		حياة امام محمد الجواد عليه السلام	باقر شريف القرشي	Rafed	109	0.59219
		وقفات مع كتاب المراجعات	عثمان الخميس	ShamAY	1895	0.59218
		قصص الامام الصادق ( عليه السلام ) في مدرسته العلميه و امامته الالهيه و الآداب	محسن نوري موسوي	Ghbook	5017	0.59217
		الجواهر المضية	محمد بن عبد الوهاب بن سليمان التميمي النجدي (المتوفى: 1206هـ)	ShamAY	7603	0.59216
		مستمسك العروة الوثقى [ج ١٣]	آية الله السيد محسن الطباطبائي الحكيم	Rafed	421	0.59215
		أخطاء ابن خلدون في كتابه المقدمة	خالد كبير علال	ShamAY	37140	0.59213
		المذاهب الأدبية لدى الغرب - مع ترجمات ونصوص لأبرز أعلامها - دراسة	عبد الرزاق الأصفر	ShamAY	34471	0.59212
		هذه هي الصوفية في حضرموت - للشيخ علي بابكر	الشيخ علي بابكر	ShamAY	35391	0.59212
		صور من حياة الصحابيات	عبد الرحمن رأفت الباشا (المتوفى: 1406ه)	Sham19Y	14542	0.5921
		 جواهر الكلام في ثوبه الجديد 	 الشيخ الجواهري 	ABLibrary	9367	0.5921
		عرشيان فرش نشين: نقدي بر كتاب آيه تطهير و ارتباط آن با عصمت ائمه	محمد هادي يوسفي غروي	Ghbook	5968	0.5921
		كلمات مضيئة في الدعوة إلي الله	محمد علي محمد إمام	ShamelaY19	37558	0.59209
		جالب السرور لربات الخدور	أبو محمد عبد الكريم بن صالح بن عبد الكريم الحميد	ShamAY	1073	0.59207
		رحلة العلماء في طلب العلم	ماجد البنكاني	ShamAY	35103	0.59207
		مهمات حول الجهاد	صالح الفوزان	ShamelaY19	31295	0.59206
		الغرب و الحصار الاقتصادي علي المسلمين	آيت الله العظمي سيد محمد حسيني شيرازي	Ghbook	7903	0.59204
		رسالة في الارث	محمد علي اراكي	Ghbook	10186	0.59202
		دعوه الي سبيل المومنين	طارق زين العابدين	Ghbook	7645	0.59202
		رحلة بنيامين التطيلى	الرابي بنيامين بن الرابي يونة التطيلي النباري الإسباني اليهودي (المتوفى: 569هـ)	ShamAY	11681	0.59201
		أداء ما وجب من بيان وضع الوضاعين في رجب	أبو الخطاب عمر بن حسن الأندلسي الشهير بابن دحية الكلبي (المتوفى : 633هـ)	ShamAY	23163	0.59201
		التجارة في القرآن الكريم	عبد المغني عبد العزيز عمر , محاضر بالمعهد العالي للاقتصاد الإسلامي تزكيا , بوقور إندونيسيا	ShamAY	36867	0.592
		نقض دعوى المستشرقين بتحريف القرآن الكريم من خلال المقارنة مع كتب أهل الكتاب		ShamAY	36955	0.592
		الحياة السياسية للامام الحسن عليه السلام	السيد جعفر مرتضى العاملي	Rafed	108	0.59199
		العصيريه في احكام الخمر و سائر المسكرات و العصر العنبي و النمري و الزبيبي	محمد باقربن محمدنقي شفتي بيدآبادي	Ghbook	13080	0.59199
		كتاب الأيمان "ومعالمه، وسننه، واستكماله، ودرجاته"	أبو عُبيد القاسم بن سلاّم بن عبد الله الهروي البغدادي (المتوفى: 224هـ)	ShamAY	10638	0.59198
		خبر الواحد الصحيح وأثره في العمل والعقيدة	نور الدين محمد عتر الحلبي	ShamelaY19	96235	0.59198
		مختصر المزني (مطبوع ملحقا بالأم للشافعي)	إسماعيل بن يحيى بن إسماعيل، أبو إبراهيم المزني (المتوفى: 264هـ)	ShamAY	1661	0.59197
		منهج القرآن في القضاء والقدر	محمود محمد غريب: من علماء الأزهر الشريف والموجه الديني لشباب جامعة القاهرة	ShamelaY19	32881	0.59197
		إماطة اللثام عن اعتقاد الروافض		ShamAY	35666	0.59194
		الأنكحة الفاسدة والمختلف فيها (دراسة فقهية مقارنة)	عبد الرحمن الأهدل	ShamAY	36608	0.59193
		شرح الشواهد الشعرية في أمات الكتب النحوية «لأربعة آلاف شاهد شعري»	محمد بن محمد حسن شُرَّاب	ShamAY	32347	0.59193
		أولويات العمل الإسلامي في الغرب عبد الرحمن عبد الخالق	عبد الرحمن بن عبد الخالق	ShamAY	37733	0.59191
		كتاب الحدود والسلطان	عبد الله قادري الأهدل	ShamAY	33166	0.59191
		 رحلة ابن خلدون 	 ابن خلدون 	ABLibrary	9078	0.59191
		الأساس في التفسير [ج ٩]	سعيد حوّى	Rafed	3156	0.59191
		نظم الواسطية		ShamAY	35598	0.5919
		الامام الحسن العسكري، قدوه و اسوه	آيت الله العظمي سيد محمد تقي مدرسي	Ghbook	12863	0.5919
		أصول الفقه لابن مفلح	محمد بن مفلح بن محمد بن مفرج، أبو عبد الله، شمس الدين المقدسي الرامينى ثم الصالحي الحنبلي (المتوفى: 763ه)	ShamelaY19	122256	0.59186
		مقومات الداعية الناجح في ضوء الكتاب والسنة - مفهوم، ونظر، وتطبيق	د. سعيد بن علي بن وهف القحطاني	ShamAY	1887	0.59185
		المسايل المستحدثه	آيت الله شيخ محمد اسحاق فياض	Ghbook	15340	0.59185
		حاشية فرائد الأصول / تقريرات - الجزء1	السيد محمد إبراهيم اليزدي النجفي	Masaha	3634	0.59184
		التوجيهات الإلهية للفرد المسلم من خلال القصص القرآني في سورة القصص	مسلم اليوسف	ShamAY	36733	0.59181
		منهاج الفرقة الناجية	محمد جميل زينو	ShamAY	35419	0.5918
		قضية وحوار العنف في العمل الإسلامي المعاصر	مجموعة من المؤلفين	ShamelaY19	31564	0.59179
		 الدلائل في شرح منتخب المسائل 	 السيد تقي الطباطبائي 	ABLibrary	9707	0.59178
		التخريج ودراسة الأسانيد	حاتم بن عارف بن ناصر الشريف العوني	Sham19Y	3933	0.59176
		الجوهرة النيرة على مختصر القدوري	أبو بكر بن علي بن محمد الحدادي العبادي الزبيدي اليمني الحنفي (المتوفى: 800ه)	ShamelaY19	21596	0.59175
		الحيره في عصر الغيبه الكبري	ياسين موسوي	Ghbook	12279	0.59174
		السّلام في القرآن والحديث	الشيخ محمد الغروي	Rafed	289	0.59173
		محمد و ابراهيم ابنا مسلم بن عقيل عليهم السلام	سيد علي جمال أشرف	Ghbook	16513	0.59173
		بحوث وتحقيقات (عبد العزيز الميمني)	عبد العزيز الميمني	ShamelaY19	19234	0.59172
		مجمع الفائدة والبرهان في شرح إرشاد الأذهان [ج ١٢]	الشيخ أحمد بن محمّد الأردبيلي [ المقدّس الأردبيلي ]	Rafed	1910	0.59171
		البرهان في علوم القرآن [ج ٤]	بدر الدين محمّد بن عبد الله الزّركشي	Rafed	2131	0.5917
		الأنوار الباهرة بفضائل أهل بيت النبوة و الذرية الطاهرة	أبو الفتوح عبد الله التليدي	Masaha	1918	0.59169
		السراج الوهاج لمحو أباطيل الشلبي عن الإسراء والمعراج	حمود بن عبد الله بن حمود بن عبد الرحمن التويجري (المتوفى: 1413هـ)	ShamAY	32256	0.59166
		تربية القرآن يا ولدي	محمود محمد غريب: من علماء الأزهر الشريف والموجه الديني لشباب جامعة القاهرة	Sham19Y	21501	0.59166
		فتح المعين بشرح قرة العين بمهمات الدين (هو شرح للمؤلف على كتابه هو المسمى قرة العين بمهمات الدين)	زين الدين أحمد بن عبد العزيز بن زين الدين بن علي بن أحمد المعبري المليباري الهندي (المتوفى: 987هـ)	ShamAY	11327	0.59165
		 مناسك الحج 	 الشيخ ناصر مكارم الشيرازي 	ABLibrary	9689	0.59165
		كتاب المغني للإمام المتولي	الإمام أبو سعيد عبد الرحمن بن محمد المأمون المتولي الشافعي	ShamAY	33882	0.59163
		خيانات الشيعة وأثرها في هزائم الأمة الإسلامية	د. عماد علي عبد السميع حسين	ShamAY	35304	0.59161
		 مسالك الأبصار في ممالك الأمصار 	 أحمد بن يحيى العمري 	ABLibrary	9198	0.59161
		الأجوبة عن المسائل المستغربة من كتاب البخاري	جمال الدين أبو عمر يوسف بن عبد الله بن محمد ابن عبد البر النمري القرطبي المالكي (المتوفى: 463 ه)	ShamelaY19	127657	0.59159
		الكتابة العربية المعاصرة في السيرة النبوية , قضايا وملاحظات	أحمد بن محمد فكير	ShamAY	37394	0.59158
		الوصائل الى الرسائل [ج ١٠]	آية الله السيد محمد الشيرازي	Rafed	3750	0.59156
		فاطمه الزهراء ( سلام الله عليها ) قدوه الصديقين	آيت الله العظمي سيد محمد تقي مدرسي	Ghbook	3877	0.59156
		اللغة	جوزيف فندريس Joseph Vendryes (المتوفى: 1380هـ)	ShamAY	11563	0.59152
		سبل الوفاق إلى أحكام الزواج والطلاق	صلاح محمد أبو الحاج :: صلاح أبو الحاج	ShamAY	33227	0.59152
		المقدمه العقائديه	آيت الله العظمي سيد محمد حسيني شيرازي	Ghbook	7832	0.59152
		تفريغ «سلسلة الهدى والنور» للشيخ الألباني - الإصدار الرابع	ناصر الدين الألباني	ShamAY	38315	0.59149
		الشيعة والتصحيح - الصراع بين الشيعة والتشيع	د موسى الموسوي رحمه الله	ShamAY	56	0.59149
		 تاريخ النجف ( اليتيمة الغروية والتحفة النجفية ) 	 السيد حسين البراقي النجفي 	ABLibrary	9011	0.59149
		رسالتان	محمد واعظ زاده خراساني	Ghbook	7536	0.59149
		الولاء والبراء في الإسلام - البركاتي	أبو عاصم الشحات شعبان محمود عبد القادر البركاتي المصري	ShamelaY19	96272	0.59148
		مختصر سيرة الرسول صلى الله عليه وسلم لمحمد بن عبد الوهاب	محمد بن عبد الوهاب بن سليمان التميمي النجدي (المتوفى: 1206ه)	ShamelaY19	31465	0.59147
		شرح الشفا	علي بن (سلطان) محمد، أبو الحسن نور الدين الملا الهروي القاري (المتوفى: 1014هـ)	ShamAY	9918	0.59146
		سر الاستغفار عقب الصلوات - سلسلة لقاء العشر الأواخر بالمسجد الحرام (8)	محمد جمال الدين بن محمد سعيد بن قاسم الحلاق القاسمي (المتوفى: 1332 هـ)	ShamAY	32386	0.59144
		رسالة من سنية إلى شيعة	أم عمار آل عبد الحميد	ShamAY	35306	0.59142
		دعوة الرسل عليهم السلام	أحمد أحمد غلوش	ShamAY	10752	0.59138
		تفسير مقاتل بن سليمان	أبو الحسن مقاتل بن سليمان بن بشير الأزدي البلخى (المتوفى: 150ه)	ShamelaY19	23614	0.59138
		حفظ القرآن - الدويش	الواحدي	ShamAY	36979	0.59137
		الكبائر لمحمد بن عبد الوهاب ت الجوابرة	محمد بن عبد الوهاب بن سليمان التميمي النجدي (المتوفى: 1206هـ)	ShamAY	1467	0.59137
		30 سبب لدخول الجنة	مجموعة من المؤلفين	ShamAY	35018	0.59137
		في ظلال سيد قطب لمحات من حياته وأعماله ومنهجه التفسيري	وصفي عاشور أبو زيد	ShamAY	35879	0.59137
		رسالة المسترشدين	الحارث بن أسد المحاسبي، أبو عبد الله (المتوفى: 243هـ)	ShamAY	6871	0.59136
		 ذخيرة العقبى في شرح العروة الوثقى 	 الشيخ علي الصافي الگلبايگاني 	ABLibrary	9516	0.59136
		منع جواز المجاز في المنزل للتعبد والإعجاز (مطبوع ضمن «آثار الشنقيطي»)	محمد الأمين بن محمد المختار الجكني الشنقيطي (1325 - 1393)	ShamelaY19	22895	0.59135
		نظرية العقد (= العقود)	تقي الدين أبو العباس أحمد بن عبد الحليم بن عبد السلام بن تيمية الحراني الحنبلي الدمشقي (المتوفى: 728هـ)	ShamAY	34385	0.59134
		أصول في التفسير	محمد بن صالح بن محمد العثيمين (المتوفى: 1421ه)	Sham19Y	21796	0.59133
		 فقه العقود 	 السيد كاظم الحائري 	ABLibrary	9611	0.59133
		المنهاج الواضح للبلاغة	حامد عونى	ShamAY	10021	0.59132
		الشريف الرضي وشعره في الغدير	الشيخ عبد الحسين الأميني النجفي	Masaha	311	0.59132
		كيف تسبق	أبو عبد الملك خالد بن عبد الرحمن الحسينان	ShamAY	583	0.59131
		الشرق الأدنى القديم في مصر والعراق	عبد العزيز صالح	ShamAY	500	0.59129
		الوحي ودلالاته في القرآن الكريم والفكر الإسلامي	الدكتور ستار جبر حمّود الأعرجي	Rafed	3900	0.59129
		مرويات السيرة بين قواعد المحدثين وروايات الإخباريين	مسفر بن غرم الله الدميني	Sham19Y	11393	0.59127
		القواعد والفوائد الأصولية وما يتعلق بها من الأحكام	أبو الحسن علاء الدين ابن اللحام علي بن عباس البعلي الحنبلي 752 803 هـ	ShamAY	34193	0.59126
		أسماء البقاع والجبال في القرآن الكريم‏	عبد الرحمن السيوطي	Masaha	3709	0.59125
		المنهاج في شعب الإيمان	الحسين بن الحسن بن محمد بن حليم البخاري الجرجاني، أبو عبد الله الحَلِيمي (المتوفى: 403 هـ)	ShamAY	32666	0.59123
		التمسك بالقرآن الكريم وأثره في حياة المسلمين	عبد الله بن عمر محمد الأمين الشنقيطي	ShamAY	7583	0.5912
		 المرتقى إلى الفقه الأرقى ( كتاب الزكاة ) 	 السيد محمد الروحاني 	ABLibrary	9470	0.5912
		حرمة المسلم على المسلم	الدكتور ماهر ياسين الفحل	Sham19Y	1769	0.59119
		 البداء في ضوء الكتاب والسنة 	 الشيخ السبحاني 	ABLibrary	8364	0.59118
		بحار الأنوار [ج ٨١]	الشيخ محمّد باقر بن محمّد تقي المجلسي	Rafed	1112	0.59118
		البدعة ضوابطها وأثرها السيء في الأمة	علي بن محمد بن ناصر الفقيهي	ShamAY	8791	0.59117
		شفاء الغرام بأخبار البلد الحرام	محمد بن أحمد بن علي، تقي الدين، أبو الطيب المكي الحسني الفاسي (المتوفى: 832هـ)	ShamAY	8362	0.59117
		الدر النقي في شرح ألفاظ الخرقي	جمال الدين أبو المحاسن يوسف بن حسن بن عبد الهادي الحنبلي الدمشقي الصالحي المعروف ب «ابن المبرد» (المتوفى: 909 ه)	ShamelaY19	131003	0.59115
		نفح العبير	أبو محمد عبد الله بن مانع بن غلاب الغبيوي الروقي العتيبي	ShamAY	32117	0.59113
		النكت في تفسير كتاب سيبويه	أبي الحجاج يوسف بن سليمان بن عيسى أعلم الشنتمري	Rafed	3002	0.59113
		تنزيل السكينة على قناديل المدينة	السبكي، تقي الدين	ShamAY	36640	0.59111
		 رسائل الميرزا القمي 	 الميرزا القمي 	ABLibrary	9357	0.59111
		تحصيل المرام [ج ١-٢]	الشيخ محمّد بن أحمد بن سالم بن محمّد المالكي المكّي [ الصبّاغ ]	Rafed	3062	0.5911
		مفتاح العلوم	يوسف بن أبي بكر بن محمد بن علي السكاكي الخوارزمي الحنفي أبو يعقوب (المتوفى: 626ه)	Sham19Y	26581	0.59105
		حجية قول الصحابي عند السلف ... د. ترحيب الدوسري	د. ترحيب بن ربيعان بن هادي الدوسري	ShamAY	37587	0.59102
		تربية الأطفال في الحديث الشريف	الدكتور / خالد أحمد الشنتوت	ShamAY	35089	0.59101
		البلاغة العمرية	محمد سالم الخضر	ShamAY	31954	0.59101
		الآيات القرآنية الواردة في الرد على البدع المتقابلة دراسة عقدية رسالة علمية مقدمة لنيل درجة العالمية العالية (الدكتوراه)	أحمد بن علي الزاملي	Sham19Y	147315	0.591
		 سامرا 	 أحمد عبد الباقي 	ABLibrary	9119	0.59098
		الاساس لعقائد الاكياس	قاسم بن محمد منصور بالله	Ghbook	2702	0.59098
		نظرة عابرة الى الصحاح الستة	عبد الصمد شاكر	Masaha	489	0.59094
		اللاعنف منهج و سلوك	آيت الله العظمي سيد محمد حسيني شيرازي	Ghbook	8014	0.59092
		رسائل آل طوق القطيفي [ج ٤]	الشيخ أحمد آل طوق	Rafed	1410	0.59091
		مختصر المعاني (مختصر لشرح تلخيص المفتاح)	سعد الدين مسعود بن عمر التفتازاني (المتوفى: 793هـ)	ShamAY	33799	0.5909
		بلغة الفقيّة [ج ٤]	السيّد محمّد آل بحر العلوم	Rafed	1699	0.5909
		بغية المسترشدين في تلخيص فتاوى بعض الأئمة من العلماء المتأخرين مع ضم فوائد جمة من كتب شتى للعلماء المجتهدين	عبد الرحمن بن محمد بن حسين بن عمر باعلوي	ShamAY	34349	0.59089
		قضاء أمير المؤمنين علي بن أبي طالب(ع)	الشيخ اسد الله التستري	Masaha	2882	0.59089
		 منهج الرشاد في معرفة المعاد 	 ملا نعيما العرفي الطالقاني 	ABLibrary	8651	0.59086
		 منهج الرشاد في معرفة المعاد 	 ملا نعيما العرفي الطالقاني 	ABLibrary	8650	0.5908
		الفصول العشره في الغيبه	محمد بن  محمد بن نعمان شيخ مفيد	Ghbook	6616	0.5908
		شرح حديث جابر بن عبد الله رضي الله عنهما في صفة حجة النبي صلى الله عليه وسلم	محمد بن صالح بن محمد العثيمين (المتوفى: 1421ه)	ShamelaY19	21814	0.59077
		معجم القواعد العربية	عبد الغني بن علي الدقر (المتوفى: 1423هـ)	ShamAY	12933	0.59076
		مجموعة من بحوث ومقالات موقع فيصل نور		ShamAY	35636	0.59076
		المحرر في أسباب نزول القرآن من خلال الكتب التسعة دراسة الأسباب رواية ودراية	خالد بن سليمان المزيني	ShamelaY19	95559	0.59076
		صيانه الآثار الاسلاميه	آيت الله العظمي جعفر سبحاني	Ghbook	5062	0.59076
		مفتاح العلوم	يوسف بن أبي بكر بن محمد بن علي السكاكي الخوارزمي الحنفي أبو يعقوب (المتوفى: 626ه)	ShamelaY19	26581	0.59069
		تعليقات على كشف الشبهات	د.عبد العزيز بن محمد بن علي آل عبد اللطيف	ShamAY	35510	0.59068
		نظرات نقدية حول بعض ما كتب في تحقيق مناط الكفر في باب الولاء والبراء		ShamAY	35594	0.59067
		الأخوة الإسلامية هي الرابطة العالمية	د/ عبد العزيز بن عبد الله الحميدي	ShamAY	35047	0.59067
		موسوعة الإمام الخوئي [ج ٢٠]	الشيخ مرتضى البروجردي	Rafed	1608	0.59066
		بحوث في علم الرجال	الشيخ محمد آصف المحسني	Rafed	2886	0.59066
		القدوة مبادئ ونماذج	د صالح بن عبد الله بن حميد	ShamelaY19	30907	0.59065
		القواعد لابن رجب	زين الدين عبد الرحمن بن أحمد بن رجب بن الحسن، السلامي، البغدادي، ثم الدمشقي، الحنبلي (المتوفى: 795ه)	ShamelaY19	21730	0.59064
		فتاوى الشيخ أبو اسحاق الحويني	الواحدي :: أبو إسحق الحويني	ShamAY	37659	0.59063
		الامام المهدي (عجل الله تعالي فرجه الشريف) قدوه الصديقين	آيت الله العظمي سيد محمد تقي مدرسي	Ghbook	6586	0.59063
		أحكام القرآن [ج ١]	أبي عبد الله محمد بن إدريس الشافعي	Rafed	1531	0.59062
		تدوين السنة ومنزلتها	عبد المنعم السيد نجم	ShamAY	10057	0.5906
		رسائل ثلاث: العداله، التوبه، قاعده لاضرر	آيت الله العظمي سيد تقي طباطبايي قمي	Ghbook	12017	0.5906
		القول الراجح مع الدليل (الطهارة والصلاة)	خالد بن إبراهيم الصقعبي	ShamAY	36398	0.59059
		فقه أهل البيت عليهم السلام بين السنة و الشيعة	آيت الله العظمي جعفر سبحاني	Ghbook	16457	0.59059
		الوسائل إلى غوامض الرسائل‏	السيد رسول الموسوي الطهراني	Masaha	3596	0.59059
		الكلمات البينات في قوله تعالى: {وبشر الذين آمنوا وعملوا الصالحات أن لهم جنات}	مرعي بن يوسف بن أبى بكر بن أحمد الكرمى المقدسي الحنبلى (المتوفى: 1033ه)	Sham19Y	36076	0.59058
		كتاب الكناش في فني النحو و الصرف	اسماعيل بن علي ابوالفداء	Ghbook	16244	0.59058
		دعائم التمكين للمملكة العربية السعودية على ضوء قوله تعالى: {الذين إن مكناهم في الأرض أقاموا الصلاة وآتوا الزكاة وأمروا بالمعروف ونهوا عن المنكر ولله عاقبة الأمور}	حمد بن حمدي الصاعدي	ShamAY	10223	0.59056
		 مباحث فقهية ( الوصية ، الشركة ، صلة الرحم ) 	 السيد تقي الطباطبائي القمي 	ABLibrary	9718	0.59056
		عناية الأصول في شرح كفاية الأصول‏  - الجزء1	السيد مرتضى الحسيني الفيروزآبادي	Masaha	4012	0.59054
		بحوث في الفقه المعاصر - الجزء1	الشيخ حسن الجواهري	Masaha	666	0.59054
		رياض المسائل في تحقيق الاحكام بالدّلائل [ج ١٤]	السيد علي بن السيد محمد علي الطباطبائي	Rafed	327	0.59053
		كشف الرموز في شرح مختصر النافع - الجزء1	الحسن بن أبي طالب اليوسفي	Masaha	1044	0.59053
		حديث الثقلين تواتره ـ فقهه	السيّد علي الحسيني الميلاني	Rafed	193	0.59052
		الكلمات البينات في قوله تعالى: {وبشر الذين آمنوا وعملوا الصالحات أن لهم جنات}	مرعي بن يوسف بن أبى بكر بن أحمد الكرمى المقدسي الحنبلى (المتوفى: 1033ه)	ShamelaY19	36076	0.59051
		الانوار في مولد النبي محمد ( صلي الله عليه و آله و سلم )	ابوالحسن كبري	Ghbook	5276	0.5905
		أروع القيم الحضارية في سيرة خير البرية	انجوغو امبكي صمب	ShamAY	37456	0.59047
		لقاءات أبي الحسن المأربي مع الألباني	الواحدي :: ناصر الدين الألباني	ShamAY	33149	0.59046
		أخي السجين .. خمس رسائل	مجموعة من المؤلفين	ShamAY	35143	0.59045
		صفة المفتي والمستفتي ت أبي جنة	نجم الدين أحمد بن حمدان بن شبيب بن حمدان الحراني الحنبلي (603 ه - 695 ه)	ShamelaY19	132972	0.59045
		فتح الأبواب	السيّد رضي الدين أبو القاسم علي بن موسى بن جعفر بن طاووس الحسني الحلّي [ السيّد بن طاووس ]	Rafed	513	0.59044
		البدعة مفهومها وحدودها	مركز الرسالة	Masaha	198	0.59042
		نيل الابتهاج بتطريز الديباج	أحمد بابا بن أحمد بن الفقيه الحاج أحمد بن عمر بن محمد التكروري التنبكتي السوداني، أبو العباس (المتوفى: 1036 هـ)	ShamAY	32462	0.59041
		صورة الأرض [ج ١]	أبي القاسم بن حوقل النصيبي	Rafed	2448	0.5904
		كفايه الاصول	محمد كاظم بن حسين آخوند خراساني	Ghbook	12205	0.59037
		كتاب الخصال	أبو بكر محمد بن يبقى بن زرب	ShamAY	34241	0.59035
		المحرر في أسباب نزول القرآن من خلال الكتب التسعة دراسة الأسباب رواية ودراية	خالد بن سليمان المزيني	ShamAY	1542	0.59035
		مطالع الأنوار على صحاح الآثار	إبراهيم بن يوسف بن أدهم الوهراني الحمزي، أبو إسحاق ابن قرقول (المتوفى: 569ه)	ShamelaY19	122402	0.59035
		 الإستبصار في عجايب الأمصار 	 مؤلف مجهول 	ABLibrary	8953	0.59034
		 نظرية وحدة الوجود بين ابن عربي والجيلي 	 سهيلة عبد الباعث الترجمان 	ABLibrary	8902	0.59032
		معالم أصول الفقه عند أهل السنة والجماعة	محمَّد بنْ حسَيْن بن حَسنْ الجيزاني	ShamAY	7372	0.59029
		 منهاج الصالحين 	 السيد محمد سعيد الحكيم 	ABLibrary	9625	0.59029
		شرح حديث جابر في الحج	عبد العزيز الطريفي	ShamAY	35965	0.59028
		فضيلة تلاوة القرآن وحملته	. لولوة القضيبي	ShamAY	36845	0.59027
		المبدع في شرح المقنع	إبراهيم بن محمد بن عبد الله بن محمد ابن مفلح، أبو إسحاق، برهان الدين (المتوفى: 884ه)	ShamelaY19	21619	0.59027
		نصائح منهجية لطالب علم السنة النبوية	حاتم بن عارف بن ناصر الشريف العوني	ShamAY	9068	0.59026
		تراثنا ـ العدد [ 28 ]	مؤسسة آل البيت عليهم السلام لإحياء التراث ـ قم	Rafed	2768	0.59026
		الجوهر الكلي شرح عمدة المصلي	النابلسي، عبد الغني	ShamAY	36552	0.59025
		نخبه الازهار في احكام الخيار	محمد حسين سبحاني	Ghbook	11268	0.59025
		الملك الصالح وشعره في الغدير	الشيخ عبد الحسين الأميني النجفي	Masaha	429	0.59023
		تبصير الناسك بأحكام المناسك على ضوء الكتاب والسنّة والمأثور عن الصحابة	عبد المحسن العباد	ShamAY	36416	0.59022
		مجموع رسائل الحافظ ابن عبد الهادي	شمس الدين أبو عبد الله محمد بن أحمد بن عبد الهادي المقدسي الحنبلي (704 - 744 ه)	ShamelaY19	20647	0.59022
		 مصباح المنهاج ( كتاب الصوم ) 	 السيد محمد سعيد الحكيم 	ABLibrary	9619	0.59022
		بحوث مؤتمر الحوار بالشارقة	مجموعة من المؤلفين	ShamAY	33202	0.5902
		نحو منهج أمثل لتفسير القرآن - مؤتمر ماليزيا	أحمد بن محمد الشرقاوى	ShamAY	36819	0.5902
		الرد القويم على المجرم الأثيم	حمود بن عبد الله بن حمود بن عبد الرحمن التويجري (المتوفى: 1413هـ)	ShamAY	32270	0.59017
		العلل في النحو	أبو الحسن محمد بن عبد الله [ الوراق ]	Rafed	2629	0.59016
		فتح الوهاب بشرح منهج الطلاب (هو شرح للمؤلف على كتابه هو منهج الطلاب الذي اختصره المؤلف من منهاج الطالبين للنووي)	زكريا بن محمد بن أحمد بن زكريا الأنصاري، زين الدين أبو يحيى السنيكي (المتوفى: 926هـ)	ShamAY	12036	0.59014
		أصول التصحيح والتضعيف	د. عبد الغني بن أحمد جبر مزهر.	ShamAY	37365	0.59014
		 مجموعة الرسائل ( تسع رسائل ) 	 ابن رشد 	ABLibrary	9878	0.59011
		تراثنا ـ العددان [ 41 و 42 ]	مؤسسة آل البيت عليهم السلام لإحياء التراث ـ قم	Rafed	2810	0.5901
		الخلاصة في أحكام الفتوى	الواحدي :: علي بن نايف الشحود	ShamAY	36074	0.59008
		 الواضح المنهاج في نظم ما للتاج أحمد بن عطاء الله السكندري ( ويليه الحكمة الحاتمية والاقتباسات الالهامية ويليه رسائلة نفائس العرفان ) 	 عبد الكريم بن العربي بنيس 	ABLibrary	8867	0.59008
		المفصل في صنعة الإعراب	أبو القاسم محمود بن عمرو بن أحمد، الزمخشري جار الله (المتوفى: 538هـ)	ShamAY	759	0.59007
		كتاب الشهادات	آيت الله علي حسيني ميلاني	Ghbook	10193	0.59007
		شرح الزركشي على مختصر الخرقي	شمس الدين محمد بن عبد الله الزركشي المصري الحنبلي (المتوفى: 772ه)	ShamelaY19	21743	0.59005
		منهج الرّشاد في معرفة المعاد [ج ٢]	محمّد نعيم بن محمّد تقي [ الملا نعيما العرفي الطالقاني ]	Rafed	3670	0.59004
		المباحث العقدية المتعلقة بالكبائر ومرتكبها في الدنيا	سعود بن عبد العزيز الخلف	ShamAY	8905	0.59003
		الفرق بين النصيحة والتعيير	زين الدين عبد الرحمن بن أحمد بن رجب بن الحسن، السَلامي، البغدادي، ثم الدمشقي، الحنبلي (المتوفى: 795هـ)	ShamAY	22566	0.59002
		مستويات الأداء البلاغي في أدب ابن شُهيد الأندلسي	مشاعل بنت عبد الله بن عوض باقازي	ShamAY	35895	0.58999
		التقصير في تربية الأولاد	الواحدي :: محمد بن إبراهيم الحمد	ShamAY	35057	0.58999
		موسوعة الملل والأديان - الدرر السنية	مجموعة من المؤلفين	ShamelaY19	38219	0.58999
		شرح كشف الشبهات للحازمي	أبو عبد الله، أحمد بن عمر بن مساعد الحازمي	ShamAY	541	0.58998
		الاختيارات الفقهية للإمام محمد بن داود الصيدلاني رحمه الله (ت 427 ه) (من بداية باب النكاح إلى نهاية باب أمهات الأولاد) جمعا ودراسة	خالد بن عبد الله عفيف	ShamelaY19	143157	0.58995
		اللّباب في علوم الكتاب [ج ١٩]	أبي حفص عمر بن علي بن عادل الدمشقي الحنبلي	Rafed	3125	0.58995
		 معالم الدين في فقه آل ياسين 	 شمس الدين محمد الحلي 	ABLibrary	9331	0.58991
		سنه الزواج و تيسير الامور	آيت الله العظمي حسيني	Ghbook	7956	0.58991
		نزهة الأسماع في مسألة السماع	الواحدي :: ابن رجب الحنبلي	ShamAY	34327	0.5899
		الرّحلة الحجازيّة	أوليا چلبي	Rafed	2200	0.5899
		التمهيد في تخريج الفروع على الأصول	عبد الرحيم بن الحسن بن علي الإسنوي الشافعيّ، أبو محمد، جمال الدين (المتوفى: 772هـ)	ShamAY	6289	0.58989
		أثر القراءات القرآنية في الصناعة المعجمية تاج العروس نموذجا	الدكتور عبد الرازق بن حمودة القادوسي	ShamelaY19	36322	0.58989
		شرح الحديث المقتفى في مبعث النبي المصطفى	أبو القاسم شهاب الدين عبد الرحمن بن إسماعيل بن إبراهيم المقدسي الدمشقي المعروف بأبي شامة (المتوفى: 665هـ)	ShamAY	7808	0.58988
		الاستقصا لأخبار دول المغرب الأقصى	شهاب الدين أبو العباس أحمد بن خالد بن محمد الناصري الدرعي الجعفري السلاوي (المتوفى: 1315هـ)	ShamAY	6627	0.58988
		الممتع في شرح المقنع ت ابن دهيش ط 3	ابن المنجى، أبو البركات	ShamelaY19	20699	0.58987
		الموسوعة القرآنيّة خصائص السور [ج ٨]	الناشر: دار التقريب بين المذاهب الإسلامية	Rafed	3739	0.58986
		دراسات في الأصول [ج ٤]	السيد صمد علي الموسوي	Rafed	3694	0.58985
		جواهر الكلام [ج ٤٣]	الشيخ محمّد حسن النّجفي	Rafed	777	0.58985
		 رحلة الشام 	 إبراهيم عبد القادر المازني 	ABLibrary	9098	0.58984
		رحلة ابن خلدون	محمّد بن تاويت الطنجي	Rafed	2403	0.58981
		إتحاف الكرام بشرح عمد الأحكام	عبد الرحمن السحيم	ShamAY	35992	0.58979
		شرح منظومة التفسير	أبو عبد الله، أحمد بن عمر بن مساعد الحازمي	ShamelaY19	36126	0.58979
		التوبة إلى الله - معناها، حقيقتها، فضلها، شروطها	أ. د صالح بن غانم بن عبد الله بن سليمان بن علي السدلان	ShamelaY19	36503	0.58979
		الامام حسين عليه السلام قدوه الصديقين	آيت الله العظمي سيد محمد تقي مدرسي	Ghbook	12864	0.58979
		التعليق [في علم الكلام]	قطب الدين ابوجعفر محمدبن الحسن المقري النيشابوري	Ghbook	15514	0.58978
		شرح العقيدة الواسطية لخالد المصلح	خالد بن عبد الله بن محمد المصلح	ShamAY	7728	0.58977
		جهود علماء المسلمين في نقد الكتاب المقدس من القرن الثامن الهجري إلى العصر الحاضر "عرض ونقد"	رمضان مصطفى الدسوقى حسنين (المتوفى: 1433ه)	ShamelaY19	122258	0.58975
		 سر الخليقة وصنعة الطبيعة ( كتاب العلل ) 	 بلينوس الحكيم 	ABLibrary	9800	0.58975
		كان خلقه القرآن	أبو إسلام أحمد بن علي	ShamAY	37423	0.58974
		التوهم في وصف أحوال الآخرة	الحارث بن أسد المحاسبي، أبو عبد الله (المتوفى: 243هـ)	ShamAY	21799	0.58973
		رحلة إلى شبه الجزيرة العربية وإلى بلاد أخرى مجاورة لها  - الجزء1	كارستن نيبور	Masaha	4833	0.58972
		الجامع لأحكام الصلاة	أبو إياس محمود بن عبد اللطيف بن محمود (عويضة)	ShamAY	2051	0.58971
		عيون المعجزات	حسين بن عبدالوهاب شعراني	Ghbook	9499	0.5897
		الرد على الطاعن في أبي هريرة رضي الله عنه	الحسن بن علي الكتاني	ShamAY	35749	0.58968
		طاقات المرأة وقدراتها العقلية والعلمية تتجلى في شخصية "د. عزيزة المانع"	ربيع بن هادي المدخلي	ShamAY	33046	0.58966
		فقه الأولويات في الخطاب السلفي المعاصر بعد الثورة	محمد يسري إبراهيم حسين	ShamAY	32193	0.58966
		دراسة في علامات الظهور	السيد جعفر مرتضى العاملي	Masaha	4064	0.58964
		النكت على كتاب ابن الصلاح لابن حجر	أبو الفضل أحمد بن علي بن محمد بن أحمد بن حجر العسقلاني (المتوفى: 852هـ)	ShamAY	8316	0.58962
		شرح شروط الصلاة وأركانها وواجباتها لشيخ الإسلام محمد بن عبد الوهاب	عبد المحسن بن حمد بن عبد المحسن بن عبد الله بن حمد العباد البدر	ShamAY	11262	0.58959
		عيار الشعر	محمد بن أحمد بن محمد بن أحمد بن إبراهيم طباطبا، الحسني العلوي، أبو الحسن (المتوفى: 322هـ)	ShamAY	6911	0.58957
		المهذب البارع في شرح المختصر النافع - الجزء1	جمال الدين أحمد بن محمد الحلي	Masaha	1065	0.58957
		بحوث في الفقه المعاصر [ج ١]	الشيخ حسن الجواهري	Rafed	156	0.58954
		أحكام الخلل في الصلاة	الشيخ مرتضى الأنصاري	Masaha	1593	0.58954
		بحار الأنوار [ج ٨٨]	الشيخ محمّد باقر بن محمّد تقي المجلسي	Rafed	1159	0.58953
		منحة السلوك في شرح تحفة الملوك	أبو محمد محمود بن أحمد بن موسى بن أحمد بن حسين الغيتابى الحنفى بدر الدين العينى (المتوفى: 855ه)	Sham19Y	13784	0.58947
		 موسوعة عشائر العراق 	 عباس العزاوي المحامي 	ABLibrary	9263	0.58945
		البدعة مفهومها وحدودها	محمد هادي الأسدي	Rafed	11	0.58945
		الصواعق المحرقة على أهل الرفض والضلال والزندقة	أحمد بن محمد بن علي بن حجر الهيتمي السعدي الأنصاري، شهاب الدين شيخ الإسلام، أبو العباس (المتوفى: 974هـ)	ShamAY	6544	0.58944
		الأمة الوسط والمنهاج النبوي في الدعوة إلى الله	عبد الله بن عبد المحسن بن عبد الرحمن التركي	ShamelaY19	30910	0.58943
		أربح البضاعة في فوائد صلاة الجماعة	الواحدي :: عبد الله آل جار الله	ShamAY	36208	0.5894
		الوجيز في عقيدة السلف الصالح (أهل السنة والجماعة)	عبد الله بن عبد الحميد الأثري	ShamelaY19	30811	0.58939
		الذكر الجماعي بين الاتباع والابتداع	محمد بن عبد الرحمن الخميس	ShamAY	7618	0.58938
		جزء فيه ذكر اعتقاد السلف في الحروف والأصوات	أبو زكريا محيي الدين يحيى بن شرف النووي (المتوفى: 676هـ)	ShamAY	11137	0.58938
		نظرة سيد قطب إلى أصحاب رسول الله	ربيع بن هادي المدخلي	ShamAY	33020	0.58937
		التهذيب في مناسك العمرة والحج - الجزء1	الميرزا جواد التبريزي	Masaha	5046	0.58937
		ومضات	آيت الله العظمي سيد محمد حسيني شيرازي	Ghbook	8024	0.58936
		القضايا الكبرى	مالك بن الحاج عمر بن الخضر بن نبي (المتوفى: 1393هـ)	ShamAY	1165	0.58933
		 بحار الأنوار 	 العلامة المجلسي 	ABLibrary	776	0.58933
		يسألونك عن الزكاة	حسام الدين بن موسى محمد بن عفانة	ShamAY	946	0.58932
		الدروس الشرعيه في فقه الاماميه	شمس الدين محمد بن مكي شهيد اول	Ghbook	15170	0.58932
		شرح (قواعد الإعراب لابن هشام)	محمد بن مصطفى القُوجَوي، شيخ زاده (المتوفى: 950 هـ)	ShamAY	37995	0.58928
		رحلة ريج المقيم البريطاني في العراق	كلوديوس جيمس ريج	Masaha	4515	0.58927
		الحاشية على من لا يحضره الفقيه	الشيخ البهائي	Masaha	1139	0.58927
		شرح كتاب الجامع لأحكام الصيام وأعمال رمضان - حطيبة	الشيخ الطبيب أحمد حطيبة	ShamAY	368	0.58926
		المفصل في صنعة الاعراب	زمخشري ، محمود بن عمر	Ghbook	16351	0.58925
		شرح الترغيب والترهيب للمنذرى - حطيبة	الشيخ الطبيب أحمد حطيبة	ShamAY	98	0.58923
		الزيارة	الشيخ عبد الحسين الأميني النجفي	Masaha	512	0.58923
		 موسوعة تاريخ العراق بين احتلالين 	 عباس العزاوي المحامي 	ABLibrary	9258	0.58922
		عدالة الصحابة رضى الله عنهم في ضوء القرآن الكريم والسنة النبوية ودفع الشبهات	عماد السيد محمد إسماعيل الشربينى	ShamAY	1833	0.58921
		الجاسوس على القاموس	أحمد فارس أفندي، صاحب الجوائب	ShamAY	38842	0.58921
		حماسة القرشي	عباس بن محمد بن مسعود القرشي النجفي (المتوفى : 1299هـ)	ShamAY	2512	0.58921
		شرح السنة للبربهاري - دار ابن القيم	الحسن بن علي بن خلف البربهاري أبو محمد	ShamAY	33891	0.58919
		رحلة الشام	إبراهيم عبد القادر المازني	Rafed	2449	0.58918
		العذاب الأدنى .. حقيقته، أنواعه، أسبابه	محمد بن عبد الله بن صالح السحيم	ShamAY	34980	0.58917
		موسوعه الفقه الاسلامي المقارن	آيت الله العظمي ناصرمكارم شيرازي	Ghbook	12029	0.58917
		 الأنوار الباهرة بفضائل أهل بيت النبوي والذرية الطاهرة 	 ابو الفتوح عبد الله بن عبد القادر التليدي المغربي 	ABLibrary	7430	0.58914
		التسامح	آيت الله العظمي سيد محمد حسيني شيرازي	Ghbook	7917	0.58912
		مع الركب الحسيني من المدينه الي المدينه	محمد جواد طبسي	Ghbook	9686	0.58911
		النبي محمد (ص) قدوه الصديقين	آيت الله العظمي سيد محمد تقي مدرسي	Ghbook	5283	0.5891
		مدينة القدس بين التهديد و التهويد (مجموعة محاضرات و مقالات)	حسني محمد العطار	ShamAY	37120	0.58908
		 اصطلاحات الصوفية ( ويليه رشح الزلال ) 	 عبد الرزاق الكاشاني ( القاشاني ) 	ABLibrary	8796	0.58906
		الفصل والوصل في القرآن الكريم	منير سلطان	ShamelaY19	22883	0.58904
		اختلاف الدارين وآثاره في أحكام الشريعة الإسلامية	عبد العزيز بن مبروك الأحمدي	ShamAY	11421	0.58903
		البداية والنهاية ط الفكر	أبو الفداء إسماعيل بن عمر بن كثير القرشي البصري ثم الدمشقي (المتوفى: 774ه)	ShamelaY19	23708	0.58899
		 الرسائل الفقهية 	 السيد مرتضى الحسيني النجومي 	ABLibrary	9523	0.58899
		رسالة في أصول الفقه	أبو علي الحسن بن شهاب بن الحسن بن علي بن شهاب العكبريّ الحنبلي (المتوفى: 428هـ)	ShamAY	6311	0.58897
		 ديوان ابن فارض 	 ابن فارض 	ABLibrary	928	0.58896
		خالد وحيدر حوار هادئ و مثمر	عبد الله عبد الرحمن الراشد	ShamAY	35680	0.58895
		قفو الأثر في صفوة علوم الأثر	محمد بن إبراهيم بن يوسف الحلبي القادري التاذفي، الحنفي رضي الدين المعروف بـ ابن الحنبلي (المتوفى: 971هـ)	ShamAY	1531	0.58894
		 الروح المجرد ( في ذكرى السيد هاشم الموسوى الحداد ) 	 السيد محمد حسين الطهراني 	ABLibrary	8897	0.58893
		الاربعين: وفلسفة المشي الي الحسين عليه السلام	حيدر الصمياني	Ghbook	15673	0.58893
		منازل الاخره و المطالب الفاخره ( تعريب )	عباس قمي	Ghbook	7116	0.58891
		غزوة بدر الكبرى دروس وعبر	الواحدي :: أمير بن محمد المدري	ShamAY	37443	0.5889
		أنموذج جليل في أسئلة وأجوبة عن غرائب آي التنزيل	زين الدين أبو عبد الله محمد بن أبي بكر بن عبد القادر الحنفي الرازي (المتوفى: 666هـ)	ShamAY	8378	0.58889
		من أسماء النبي الأمين محمد - أحمد في الكتاب العربي المبين	أبو يوسف محمد زايد	ShamAY	37407	0.58887
		الفرق بين النصيحة والتعيير	زين الدين عبد الرحمن بن أحمد بن رجب بن الحسن، السلامي، البغدادي، ثم الدمشقي، الحنبلي (المتوفى: 795ه)	ShamelaY19	22566	0.58887
		غرائب فقهية عند الشيعة الإمامية	الألوسي، محمود شكري	ShamAY	35689	0.58886
		المدرّس الأفضل [ج ٤]	الشيخ محمّد علي المدرّس الأفغاني	Rafed	2684	0.58886
		الشعائر الحسينيه بين الاصاله والتجديد	رياض الموسوي	Ghbook	15356	0.58886
		 بحار الأنوار 	 العلامة المجلسي 	ABLibrary	764	0.58885
		الاسهم النورانيه في القضاء علي فكر الوهابيه التكفيريه	محمد ابن الغباشي حسيني	Ghbook	11349	0.58885
		المقنع في فقه الإمام أحمد بن حنبل الشيباني رحمه الله تعالى	موفق الدين أبو محمد عبد الله بن أحمد بن محمد بن قدامة المقدسي (المتوفى: 620 ه)	ShamelaY19	19233	0.58884
		تفسير القرآن الكريم «سورة الشعراء»	محمد بن صالح العثيمين	ShamelaY19	150304	0.58883
		مذكرة القول الراجح مع الدليل شرح منار السبيل - الصلاة	خالد بن إبراهيم الصقعبي	Sham19Y	13626	0.58882
		صفة صلاة رسول الله صلى الله عليه وسلم	الواحدي :: عبد الكريم الخضير	ShamAY	36447	0.58881
		مسائل الانتقاد	محمد بن سعيد بن أحمد بن شرف الجذامي القيرواني، أبو عبد الله (المتوفى: 460هـ)	ShamAY	786	0.58879
		باب مدينة العلم	محمد رضا آل كاشف الغطاء	Ghbook	10217	0.58879
		 كتاب المكاسب ( المحشَّى ) 	 الشيخ الأنصاري 	ABLibrary	9377	0.58878
		فاعلم أنه لا إله إلا الله - بشر البشير		ShamAY	35563	0.58876
		دروس في علم الأصول - الجزء1	السيد محمد باقر الصدر	Masaha	3810	0.58876
		التراويح أكثر من ألف عام في المسجد النبوي	عطية بن محمد سالم (المتوفى: 1420هـ)	ShamAY	22950	0.58874
		متن كتاب الشرح والإبانة على أصول السنة والديانة لابن بطة العنكبري	أبو عبد الله عبيد الله بن محمد بن محمد بن حمدان العُكْبَري المعروف بابن بَطَّة العكبري (المتوفى : 387هـ)	ShamAY	35405	0.58873
		الحاشيه الاولي علي المكاسب	محمد امامي خوانساري	Ghbook	11278	0.58871
		إظهار الحق	محمد رحمت الله بن خليل الرحمن الكيرانوي العثماني الهندي الحنفي (المتوفى: 1308هـ)	ShamAY	22721	0.58867
		رسائل المحقق الكلباسي	ابوالمعالي محمد بن محمد ابراهيم كلباسي اصبهاني	Ghbook	15984	0.58867
		ثمرات الأعواد [ج ٢]	علي بن الحسين الهاشمي الخطيب	Rafed	1621	0.58866
		الاخلاق الاسلاميه	آيت الله العظمي سيد محمد حسيني شيرازي	Ghbook	7886	0.58864
		مقام الرشاد بين التقليد والاجتهاد	فيصل بن عبد العزيز بن فيصل ابن حمد المبارك الحريملي النجدي (المتوفى: 1376هـ)	ShamAY	12867	0.58863
		الفروق أو أنوار البروق في أنواء الفروق (مع الهوامش)	أبو العباس أحمد بن إدريس الصنهاجي القرافي	ShamAY	34190	0.58861
		الجامع الصغير وشرحه النافع الكبير لمن يطالع الجامع الصغير	اللكنوي، أبو الحسنات	ShamAY	6160	0.58859
		 الحياة الفكرية والسياسية لأئمة أهل البيت ( ع ) 	 الشيخ رسول جعفريان 	ABLibrary	7511	0.58859
		عناية الأصول في شرح كفاية الأصول [ج ٢]	السيد مرتضى الفيروزآبادي	Rafed	4003	0.58859
		مجالس رمضان - أحمد فريد	أحمد فريد	ShamelaY19	37372	0.58858
		الكشف الوافي في شرح أصول الكافي	الشريف محمد هادي الشيرازي	Masaha	4564	0.58857
		الكلمَاتُ البَيِّنَاتُ في قَولهِ تَعَالى: {وَبَشِّرِ الَّذِين آمَنُواْ وَعَمِلُواْ الصَّالِحَاتِ أَنَّ لَهُمْ جَنَّاتٍ}	مرعي بن يوسف بن أبى بكر بن أحمد الكرمى المقدسي الحنبلى (المتوفى: 1033هـ)	ShamAY	525	0.58856
		قاعدة في الجرح والتعديل (مطبوع مع كتاب «أربع رسائل في علوم الحديث» )	تاج الدين عبد الوهاب بن تقي الدين السبكي (المتوفى: 771هـ)	ShamAY	26113	0.58855
		صواعق الحق		ShamAY	35544	0.58854
		محاضرات الدورة المفتوحة الأولى في الحديث الشريف وعلومه (المستوى الأول)	عاصم القريوتي	ShamAY	34760	0.58852
		 بحار الأنوار 	 العلامة المجلسي 	ABLibrary	747	0.58852
		الصحيح من سيره الامام علي عليه السلام	سيد جعفرمرتضي حسيني عاملي	Ghbook	12171	0.58851
		المحرر في أسباب نزول القرآن من خلال الكتب التسعة دراسة الأسباب رواية ودراية	خالد بن سليمان المزيني	Sham19Y	95559	0.5885
		إرشاد السالك إلى حل ألفية ابن مالك	برهان الدين إبراهيم بن محمد بن أبي بكر بن أيوب بن قيم الجوزية (المتوفى 767 هـ)	ShamAY	32501	0.58842
		 كتاب الخمس 	 السيد محمود الهاشمي الشاهرودي 	ABLibrary	9642	0.5884
		مشكلات موطأ مالك بن أنس	أبو محمد عبد الله بن محمد بن السيد البطليوسي (المتوفى: 521هـ)	ShamAY	6037	0.58837
		الاستشراق والتبشير	أ. د. محمد السيد الجليند	ShamAY	10004	0.58837
		بحار الأنوار [ج ٧٤]	الشيخ محمّد باقر بن محمّد تقي المجلسي	Rafed	1095	0.58837
		شرح الترغيب والترهيب للمنذرى - حطيبة	الشيخ الطبيب أحمد حطيبة	Sham19Y	36971	0.58836
		رسالة في كيفية المناظرة مع الشيعة والرد عليهم (مطبوع مع الحجج القطعية للسويدي)	أحمد بن زيني دحلان (المتوفى: 1304ه)	ShamelaY19	36527	0.58835
		منهج شيخ الإسلام محمد بن عبد الوهاب في التأليف	عبد المحسن بن حمد بن عبد المحسن بن عبد الله بن حمد العباد البدر	ShamAY	12101	0.58834
		مجالس رمضان - أحمد فريد	أحمد فريد	Sham19Y	37372	0.58833
		السبيل إلى تصفية علم الأصول من الدخيل	أسامة عبد العظيم	ShamAY	32590	0.58832
		المقاصد الحسنة في بيان كثير من الأحاديث المشتهرة على الألسنة	شمس الدين أبو الخير محمد بن عبد الرحمن بن محمد السخاوي (المتوفى: 902ه)	ShamelaY19	23177	0.58831
		علم الجرح والتعديل	عبد المنعم السيد نجم	ShamAY	4895	0.58829
		اصطلاح المذهب عند المالكية	د/ محمد إبراهيم علي أستاذ الفقه والفقه المقارن (سابقا) بكلية الشريعة والدراسات الإسلامية جامعة أم القرى - مكة المكرمة	ShamelaY19	150934	0.58829
		سند العروة الوثقى - كتاب الطهارة - الجزء1	الشيخ محمد السند	Masaha	4983	0.58829
		التوحيد عند الشيخ ابن تيميه	كمال حيدري	Ghbook	11356	0.58828
		الحكمة في الدعوة إلى الله تعالى	د. سعيد بن علي بن وهف القحطاني	ShamAY	1953	0.58827
		رخصة الفطر في سفر رمضان وما يترتب عليها من الآثار	أحمد علي طه ريان	ShamAY	23073	0.58827
		فلاح السائل و نجاح المسائل	حسن بن يوسف بن مطهر علامه حلي	Ghbook	4627	0.58826
		أئمة أهل البيت في كتب أهل السنة	الشيخ حكمت الرحمة	Masaha	35	0.58825
		كتاب الزكاة والصوم والحج - اللهيمد	سليمان اللهيميد	ShamAY	34759	0.58824
		شرح كتاب الجامع لأحكام العمرة والحج والزيارة - حطيبة	الشيخ الطبيب أحمد حطيبة	ShamelaY19	36974	0.58822
		نظرة تاريخية في حدوث المذاهب الفقهية الأربعة: الحنفي - المالكي - الشافعي - الحنبلي وانتشارها عند جمهور المسلمين	أحمد بن إسماعيل بن محمد تيمور (المتوفى: 1348هـ)	ShamAY	1945	0.58821
		كل خير في اتباع من سلف وكل شر في ابتداع من خلف	عبد الله الطيار	ShamAY	35280	0.58821
		المدخل الي الشريعه الاسلاميه	عباس بن علي نجفي ( آل كاشف الغطاء )	Ghbook	16355	0.58821
		اختصار صحيح البخاري وبيان غريبه	أبو العباس القرطبي ضياء الدين أحمد بن عمر الأنصاري الأندلسي القرطبي (578 ه - 656 ه)	Sham19Y	127656	0.58817
		الضوابط الشرعية في تلقي الأخبار وتقويم مصادرها	عبد الله الوشلي	ShamAY	37520	0.58816
		معجم الأفعال المتعدية بحرف	موسى بن محمد بن الملياني الأحمدي	ShamAY	37224	0.58813
		الزبدة الفقهيّة [ج ٦]	السيّد محمّد حسن ترحيني العاملي	Rafed	2509	0.58813
		تفسير القرآن الكريم «سورة السجدة»	محمد بن صالح العثيمين	ShamelaY19	132429	0.58811
		الوصول إلى كفاية الأصول‏  - الجزء1	السيد محمد الحسيني الشيرازي	Masaha	3614	0.58811
		الغذاء دواء	أحمد الوائلي	Rafed	15	0.5881
		في رحاب العقيده	مركز تحقيقات حج	Ghbook	7686	0.5881
		الزواج في ظل الإسلام	عبد الرحمن بن عبد الخالق اليوسف	ShamAY	11768	0.58809
		تراثنا ـ العدد [ 10 ]	مؤسسة آل البيت عليهم السلام لإحياء التراث ـ قم	Rafed	2720	0.58808
		شرح مختصر الطحاوي للجصاص	أحمد بن علي أبو بكر الرازي الجصاص الحنفي (المتوفى: 370 هـ)	ShamAY	32355	0.58807
		البراهين على ألا بدعة حسنة في الدين والرد على شبه المخالفين	أبو طاهر السِّلَفي	ShamAY	36481	0.58805
		تحفة الإخوان بما جاء في الموالاة والمعاداة والحب والبغض والهجران	حمود بن عبد الله بن حمود بن عبد الرحمن التويجري (المتوفى: 1413ه)	ShamelaY19	38161	0.58804
		إتحاف الخلان والجماعة بشرح عقيدة أهل السنة والجماعة.	ابن عثيمين	ShamAY	35454	0.58803
		اختلاف الحديث - ط الوفاء	محمد بن إدريس الشافعي	ShamAY	34043	0.58803
		منظومة في الرضاع - الارجوزه الرضاعيه و شرحها	صدر الدين محمد بن صالح عاملي اصفهاني	Ghbook	11923	0.588
		المجالس السنيه في مناقب و مصائب العتره النبويه ( الامام الصادق عليه السلام )	محسن امين عاملي	Ghbook	6242	0.58799
		حقائق من تاريخ العلماء	آيت الله العظمي سيد محمد حسيني شيرازي	Ghbook	8077	0.58799
		تهافت الفلاسفة	أبو حامد محمد بن محمد الغزالي الطوسي (المتوفى: 505هـ)	ShamAY	11055	0.58798
		 تبيان الصلاة 	 تقرير بحث البروجردي للشيخ علي الصافي 	ABLibrary	9421	0.58797
		الآيات الكونية دراسة عقدية	عبد المجيد بن محمد الوعلان	ShamelaY19	115127	0.58795
		تنبيه أبي الحسن إلى القول بالتي هي أحسن	ربيع بن هادي المدخلي	ShamAY	33035	0.58794
		المزار الكبير	الشيخ أبو عبد الله محمّد بن جعفر المشهدي	Rafed	1318	0.58794
		الفِقْهُ الإسلاميُّ وأدلَّتُهُ (الشَّامل للأدلّة الشَّرعيَّة والآراء المذهبيَّة وأهمّ النَّظريَّات الفقهيَّة وتحقيق الأحاديث النَّبويَّة وتخريجها)	أ. د. وَهْبَة بن مصطفى الزُّحَيْلِيّ، أستاذ ورئيس قسم الفقه الإسلاميّ وأصوله بجامعة دمشق - كلّيَّة الشَّريعة	ShamAY	384	0.58793
		 تحصيل المرام في أخبار البيت الحرام 	 محمد بن أحمد المالكي ( الصباغ ) 	ABLibrary	9019	0.58792
		البدعة ضوابطها وأثرها السيء في الأمة	علي بن محمد بن ناصر الفقيهي	Sham19Y	8791	0.58791
		 الطراز الأول والكناز لما عليه من لغة العرب المعول 	 ابن معصوم المدني 	ABLibrary	7953	0.58791
		دروس في علم الأصول(شرح الحلقة الثالثة) - الجزء1	ناجي طالب‏ آل فقيه العاملي	Masaha	3806	0.58791
		عودة الفجر	محمد أحمد الراشد	ShamAY	33342	0.58789
		عمارة المساجد المعنوية وفضلها	عبد العزيز عبد الله الحميدي	ShamAY	31287	0.58789
		معاوية بن أبي سفيان أمير المؤمنين وكاتب وحي النبي الأمين صلى الله عليه وسلم - كشف شبهات ورد مفتريات	شحاتة محمد صقر	ShamelaY19	36166	0.58789
		البداية والنهاية ط الفكر	أبو الفداء إسماعيل بن عمر بن كثير القرشي البصري ثم الدمشقي (المتوفى: 774هـ)	ShamAY	23708	0.58788
		نصب المجانيق لنسف قصة الغرانيق	أبو عبد الرحمن محمد ناصر الدين، بن الحاج نوح بن نجاتي بن آدم، الأشقودري الألباني (المتوفى: 1420هـ)	ShamAY	7329	0.58786
		دعائم التمكين للمملكة العربية السعودية على ضوء قوله تعالى: {الذين إن مكناهم في الأرض أقاموا الصلاة وآتوا الزكاة وأمروا بالمعروف ونهوا عن المنكر ولله عاقبة الأمور}	حمد بن حمدي الصاعدي	Sham19Y	10223	0.58786
		أدباء القرن العشرين	إبراهيم عبد القادر المازني	Masaha	4716	0.58785
		اصول الفقه	محمد علي اراكي	Ghbook	15472	0.58783
		النّهاية [ج ٤]	مجد الدين أبي السعادات المبارك بن محمد الجزري [ ابن الأثير ]	Rafed	3549	0.58782
		الأجوبة الألبانية على الأسئلة الأسترالية	الواحدي :: ناصر الدين الألباني	ShamAY	33163	0.5878
		الجامع الصغير وشرحه النافع الكبير لمن يطالع الجامع الصغير	اللكنوي، أبو الحسنات	Sham19Y	6160	0.5878
		كلمات مضيئة في الدعوة إلي الله	محمد علي محمد إمام	ShamAY	1149	0.58777
		الحث على طلب العلم والاجتهاد في جمعه	أبو هلال الحسن بن عبد الله بن سهل بن سعيد بن يحيى بن مهران العسكري (المتوفى: نحو 395هـ)	ShamAY	6861	0.58777
		الفقه العقدي للنوازل	عبد الرحيم بن صمايل العلياني السلمي	ShamelaY19	37806	0.58775
		العقائد النصرانية		ShamAY	35342	0.58774
		كتابة السنة النبوية في عهد النبي صلى الله عليه وسلم والصحابة وأثرها في حفظ السنة النبوية	أحمد بن عمر بن إبراهيم بن إسماعيل بن محمد بن هاشم	ShamAY	11348	0.58773
		رساله في الدماء الثلاثه و احكام الاموات و التيمم	محمد كاظم بن حسين آخوند خراساني	Ghbook	11286	0.58773
		موسوعة الفقه الإسلامي	محمد بن إبراهيم بن عبد الله التويجري	ShamAY	697	0.58772
		 موسوعة أحكام الأطفال وأدلتها 	 مركز فقه الأئمة الأطهار ( ع ) 	ABLibrary	9674	0.58772
		أسس النهضة الراشدة	أحمد القصص	ShamAY	33346	0.58771
		السيرة النبوية منهجية دراستها واستعراض أحداثها	عبد الرحمن على الحجى	ShamAY	9897	0.5877
		التشافي بالقرآن	مجموعة من المؤلفين	ShamAY	34881	0.58769
		فواتح الرحموت بشرح مسلم الثبوت	عبد العلي بن نظام الدين	ShamAY	37574	0.58768
		الاختيار لتعليل المختار - العلمية	عبد الله بن محمود بن مودود الموصلي الحنفي	ShamAY	34205	0.58768
		عودوا إلى خَيرِ الهَدْي	محمد بن أحمد بن إسماعيل المقدم	ShamAY	31624	0.58768
		تحفة الفقهاء	محمد بن أحمد بن أبي أحمد، أبو بكر علاء الدين السمرقندي (المتوفى: نحو 540هـ)	ShamAY	7691	0.58767
		رسالة إلى أخي في الله	مجدي الهلالي	ShamelaY19	36405	0.58767
		نظرة في كتاب السنّة والشيعة لمحمّد رشيد رضا	العلامة الأميني	Rafed	3526	0.58767
		مبلغ النظر في حكم قاصد الأربعة	السيد بحر العلوم	Masaha	1524	0.58767
		الدلائل في حكم موالاة أهل الإشراك	سليمان بن عبد الله بن محمد بن عبد الوهاب (المتوفى: 1233هـ)	ShamAY	12827	0.58766
		دروس للشيخ خالد بن عبد الله المصلح	خالد بن عبد الله المصلح	ShamAY	903	0.58766
		دراسات في تاريخ العرب القديم	محمد بيومى مهران	ShamAY	12007	0.58766
		كشف النّقاب عن مخدرات مليحة الإعراب	عبد الله بن محمّد أحمد الفاكهي	Rafed	2615	0.58766
		مباني منهاج الصالحين	آيت الله العظمي سيد تقي طباطبايي قمي	Ghbook	9670	0.58765
		القواعد لابن رجب - مكتبة نزار الباز	أبو الفرج عبد الرحمن بن أحمد بن رجب الحنبلي ت: 795هـ	ShamAY	34192	0.58764
		الكشف والبيان [ج ٤]	أبي محمّد بن عاشور	Rafed	1661	0.58764
		العمدة من الفوائد والأثار الصحاح والغرائب في مشيخة شهدة	شُهْدة بِنْت أحمد بْن الفرج بْن عُمَر الإبري فخر النساء بِنْت أَبِي نصر الدينوري الأصل البغدادي الكاتبة (المتوفى: 574هـ)	ShamAY	7375	0.58762
		بدائع البدائه	علي بن ظافر بن حسين الأزدي الخزرجي، أبو الحسن جمال الدين (المتوفى: 613هـ)	ShamAY	21559	0.58762
		حجية السنة ودحض الشبهات التي تثار حولها	أبو حفص محمود بن أحمد بن محمود طحان النعيمي	ShamAY	10133	0.58761
		ذكرى الشيعة في أحكام الشريعة - الجزء1	الشهيد الأول	Masaha	1102	0.58761
		منهج التشريع الإسلامي وحكمته	محمد الأمين بن محمد المختار بن عبد القادر الجكني الشنقيطي (المتوفى: 1393هـ)	ShamAY	5165	0.5876
		المختصر في أحكام السفر	فهد بن يحيى العماري	ShamAY	32133	0.5876
		بدائع البدائه	علي بن ظافر بن حسين الأزدي الخزرجي، أبو الحسن جمال الدين (المتوفى: 613ه)	ShamelaY19	21559	0.5876
		الولايتان التكوينيه والتشريعيه عند الشيعه واهل السنه	محمد علي الحلو	Ghbook	12305	0.5876
		شرح التّسهيل المسمّى تمهيد القواعد بشرح تسهيل الفوائد [ج ٢]	محمّد بن يوسف بن أحمد [ ناظر الجيش ]	Rafed	1882	0.58757
		التوحيد أولا يا دعاة الإسلام	أبو عبد الرحمن محمد ناصر الدين، بن الحاج نوح بن نجاتي بن آدم، الأشقودري الألباني (المتوفى: 1420ه)	Sham19Y	1870	0.58756
		نظرات جديدة في علوم الحديث للمليباري	حمزة عبد الله المليباري	ShamAY	37294	0.58755
		ديوان الشاب الظريف	شمس الدين محمد بن العفيف التلمساني المتوفى سنة 688 هـ	ShamAY	37889	0.58754
		رسائل الميرزا القمي - الجزء1	الميرزا القمي	Masaha	1458	0.58754
		فتح الوهاب بشرح منهج الطلاب - العلمية	زكريا بن محمد بن أحمد بن زكريا الأنصاري أبو يحيى	ShamAY	34253	0.58753
		نظرات سريعة في كتاب "قاعدة جليلة في التوسل والوسيلة" لابن تيمية	حسني محمد العطار	ShamAY	35775	0.58753
		أهمية العناية بالتفسير والحديث والفقه	عبد المحسن بن حمد بن عبد المحسن بن عبد الله بن حمد العباد البدر	ShamAY	10871	0.58753
		المطالع النصرية للمطابع المصرية في الأصول الخطية	نصر (أبو الوفاء) ابن الشيخ نصر يونس الوفائي الهوريني الأحمدي الأزهري الأشعري الحنفي الشافعي (المتوفى: 1291ه)	ShamelaY19	97799	0.58753
		ظاهره الافتراء علي الشيعه عبر التاريخ	آيت الله العظمي جعفر سبحاني	Ghbook	10556	0.58753
		كيف تخشعين في الصلاة	رقية بنت محمد المحارب	ShamAY	7288	0.58752
		مفهوم الحكمة في الدعوة	د صالح بن عبد الله بن حميد	Sham19Y	30955	0.58752
		الحج و العمرة و معرفة الحرمين الشريفين	علي افتخاري گلپايگاني	Ghbook	3495	0.58751
		الإسلام بين كينز وماركس وحقوق الإنسان في الإسلام	نعيمة شومان	ShamAY	33422	0.5875
		سماحة الشريعة الإسلامية وملحق به حكم التنازل عن الواجبات	ربيع بن هادي المدخلي	ShamAY	33044	0.5875
		رياض المسائل في تحقيق الأحكام بالدّلائل [ج ١٠]	السيد علي بن السيد محمد علي الطباطبائي	Rafed	317	0.5875
		النزعة الدينية بين الإلهيين والماديين	السيد فاضل الموسوي الجابري	Rafed	77	0.58748
		مسائل ابن الازرق ( حول القرآن - عن ابن عباس )	عائشة عبدالرحمن بنت شاطي	Ghbook	8899	0.58748
		الإخلاص - العوايشة	حسين العوايشة	ShamAY	34945	0.58747
		تفسير القرآن الكريم «سورة الشعراء»	محمد بن صالح العثيمين	Sham19Y	150304	0.58747
		أثر المحتسب في الدراسات النحويّة	الدكتور حازم الحلّي	Rafed	3041	0.58747
		الإسلام في وجه الزحف الأحمر	محمد الغزالي	ShamAY	33237	0.58745
		تفسير القرآن العظيم (ابن كثير)	أبو الفداء إسماعيل بن عمر بن كثير القرشي البصري ثم الدمشقي (المتوفى: 774ه)	ShamelaY19	23604	0.58745
		فقه العبادات على المذهب المالكي	الحاجّة كوكب عبيد	ShamAY	12978	0.58744
		مفهوم الحكمة في الدعوة	د صالح بن عبد الله بن حميد	ShamAY	30955	0.58744
		بذل النظر في الأصول	العلاء محمد بن عبد الحميد الأسمندي (552 ه)	ShamelaY19	133362	0.58744
		تفسير القرآن العظيم [ج ١]	أبي الفداء اسماعيل بن عمر ابن كثير الدمشقي	Rafed	3407	0.58744
		منية الراغب في شرح بلغة الطالب	الشيخ موسى كاشف الغطاء	Masaha	1497	0.58744
		أدب الطفولة بين القرآن الكريم والسنة الشريفة	علي علي صبح	ShamAY	23139	0.58743
		الحجاب شريعة الله في الإسلام واليهودية والنصرانية	سامى عامرى	ShamAY	9202	0.58742
		فصل الخطاب في محاورة أهل الكتاب		ShamAY	35369	0.58741
		التمهيد في علم التجويد	شمس الدين أبو الخير ابن الجزري، محمد بن محمد بن يوسف (المتوفى: 833هـ)	ShamAY	8194	0.5874
		الأثر الخالد في الولد والوالد	السيد علي العلوي	Masaha	503	0.58739
		نوازل الحج	عبد الله السكاكر	ShamAY	36246	0.58737
		 إثارة الترغيب والتشويق ( ويليه زيارة بيت المقدس لابن تيمية ) 	 محمد بن اسحاق الخوارزمي 	ABLibrary	8946	0.58736
		التمهيد في علم التجويد	شمس الدين أبو الخير ابن الجزري، محمد بن محمد بن يوسف (المتوفى: 833ه)	Sham19Y	8194	0.58734
		 تلخيص المحصل المعروف بنقد المحصل 	 خواجه نصير الدين الطوسي 	ABLibrary	8394	0.58734
		نظره في كتاب الفصل في الملل و الاهواء و النحل	عبدالحسين اميني ( علامه اميني )	Ghbook	10562	0.58734
		النظرية اللسانية عند ابن حزم الأندلسي	د. نعمان بوقرة ـ الجزائر	ShamAY	37196	0.58732
		جواهر الحكمه للشباب	محمد محمدي ري شهري	Ghbook	16000	0.58731
		شرح الزركشي على مختصر الخرقي	شمس الدين محمد بن عبد الله الزركشي المصري الحنبلي (المتوفى: 772هـ)	ShamAY	21743	0.58729
		 معتصم الشيعة في أحكام الشريعة 	 الفيض الكاشاني 	ABLibrary	9338	0.58729
		أصول الفقه [ج ٥]	آية الله الشيخ حسين الحلّي	Rafed	973	0.58729
		بدائع الصنائع في ترتيب الشرائع	علاء الدين، أبو بكر بن مسعود بن أحمد الكاساني الحنفي (المتوفى: 587هـ)	ShamAY	8183	0.58728
		 الانتصارات الإسلامية في كشف شبه النصرانية 	 سليمان بن عبد القوي الطوفي الصرصي الحنبلي 	ABLibrary	8312	0.58727
		صلاة التراويح	الدكتور الشيخ جعفر الباقري [ سامي صبيح علي ]	Rafed	1230	0.58727
		قاعده الضرر و الاجتهاد و التقليد (كفايه الاصول)	محمد كاظم بن حسين آخوند خراساني	Ghbook	11285	0.58726
		جهود الإمام الزرقاني في إبراز دلائل إعجاز القرآن الكريم والدفاع عنه		ShamAY	36992	0.58725
		تحفة الإخوان بما جاء في الموالاة والمعاداة والحب والبغض والهجران	حمود بن عبد الله بن حمود بن عبد الرحمن التويجري (المتوفى: 1413ه)	Sham19Y	38161	0.58724
		 من العقيدة إلى الثورة 	 حسن حنفي 	ABLibrary	8643	0.58724
		الإمام الحسن عليه السلام في مواجهة الانشقاق الأموي	السيّد سامي البدري	Rafed	1847	0.58723
		المعاجم العربية مع اعتناء خاص بمعجم "العين" للخليل بن أحمد	عبد الله درويش	ShamelaY19	22867	0.58722
		علي مع القرآن وليس المذهب	عبد الرحمن دمشقية	ShamAY	35686	0.58719
		خلاصة الشفا في تعريف حقوق المصطفى" للقاضي عياض	---	ShamAY	37397	0.58717
		مساحة للحوارمن أجل الوفاق ومعرفة الحقيقة	المحامي أحمد حسين يعقوب	Masaha	390	0.58717
		كتاب المكاسب - الجزء1	الشيخ مرتضى الأنصاري	Masaha	1625	0.58715
		أحكام الجنائز	أبو عبد الرحمن محمد ناصر الدين، بن الحاج نوح بن نجاتي بن آدم، الأشقودري الألباني (المتوفى: 1420هـ)	ShamAY	854	0.58712
		الشيخ عز الدين بن عبد السلام - سلطان العلماء وبائع الأمراء	عَلي محمد محمد الصَّلاَّبي	ShamAY	256	0.58712
		تلخيص أحكام الجنائز	أبو عبد الرحمن محمد ناصر الدين، بن الحاج نوح بن نجاتي بن آدم، الأشقودري الألباني (المتوفى: 1420هـ)	ShamAY	11108	0.5871
		الجامع في السنن والآداب والمغازي والتاريخ	أبو محمد عبد الله بن أبي زيد القيرواني (المتوفى 386 ه)	Sham19Y	18260	0.58706
		مختصر المعاني	مسعودبن عمر تفتازاني	Ghbook	12249	0.58706
		الروائع المختاره من خطب الامام الحسن عليه السلام 	مصطفي موسوي	Ghbook	6066	0.58706
		شرح زاد المستقنع للحمد	حمد بن عبد الله بن عبد العزيز الحمد	ShamAY	852	0.58703
		فتح الرحمن في تفسير القرآن	مجير الدين بن محمد العليمي المقدسي الحنبلي (المتوفى: 927 هـ)	ShamAY	32701	0.58703
		باب الحوائج الامام موسي الكاظم (عليه السلام)	حسين الحاج حسن	Ghbook	6418	0.58703
		النصرانية وإلغاء العقل	يزيد حمزاوي	ShamAY	35345	0.58702
		حاشية فرائد الأصول [ج ١]	آية الله الشيخ محمّد إبراهيم اليزدي النجفي	Rafed	3709	0.58702
		مصابيح الظلام [ج ١]	محمّد باقر الوحيد البهبهاني	Rafed	1653	0.58702
		مفهوم اللعن و السب في القرآن الكريم	المجمع العالمي لاهل البيت عليهم السلام	Ghbook	7713	0.58702
		الأغاني - الجزء1	ابو الفرج الأصفهاني	Masaha	2566	0.58702
		ميراثان في كتاب الله (العُجب)	الشيخ محمد مهدي الآصفي	Masaha	578	0.58701
		نُورُ النِّبْرَاس في تفسير سورة الإخلاص والفلق والناس	فوزي الحميدي	ShamAY	33123	0.58696
		إحياء سنن الإسلام وقواعده	محب الدين الخطيب	ShamAY	34775	0.58696
		فتح الباقي بشرح ألفية العراقي	زين الدين أبي يحيى زكريا بن محمد بن زكريا الأنصاري السنيكي (ت 926 هـ)	ShamAY	508	0.58696
		الطلاق تحسبونه هينا وهو عند الله عظيم	محمود محمد غريب: من علماء الأزهر الشريف والموجه الديني لشباب جامعة القاهرة	ShamAY	1437	0.58693
		معالم الإصلاح عند أهل البيت عليهم السلام	علي موسى الكعبي	Rafed	799	0.58689
		رسالة عاجلة للدعاة	خالد بن ثامر السبيعي	ShamAY	1964	0.58688
		تاريخ الفقه الإسلامي وأدواره	الشيخ جعفر السبحاني	Masaha	13	0.58688
		البداية و النهاية - الجزء1	ابن كثير الدمشقي‏	Masaha	1924	0.58687
		لطائف المعارف	أبو هاشم صالح بن عواد بن صالح المغامسي	ShamelaY19	37748	0.58684
		إعلام النبلاء بتاريخ حلب الشهباء [ج ١]	محمد راغب بن محمود بن هاشم الطبّاخ الحلبي	Rafed	2341	0.58684
		 بهجة المحافل وبغية الأماثل 	 عماد الدين يحيى بن أبي بكر العامري 	ABLibrary	7443	0.58683
		الهمة طريق إلى القمة	مُحَمَّد بن حَسَن بْن عَقيل مُوسَى الشَّريْف	ShamAY	330	0.58682
		الجوهرة النيرة على مختصر القدوري	أبو بكر بن علي بن محمد الحدادي العبادي الزَّبِيدِيّ اليمني الحنفي (المتوفى: 800هـ)	ShamAY	21596	0.58679
		خلاصة الأفكار شرح مختصر المنار	أبو الفداء زين الدين قاسم بن قطلوبغا السودوني الجمالي الحنفي (المتوفى: 879ه)	ShamelaY19	124365	0.58675
		 رحلة إلى شبه الجزيرة العربية 	 كارستن نيبور 	ABLibrary	9084	0.58675
		 موسوعة الإمام العسكري ( ع ) 	 الشيخ أبو القاسم الخزعلي 	ABLibrary	7849	0.58675
		نماذج الأصول في شرح مقالات الأصول‏  - الجزء1	عباس‏ المدرسي اليزدي	Masaha	4701	0.58675
		طرف من الأنباء و المناقب‏	السيد علي بن موسى بن طاووس	Masaha	2301	0.58673
		الفوائد العجيبة في إعراب الكلمات الغريبة لابن عابدين - ت: عويضة	ابن عابدين	ShamAY	34701	0.58672
		أثر علل الحديث في اختلاف الفقهاء	ماهر ياسين فحل الهيتي	ShamAY	7586	0.58672
		 مباني منهاج الصالحين 	 السيد تقي الطباطبائي القمي 	ABLibrary	9724	0.58672
		الفصل في الملل والأهواء والنّحل [ج ٢]	أبي محمد علي بن أحمد [ ابن حزم الأندلسي الظاهري ]	Rafed	3657	0.58672
		الشامل في فقه الخطيب والخطبة	د. سعود بن إبراهيم بن محمد الشريم	ShamAY	35126	0.58671
		أحكام وضوابط العورات في الطب الإسلامي	الأستاذ الدكتور حسان حتحوت	ShamAY	36123	0.58671
		الحكم على الشيء فرع عن تصوره (السنة الرابعة عشرة، العدد الخامس والخمسون والسادس والخمسون)	أبو أحمد محمد أمان بن علي جامي علي (المتوفى: 1415هـ)	ShamAY	10348	0.5867
		مقدمه جواد القيومي الاصفهاني علي موسوعه الادعيه	جواد قيومي اصفهاني	Ghbook	6393	0.5867
		محاسن الإسلام جعلتنى أحب أن أكون مسلما		ShamAY	35583	0.58668
		النظريات العلمية الحديثة، مسيرتها الفكرية وأسلوب الفكر التغريبي العربي في التعامل معها - دراسة نقدية	حسن بن محمد حسن الأسمري	ShamelaY19	124358	0.58668
		تربية القرآن يا ولدي	محمود محمد غريب: من علماء الأزهر الشريف والموجه الديني لشباب جامعة القاهرة	ShamAY	21501	0.58667
		منهج الإمام الطاهر بن عاشور في التفسير	نبيل أحمد صقر	ShamAY	1237	0.58666
		فوائد الأصول [ج ٣]	الشيخ محمّد علي الكاظمي الخراساني	Rafed	583	0.58665
		مذكرة القول الراجح مع الدليل شرح منار السبيل - الصلاة	خالد بن إبراهيم الصقعبي	ShamAY	31778	0.58664
		 التذكرة في أحوال الموتى وأمور الآخرة 	 القرطبي 	ABLibrary	8377	0.58664
		مفتاح العلوم	يوسف بن أبي بكر بن محمد بن علي السكاكي الخوارزمي الحنفي أبو يعقوب (المتوفى: 626هـ)	ShamAY	26581	0.58663
		 الجواهر الفخرية في شرح الروضة البهية 	 قدرت الله وجداني فخر 	ABLibrary	9454	0.58663
		حكم القراءة على الأموات	محمد بن أحمد عبد السلام خضر الشقيري الحوامدي (المتوفى: بعد 1352هـ)	ShamAY	10169	0.58662
		منهج الرّشاد في معرفة المعاد [ج ٣]	محمّد نعيم بن محمّد تقي [ الملا نعيما العرفي الطالقاني ]	Rafed	3671	0.58662
		عيون الحقائق الناظرة في تتميم الحدائق - الجزء1	الشيخ حسين آل عصفور	Masaha	1462	0.5866
		 المواقف ( شرح الجرجاني ) ( مع حاشيتي السيالكوتي والحلبي ) 	 الإيجي 	ABLibrary	8475	0.58659
		اقناع اللائم علي اقامه الماتم	محسن امين عاملي	Ghbook	5900	0.58659
		شرح كشف الشبهات لخالد المصلح	خالد المصلح	Sham19Y	7732	0.58658
		شرح الرضيّ على الكافية [ج ٤]	محمّد بن الحسن الرضي الاسترآبادي	Rafed	1824	0.58657
		اجوبه المسائل العلويه ( يحتوي علي 162 اسئله و اجوبه آيه الله العظمي السيد محمد ا...	آيت الله العظمي سيد محمد حسيني شيرازي	Ghbook	2292	0.58657
		وجوب تطبيق الحدود الشرعية	عبد الرحمن بن عبد الخالق اليوسف	ShamAY	11462	0.58655
		الموظف الدولي	علي كوراني	Ghbook	15254	0.58652
		شهر رمضان	آيت الله العظمي سيد محمد حسيني شيرازي	Ghbook	7895	0.58652
		 رحلة ريج 	 كلوديوس جيمس ريج 	ABLibrary	9093	0.58651
		القواعد لابن رجب	زين الدين عبد الرحمن بن أحمد بن رجب بن الحسن، السَلامي، البغدادي، ثم الدمشقي، الحنبلي (المتوفى: 795هـ)	ShamAY	21730	0.5865
		نشأة المدينة العربية الإسلامية الكوفة	هشام جعيط	Masaha	4439	0.5865
		التوحيد والتثليث	الشيخ محمد جواد البلاغي	Masaha	224	0.58649
		الامام الصادق ( عليه السلام ) من المهد الي اللحد	آيت الله سيد محمد كاظم قزويني	Ghbook	4972	0.58648
		الشرح الكبير (المطبوع مع المقنع والإنصاف)	شمس الدين أبو الفرج عبد الرحمن بن محمد بن أحمد بن قدامة المقدسي (المتوفى: 682 ه)	ShamelaY19	19188	0.58647
		التمهيد في أصول الفقه	محفوظ بن أحمد بن الحسن أَبُو الخطاب الكَلْوَذَاني الحنبلي (المتوفى: 510 هـ)	ShamAY	32661	0.58646
		 كنت أميريا 	 محمد عبد المحسن آل شيخ 	ABLibrary	8579	0.58645
		موسوعة عشائر العراق [ج ١]	عباس العزاوي المحامي	Rafed	3082	0.58645
		إناس النبلاء في سيرة شيخنا العقلاء	عبد الرحمن الجفن	ShamAY	35888	0.58644
		الراي الاخرفي الوحده و التقريب	محمد السند	Ghbook	8400	0.58644
		الصحيفه الثالثه السجاديه	عبدالله بن عيسي بيگ افندي	Ghbook	6366	0.58643
		سُبُلُ السَّعادةِ الزوجيةِ	علي بن نايف الشحود	ShamAY	34843	0.58642
		كشف المخدرات والرياض الزاهرات لشرح أخصر المختصرات	البعلي، عبد الرحمن بن عبد الله	ShamAY	34269	0.58638
		 الحاشية على الروضة البهية 	 المحقق النراقي 	ABLibrary	9360	0.58638
		طبقات المعتزلة	أحمد بن يحيى بن المرتضى المهدي لدين اللّه (المتوفى: 840 هـ)	ShamAY	34646	0.58637
		تحبير المختصر وهو الشرح الوسط على مختصر خليل في الفقه المالكي	تاج الدين بهرام بن عبد الله بن عبد العزيز الدميري (المتوفى: 803 ه)	ShamelaY19	147313	0.58637
		محاضرات في أصول الفقه [ج ٤٤]	آية الله الشيخ محمّد إسحاق الفيّاض	Rafed	926	0.58637
		الفقه الإسلامي وأدلته (الشامل للأدلة الشرعية والآراء المذهبية وأهم النظريات الفقهية وتحقيق الأحاديث النبوية وتخريجها)	أ. د. وهبة بن مصطفى الزحيلي، أستاذ ورئيس قسم الفقه الإسلامي وأصوله بجامعة دمشق - كلية الشريعة	Sham19Y	384	0.58636
		رسائل وفتاوى عبد العزيز آل الشيخ	عبد العزيز بن عبد الله بن محمد بن عبد اللطيف بن عبد الرحمن بن حسن بن الشيخ محمد بن عبد الوهاب	ShamelaY19	21771	0.58631
		 ديوان الحلاج 	 حسين بن منصور الحلاج 	ABLibrary	8691	0.5863
		التحفة المقدسية في مختصر تاريخ النصرانية	أبو محمد عاصم المقدسي	ShamAY	35336	0.58621
		الاعتداء في الدعاء (صور وضوابط ونماذج من الدعاء الصحيح)	سعود بن محمد بن حمود العقيلي	ShamelaY19	35622	0.58621
		دروس أكاديمية المجد الإسلامية المفتوحة - التفسير وأصوله	أكاديمية المجد الإسلامية المفتوحة	ShamAY	34751	0.5862
		عناية المسلمين بإبراز وجوه الإعجاز في القرآن الكريم - محمد السيد جبريل	محمد السيد راضي جبريل	ShamAY	11309	0.58618
		الوصائل إلى الرسائل [ج ٦]	آية الله السيد محمد الشيرازي	Rafed	3746	0.58618
		 مجموعة تلخيصات ابن رشد از تأليفات جالينوس 	 ابن رشد 	ABLibrary	9879	0.58617
		 كتاب المكاسب ( المحشَّى ) 	 الشيخ الأنصاري 	ABLibrary	9383	0.58617
		أقوال أهل العلم في مسألة قنوت الوتر	عبد العزيز الجربوع	ShamAY	36476	0.58616
		رسائل الأفراح	الواحدي :: عبد الله آل جار الله	ShamAY	34967	0.58613
		مختصر إظهار الحق	رحمت الله الهندي	ShamelaY19	30945	0.58613
		من أجل التغيير	مالك بن الحاج عمر بن الخضر بن نبي (المتوفى: 1393ه)	ShamelaY19	96857	0.58609
		بحث حول المهدي (عج)	آية الله السيّد محمّد باقر الصدر	Rafed	83	0.58608
		مختلف الشيعة في أحكام الشريعة - الجزء1	العلامة الحلي	Masaha	841	0.58608
		تفسير السلمي	أبو عبد الرحمن السلمي	ShamAY	34058	0.58607
		بين العقيدة والقيادة	اللواء الركن محمود شيت خطاب	Sham19Y	8645	0.58606
		معارج  الاصول	جعفر بن حسن محقق حلي	Ghbook	14626	0.58606
		نهج البيان عن كشف معاني القرآن [ج ٣]	محمّد بن الحسن الشيباني	Rafed	1632	0.58605
		رحلة إلى رحاب الشريف الأكبر شريف مكة المكرّمة	شارل ديدييه	Rafed	2475	0.58604
		مناهج التربية أسسها وتطبيقاتها	على أحمد مدكور	ShamAY	8175	0.586
		 الكامل في الاستقصاء فيما بلغنا من كلام القدماء 	 مختار بن محمود العجالي ( تقي الدين النجراني ) 	ABLibrary	8576	0.586
		التوحيد بين الواقع والمأمول	محمد بن أحمد الفيفي	ShamAY	35477	0.58596
		موقف المُسلم مِن الخلاف	فضيلة الشيخ عبد الرحمن بن ناصر البراك	ShamAY	35087	0.58596
		منحة السلوك في شرح تحفة الملوك	أبو محمد محمود بن أحمد بن موسى بن أحمد بن حسين الغيتابى الحنفى بدر الدين العينى (المتوفى: 855هـ)	ShamAY	31790	0.58596
		 المغني في أبواب التوحيد والعدل 	 القاضي عبد الجبار الهمذاني 	ABLibrary	8623	0.58593
		المهادنة	آيت الله العظمي سيد علي خامنه اي	Ghbook	9604	0.58593
		موضوعات خطبة الجمعة	عبد الرحمن بن معلا اللويحق	ShamelaY19	31072	0.58592
		حاشية رد المختار على الدر المختار شرح تنوير الأبصار فقه أبو حنيفة	ابن عابد محمد علاء الدين أفندى	ShamAY	34207	0.58591
		الهداية في شرح بداية المبتدي	علي بن أبي بكر بن عبد الجليل الفرغاني المرغيناني، أبو الحسن برهان الدين (المتوفى: 593ه)	Sham19Y	11820	0.58588
		 شرح ابن رشد لأرجوزة ابن سينا في الطب 	 ابن رشد 	ABLibrary	9880	0.58588
		دعايات مكثفة ضد الشيخ محمد بن عبد الوهاب	محمد منظور النعماني	ShamAY	11188	0.58585
		شرح كشف الشبهات لخالد المصلح	خالد بن عبد الله بن محمد المصلح	ShamAY	7732	0.58584
		دعايات مكثفة ضد الشيخ محمد بن عبد الوهاب	محمد منظور النعماني	Sham19Y	11188	0.58584
		نفس المهموم في مصيبة سيدنا الحسين المظلوم و يليه نفثة المصدور فيما يتجدد به حزن العاشور	الشيخ عباس القمي	Masaha	3103	0.58582
		بحث حول الصابئة	آيت الله العظمي سيد علي خامنه اي	Ghbook	9605	0.5858
		خاتمة مستدرك الوسائل [ج ٢]	الشيخ حسين النوري الطبرسي [ المحدّث النوري ]	Rafed	1462	0.58579
		 مجلة فقه أهل البيت ( ع ) 	 مجموعة مؤلفين 	ABLibrary	9747	0.58578
		بحار الأنوار [ج ٨٢]	الشيخ محمّد باقر بن محمّد تقي المجلسي	Rafed	1114	0.58577
		رحلات بوركهارت في بلاد النوبة والسودان‏	جان لوئيس بوركهارت	Masaha	4715	0.58576
		التفسير و المفسرون في ثوبه القشيب	محمد هادي معرفت	Ghbook	4820	0.58575
		أثر علامة القصيم عبد الرحمن السعدي على الحركة العلمية المعاصرة	أبو محمد عبد الله بن محمد بن أحمد الطيار	ShamAY	35841	0.58574
		الكشف المبين عن حقيقة القبوريين ، زيارة هود عليه السلام وما فيها من ضلالات ومنكرات	أحمد بن حسن المعلم	ShamAY	37770	0.58574
		الصارم المنكي في الرد على السبكي	شمس الدين محمد بن أحمد بن عبد الهادي الحنبلي (المتوفى: 744ه)	Sham19Y	8622	0.58571
		رؤية شرعية في الجدال والحوار مع أهل الكتاب	الشريف محمد بن حسين الصمداني	ShamAY	1963	0.5857
		الروضة الغناء في عدم جواز استماع الغناء	السيد محمد باقر الكشميري	Masaha	5067	0.58568
		عبر من السيرة	عبد الله عزام	ShamAY	37442	0.58566
		قادة فتح الأندلس	محمود شيت خطاب (المتوفى: 1419ه)	ShamelaY19	29881	0.58566
		الأنس بذكر الله	أبو العلاء محمد بن حسين بن يعقوب السلفي المصري	ShamelaY19	97958	0.58566
		 معيار الإختيار في ذكر المعاهد والديار 	 لسان الدين ابن الخطيب 	ABLibrary	9217	0.58562
		طريق النزاهه	آيت الله العظمي سيد محمد حسيني شيرازي	Ghbook	7756	0.58562
		الفرقان في بيان حقيقة التقارب والتسامح بين الفرق والأديان		ShamAY	35489	0.58561
		الفكر السياسي عند الشيعه و السنه (الخلفيات و النتائج)	محمد مسجد جامعي	Ghbook	15293	0.58561
		آراء حول مبحث الألفاظ في علم الأصول‏ - الجزء1	علي الفاني الأصفهاني	Masaha	2378	0.58561
		الشرح على شرح جلال الدين المحلي للورقات	أحمد بن عبد الله بن حميد	ShamAY	37519	0.5856
		 رؤيت هلال ( فارسي ) 	 رضا مختاري / محسن صادقي 	ABLibrary	9759	0.5856
		 شرح مواقف النفري 	 عفيف الدين التلمساني 	ABLibrary	8781	0.5856
		الصَّارِمُ المُنْكِي في الرَّدِّ عَلَى السُّبْكِي	شمس الدين محمد بن أحمد بن عبد الهادي الحنبلي (المتوفى: 744هـ)	ShamAY	8622	0.58559
		بذل النظر في الأصول	العلاء محمد بن عبد الحميد الأسمندي (552 ه)	Sham19Y	133362	0.58559
		 المغني في أبواب التوحيد والعدل 	 القاضي عبد الجبار الهمذاني 	ABLibrary	8629	0.58558
		قواعد أصول الفقه على مذهب الإمامية	لجنة تأليف القواعد الفقهية والأصولية التابعة لمجمع فقه أهل البيت(ع)	Masaha	4153	0.58558
		براءة الصحابة الأخيار من التبرك بالأماكن والآثار	ربيع بن هادي المدخلي	ShamAY	33027	0.58557
		إمداد السقاة بدلو الرواة = إخبار المنتوى بحقيقة من روى	عمر الحدوشي	ShamAY	35213	0.58555
		تحقيق جزء من كتاب الشامل لأمير كاتب الفارابي من أول باب الأمر والنهي	خيرت يوسف نور الدين	ShamAY	37599	0.58554
		كشف الأسرار في حكم الطيور والأزهار	عز الدين عبد السلام بن أحمد بن غانم المقدسي (المتوفى: 678ه)	ShamelaY19	31379	0.58554
		 أخبار سلاجقة الروم ( ترجمة مختصر سلجوقنامه ) 	 مؤلف مجهول ( تعريب : محمد سعيد جمال الدين ) 	ABLibrary	7956	0.58554
		البراهين القاطعة [ج ١]	محمّد جعفر الأسترآبادي	Rafed	705	0.58552
		 رحلة ابن بطوطة ( تحفة النظار في غرائب الأمصار وعجائب الأسفار ) 	 ابن بطوطة 	ABLibrary	9076	0.58549
		همع الهوامع في شرح جمع الجوامع	عبد الرحمن بن أبي بكر، جلال الدين السيوطي (المتوفى: 911هـ)	ShamAY	6975	0.58548
		شرح الفية ابن مالك لابن الناظم (شرح الفيه ابن ناظم)	محمد بن علي ابن  طولون	Ghbook	15659	0.58548
		براءة أهل السنة من الوقيعة في علماء الأمة	بكر بن عبد الله أبو زيد	ShamAY	34770	0.58546
		كنت أميريّاً	محمّد عبد المحسن آل شيخ	Rafed	3530	0.58546
		الثمر المجتنى مختصر شرح أسماء الله الحسنى في ضوء الكتاب والسنة	د. سعيد بن علي بن وهف القحطاني	ShamelaY19	96460	0.58545
		 منتهى الآمال في تواريخ النبي والآل ( ع ) 	 الشيخ عباس القمي 	ABLibrary	7797	0.58545
		السيرة النبوية منهجية دراستها واستعراض أحداثها	عبد الرحمن على الحجى	Sham19Y	9897	0.58544
		الطّراز الأوّل [ج ٨]	السيّد علي بن أحمد بن محمّد معصوم الحسيني	Rafed	512	0.58544
		تصحيح الفصيح وشرحه	أبو محمد، عبد الله بن جعفر بن محمد بن درستويه ابن المرزبان (المتوفى: 347ه)	Sham19Y	14443	0.58543
		الإسلام وأوضاعنا القانونية	عبد القادر عودة (المتوفى: 1373ه)	ShamelaY19	96174	0.58542
		 فقه الحدود والتعزيرات 	 السيد عبد الكريم الموسوي الاردبيلي 	ABLibrary	9532	0.58542
		أحكام الهجر والهجرة في الإسلام	أبو فيصل البدراني	ShamelaY19	96243	0.58541
		هل هناك فرق بين الخمينية والشيعة الإمامية ؟		ShamAY	35319	0.5854
		مجموعة رسائل علمية	أَبِو عَبد الرَّحمَن مُقْبلُ بنُ هَادِي بنِ مُقْبِلِ بنِ قَائِدَةَ (اسم رجل) الهَمْدَاني الوادعِيُّ (المتوفى: 1422هـ)	ShamAY	2002	0.5854
		دروس في علم الأصول [ج ١]	آية الله السيّد محمّد باقر الصدر	Rafed	625	0.5854
		معيار الاختيار في ذكر المعاهد والديار	محمد بن عبد الله بن الخطيب	Masaha	4734	0.5854
		أخبار الراضي بالله والمتقي لله = تاريخ الدولة العباسية، من كتاب الأوراق	أبو بكر محمد بن يحيى بن عبد الله الصولي (المتوفى: 335ه)	Sham19Y	8184	0.58538
		امّ البنين عليها السلام النّجم الساطع في مدينة النبيّ الأمين	الشيخ علي ربّاني الخلخالي	Rafed	1810	0.58538
		مراسم عاشوراء شبهات وردود	السيد جعفر مرتضى العاملي	Masaha	408	0.58538
		الخمس فريضه شرعيه	آيت الله العظمي جعفر سبحاني	Ghbook	10552	0.58537
		بحار الأنوار [ج ٨٥]	الشيخ محمّد باقر بن محمّد تقي المجلسي	Rafed	1149	0.58536
		الإكتفا [ج ٢]	أبي الربيع سليمان بن موسى بن سالم الحميري الكلاعي الأندلسي	Rafed	2526	0.58535
		المبدع في شرح المقنع	إبراهيم بن محمد بن عبد الله بن محمد ابن مفلح، أبو إسحاق، برهان الدين (المتوفى: 884هـ)	ShamAY	21619	0.58534
		الأساس في السنة وفقهها - العقائد الإسلامية	سعيد حوى (المتوفى 1409 ه)	ShamelaY19	18338	0.58534
		الإنصاف في مسائل دام فيها الخلاف [ج ١]	الشيخ جعفر السبحاني	Rafed	688	0.58534
		الأزهر في ألف عام‏  - الجزء1	د. محمد عبد المنعم الخفاجي	Masaha	3710	0.58534
		موسوعة العلامة الإمام مجدد العصر محمد ناصر الدين الألباني «موسوعة تحتوي على أكثر من (50) عملاً ودراسة حول العلامة الألباني وتراثه الخالد»	أبو عبد الرحمن محمد ناصر الدين، بن الحاج نوح بن نجاتي بن آدم، الأشقودري الألباني (المتوفى: 1420هـ)	ShamAY	917	0.58533
		الشعائر الدينيه، نقد و تقييم	محمد السند	Ghbook	15160	0.5853
		أحكام القرآن للشافعي - جمع البيهقي	أحمد بن الحسين بن علي بن موسى الخُسْرَوْجِردي الخراساني، أبو بكر البيهقي (المتوفى : 458هـ)	ShamAY	3328	0.58529
		الإسراء والمعراج مقدمات .. أحداث .. نتائج	صلاح سلطان	ShamAY	37459	0.58529
		اثنان وسبعون مقالا وبحثا للعلامة أنور الجندي	أنور الجندي	ShamAY	34719	0.58528
		معجم أصحاب شيخ الإسلام ابن تيمية	وليد بن حسني بن بدوي بن محمد الأموي	ShamelaY19	21524	0.58525
		إيضاح المسالك إلى قواعد الإمام مالك (مع دراسة لحياة المؤلف وآثاره وعصره)	أبو العباس أحمد بن يحيى الونشريسى	Sham19Y	132374	0.58524
		 عمدة المطالب في التعليق على المكاسب 	 السيد تقي الطباطبائي القمي 	ABLibrary	9710	0.58524
		الشفاعة في الحديث النبوي	أبو ذر عبد القادر بن مصطفى بن عبد الرزاق المحمدي	ShamAY	1628	0.58523
		اعلام الهدايه (الامام الحسين بن علي عليه السلام)	مجمع جهاني اهل بيت عليهم السلام	Ghbook	5899	0.58523
		شرح شافية ابن حاجب المشهور بكمال	ابن حاجب	Rafed	2173	0.58522
		الفردوس بمأثور الخطاب	شيرويه بن شهردار بن شيرو يه بن فناخسرو، أبو شجاع الديلميّ الهمذاني (المتوفى: 509هـ)	ShamAY	6072	0.58521
		 الطراز الأول والكناز لما عليه من لغة العرب المعول - المقدمة 	 ابن معصوم المدني 	ABLibrary	7945	0.58519
		رسالة في كيفية المناظرة مع الشيعة والرد عليهم (مطبوع مع الحجج القطعية للسويدي)	أحمد بن زيني دحلان (المتوفى: 1304ه)	Sham19Y	36527	0.58514
		حلية العلماء في معرفة مذاهب الفقهاء ط الرسالة الحديثة	سيف الدين أبو بكر محمد بن أحمد الشاشي القفال	ShamelaY19	146126	0.5851
		حاشية الخلوتي على منتهى الإرادات	محمد بن أحمد بن علي البهوتي الخلوتي (المتوفى: 1088 ه)	Sham19Y	16772	0.58507
		أصول الفقه [ج ٤]	آية الله الشيخ حسين الحلّي	Rafed	970	0.58506
		بحار الأنوار [ج ٣٧]	الشيخ محمّد باقر بن محمّد تقي المجلسي	Rafed	958	0.58504
		حكم الاسلام بعد نجاه العراق و افغانستان 	آيت الله العظمي سيد محمد حسيني شيرازي	Ghbook	8146	0.58504
		تفسير القرآن العظيم (ابن كثير)	أبو الفداء إسماعيل بن عمر بن كثير القرشي البصري ثم الدمشقي (المتوفى: 774هـ)	ShamAY	23604	0.58502
		عقيدة السلف - مقدمة أبي زيد القيرواني لكتابه الرسالة	أبو محمد عبد الله بن (أبي زيد) عبد الرحمن النفزي، القيرواني، المالكي (المتوفى: 386هـ)	ShamAY	2068	0.58499
		ولايه الامام علي ( عليه السلام ) في الكتاب و السنه	مرتضي عسكري	Ghbook	7737	0.58496
		الدروع الواقية	سيد رضي الدين علي بن موسي بن طاووس ابن طاووس	Ghbook	10359	0.58495
		كيف و لماذا اخرجنا من العراق ؟	آيت الله العظمي سيد محمد حسيني شيرازي	Ghbook	7792	0.58495
		الحاشية على الروضة البهيّة	الشيخ أحمد بن محمّد مهدي النراقي	Rafed	1313	0.58491
		منهج التشريع الإسلامي وحكمته (ضمن «المحاضرات» المطبوعة ب «بآثار الشنقيطي»)	محمد الأمين بن محمد المختار الجكني الشنقيطي (1325 - 1393)	ShamelaY19	20773	0.5849
		أربعة بحوث في المصطلح القرآني		ShamAY	36741	0.58489
		خير الدين الزركلي المؤرخ الأديب الشاعر صاحب كتاب الأعلام	أحمد العلاونة	ShamAY	38621	0.58488
		 إثنا عشر رسالة 	 السيد محمد باقر الداماد ( الميرداماد ) 	ABLibrary	839	0.58488
		التوسل مفهومه وأقسامه وحكمه في الشريعة الإسلامية الغرّاء	الشيخ جعفر السبحاني	Masaha	225	0.58487
		الإعلام بالكتب المصنفة في احاديث الأاحكام	أبو يعلى البيضاوي	ShamAY	37334	0.58486
		الدرر اللوامع في شرح جمع الجوامع	شهاب الدين أحمد بن إسماعيل الكوراني (812 - 893 ه)	Sham19Y	132415	0.58484
		مجموعة رسائل علمية	أبو عبد الرحمن مقبل بن هادي بن مقبل بن قائدة (اسم رجل) الهمداني الوادعي (المتوفى: 1422ه)	Sham19Y	96787	0.58483
		إتحاف النبهاء بضوابط الفقهاء - كتاب الحج	الواحدي :: وليد السعيدان	ShamAY	37481	0.58482
		أصول في التفسير	محمد بن صالح بن محمد العثيمين (المتوفى: 1421هـ)	ShamAY	21796	0.5848
		الرد على من قال بفناء الجنة والنار وبيان الأقوال في ذلك	تقي الدين أبو العباس أحمد بن عبد الحليم بن عبد السلام بن عبد الله بن أبي القاسم بن محمد ابن تيمية الحراني الحنبلي الدمشقي (المتوفى: 728هـ)	ShamAY	2908	0.58479
		دراسات في الأصول [ج ١]	السيد صمد علي الموسوي	Rafed	3691	0.58479
		تحفة الأمراء في تاريخ الوزراء	أبو الحسن الهلال بن المحسن الصابي (المتوفى: 448ه)	ShamelaY19	26106	0.58478
		 التيسير في المداواة والتدبير 	 عبد الملك بن زهر الأندلسي 	ABLibrary	9868	0.58478
		السنة النبوية في كتابات أعداء الإسلام مناقشتها والرد عليها	الباحث عماد السيد محمد إسماعيل الشربينى	ShamAY	37312	0.58477
		التوضيح في شرح المختصر الفرعي لابن الحاجب	خليل بن إسحاق بن موسى، ضياء الدين الجندي المالكي المصري (المتوفى: 776هـ)	ShamAY	31991	0.58477
		 رحلات بوركهارت في بلاد النوبة والسودان 	 جان لوئيس بوركهارت 	ABLibrary	9069	0.58477
		الألغاز النحوية وهو الكتاب المسمى (الطراز في الألغاز)	عبد الرحمن بن أبي بكر، جلال الدين السيوطي (المتوفى: 911ه)	ShamelaY19	29729	0.58475
		مفهوم الحكمة في الدعوة إلى اللَّه تعالى في ضوء الكتاب والسنة	د. سعيد بن علي بن وهف القحطاني	ShamAY	1885	0.58471
		 رسالة في إثبات كرامات الأولياء 	 أحمد بن أحمد السجاعي 	ABLibrary	900	0.58471
		التخريج ودراسة الأسانيد	حاتم بن عارف بن ناصر الشريف العوني	ShamAY	3933	0.5847
		 أعيان الشيعة 	 السيد محسن الأمين 	ABLibrary	78	0.58469
		السنن الإلهية وحركة النهضة الإنسانية	حسني محمد العطار	ShamAY	33519	0.58468
		شرح اختصار علوم الحديث - اللاحم	د. إبراهيم بن عبد الله بن عبد الرحمن اللاحم	ShamAY	2066	0.58468
		 معجم فقه الجواهر 	 مؤسسة دائرة المعارف الفقه الاسلامي 	ABLibrary	9646	0.58468
		موتوا بغيظكم يا عباد الصليب	عبد العزيز بن ناصر الجليل	ShamAY	35378	0.58467
		أسمى المطالب في سيرة أمير المؤمنين علي بن أبي طالب رضي الله عنه (شخصيته وعصره - دراسة شاملة)	عَلي محمد محمد الصَّلاَّبي	ShamAY	292	0.58467
		السرايا والبعوث النبوية حول المدينة ومكة	بريك بن محمد بريك أبو مايلة العمري	ShamAY	7641	0.58467
		الطريق إلى الجنة	عبد الله بن أحمد آل علاف الغامدي	ShamAY	35068	0.58465
		 درر السمط في خبر السبط 	 ابن الأبار 	ABLibrary	938	0.58462
		إدام القوت في ذكر بلدان حضر الموت	السيّد عبد الرحمن بن عبيد الله السقّاف	Rafed	2300	0.58459
		تحرير الأحكام الشرعيّة على مذهب الإماميّة [ج ٢]	الحسن بن يوسف بن علي المطّهر [ العلامة الحلّي ]	Rafed	1903	0.58459
		لمحات في تربية البنات	عبد الملك بن محمد القاسم	ShamelaY19	36554	0.58456
		 موسوعة العتبات المقدسة 	 جعفر الخليلي 	ABLibrary	9249	0.58454
		شرح زيارة العاشوراء	الملّا حبيب الله الشريف الكاشاني	Rafed	3130	0.58454
		و جاء الحق ...	سعيد ايوب	Ghbook	5307	0.58454
		المحكم في أصول الفقه [ج ٢]	السيّد محمّد سعيد الطباطبائي الحكيم	Rafed	2947	0.58452
		الكتاب من لوازم الحياه	آيت الله العظمي سيد محمد حسيني شيرازي	Ghbook	7783	0.58451
		الإسلام والغرب	نصر الصنقري	ShamAY	33418	0.5845
		القضاء و الشهادات	آيت الله علي حسيني ميلاني	Ghbook	4786	0.58449
		 فقه الشيعة ( كتاب الخمس والأنفال ) 	 السيد محمد مهدي الموسوي الخلخالي 	ABLibrary	9631	0.58447
		تنقيح مباني الحج	آيت الله العظمي ميرزا جواد تبريزي	Ghbook	12494	0.58446
		تفسير القرآن العظيم المنسوب للإمام الطبراني	الطبراني	ShamAY	33108	0.58445
		 دليل تحرير الوسيلة ( الأمر بالمعروف والنهي عن المنكر ) 	 علي أكبر السيفي المازندراني 	ABLibrary	891	0.58444
		 دلائل الصدق لنهج الحق 	 الشيخ محمد حسن المظفر 	ABLibrary	943	0.58442
		الامام المهدي عليه السلام	آيت الله علي حسيني ميلاني	Ghbook	13966	0.5844
		الحاشية على الروضة البهية	الشيخ أحمد بن محمد مهدي النراقي	Masaha	1508	0.5844
		تذكرة الخواص المعروف بتذكرة خواص الأمة في خصائص الأئمة	سبط ابن الجوزي (654 هـ)	ShamAY	33599	0.58439
		الجنة والنار	عمر بن سليمان بن عبد الله الأشقر العتيبي	ShamAY	12714	0.58438
		ايمان ابي طالب عليه السلام و سيرته	عبدالحسين اميني ( علامه اميني )	Ghbook	7610	0.58438
		الروض المربع - مكتبة الرياض	البهوتي	ShamAY	34271	0.58435
		أخبار الراضي بالله والمتقي لله = تاريخ الدولة العباسية، من كتاب الأوراق	أبو بكر محمد بن يحيى بن عبد الله الصولي (المتوفى: 335هـ)	ShamAY	8184	0.58435
		ليسوا من اهل المعيه	لجنة البحوث و الدراسات بالطريقة العزمية	Ghbook	7695	0.58435
		فص الخواتم فيما قيل في الولائم	شمس الدين محمد بن علي بن خمارويه بن طولون الدمشقي الصالحي الحنفي (المتوفى: 953هـ)	ShamAY	656	0.58433
		 موسوعة العتبات المقدسة 	 جعفر الخليلي 	ABLibrary	9252	0.58433
		تفسير الثعالبي = الجواهر الحسان في تفسير القرآن	أبو زيد عبد الرحمن بن محمد بن مخلوف الثعالبي (المتوفى: 875هـ)	ShamAY	23618	0.58431
		منهج دراسة الأديان بين الشيخ رحمت الله الهندي (ت: 1891 م) والقس فندر	شريف فياض	Sham19Y	132410	0.58431
		المختصر المفيد فى الأسماء والصفات		ShamAY	35501	0.5843
		الوجيز في عقيدة السلف الصالح (أهل السنة والجماعة)	عبد الله بن عبد الحميد الأثري	Sham19Y	30811	0.58429
		الوصائل إلى الرسائل [ج ١٥]	آية الله السيد محمد الشيرازي	Rafed	3755	0.58428
		 صراط النجاة ( تعليق الميرزا التبريزي ) 	 السيد الخوئي 	ABLibrary	9492	0.58427
		تراثنا ـ العددان [ 89 و 90 ]	مؤسسة آل البيت عليهم السلام لإحياء التراث ـ قم	Rafed	3681	0.58426
		دروس في علوم القرآن	سيدنذير حسني	Ghbook	15060	0.58426
		بلاغ عاشورا	جواد محدثي	Ghbook	9549	0.58424
		الامامه و الولايه في الكتاب و السنه	محمد خزائلي	Ghbook	11642	0.58422
		منهج التشريع الإسلامي وحكمته	محمد الأمين بن محمد المختار بن عبد القادر الجكني الشنقيطي (المتوفى: 1393ه)	Sham19Y	5165	0.5842
		شرح القواعد والأصول الجامعة والفروق والتقاسيم البديعة النافعة	أبو عبد الله، أحمد بن عمر بن مساعد الحازمي	ShamAY	532	0.58419
		عمدة الأخبار في مدينة المختار	مؤلف أخبار الدولة العباسية	ShamAY	38419	0.58418
		رسم المصحف وضبطه بين التوقيف والاصطلاحات الحديثة	شعبان محمد إسماعيل	Sham19Y	11528	0.58418
		النجم الثاقب شرح كافية ابن الحاجب	صلاح بن علي ابن محمد	Ghbook	16361	0.58418
		حاشية السلطان علي معالم الدين	الحسين بن محمد سلطان العلماء	Masaha	2337	0.58417
		 رياض الأبرار في مناقب الأئمة الأطهار ( ع ) 	 السيد نعمة الله الجزائري 	ABLibrary	7538	0.58416
		انتقاض الاعتراض في الرد على العيني في شرح البخاري	أبو الفضل أحمد بن علي بن محمد بن أحمد بن حجر العسقلاني (المتوفى: 852هـ)	ShamAY	31787	0.58415
		علم البيان	الدكتور عبدالعزيز عتيق	Rafed	2597	0.58414
		ديوان جرير	جرير بن عطية بن حذيفة الخطفي الكلبي اليربوعي (28 ـ 110 هـ)	ShamAY	37926	0.58412
		تحفة الأمراء في تاريخ الوزراء	أبو الحسن الهلال بن المحسن الصابي (المتوفى: 448هـ)	ShamAY	26106	0.58412
		الشرح الصغير في شرح المختصر النافع	حسن بن يوسف بن مطهر علامه حلي	Ghbook	15149	0.5841
		الغيبه	محمد رضا جعفري	Ghbook	6611	0.5841
		إيضاح القواعد الفقهية لطلاب المدرسة الصولتية للحجي	عبد الله عبادى اللحجى	ShamAY	37511	0.58407
		حرمة المسلم على المسلم	الدكتور ماهر ياسين الفحل	ShamAY	1769	0.58407
		لطائف المعارف	أبو هاشم صالح بن عوّاد بن صالح المغامسي	ShamAY	886	0.58407
		الحماسة البصرية	علي بن أبي الفرج بن الحسن، صدر الدين، أبو الحسن البصري (المتوفى: 659ه)	Sham19Y	6901	0.58406
		 موسوعة العتبات المقدسة 	 جعفر الخليلي 	ABLibrary	9251	0.58401
		إغاثة اللهفان في حكم طلاق الغضبان (ضمن مجموع الرسائل)	أبو عبد الله محمد بن أبي بكر بن أيوب ابن قيم الجوزية (659 - 751)	ShamelaY19	19225	0.584
		بحوث في المعراج	السيد علي الحسيني الصدر	Rafed	1845	0.584
		الحماسة البصرية	علي بن أبي الفرج بن الحسن، صدر الدين، أبو الحسن البصري (المتوفى: 659هـ)	ShamAY	6901	0.58398
		اشراقات نبويه	عادل علوي	Ghbook	4615	0.58398
		 في مذاهب اللا إسلاميين ( البابية ، البهائية ، القاديانية ) 	 عامر النجار 	ABLibrary	8570	0.58396
		وقفه مع الدكتور الشيخ البراك	محمد مهدي آصفي	Ghbook	11232	0.58396
		شرح منظومة القواعد الفقهية للسعدي - حمد الحمد	حمد بن عبد الله بن عبد العزيز الحمد	ShamelaY19	37791	0.58395
		 الدر المختار 	 الحصفكي 	ABLibrary	903	0.58395
		غنائم الأيّام في مسائل الحلال والحرام [ج ١]	الميرزا أبو القاسم القمّي	Rafed	1809	0.58395
		آيات الغدير	مركز المصطفي للدراسات الاسلاميه - برعايه آيه الله السيستاني	Ghbook	2706	0.58394
		 الإحاطة في أخبار غرناطة 	 لسان الدين ابن الخطيب 	ABLibrary	8951	0.5839
		تفسير القرآن العظيم [ج ٦]	أبي الفداء اسماعيل بن عمر ابن كثير الدمشقي	Rafed	3412	0.58389
		رأس السنة ... هل نحتفل؟	شحاتة محمد صقر	ShamAY	560	0.58388
		العقل والنقل عند ابن رشد (السنة الحادية عشرة - العدد الأول)	أبو أحمد محمد أمان بن علي جامي علي (المتوفى: 1415هـ)	ShamAY	8819	0.58388
		اللغة العربية معناها ومبناها	تمام حسان عمر	ShamAY	9970	0.58387
		اصبر واحتسب	عبد الملك بن محمد القاسم	ShamelaY19	95673	0.58387
		 إحياء الأراضي الموات 	 محمود المظفر 	ABLibrary	9763	0.58387
		إشكال وجوابه في حديث أم حرام بنت ملحان	أبو عمر علي بن عبد الله بن شديد الصياح المطيري	ShamAY	10814	0.58383
		الخلاصة المفيدة في إثبات معاني صفات الله الحميدة وإبطال طريقة التفويض		ShamAY	35623	0.58383
		موسوعة فرق الشيعة	ممدوح الحربي	ShamAY	35692	0.58381
		الاجتهاد و التقليد (هداية المسترشدين)	الشيخ محمد تقي الرازي	Masaha	1500	0.58381
		المقاصد الحسنة في بيان كثير من الأحاديث المشتهرة على الألسنة	شمس الدين أبو الخير محمد بن عبد الرحمن بن محمد السخاوي (المتوفى: 902هـ)	ShamAY	23177	0.5838
		شرح الرحبية للحازمي	أبو عبد الله، أحمد بن عمر بن مساعد الحازمي	ShamelaY19	36125	0.58379
		فتح المجيد شرح كتاب التوحيد - حطيبة	الشيخ الطبيب أحمد حطيبة	ShamelaY19	36988	0.58379
		دفعُ إيهامِ تعارضِ أحاديث الأحكامِ في كتابِ الطَّهارةِ	رقية بنت محمد المحارب	ShamAY	7802	0.58378
		تحرير الكلام في مسائل الإلتزام	شمس الدين أبو عبد الله محمد بن محمد بن عبد الرحمن الطرابلسي المغربي، المعروف بالحطاب الرعيني المالكي (المتوفى: 954ه)	Sham19Y	14552	0.58378
		مع الغدير	واحد تحقيقات مركز تحقيقات رايانه اي قائميه اصفهان	Ghbook	60	0.58378
		الوجيز في عقيدة السلف الصالح (أهل السنة والجماعة)	عبد الله بن عبد الحميد الأثري	ShamAY	30811	0.58377
		الممنتقي من موسوعة ( وضوء النبي ) صلي الله عليه و آله	علي شهرستاني	Ghbook	16152	0.58377
		حسن المحاضرة في أخبار مصر والقاهرة  - الجزء1	عبد الرحمن السيوطي	Masaha	4817	0.58376
		المستند في شرح العروه الوثقي ( موسوعة الامام الخوئي )	آيت الله العظمي سيد ابوالقاسم خوئي	Ghbook	10203	0.58375
		تنقيح مباني الاحكام	آيت الله العظمي ميرزا جواد تبريزي	Ghbook	12437	0.58375
		الحياة السياسية للامام الرضا عليه السلام	عصري الباني	Ghbook	14946	0.58374
		المهذب في علم أصول الفقه المقارن	عبد الكريم بن علي بن محمد النملة	ShamelaY19	21529	0.58373
		صوفيات خطاب مفتوح إلى حضرة السماحة شيخ مشايخ الطرق الصوفية	عبد الرحمن الوكيل	ShamAY	35398	0.5837
		فِقْهُ أَهْلِ العِرَاقِ وحَدِيثُهُم	محمد زاهد الكوثري	ShamAY	37573	0.58367
		رحلة إلى الحجاز	شارل ديدييه	Rafed	2355	0.58367
		حاشية السندي على سنن النسائي (مطبوع مع السنن)	محمد بن عبد الهادي التتوي، أبو الحسن، نور الدين السندي (المتوفى: 1138هـ)	ShamAY	522	0.58366
		الحجج البالغه في حقانيه التشيع	عطائي اصفهاني	Ghbook	13877	0.58366
		المهدي المنتظر عند الشيعة الإثنى عشرية	دودو ابو العيد	Masaha	2317	0.58365
		مصباح الفقيه [ج ٩]	الشيخ آقا رضا الهمداني	Rafed	1872	0.58364
		طريق الوصول إلى تحقيق الأصول‏  - الجزء1	الشيخ محمد الكرمي	Masaha	3997	0.58362
		مسائل في الفتن	أبو عبد الله فيصل بن حيان آل صبحان	ShamAY	32245	0.58359
		إعانة أبي الحسن على الرجوع بالتي هي أحسن	ربيع بن هادي المدخلي	ShamAY	33036	0.58359
		دروس تمهيديّة في القواعد الفقهيّة [ج ٢]	الشيخ محمّد باقر الإيرواني	Rafed	1972	0.58357
		نهايه  الاحكام  في  معرفه  الاحكام	حسن بن يوسف بن مطهر علامه حلي	Ghbook	15654	0.58357
		الغاية القصوى في التعليق على العروة الوثقى - كتاب الخمس	السيد تقي الطباطبائي القمي	Masaha	5025	0.58356
		دروس من الهجره	آيت الله العظمي سيد محمد حسيني شيرازي	Ghbook	8154	0.58355
		رسائل إلى الحجاج والمعتمرين	إسلام محمود دربالة :: إسلام دربالة	ShamAY	36494	0.58352
		تراثنا ـ العدد [ 26 ]	مؤسسة آل البيت عليهم السلام لإحياء التراث ـ قم	Rafed	2764	0.58352
		المكاسب	مرتضي انصاري (اعظم انصاري)	Ghbook	5514	0.58352
		شرح الطحاوية لخالد المصلح	خالد بن عبد الله بن محمد المصلح	ShamAY	7712	0.58351
		رسالة مهمة للإمام المجاهد العلامة عبد العزيز بن محمد بن سعود	الإمام عبد العزيز بن محمد بن سعود (المتوفى: 1218هـ)	ShamAY	11226	0.5835
		مقالات الإسلاميين واختلاف المصلين	أبو الحسن علي بن إسماعيل بن إسحاق بن سالم بن إسماعيل بن عبد الله بن موسى بن أبي بردة بن أبي موسى الأشعري (المتوفى: 324ه)	ShamelaY19	37614	0.58348
		وظيفة المسجد في المجتمع	صالح بن ناصر بن صالح الخزيم (المتوفى: 1418ه)	ShamelaY19	31292	0.58347
		الرسائل الأربع [ج ١]	عدّة من الأفاضل	Rafed	3935	0.58345
		تقريرات الأصول	الميرزا هاشم الآملي	Masaha	3277	0.58345
		الهجمات المغرضة على التاريخ الإسلامي	محمد مظهر صديقي	ShamAY	430	0.58344
		رسالة قواعد العقائد	الخواجة نصير الدين الطوسي	Rafed	3498	0.58344
		إرشاد الطالب إلى التعليق على المكاسب - الجزء1	الميرزا جواد التبريزي	Masaha	4856	0.58344
		شرح شواهد المغني	عبد الرحمن بن أبي بكر، جلال الدين السيوطي (المتوفى: 911 هـ)	ShamAY	32346	0.58342
		انوار الفقاهه - كتاب الصيام	حسن بن جعفر بن خضر نجفي كاشف الغطاء	Ghbook	12065	0.58342
		التربية والتعليم في الإسلام	د. علي شريعتمداري	Masaha	557	0.5834
		بلاغات النساء	أحمد بن أبي طاهر	Masaha	4699	0.5834
		الهداية شرح البداية - المكتبة الإسلامية	المَرْغِيناني	ShamAY	34209	0.58337
		ديوان أبي الهدى الصيادي	محمد بن حسن وادي بن علي بن خزام الصيادي الرفاعي الحسيني، أبو الهدى.	ShamAY	37820	0.58335
		فصول في أصول التفسير	د مساعد بن سليمان بن ناصر الطيار	Sham19Y	13897	0.58335
		 ضياء الناظر في أحكام صلاة المسافر 	 الشيخ السبحاني 	ABLibrary	9596	0.58335
		بحار الأنوار [ج ٢٠]	الشيخ محمّد باقر الإيرواني	Rafed	886	0.58332
		الفاحشة عمل قوم لوط	محمد بن إبراهيم بن أحمد الحمد	ShamAY	7535	0.58331
		ومن النّهاية كانت البداية	باسل محمّد بن خضراء	Rafed	1207	0.58331
		أحوال المحتضر	محمد عبد العزيز أحمد العلي	ShamAY	12181	0.58328
		كشف الخفاء ومزيل الإلباس	إسماعيل بن محمد بن عبد الهادي الجراحي العجلوني الدمشقي، أبو الفداء (المتوفى: 1162هـ)	ShamAY	9576	0.58327
		طعنة في قلب علي رضي الله عنه	إبراهيم عبد الفتاح المتناوي	ShamAY	35837	0.58326
		دحض شبهات على التوحيد من سوء الفهم لثلاثة أحاديث	عبد الله بن عبد الرحمن بن عبد العزيز بن عبد الرحمن بن عبد الله بن سلطان بن خميس الملقب بـ"أبابطين" (المتوفى: 1282هـ)	ShamAY	11181	0.58325
		الدرّ المنظوم في ذكر محاسن الأمصار والرسوم	السيد أمجد حمود بن أحمد بن سيف البوسعيدي	Rafed	2222	0.58325
		مقالات فقهيه : بحوث استدلاليه في قضايا فقهيه معاصره	آيت الله العظمي محمود هاشمي شاهرودي	Ghbook	9592	0.58325
		إبطال التأويلات	أبو يعلى ابن الفراء	ShamelaY19	22921	0.58324
		نظرات في منازلة النوازل	الشيخ الدكتور / عبد العزيز بن مصطفى كامل	ShamAY	36560	0.58318
		منار الهدى في بيان الوقف والابتدا ت عبد الرحيم الطرهوني	أحمد بن عبد الكريم بن محمد بن عبد الكريم الأشموني المصري الشافعي (المتوفى: نحو 1100هـ)	ShamAY	1291	0.58317
		التحصيل من المحصول	سراج الدين محمود بن أبي بكر الأرْمَوي (المتوفى: 682 هـ)	ShamAY	37994	0.58315
		 موسوعة الإمام أمير المؤمنين على بن أبى طالب ( ع ) 	 الشيخ باقر شريف القرشي 	ABLibrary	7807	0.58315
		خبر الواحد الصحيح وأثره في العمل والعقيدة	نور الدين محمد عتر الحلبي	ShamAY	1707	0.58314
		مختصر سيرة الرسول - مطابع الرياض	الواحدي :: محمد بن عبد الوهاب	ShamAY	34442	0.58314
		إرشاد السؤول إلى حروب الرسول صلى الله عليه وسلم	أبو الحارث الأنصاري	ShamAY	37431	0.58313
		التشبيهات لابن أبي عون	أبو اسحاق بن أبي عون (المتوفى: 322هـ)	ShamAY	734	0.58312
		محاضرات في اصول الفقه	آيت الله شيخ محمد اسحاق فياض	Ghbook	15350	0.5831
		شخصيه المومن	آيت الله العظمي سيد محمد حسيني شيرازي	Ghbook	8164	0.5831
		الغدير في الكتاب والسنّة والأدب [ج ١٠]	الشيخ عبد الحسين أحمد الأميني النجفي	Rafed	2021	0.58308
		أساليب التربية والدعوة والتوجيه من خلال سورة إبراهيم	د. وسيم فتح الله	ShamAY	1941	0.58307
		من روائع أبى الحسن الندوى في الدعوة إلى الله	محمد علي محمد إمام	ShamelaY19	37162	0.58303
		دور الشيعة في بناء الحضارة الاسلامية	الشيخ جعفر السبحاني	Masaha	2362	0.58303
		رمضان والصيام	محمد الغزالي	ShamAY	36047	0.58302
		الطّراز الأوّل	السيّد علي بن أحمد بن محمّد معصوم الحسيني	Rafed	397	0.58302
		نقد مراتب الإجماع	تقي الدين أبو العَباس أحمد بن عبد الحليم بن عبد السلام بن عبد الله بن أبي القاسم بن محمد ابن تيمية الحراني الحنبلي الدمشقي (المتوفى : 728هـ)	ShamAY	8630	0.58298
		التشبيهات لابن أبي عون	أبو اسحاق بن أبي عون (المتوفى: 322ه)	Sham19Y	734	0.58298
		اجوبه السائلين	محمد فاضل لنكراني	Ghbook	10092	0.58298
		الرد على من قال بفناء الجنة والنار وبيان الأقوال في ذلك	تقي الدين أبو العباس أحمد بن عبد الحليم بن عبد السلام بن عبد الله بن أبي القاسم بن محمد ابن تيمية الحراني الحنبلي الدمشقي (المتوفى: 728ه)	Sham19Y	2908	0.58295
		 تهذيب الاسرار في أصول التصوف 	 عبد الملك الخركوشي النيسابوري 	ABLibrary	8703	0.58293
		الصبر في الاسلام	طلال طرفه	Ghbook	4624	0.58293
		نظره في كتاب منهاج السنه النبويه	عبدالحسين اميني ( علامه اميني )	Ghbook	4583	0.58287
		الجامع في السنن والآداب والمغازي والتاريخ	أبو محمد عبد الله بن أبي زيد القيرواني (المتوفى 386 هـ)	ShamAY	32680	0.58286
		 الدر المختار 	 الحصفكي 	ABLibrary	902	0.58284
		مواهب الغدير	آيت الله العظمي حسيني	Ghbook	8012	0.58284
		من أجل التغيير	مالك بن الحاج عمر بن الخضر بن نبي (المتوفى: 1393هـ)	ShamAY	2018	0.58281
		هل من مشمر؟!	عبد الملك بن محمد القاسم	ShamelaY19	95665	0.5828
		المعاجم العربية مع اعتناء خاص بمعجم "العين" للخليل بن أحمد	عبد الله درويش	Sham19Y	22867	0.58279
		اعرف الحق	محمد تيجاني سماوي	Ghbook	15752	0.58279
		 القانون في الطب ( طبع بيروت ) 	 أبو علي سينا 	ABLibrary	9851	0.58278
		شرح الأخبار في فضائل الأئمة الأطهار [ج ١]	القاضي النعمان بن محمّد التميميّ المغربي	Rafed	785	0.58278
		اللّباب في علوم الكتاب [ج ٢٠]	أبي حفص عمر بن علي بن عادل الدمشقي الحنبلي	Rafed	3126	0.58277
		العبادات في الإسلام وأثرها في إصلاح المجتمع	محمود السيد شيخون	ShamAY	8810	0.58276
		مذكرة على العقيدة الواسطية	محمد بن صالح بن محمد العثيمين (المتوفى: 1421ه)	ShamelaY19	96858	0.58275
		محاضرات في أصول الفقه [ج ٤٦]	آية الله الشيخ محمّد إسحاق الفيّاض	Rafed	935	0.58275
		امهات الائمه المعصومين عليهم السلام: دراسه تاريخيه،تحليليه،علميه	الدكتور السيد حسين الموسوي الصافي	Ghbook	15685	0.58273
		إجمال الإصابة في أقوال الصحابة	صلاح الدين أبو سعيد خليل بن كيكلدي بن عبد الله الدمشقي العلائي (المتوفى: 761هـ)	ShamAY	6347	0.58272
		المخصّص [ج ١٧]	أبي الحسن علي بن إسماعيل بن سيده المرسي [ ابن سيده ]	Rafed	3565	0.58272
		الأدب وفنونه - دراسة ونقد	عز الدين إسماعيل (المتوفى: 1428هـ)	ShamAY	8501	0.58271
		شرح كتاب الحج من صحيح مسلم - عبد الكريم الخضير	عبد الكريم الخضير	ShamelaY19	23422	0.58271
		الإمام المازري	حسن حسني (اسم مركب) بن صالح بن عبد الوهاب بن يوسف الصمادحي التجيبي التونسي (المتوفى: 1388ه)	ShamelaY19	115122	0.58269
		مفيد الأنام ونور الظلام في تحرير الأحكام لحج بيت الله الحرام	عبد الله بن عبد الرحمن بن جاسر النجدي التميمي الوهيبي الأشيقري ثم المكي السلفي (المتوفى: 1401ه)	Sham19Y	9838	0.58268
		دفع إيهام تعارض أحاديث الأحكام في كتاب الطهارة	رقية بنت محمد المحارب	Sham19Y	7802	0.58267
		شرح منظومة التفسير	أبو عبد الله، أحمد بن عمر بن مساعد الحازمي	ShamAY	544	0.58265
		المصابيح في اثبات الامامه	احمد بن عبدالله كرماني	Ghbook	7105	0.58262
		النور الأسنى فى شرح أسماء الله الحُسْنَى	أمين الأنصاري	ShamAY	35070	0.58261
		مفيد الأنام ونور الظلام في تحرير الأحكام لحج بيت الله الحرام	عبد الله بن عبد الرحمن بن جاسر النجدي التميمي الوهيبي الأشيقري ثم المكي السلفي (المتوفى: 1401هـ)	ShamAY	9838	0.58261
		سلسلة محاسن التأويل - المغامسي	أبو هاشم صالح بن عواد بن صالح المغامسي	ShamelaY19	37455	0.58261
		تفصيل الشريعة في شرح تحرير الوسيلة : احكام التخلي	محمد فاضل لنكراني	Ghbook	9828	0.5826
		الهداية في شرح بداية المبتدي	علي بن أبي بكر بن عبد الجليل الفرغاني المرغيناني، أبو الحسن برهان الدين (المتوفى: 593هـ)	ShamAY	11820	0.58259
		أدوار علم الفقه وأطواره	الشيخ علي كاشف الغطاء	Rafed	3601	0.58259
		قاعدة حسنة في الباقيات الصالحات	تقي الدين أبو العباس أحمد بن عبد الحليم بن عبد السلام بن عبد الله بن أبي القاسم بن محمد ابن تيمية الحراني الحنبلي الدمشقي (المتوفى: 728ه)	ShamelaY19	22650	0.58257
		التوحيد لابن رجب - ت شاهين	ابن رجب الحنبلي	ShamAY	35260	0.58256
		الإفادة بطرق حديث: «النظر إلى عليٍّ عبادة»	أبو اليسر عبد العزيز بن محمد بن الصدّيق الغماري (المتوفى: 1418هـ)	ShamAY	34130	0.58256
		 الطب العربي التونسي في عشرة قرون 	 أحمد بن ميلاد 	ABLibrary	9994	0.58256
		100 فكرة لتربية الأسرة	عبد اللطيف بن هاجس الغامدي	ShamAY	34860	0.58255
		تراثنا ـ العدد [ 3 ]	مؤسسة آل البيت عليهم السلام لإحياء التراث ـ قم	Rafed	2507	0.58253
		التيسير في أحكام التسعير	أحمد بن سعيد المجيلدي	ShamelaY19	36116	0.58251
		احكام الشباب	آيت الله العظمي حسيني	Ghbook	7915	0.5825
		الشفاعة في الحديث النبوي	أبو ذر عبد القادر بن مصطفى بن عبد الرزاق المحمدي	Sham19Y	95695	0.58249
		رساله في رد مذهب الوهابيه	محمد عصار	Ghbook	3511	0.58249
		إعراب القرآن [ج ٢]	أبي جعفر أحمد بن محمّد بن إسماعيل النحّاس [ ابن النحّاس ]	Rafed	3321	0.58248
		تراثنا ـ العدد [ 17 ]	مؤسسة آل البيت عليهم السلام لإحياء التراث ـ قم	Rafed	2737	0.58246
		البداية والنهاية ط هجر	أبو الفداء إسماعيل بن عمر بن كثير القرشي البصري ثم الدمشقي (المتوفى: 774هـ)	ShamAY	4445	0.58245
		الإبانة عن أصول الديانة	أبو الحسن علي بن إسماعيل بن إسحاق بن سالم بن إسماعيل بن عبد الله بن موسى بن أبي بردة بن أبي موسى الأشعري (المتوفى: 324ه)	Sham19Y	8178	0.58244
		 البحر المحيط في أصول الفقه 	 الزركشي 	ABLibrary	805	0.58242
		صنائع المعروف ( ثلاثون باباً من أبواب الخير)	محمد مسعد ياقوت	ShamAY	35112	0.58241
		الشّفاء ـ طبيعيّات [ج ٢ [٦]]	أبو علي حسين بن عبد الله بن سينا [ شيخ الرئيس ابن سينا ]	Rafed	3070	0.58241
		آثار المثل الأعلى ((دراسة عقدية))	عيسى السعدي	ShamAY	35843	0.5824
		مصباح الفقيه [ج ٤]	الشيخ آقا رضا الهمداني	Rafed	1863	0.58239
		 مجلة فقه أهل البيت ( ع ) 	 مجموعة مؤلفين 	ABLibrary	9743	0.58238
		البرهان في علوم القرآن [ج ٢]	بدر الدين محمّد بن عبد الله الزّركشي	Rafed	2112	0.58238
		بلاغات النساء	أبي الفضل أحمد بن أبي طاهر [ ابن طيفور ]	Rafed	1748	0.58236
		النظريات العلمية الحديثة، مسيرتها الفكرية وأسلوب الفكر التغريبي العربي في التعامل معها - دراسة نقدية	حسن بن محمد حسن الأسمري	ShamAY	37972	0.58235
		فى رحاب البيت العتيق	محيى الدين إمام	ShamAY	36112	0.58235
		دروس تمهيديّة في الفقه الإستدلالي [ج ٣]	الشيخ محمّد باقر الإيرواني	Rafed	662	0.58235
		رياض المسائل في تحقيق الأحكام بالدّلائل [ج ٨]	السيد علي بن السيد محمد علي الطباطبائي	Rafed	315	0.58234
		سبايا آل محمد صلي الله عليه وآله وسلم(دراسة في تاريخ سبي النساء وعلة إخراج الإما...	نبيل الحسني	Ghbook	15732	0.58234
		الرد القوي على الرفاعي والمجهول وابن علوي وبيان أخطائهم في المولد النبوي	حمود بن عبد الله بن حمود بن عبد الرحمن التويجري (المتوفى: 1413هـ)	ShamAY	32211	0.58232
		الكاشف في معرفة من له رواية في الكتب الستة	شمس الدين أبو عبد الله محمد بن أحمد بن عثمان بن قَايْماز الذهبي (المتوفى: 748هـ)	ShamAY	2171	0.58231
		هذا القرآن في مائة حديث نبوي	الدكتور محمد زكي محمد خضر	ShamAY	36846	0.5823
		من الآثار الإيمانية لتعليم وتعلم القرآن الكريم على الفرد والمجتمع	شعبان مقلد	ShamAY	36788	0.58227
		الجنى الداني في حروف المعاني	أبو محمد بدر الدين حسن بن قاسم بن عبد الله بن علي المرادي المصري المالكي (المتوفى: 749ه)	ShamelaY19	26099	0.58227
		أمة لن تموت	الدكتور / راغب السرجاني	ShamAY	33509	0.58226
		 نظام القضاء والشهادة في الشريعة الإسلامية الغراء 	 الشيخ السبحاني 	ABLibrary	9602	0.58226
		استفتائات آيت الله سيد محمدسعيد حكيم (عربي)	محمد سعيد طباطبائي حكيم	Ghbook	5406	0.58226
		منهج القرآن في القضاء والقدر	محمود محمد غريب: من علماء الأزهر الشريف والموجه الديني لشباب جامعة القاهرة	ShamAY	7	0.58224
		أسهل المدارك «شرح إرشاد السالك في مذهب إمام الأئمة مالك»	أبو بكر بن حسن بن عبد الله الكشناوي (المتوفى: 1397 هـ)	ShamAY	32330	0.58215
		بحث حول المهدي ( عجل الله تعالي فرجه الشريف ) 	محمد باقر صدر	Ghbook	6639	0.58215
		السلفيون والأئمة الأربعة - رضي الله عنهم -	عبد الرحمن بن عبد الخالق اليوسف	ShamAY	12375	0.58214
		محرمات العلاقة الزوجية في القرآن الكريم	فهد الحبيشي	ShamAY	36360	0.58214
		البيان القرآني للسيرة النبوية " دراسة منهجية "	الواحدي	ShamAY	36898	0.58213
		المُعْلم بفوائد مسلم	أبو عبد الله محمد بن علي بن عمر التَّمِيمي المازري المالكي (المتوفى: 536هـ)	ShamAY	31765	0.58211
		الشفاعة في الكتاب والسنّة	الشيخ جعفر السبحاني	Masaha	320	0.58211
		القرآن الكريم منهج متكامل	أ. د. محمود بن يوسف فجال	ShamAY	1476	0.5821
		كيف تحفظ القرآن الكريم	أ. د. : عبد الرب بن نواب الدين بن غريب الدين آل نواب	ShamAY	11358	0.58207
		سرّ صناعة الإعراب [ج ١]	أبي الفتح عثمان بن جنّي	Rafed	2072	0.58206
		اعلام الهدايه (الامام محمد بن علي الجواد عليه السلام)	مجمع جهاني اهل بيت عليهم السلام	Ghbook	6502	0.58205
		تحرير الكلام في مسائل الالتزام	الرعيني، الحطاب	ShamAY	34234	0.58204
		صيانة الإنسان عن وسوسة الشيخ دحلان	محمد بشير بن محمد بدر الدين السهسواني الهندي (المتوفى: 1326ه)	Sham19Y	12027	0.58203
		الخلاف بين العلماء	محمد بن صالح بن محمد العثيمين (المتوفى: 1421هـ)	ShamAY	7613	0.58201
		ذلك الشيخ الوقور	كمال السيد	Rafed	2803	0.58201
		شرح المطلع على متن إيساغوجي	أبو عبد الله، أحمد بن عمر بن مساعد الحازمي	ShamelaY19	36124	0.582
		مسائل مجله جيش الصحابه ( اجوبه علي مسائل وجهتها الي علماء الشيعه )	علي كوراني	Ghbook	7707	0.58199
		سؤالات الترمذي للبخاري حول أحاديث في جامع الترمذي	يوسف بن محمد الدّخيل النجدي ثم المدني (المتوفى: 1431هـ)	ShamAY	2754	0.58198
		الدعاء المعاني والصّيغ والأنواع	الدكتور محمّد محمود عبود زوين	Rafed	1487	0.58198
		 تبيان الصلاة 	 تقرير بحث البروجردي للشيخ علي الصافي 	ABLibrary	9419	0.58197
		زاد المسير في علم التفسير [ج ١]	أبي الفرج عبدالرحمن ابن علي ابن الجوزي	Rafed	3324	0.58197
		حاشية الخلوتي على منتهى الإرادات	محمد بن أحمد بن علي البهوتي الْخَلْوَتي (المتوفى: 1088 هـ)	ShamAY	32457	0.58195
		من القدس إلى واشنطن	أحمد الشقيري	ShamAY	37699	0.58194
		 الجواهر الفخرية في شرح الروضة البهية 	 قدرت الله وجداني فخر 	ABLibrary	9459	0.58194
		الشيعة هم العدو فاحذرهم	شحاتة محمد صقر	ShamAY	566	0.58192
		نظرات في حديث (حُفَّت الجنة ُبالمكاره و النارُ بالشهوات) أو" صفة الجنة والنار "	السيد مختار	ShamAY	35123	0.58192
		أنا تايب	سلطان بن سراي الشمري	ShamAY	35172	0.58192
		الفصيحة العجما في الكلام على حديث «أحبب حبيبك هونا ما» - سلسلة لقاء العشر الأواخر بالمسجد الحرام (10)	أحمد بن عبد اللطيف بن أحمد البربير الحسني، أبو الفيض (المتوفى: 1226 ه)	Sham19Y	17736	0.58192
		فصول في أصول التفسير	د مساعد بن سليمان بن ناصر الطيار	ShamAY	31798	0.58191
		 الاعمال الصوفية 	 محمد بن عبد الجبار بن الحسن النفري 	ABLibrary	8699	0.58191
		الرسائل الأربع [ج ٤]	عدنان يونس عبد المجيد أبو تبّانة	Rafed	3939	0.58189
		تلوين الخطاب لابن كمال باشا دراسة وتحقيق	عبد الخالق بن مساعد الزهراني	ShamAY	10096	0.58188
		الضرورات الدينيه والمذهبيه والفقهيه علي ضوء مدرسه اهل البيت عليهم السلام المفهوم...	علي الوائلي	Ghbook	14954	0.58187
		 الإنصاف في مسائل دام فيها الخلاف 	 الشيخ السبحاني 	ABLibrary	9554	0.58186
		أسهل المدارك شرح إرشاد السالك في مذهب إمام الأئمة مالك	الكشناوي، أبو بكر	ShamAY	34229	0.58185
		القواعد لابن رجب - مكتبة الكليات	أبو الفرج عبد الرحمن بن أحمد بن رجب الحنبلي (المتوفى: 795هـ)	ShamAY	34191	0.58183
		القدوة مبادئ ونماذج	د صالح بن عبد الله بن حميد	ShamAY	30907	0.58182
		خبر الواحد الصحيح وأثره في العمل والعقيدة	نور الدين محمد عتر الحلبي	Sham19Y	96235	0.58182
		أبنية المشتقات في نهج البلاغة .. دراسة دلالية	ميثاق الصيمري	ShamAY	37089	0.58179
		شرح الزرقاني على مختصر خليل وحاشية البناني	عبد الباقي بن يوسف بن أحمد الزرقاني المصري (المتوفى: 1099هـ)	ShamAY	32189	0.58179
		كشف الخفاء ومزيل الإلباس	إسماعيل بن محمد بن عبد الهادي الجراحي العجلوني الدمشقي، أبو الفداء (المتوفى: 1162ه)	Sham19Y	9576	0.58178
		عجالة الإملاء المتيسرة من التذنيب	إبراهيم بن محمد بن محمود بن بدر، برهان الدين، أبو إسحاق الحلبي القبيباتي الشافعي الناجي (المتوفى: 900ه)	Sham19Y	97928	0.58175
		تحرير الكلام في مسائل الإلتزام	شمس الدين أبو عبد الله محمد بن محمد بن عبد الرحمن الطرابلسي المغربي، المعروف بالحطاب الرُّعيني المالكي (المتوفى: 954هـ)	ShamAY	32006	0.58171
		مقتل الشيخ جميل الرحمن الأفغاني، ومعه (حول كلمة وهابي)	أَبِو عَبد الرَّحمَن مُقْبلُ بنُ هَادِي بنِ مُقْبِلِ بنِ قَائِدَةَ (اسم رجل) الهَمْدَاني الوادعِيُّ (المتوفى: 1422هـ)	ShamAY	2004	0.5817
		معالم السنن، وهو شرح سنن أبي داود	أبو سليمان حمد بن محمد بن إبراهيم بن الخطاب البستي المعروف بالخطابي (المتوفى: 388هـ)	ShamAY	1442	0.5817
		دليل المقابر	طارق الطواري	ShamAY	36140	0.58168
		نتائج الأفكار في الأصول‏ / تقريرات - الجزء1	السيد محمد جعفر الجزائري	Masaha	4620	0.58168
		افعل ولا حرج	الواحدي :: سلمان العودة	ShamAY	36370	0.58167
		حجاب المرأة ولباسها في الصلاة	تقي الدين أبو العباس أحمد بن عبد الحليم بن عبد السلام بن عبد الله بن أبي القاسم بن محمد ابن تيمية الحراني الحنبلي الدمشقي (المتوفى: 728هـ)	ShamAY	11150	0.58166
		قاعدة مختصرة في وجوب طاعة الله ورسوله وولاة الأمور	تقي الدين أبو العباس أحمد بن عبد الحليم بن عبد السلام بن عبد الله بن أبي القاسم بن محمد ابن تيمية الحراني الحنبلي الدمشقي (المتوفى: 728ه)	Sham19Y	11290	0.58165
		رحلات بوركهارت في بلاد النوبة والسودان	جون لويس بوركهارت	Rafed	2414	0.58165
		الامام الحسن العسكري عليه السلام والدالامام المهدي الموعود عجل الله تعالي فرجه ا...	علي كوراني	Ghbook	15138	0.58165
		منتهى الدراية في توضيح الكفاية  - الجزء1	السيد محمد جعفر الجزائري	Masaha	4585	0.58164
		أمير المؤمنين الحسن بن علي بن أبي طالب رضي الله عنه - شخصيته وعصره	عَلي محمد محمد الصَّلاَّبي	ShamAY	333	0.58158
		الي المجمع العالمي بدمشق	عبدالحسين شرف الدين	Ghbook	4549	0.58158
		عمرو بن العاص وشعره في الغدير	الشيخ عبد الحسين الأميني النجفي	Masaha	356	0.58158
		تحقيق المراد في أن النهي يقتضي الفساد	صلاح الدين أبو سعيد خليل بن كيكلدي بن عبد الله الدمشقي العلائي (المتوفى: 761هـ)	ShamAY	6355	0.58154
		أبو هريرة راوية الإسلام	الدكتور محمد عجاج خطيب	ShamelaY19	29967	0.58153
		موسوعة الإمام الخوئي [ج ١٧]	الشيخ مرتضى البروجردي	Rafed	1590	0.58152
		بهجه الاريب في بيان ما في كتاب الله من الغريب	علي بن عثمان بن مصطفي مارديني بن تركماني	Ghbook	2893	0.58151
		إبطال التأويلات	أبو يعلى ابن الفراء	Sham19Y	22921	0.5815
		مستدرك الوسائل [ج ١١]	الشيخ حسين النوري الطبرسي [ المحدّث النوري ]	Rafed	1169	0.58147
		ثلاثون سوالا في الفكر الاسلامي	آيت الله العظمي سيد محمد حسيني شيرازي	Ghbook	8141	0.58146
		حاشية الصبان على شرح الأشمونى لألفية ابن مالك	أبو العرفان محمد بن علي الصبان الشافعي (المتوفى: 1206هـ)	ShamAY	11539	0.58145
		بلغة السالك لأقرب المسالك المعروف بحاشية الصاوي على الشرح الصغير (الشرح الصغير هو شرح الشيخ الدردير لكتابه المسمى أقرب المسالك لمذهب الإمام مالك)	أبو العباس أحمد بن محمد الخلوتي، الشهير بالصاوي المالكي (المتوفى: 1241ه)	ShamelaY19	21607	0.58145
		من عمل صالحا فلنفسه	عبد الملك بن محمد القاسم	ShamelaY19	36493	0.58145
		موسوعة الإمام الخوئي [ج ١٩]	الشيخ مرتضى البروجردي	Rafed	1602	0.58145
		المسائل المنتخبة	الميرزا جواد التبريزي	Masaha	5050	0.58144
		رسائل وفتاوى عبد العزيز آل الشيخ	عبد العزيز بن عبد الله بن محمد بن عبد اللطيف بن عبد الرحمن بن حسن بن الشيخ محمد بن عبد الوهاب	ShamAY	21771	0.58139
		الحجج البالغة على تجرّد النفس الناطقة	الشيخ حسن حسن زاده الآملي	Rafed	1724	0.58139
		شرح كتاب الصوم من صحيح البخاري	أبو محمد، عبد الله بن مانع بن غلاب الغبيوي الروقي العتيبي	Sham19Y	14539	0.58138
		درر الحكم لأبي منصور الثعالبي	عبد الملك بن محمد بن إسماعيل أبو منصور الثعالبي (المتوفى: 429ه)	Sham19Y	1399	0.58137
		شهر رجب	آيت الله العظمي سيد محمد حسيني شيرازي	Ghbook	7893	0.58137
		مسلك القرآن الكريم في إثبات البعث	علي بن محمد بن ناصر الفقيهي	ShamAY	33879	0.58136
		 أخبار الدولة العباسية 	 مؤلف مجهول 	ABLibrary	83	0.58136
		مجمع الفائدة والبرهان في شرح إرشاد الأذهان [ج ٢]	الشيخ أحمد بن محمّد الأردبيلي [ المقدّس الأردبيلي ]	Rafed	1895	0.58136
		كيف تحفظ القرآن الكريم	الدكتور راغب السرجاني	ShamAY	34926	0.58135
		تفسير اهل البيت عليهم السلام	نجاح الطائي	Ghbook	15823	0.58132
		رسائل المحقق الكلباسي‏	محمد بن محمد إبراهيم‏ الكلباسي	Masaha	3828	0.58131
		معاوية بن أبي سفيان أمير المؤمنين وكاتب وحي النبي الأمين صَلَّى اللَّهُ عَلَيْهِ وَسَلَّمَ - كشف شبهات وردّ مفتريات	شحاتة محمد صقر	ShamAY	565	0.5813
		طبقات المعتزلة	أحمد بن يحيى بن مرتضى	Rafed	3802	0.5813
		شرح شافية ابن الحاجب - الرضي الأستراباذي	محمد بن الحسن الرضي الإستراباذي، نجم الدين (المتوفى: 686هـ)	ShamAY	21567	0.58129
		حَاشِيةُ اللبَّدِي على نَيْل المَآرِبِ	عبد الغني بن ياسين بن محمود بن ياسين بن طه بن أحمد اللَّبَدي النابلسي الحنبلي (المتوفى: 1319هـ)	ShamAY	2070	0.58128
		إعانة الطالبين على حل ألفاظ فتح المعين (هو حاشية على فتح المعين بشرح قرة العين بمهمات الدين)	أبو بكر (المشهور بالبكري) عثمان بن محمد شطا الدمياطي الشافعي (المتوفى: 1310هـ)	ShamAY	963	0.58126
		شمائل الرسول صلى الله عليه وآله وسلم	أحمد بن عبد الفتاح زواوى	ShamAY	23646	0.58126
		وصف إفريقيا	ابن الوزّان الزيّاتي	Rafed	2494	0.58124
		معيار الاختيار في ذكر المعاهد والدّيار	أبي عبد الله محمّد بن عبد الله بن سعيد بن أحمد السلماني [ لسان الدين بن الخطيب ]	Rafed	2992	0.58124
		بدائع الأفكار في الأصول	الشيخ آقا ضياء الدين العراقي	Masaha	3183	0.58123
		بدائع الأفكار في الأصول	الشيخ آقا ضياء الدين العراقي	Masaha	2670	0.58123
		بداية الوصول في شرح كفاية الأصول‏ - الجزء1	الشيخ محمد طاهر آل راضي	Masaha	3340	0.58123
		اصبر واحتسب	عبد الملك بن محمد القاسم	Sham19Y	95673	0.58118
		الإصابة في الذب عن الصحابة - رضي الله عنهم -	الشيخ الدكتور مازن بن محمد بن عيسى	ShamAY	1709	0.58117
		الرسائل الفشاركية	السيد محمد الطباطبائي الفشاركي	Masaha	1800	0.58116
		إليك زوجتي الحبيبة	هاني كشك	ShamAY	35183	0.58111
		 دلائل الصدق لنهج الحق 	 الشيخ محمد حسن المظفر 	ABLibrary	944	0.58111
		حاشية السندى على صحيح البخارى	محمد بن عبد الهادي السندي المدني، الحنفي، أبو الحسن	ShamAY	35961	0.58109
		الاستضعاف وأحكامه في الفقه الإسلامي	زياد بن عابد المشوخي	ShamAY	32284	0.58109
		بحوث في علم الأصول [ج ٥]	السيّد محمود الهاشمي الشاهرودي	Rafed	666	0.58108
		التنبيهات المختصرة شرح الواجبات المتحتمات المعرفة على كل مسلم ومسلمة	إبراهيم بن الشيخ صالح بن أحمد الخريصي	ShamAY	7590	0.58107
		صيانة الإبانة	شيخ الشريعة الأصفهاني	Masaha	4972	0.58105
		الطبقات - الخضير	علي بن خضير الخضير	ShamAY	37783	0.58104
		تصحيح الفصيح وشرحه	أَبُو محمد، عبد الله بن جعفر بن محمد بن دُرُسْتَوَيْه ابن المرزبان (المتوفى: 347هـ)	ShamAY	31997	0.58102
		المذاهب الأدبية في الشعر الحديث لجنوب المملكة العربية السعودية	علي علي مصطفى صبح	ShamelaY19	22860	0.58102
		عصمه الانبياء و الرسل ( عليهم السلام )	مرتضي عسكري	Ghbook	7672	0.58102
		المراه المسلمه والوصايا الاخيره	آيت الله العظمي سيد محمد حسيني شيرازي	Ghbook	7810	0.58101
		الفهم الجديد للنصوص	محمد صالح المنجد	ShamAY	34725	0.581
		جامع المقاصد في شرح القواعد [ج ٢]	الشيخ عليّ بن الحسين بن عبد العالي الكركي	Rafed	547	0.581
		ارشاد الطالبين الي نهج المسترشدين	حسن بن يوسف بن مطهر علامه حلي	Ghbook	15556	0.58099
		بلغة السالك لأقرب المسالك إلى مذهب الإمام مالك. المعروف بحاشية الصاوي على الشرح الصغير (الشرح الصغير هو شرح الشيخ الدردير لكتابه المسمى أقرب المسالك لمذهب الإمام مالك)	أحمد بن محمد الصاوي المالكي	ShamelaY19	150969	0.58097
		اللغة العربية معناها ومبناها	تمام حسان عمر	Sham19Y	9970	0.58097
		خطب المسجد النبوي - عام 1432 ه	مجموعة من المؤلفين	ShamelaY19	37823	0.58096
		كتاب سليم بن قيس الهلالي	سليم بن قيس الهلالي	Masaha	381	0.58093
		خطب المسجد النبوي - عام 1432 هـ	مجموعة من المؤلفين	ShamAY	1173	0.58091
		المنثور	جمال الدين أبو الفرج عبد الرحمن بن علي بن محمد الجوزي (المتوفى: 597هـ)	ShamAY	180	0.58091
		ديوان ابن عنين	محمد بن نصر الله بن مكارم الحسن بن عنين الزرعي الدمشقي الأنصاري	ShamAY	37875	0.58091
		إهداء للبرنامج من دار الركائز للنشر والتوزيع - دولة الكويت	محمد بن بدر الدين البلباني الدمشقي الخزرجي الحنبلي	ShamelaY19	147656	0.58089
		مختصر إظهار الحق	رحمت الله الهندي	ShamAY	30945	0.58088
		تكميل النفع بما لم يثبت به وقف ولا رفع	محمد عمرو بن عبد اللطيف	ShamelaY19	22853	0.58088
		التيسير في أحكام التسعير	أحمد بن سعيد المجيلدي	Sham19Y	36116	0.58088
		نهاية الرتبة في طلب الحسبة لابن بسام	محمد بن أحمد ابن بسام المحتسب	ShamelaY19	36097	0.58087
		تقريرات آية الله المجدّد الشيرازي [ج ١]	المولى علي الروزدري	Rafed	941	0.58087
		معالم أصول التربية الإسلامية من خلال وصايا لقمان لابنه	عبد الرحمن محمد عبد المحسن الأنصاري	ShamAY	3528	0.58084
		رسالة إلى أخي في الله	مجدي الهلالي	ShamAY	279	0.58082
		خلاصة الأفكار شرح مختصر المنار	أبو الفداء زين الدين قاسم بن قُطْلُوْبَغَا السُّوْدُوْنِي الجمالي الحنفي (المتوفى: 879هـ)	ShamAY	31950	0.58082
		المصطلح الأصولي ومشكلة المفاهيم	على جمعة محمد عبد الوهاب (مفتي مصر)	ShamelaY19	21566	0.58082
		بحوث في تاريخ السنة المشرفة	أكرم بن ضياء العمري	ShamAY	8674	0.58078
		الإعلام بوجوب التثبت في رواية الحديث وحكم العمل بالحديث الضعيف	سليمان العلوان	ShamAY	37320	0.58076
		إعراب القرآن للباقولي - منسوب خطأ للزجاج	علي بن الحسين بن علي، أبو الحسن نور الدين جامع العلوم الأَصْفهاني الباقولي (المتوفى: نحو 543هـ)	ShamAY	23585	0.58074
		الشيعة هم العدو فاحذرهم	شحاتة محمد صقر	ShamelaY19	36168	0.58074
		الزياره	عبدالحسين اميني ( علامه اميني )	Ghbook	4591	0.58074
		الخبر الثابت.	يوسف بن هاشم بن عابد اللحياني.	ShamAY	37261	0.58073
		فصل الخطاب في سيرة ابن الخطاب	علي محمد محمد الصلابي	ShamAY	35787	0.58072
		تنبيه الغافلين بأحاديث سيد الأنبياء والمرسلين للسمرقندي	أبو الليث نصر بن محمد بن أحمد بن إبراهيم السمرقندي (المتوفى: 373هـ)	ShamAY	10488	0.58072
		الشيخ عبدالمنعم الفرطوسى حياته وادبه	حيدر المحلاتي	Masaha	1723	0.58072
		نفحات الأزهار في خلاصة عبقات الأنوار [ج ٥]	السيّد علي الحسيني الميلاني	Rafed	433	0.58071
		تاريخ الحديث النبوي و موثرات الهوي و الموروث الجاهلي عليه	علي شهرستاني	Ghbook	16145	0.58071
		التنكيل بما في توضيح المليباري من الأباطيل	ربيع بن هادي المدخلي	ShamAY	33010	0.5807
		الأمن في حياة الناس وأهميته في الإسلام	عبد الله بن عبد المحسن بن عبد الرحمن التركي	ShamelaY19	31563	0.5807
		دروس تمهيديّة في الفقه الإستدلالي على المذهب الجعفري [ج ٢]	الشيخ محمّد باقر الإيرواني	Rafed	2677	0.58068
		شرح العمدة في بيان مناسك الحج والعمرة المؤلف: تقي الدين أبو العباس أحمد بن عبد الحليم بن عبد السلام بن عبد الله بن أبي القاسم بن محمد ابن تيمية الحراني الحنبلي الدمشقي (المتوفى: 728 ه)	ابن تيمية	Sham19Y	10810	0.58066
		إعراب القرآن [ج ٥]	أبي جعفر أحمد بن محمّد بن إسماعيل النحّاس [ ابن النحّاس ]	Rafed	3333	0.58064
		معجزة القرآن	محمد متولي الشعراوي (المتوفى: 1418هـ)	ShamAY	1120	0.58061
		الشيع و النص	جاسم  هاتو الموسوي	Ghbook	10553	0.58061
		التحذير في القرآن الكريم دراسة في مستويات اللغة	علاء ناجي الموسوي	ShamAY	37234	0.5806
		فتح المجيد شرح كتاب التوحيد - حطيبة	الشيخ الطبيب أحمد حطيبة	ShamAY	39	0.58056
		الرد على النحاة	أحمد بن عبد الرحمن بن محمد، ابن مضاء، ابن عمير اللخمي القرطبي، أبو العباس (المتوفى: 592ه)	ShamelaY19	37476	0.58056
		المختصر في فقه العبادات	خالد بن علي بن محمد بن حمود بن علي المشيقح	ShamelaY19	31285	0.58056
		شرح [مختصر المنتهى الأصولي للإمام أبي عمرو عثمان ابن الحاجب المالكي (المتوفى 646 ه)]	عضد الدين عبد الرحمن الإيجي (المتوفى: 756 ه)	ShamelaY19	133411	0.58055
		اللهوف على قتلى الطفوف‏	السيد علي بن موسى بن طاووس	Masaha	2860	0.58054
		المعونة على مذهب عالم المدينة «الإمام مالك بن أنس»	أبو محمد عبد الوهاب بن علي بن نصر الثعلبي البغدادي المالكي (المتوفى: 422هـ)	ShamAY	31806	0.58049
		همع الهوامع [ج ١]	جلال الدين عبد الرحمن بن أبي بكر السيوطي	Rafed	2157	0.58049
		الرسالة المدنية في تحقيق المجاز والحقيقة في صفات الله (مطبوع ضمن الفتوى الحموية الكبرى)	تقي الدين أبو العباس أحمد بن عبد الحليم بن عبد السلام بن عبد الله بن أبي القاسم بن محمد ابن تيمية الحراني الحنبلي الدمشقي (المتوفى: 728هـ)	ShamAY	7635	0.58047
		المعتبر في شرح المختصر - الجزء1	المحقق الحلي	Masaha	1026	0.58046
		 الأزهر في ألف عام 	 محمد عبد المنعم خفاجي 	ABLibrary	8930	0.58045
		تعاليق مبسوطة على مناسك الحج	الشيخ محمد إسحاق الفياض	Masaha	5002	0.58042
		المقامات الزينية	معد بن نصر الله بن رجب، أبو الندى شمس الدين ابن أبى الفتح، المعروف بابن الصيقل الجزري (المتوفى: 701هـ)	ShamAY	644	0.58039
		الفروق على مذهب الإمام أحمد بن حنبل	معظم الدين أبو عبد الله السامري (535 - 616 ه)	ShamelaY19	18562	0.58038
		إرشاد طلاب الحقائق إلى معرفة سنن خير الخلائق - صلى الله عليه وسلم -	محيي الدين أبو زكريا يحيى بن شرف النووي الدمشقي (631 - 676 ه)	Sham19Y	127654	0.58038
		الاعجاز العلمي في القرآن الكريم	سيد جميلي	Ghbook	2822	0.58038
		المحيط البرهاني في الفقه النعماني فقه الإمام أبي حنيفة رضي الله عنه	أبو المعالي برهان الدين محمود بن أحمد بن عبد العزيز بن عمر بن مَازَةَ البخاري الحنفي (المتوفى: 616هـ)	ShamAY	10875	0.58037
		تعليقة للسيد الكماري على رسائل المحقق الأنصاري‏	محمد بن أحمد قرجه داغي الكماري	Masaha	3275	0.58035
		كشف شبهات الصوفية	شحاتة محمد صقر	ShamAY	941	0.58034
		سلسلة محاسن التأويل - المغامسي	أبو هاشم صالح بن عوّاد بن صالح المغامسي	ShamAY	653	0.58029
		نظريه الكسب في افعال العباد بحث موجز حول نظريه الكسب عند الاشاعره	آيت الله العظمي جعفر سبحاني	Ghbook	5069	0.58029
		دراسات في الأصول / تقريرات - الجزء1	السيد صمد علي الموسوي	Masaha	3770	0.58028
		 موسوعة تاريخ العراق بين احتلالين 	 عباس العزاوي المحامي 	ABLibrary	9256	0.58027
		منهج التشريع الإسلامي وحكمته (ضمن «المحاضرات» المطبوعة بـ «بآثار الشنقيطي»)	محمد الأمين بن محمد المختار الجكني الشنقيطي (1325 - 1393)	ShamAY	38837	0.58026
		حقيقة النفاق وأنواعه في ضوء الكتاب والسنة وفهم سلف الأمة		ShamAY	35534	0.58026
		 رحلة إلى رحاب الشريف الأكبر 	 شارل ديدييه 	ABLibrary	9083	0.58026
		حقوق أهل البيت عليهم السلام في القرآن الكريم	الناشر: مركز الرسالة	Rafed	600	0.58026
		الأزهر في ألف عام	د. محمد عبد المنعم خفاجي (المتوفى:1427 هـ)	ShamAY	33841	0.58024
		آيات الحج في القران الكريم	أبو هاشم صالح بن عواد بن صالح المغامسي	ShamelaY19	37746	0.58024
		مراسم عاشوراء - شبهات و ردود	سيد جعفرمرتضي حسيني عاملي	Ghbook	5109	0.58024
		ومن النهاية كانت البداية	باسل محمد بن خضراء	Masaha	488	0.58024
		النكت العلمية على الروضة الندية	أبو عبد الرحمن عبد الله بن صالح العبيلان	ShamAY	32417	0.58023
		نفحات الأزهار في خلاصة عبقات الأنوار [ج ١]	السيّد علي الحسيني الميلاني	Rafed	426	0.58023
		التفسير والتأويل في القرآن	صلاح عبد الفتاح الخالدي (معاصر)	ShamAY	32567	0.58021
		الإسناد عند المحدثين .. الدلالة، التاريخ، المنهج	رضا أحمد صمدي	ShamAY	37361	0.58019
		مقالات الإسلاميين واختلاف المصلين	أبو الحسن علي بن إسماعيل بن إسحاق بن سالم بن إسماعيل بن عبد الله بن موسى بن أبي بردة بن أبي موسى الأشعري (المتوفى: 324هـ)	ShamAY	1167	0.58019
		العدل عند مذهب أهل البيت(ع)	علاء الحسون	Masaha	206	0.58019
		 معجم فقه الجواهر 	 مؤسسة دائرة المعارف الفقه الاسلامي 	ABLibrary	9647	0.58018
		حاشية  الدسوقي علي مختصر السعد	محمد عبدالواحد دسوقي	Ghbook	15838	0.58018
		منع جواز المجاز في المنزل للتعبد والإعجاز (مطبوع ضمن «آثار الشنقيطي»)	محمد الأمين بن محمد المختار الجكني الشنقيطي (1325 - 1393)	ShamAY	38838	0.58016
		التعليقة للقاضي حسين (على مختصر المزني)	القاضي أبو محمد (وأبو علي) الحسين بن محمد بن أحمد المَرْوَرُّوْذِيّ (المتوفى: 462 هـ)	ShamAY	32541	0.58015
		 التحفة الناصرية 	 الحكيم أبو القاسم النائيني الأصفهاني 	ABLibrary	9981	0.58015
		التوضيح والبيان لشجرة الإيمان	أبو عبد الله، عبد الرحمن بن ناصر بن عبد الله بن ناصر بن حمد آل سعدي (المتوفى: 1376هـ)	ShamAY	8589	0.58014
		موسوعة تاريخ العراق بين احتلالين [ج ٤]	عباس العزاوي المحامي	Rafed	1922	0.58013
		تفسير امومه  الولايه و المحكمات للقرآن  الكريم ، الولايه قطب  القرآن عليها تستدي...	محمد السند	Ghbook	15178	0.58011
		بشارة الإسلام في علامات المهدي عليه السلام	مصطفى الكاظمي	Masaha	4066	0.58011
		أحاديث في الفتن والحوادث (مطبوع ضمن مؤلفات الشيخ محمد بن عبدالوهاب، الجزء الحادي عشر)	محمد بن عبد الوهاب بن سليمان التميمي النجدي (المتوفى: 1206هـ)	ShamAY	7485	0.5801
		الاستذكار	أبو عمر يوسف بن عبد الله بن محمد بن عبد البر بن عاصم النمري القرطبي (المتوفى: 463هـ)	ShamAY	1722	0.5801
		مستند الشّيعة [ج ١٨]	أحمد بن محمّد مهدي النّراقي	Rafed	624	0.5801
		دور الشباب في انهاض الامه	آيت الله العظمي سيد محمد حسيني شيرازي	Ghbook	8156	0.58009
		عقيدة السلف - مقدمة أبي زيد القيرواني لكتابه الرسالة	أبو محمد عبد الله بن (أبي زيد) عبد الرحمن النفزي، القيرواني، المالكي (المتوفى: 386ه)	ShamelaY19	97806	0.58008
		نهج البيان عن كشف معاني القرآن [ج ١]	محمّد بن الحسن الشيباني	Rafed	1628	0.58008
		تحفة الأمراء في تاريخ الوزراء - ط العلمية	أبو الحسن هلال بن المحسن بن إبراهيم الصابي	ShamAY	33825	0.58006
		الورود الجعفريه في حاشيه الرياض الطباطبائيه	عباس بن حسن بن جعفر نجفي ( آل كاشف الغطاء )	Ghbook	11291	0.58006
		صيانة الإنسان عن وسوسة الشيخ دحلان	محمد بشير بن محمد بدر الدين السهسواني الهندي (المتوفى: 1326هـ)	ShamAY	12027	0.58005
		إبراز الحكم من حديث رُفِعَ القَلم	أبو الحسن تقي الدين علي بن عبد الكافي السبكي (المتوفى: 756هـ)	ShamAY	8466	0.58005
		الرسالة الأكملية في ما يجب لله من صفات الكمال	تقي الدين أبو العباس أحمد بن عبد الحليم بن عبد السلام بن عبد الله بن أبي القاسم بن محمد ابن تيمية الحراني الحنبلي الدمشقي (المتوفى: 728ه)	Sham19Y	7631	0.58005
		رسم المصحف وضبطه بين التوقيف والاصطلاحات الحديثة	شعبان محمد إسماعيل	ShamAY	11528	0.58004
		الشرق والغرب المحددات والمؤثرات	علي بن إبراهيم الحمد النملة	ShamAY	37732	0.58004
		قبسات من نهج البلاغه	ايوب حائري	Ghbook	806	0.58004
		فقه عمل اليوم والليلة	أبو محمد عبد الله بن مانع بن غلاب الغبيوي الروقي العتيبي	Sham19Y	17865	0.58003
		الرّد عَلى النّحاة	أحمد بن عبد الرحمن بن محمد، ابن مَضَاء، ابن عمير اللخمي القرطبي، أبو العباس (المتوفى: 592هـ)	ShamAY	683	0.58001
		التناسب في سورة البقرة		ShamAY	36870	0.57999
		منهاج الأصول [ج ٢]	محمّد ابراهيم الكرباسي	Rafed	3650	0.57999
		موضوعات خطبة الجمعة	عبد الرحمن بن معلا اللويحق	Sham19Y	31072	0.57998
		المنهاج شرح صحيح مسلم بن الحجاج	أبو زكريا محيي الدين يحيى بن شرف النووي (المتوفى: 676هـ)	ShamAY	1711	0.57997
		المعاجم العربية مع اعتناء خاص بمعجم "العين" للخليل بن أحمد	عبد الله درويش	ShamAY	22867	0.57981
		50 فائدة وقاعدة من مقدمة أصول التفسير لشيخ الإسلام ابن تيمية	إحسان العتيبي	ShamAY	36923	0.5798
		شبهات القرآنيين	عثمان بن معلم محمود بن شيخ علي	Sham19Y	11242	0.57979
		 الحج في الشريعة الإسلامية الغراء 	 الشيخ السبحاني 	ABLibrary	9562	0.57979
		المطلع على ألفاظ المقنع	محمد بن أبي الفتح بن أبي الفضل البعلي، أبو عبد الله، شمس الدين (المتوفى: 709هـ)	ShamAY	11809	0.57976
		تدوين السنة النبوية في القرنين الثاني والثالث للهجرة	محمد بن صادق بنكيران	ShamAY	11090	0.57976
		جامع الأحاديث القدسية- قسم الضعيف والموضوع	الشيخ أبو عبدالرحمن عصام الدين الصبابطي	ShamAY	33067	0.57975
		 الدرر السنية في الرد على الوهابية 	 أحمد زيني دحلان 	ABLibrary	897	0.57975
		قل هو من عند أنفسكم	الواحدي :: ياسر برهامي	ShamAY	34987	0.5797
		صور من حياة الصحابيات	عبد الرحمن رأفت الباشا (المتوفى: 1406هـ)	ShamAY	32138	0.5797
		قضية وحوار العنف في العمل الإسلامي المعاصر	مجموعة من المؤلفين	ShamAY	31564	0.57967
		مجلة الأستاذ	جريدةٌ علميةٌ تهذيبيةٌ فكاهيةٌ صدرت في 24 أغسطس عام 1892 م على يد عبد الله النديم (المتوفى: 1314هـ)	ShamAY	228	0.57965
		خطب المسجد النبوي - عام 1432 ه	مجموعة من المؤلفين	Sham19Y	37823	0.57964
		الفهم السياسي	آيت الله العظمي سيد محمد حسيني شيرازي	Ghbook	8061	0.57963
		الولاء والبراء في الإسلام - البركاتي	أبو عاصم الشحات شعبان محمود عبد القادر البركاتي المصري	ShamAY	1757	0.57962
		معاني القرآن للنحاس	أبو جعفر النحاس أحمد بن محمد (المتوفى: 338هـ)	ShamAY	940	0.57961
		السنة والتشريع - موسى شاهين لاشين	موسى شاهين لاشين (المتوفى: 1430هـ)	ShamAY	438	0.57959
		التهذيب المقنع في إختصار الشرح الممتع		ShamAY	37371	0.57959
		أخبار أبي القاسم الزجاجي	عبد الرحمن بن إسحاق البغدادي النهاوندي الزجاجي، أبو القاسم (المتوفى: 337هـ)	ShamAY	666	0.57957
		الصحابة والمنافقون في صدر الإسلام سمات وإشارات – شبهات وردود	عبد الله بن سليمان الشايع	ShamAY	37461	0.57955
		المعيار لعلم الغزالي في كتابه السنة النبوية	صالح بن عبد العزيز بن محمد آل الشيخ	ShamAY	34772	0.57955
		أحوال أهل السنة في إيران	عبد الله محمد الغريب	ShamAY	33282	0.57952
		احقاق الحق و ازهاق الباطل	نورالله حسيني مرعشي تستري ( قاضي نورالله شوشتري )	Ghbook	4611	0.57952
		التهذيب الموضوعي لحلية الأولياء، للحافظ أبي نعيم الأصبهاني	د. محمد بن عبد الله الهبدان	ShamAY	35248	0.57949
		كشف شبهات الصوفية	شحاتة محمد صقر	ShamelaY19	36165	0.57949
		آراء وأصداء حول عبدالله بن سبأ وروايات سيف	السيد مرتضى العسكري	Rafed	798	0.57948
		محاضرات في فقه الإمامية - صلاة المسافر وقاعدتي الصحة واليد	السيد محمد هادي الميلاني	Masaha	5136	0.57948
		إبطال التأويلات لأخبار الصفات	القاضي أبو يعلى ، محمد بن الحسين بن محمد بن خلف ابن الفراء (المتوفى : 458هـ)	ShamAY	22921	0.57947
		الفصل والوصل في القرآن الكريم	منير سلطان	ShamAY	22883	0.57945
		دفع بغي عدنان على علماء السنة والإيمان	ربيع بن هادي المدخلي	ShamAY	33003	0.57944
		تاريخ الآداب العربية في القرن التاسع عشر والربع الأول من القرن العشرين	رزق الله بن يوسف بن عبد المسيح بن يعقوب شيخو (المتوفى: 1346هـ)	ShamAY	10438	0.57942
		رسائل الشيخ المفيد (ره) في الغيبه	محمد بن  محمد بن نعمان شيخ مفيد	Ghbook	6658	0.57942
		شرح الآجرومية - عبد الكريم الخضير	عبد الكريم الخضير	ShamelaY19	21509	0.57941
		شرح منظومة التفسير	أبو عبد الله، أحمد بن عمر بن مساعد الحازمي	Sham19Y	36126	0.57941
		المبسوط في فقه الإمامية - الجزء1	الشيخ الطوسي	Masaha	724	0.5794
		معالم تاريخ الشرق الأدني القديم	محمد أبو المحاسن عصفور	ShamAY	7320	0.57939
		جواهر الكلام [ج ٣٤]	الشيخ محمّد حسن النّجفي	Rafed	690	0.57936
		 رحلة إلى الحجاز 	 شارل ديدييه 	ABLibrary	9082	0.57935
		عجَالة الإملاءِ المتَيسرةِ من التذنيب	إبراهيم بن محمد بن محمود بن بدر، برهان الدين، أبو إسحاق الحلبي القبيباتي الشافعيّ الناجي (المتوفى: 900هـ)	ShamAY	31584	0.57933
		القواعد الفقهيّة [ج ٣]	آية الله السيّد محمّد حسن البجنوردي	Rafed	709	0.57932
		آيات الغدير	علي كوراني	Ghbook	7506	0.57931
		تفسير نور الثقلين [ج ٤]	الشيخ عبد علي بن جمعة العروسي الحويزي	Rafed	2884	0.57929
		بحار الأنوار [ج ١٣]	الشيخ محمّد باقر بن محمّد تقي المجلسي	Rafed	845	0.57928
		ما رواه الأساطين في عدم المجيء إلى السلاطين	عبد الرحمن بن أبي بكر، جلال الدين السيوطي (المتوفى: 911هـ)	ShamAY	191	0.57926
		الدر النضيد في الاجتهاد و الاحتياط و التقليد	محمد حسن لنگرودي	Ghbook	10145	0.57926
		العباس ابن اميرالمؤمنين حامل لواء الحسين عليهم السلام	سيد علي جمال أشرف	Ghbook	16570	0.57925
		المختصر النافع	جعفر بن حسن محقق حلي	Ghbook	15105	0.57924
		لمحة عن الفرق الضالة	صالح الفوزان	ShamAY	35579	0.57922
		الصحاح تاج اللغة وصحاح العربية	أبو نصر إسماعيل بن حماد الجوهري الفارابي (المتوفى: 393ه)	ShamelaY19	23235	0.57922
		ما قاله الثقلان في أولياء الرحمن	عبد الله بن جوران الخضير	ShamAY	36175	0.57921
		ماهية العقل ومعناه واختلاف الناس فيه	الحارث بن أسد المحاسبي، أبو عبد الله (المتوفى: 243هـ)	ShamAY	6492	0.57921
		السياسه و قانون الاسباب و المسببات	آيت الله العظمي سيد محمد حسيني شيرازي	Ghbook	8064	0.57921
		أنوار الفقاهة (كتاب النكاح)	الشيخ حسن كاشف الغطاء	Masaha	920	0.5792
		أبو بكر الصديق أول الخلفاء الراشدين ت شيحا	محمد رضا (المتوفى: 1369هـ)	ShamAY	7472	0.57917
		الوهابيون خوارج ام سنه	نجاح الطائي	Ghbook	7603	0.57917
		شرح القواعد الفقهية	أحمد بن الشيخ محمد الزرقا [1285هـ - 1357هـ]	ShamAY	6330	0.57916
		جزء حديثي في أحاديث ذكر الخوارج	عبد الباسط الغريب	ShamAY	33051	0.57916
		البلد الأمين و الدرع الحصين	ابراهيم بن علي الكفعمي	Masaha	1057	0.57916
		دراساتنا من الفقه الجعفري	آيت الله العظمي سيد تقي طباطبايي قمي	Ghbook	9675	0.57914
		بحوث معاصره في الساحه الدوليه: اثارات العلمانيه الغربيه حول الاسلام ...	محمد السند	Ghbook	15179	0.57914
		نهاية الإقدام في علم الكلام	الشهرستاني	ShamAY	35590	0.57913
		الشافي في شرح مسند الشافعي لابن الأثير	مجد الدين أبو السعادات المبارك بن محمد بن محمد بن محمد ابن عبد الكريم الشيباني الجزري ابن الأثير (المتوفى: 606ه)	Sham19Y	13241	0.57912
		النشوز بين الزوجين	عايد بن عبد الله الحربي	ShamAY	8965	0.57909
		الأزهر في ألف عام [ج ١]	الدكتور محمد عبد المنعم خفاجي	Rafed	2338	0.57909
		تنقيح مباني العروة - كتاب الصوم	الميرزا جواد التبريزي	Masaha	5059	0.57909
		عمده الاصول ( آية الله السيد محسن الخرازي )	محسن خرازي	Ghbook	15462	0.57907
		أنوار الفقاهة (كتاب الشهادات)	الشيخ حسن كاشف الغطاء	Masaha	906	0.57907
		اللمعة الدمشقية	الشهيد الأول	Masaha	614	0.57906
		 المغني في أبواب التوحيد والعدل 	 القاضي عبد الجبار الهمذاني 	ABLibrary	8626	0.57905
		بدع القراء القديمة والمعاصرة	بكر بن عبد الله أبو زيد	ShamAY	34321	0.57902
		المعين على تفهم الأربعين ت دغش	ابن الملقن سراج الدين أبو حفص عمر بن علي بن أحمد الشافعي المصري (المتوفى: 804 هـ)	ShamAY	32414	0.57901
		الحدائق الناضرة [ج ١٥]	الشيخ يوسف بن أحمد البحراني [ صاحب الحدائق ]	Rafed	2852	0.57901
		نوادر الاثر في علم عمر	عبدالحسين اميني ( علامه اميني )	Ghbook	4588	0.579
		الدر النظيم فى مناقب الأئمة اللهاميم‏	يوسف بن حاتم‏ الشامي	Masaha	4573	0.57899
		التبصرة في أصول الفقه	أبو اسحاق إبراهيم بن علي بن يوسف الشيرازي (المتوفى: 476ه)	ShamelaY19	25787	0.57898
		السبيل الي انهاض المسلمين	آيت الله العظمي سيد محمد حسيني شيرازي	Ghbook	2318	0.57898
		الاستشراق والتبشير	أ. د. محمد السيد الجليند	Sham19Y	10004	0.57897
		الألغاز النحوية وهو الكتاب المسمى (الطراز في الألغاز)	عبد الرحمن بن أبي بكر، جلال الدين السيوطي (المتوفى: 911هـ)	ShamAY	195	0.57896
		الأساس في التفسير [ج ١٠]	سعيد حوّى	Rafed	3160	0.57896
		الصحيحان في الميزان	آيت الله علي حسيني ميلاني	Ghbook	4796	0.57896
		المسائل والرسائل المرويّة عن الإمام أحمد بن حنبل في العقيدة [ج ٢]	الناشر: دار طيبة للنشر والتوزيع	Rafed	3697	0.57894
		الإسلام والإيمان والإحسان	عبد الله الجار الله	ShamAY	35622	0.57893
		الصحاح‌ تاج اللغة و صحاح العربية‌‌ - الجزء1	اسماعيل بن حماد الجوهري	Masaha	955	0.57893
		مصباح الأصول - الجزء1	السيد محمد سرور الواعظ	Masaha	4323	0.57891
		شرح كتاب نقد متون السنة للدميني - محمد حسن عبد الغفار	محمد حسن عبد الغفار	ShamelaY19	37698	0.57889
		مختصر الإفادات في ربع العبادات والآداب وزيادات	الإمام محمد بن بدر الدين بن بلبان الدمشقي الحنبلي (1006 - 1083 ه)	ShamelaY19	147311	0.57889
		إظهار الحق والصواب في حكم الحجاب والتبرج، والسفور، والخلوة بالمرأة الأجنبية، وسفرها بدون محرم، والاختلاط	د. سعيد بن على بن وهف القحطاني	ShamAY	1927	0.57887
		 الحج في الشريعة الإسلامية الغراء 	 الشيخ السبحاني 	ABLibrary	9558	0.57887
		حاشية اللبدي على نيل المآرب	عبد الغني بن ياسين بن محمود بن ياسين بن طه بن أحمد اللبدي النابلسي الحنبلي (المتوفى: 1319ه)	Sham19Y	97809	0.57885
		 موسوعة الفقه الإسلامي طبقا لمذهب أهل البيت ( ع ) 	 مؤسسة دائرة معارف الفقه الاسلامي 	ABLibrary	9651	0.57885
		 بحار الأنوار 	 العلامة المجلسي 	ABLibrary	751	0.57884
		جواهر الكلام [ج ١٨]	الشيخ محمّد حسن النّجفي	Rafed	649	0.57884
		 الدروس الشرعية في فقه الإمامية 	 الشهيد الأول 	ABLibrary	984	0.57881
		المدخل إلى مذهب الإمام الشافعي	فهد الحبيشي	ShamAY	37534	0.57879
		أهوال القبور وأحوال أهلها إلى النشور ط العصرية	زين الدين عبد الرحمن بن أحمد بن رجب الحنبلي (المتوفى: 795هـ)	ShamAY	33761	0.57878
		تذكرة الأريب في تفسير الغريب (غريب القرآن الكريم)	جمال الدين أبو الفرج عبد الرحمن بن علي بن محمد الجوزي (المتوفى: 597هـ)	ShamAY	10450	0.57874
		مدخل في علوم القراءات	السيد رزق الطويل (المتوفى: 1419هـ)	ShamAY	8633	0.57873
		المحيط البرهاني في الفقه النعماني - إحياء التراث	محمود بن أحمد بن الصدر الشهيد النجاري برهان الدين مازه	ShamAY	34208	0.57872
		المجالس السنيه في مناقب و مصائب العتره النبويه ( الامام السجاد عليه السلام )	محسن امين عاملي	Ghbook	6371	0.5787
		الثمر المجتنى مختصر شرح أسماء الله الحسنى في ضوء الكتاب والسُّنَّة	د. سعيد بن علي بن وهف القحطاني	ShamAY	1807	0.57868
		مجلة الأستاذ	جريدة علمية تهذيبية فكاهية صدرت في 24 أغسطس عام 1892 م على يد عبد الله النديم (المتوفى: 1314ه)	Sham19Y	35118	0.57868
		فتح المجيد شرح كتاب التوحيد - حطيبة	الشيخ الطبيب أحمد حطيبة	Sham19Y	36988	0.57867
		أحكام الهجر والهجرة في الإسلام	أبو فيصل البدراني	ShamAY	1713	0.57864
		التباين المنهجي بين المتقدمين والمتأخرين في علوم الحديث	عبد الله السعد	ShamAY	37256	0.57864
		مناسك الحج والعمرة والمشروع في الزيارة	محمد بن صالح بن محمد العثيمين (المتوفى: 1421ه)	ShamelaY19	21585	0.57864
		صلاة الجماعة	الشيخ محمد حسين الأصفهاني	Masaha	5000	0.57864
		وجوب الحكم بما أنزل الله	الواحدي :: عطية سالم	ShamAY	36213	0.57862
		موضوعات خطبة الجمعة	عبد الرحمن بن معلا اللويحق	ShamAY	31072	0.5786
		مغني الأديب [ج ٢]	جماعة من أساتذة الأدب العربي في الحوزة العلميّة بقم المقدّسة	Rafed	3195	0.5786
		الدر المنظوم في ذكر محاسن الأمصار والرسوم‏	حمود بن أحمد بو سعيدي	Masaha	4132	0.57859
		 موارد السجن في النصوص والفتاوى 	 الشيخ نجم الدين الطبسي 	ABLibrary	9691	0.57856
		سلسلة إيمانيات	محمد بن إبراهيم بن إبراهيم بن حسان	ShamAY	7702	0.57854
		الكاشف في معرفة من له رواية في الكتب الستة	شمس الدين أبو عبد الله محمد بن أحمد بن عثمان بن قَايْماز الذهبي (المتوفى: 748هـ)	ShamAY	38033	0.57853
		اليمانيون قادمون	علي كوراني	Ghbook	15115	0.57853
		ثوره الامام الحسن عليه السلام	آيت الله العظمي سيد محمد حسيني شيرازي	Ghbook	7898	0.57852
		انوار الفقاهه - كتاب الحج	حسن بن جعفر بن خضر نجفي كاشف الغطاء	Ghbook	12072	0.57852
		شرح كتاب الإيمان لأبي عبيد - الراجحي	عبد العزيز بن عبد الله بن عبد الرحمن الراجحي	ShamelaY19	37024	0.5785
		حقيقة الشيعة الإثنى عشرية	د. أسعد القاسم	Masaha	239	0.57849
		ذخيره العقبي في شرح العروه الوثقي	آيت الله العظمي علي صافي گلپايگاني	Ghbook	9847	0.57848
		ومضات في فن التحقيق (مهذبة)	أسد مولوي	ShamAY	37612	0.57846
		شرح كتاب الجامع لأحكام العمرة والحج والزيارة - حطيبة	الشيخ الطبيب أحمد حطيبة	ShamAY	366	0.57841
		الرد على الجهمية ت الشوامي	أبي سَعِيدٍ عُثمَانَ بن سعِيدٍ الدَّارمِيِّ	ShamAY	32551	0.5784
		أحكام المرأة والاُسرة	ام علي مشكور	Rafed	257	0.57838
		العقيدة الصحيحة وما يضادها ونواقض الإسلام	عبد العزيز بن عبد الله بن باز (المتوفى: 1420هـ)	ShamAY	311	0.57836
		مهمات حول الجهاد	صالح الفوزان	ShamAY	31295	0.57836
		الفتاوى البزازية أو الجامع الوجيز في مذهب الامام الأعظم أبي حنيفة النعمان	محمد بن شهاب البزاز الكردري	ShamAY	37657	0.57835
		 خطط الشام 	 محمد كرد علي 	ABLibrary	9056	0.57835
		انوار الفقاهه - كتاب الطهاره	حسن بن جعفر بن خضر نجفي كاشف الغطاء	Ghbook	12063	0.57835
		شرح المقدمة المحسبة	طاهر بن أحمد بن بابشاذ (المتوفى: 469 هـ)	ShamAY	38988	0.57832
		الإقناع في فقه الإمام أحمد بن حنبل	موسى بن أحمد بن موسى بن سالم بن عيسى بن سالم الحجاوي المقدسي، ثم الصالحي، شرف الدين، أبو النجا (المتوفى: 968هـ)	ShamAY	7360	0.57832
		عناية المسلمين بإبراز وجوه الإعجاز في القرآن الكريم - حسن عبد الفتاح أحمد	حسن عبد الفتاح أحمد	Sham19Y	11308	0.57832
		الأساليب الإنشائية غير الطلبية في أحاديث رياض الصالحين للنووي	أحمد محمد أمين إسماعيل	ShamAY	35901	0.57831
		التوبة إلى الله - معناها، حقيقتها، فضلها، شروطها	أ. د صالح بن غانم بن عبد الله بن سليمان بن علي السدلان	Sham19Y	36503	0.5783
		تفسير ابن عرفة النسخة الكاملة	محمد بن محمد ابن عرفة الورغمي التونسي المالكي، أبو عبد الله (المتوفى: 803هـ)	ShamAY	1992	0.57828
		قم المقدسه رائده الحضاره	آيت الله العظمي سيد محمد حسيني شيرازي	Ghbook	7781	0.57827
		نور الإيضاح ونجاة الأرواح في الفقه الحنفي	حسن بن عمار بن علي الشرنبلالي المصري الحنفي (المتوفى: 1069ه)	Sham19Y	12117	0.57826
		 جواهر الكلام في ثوبه الجديد 	 الشيخ الجواهري 	ABLibrary	9369	0.57825
		 الدر المنظوم في ذكر محاسن الأمصار والرسوم 	 حمود بن أحمد البوسعيدي 	ABLibrary	9066	0.57823
		مشروعية الاجتهاد في فروع الاعتقاد	الخطيب الشربيني	ShamAY	35754	0.57822
		شركيات وعقائد الصوفية	محمد بن عبد الله الإمام	ShamAY	35388	0.57821
		الصاحب بن عباد وشعره في الغدير	الشيخ عبد الحسين الأميني النجفي	Masaha	324	0.5782
		الإيمانُ بالملائكة وبيانُ صفاتهم	علي بن نايف الشحود	ShamAY	35262	0.57817
		حكم البناء علي القبور	المجمع العالمي لاهل البيت عليهم السلام	Ghbook	7642	0.57815
		تفسير كتاب الله العزيز [ج ٣]	هود بن محكم الهوّاري الأوراسي	Rafed	3820	0.57813
		حديث ثلاث من كن فيه وجد بهن حلاوة الإيمان .. وقفات وتأملات	فالح بن محمد الصغير	ShamAY	35982	0.57811
		دور المملكة العربية السعودية في مكافحة الارهاب دولة وعلماء	محمد أحمد عبد الغني	ShamAY	33387	0.57808
		مجلة الأستاذ	جريدة علمية تهذيبية فكاهية صدرت في 24 أغسطس عام 1892 م على يد عبد الله النديم (المتوفى: 1314ه)	ShamelaY19	35118	0.57808
		الوافي في كيفية ترتيل القرآن الكريم (شرح واف لمتني الجزرية وتحفة الأطفال)	أحمد محمود عبد السميع الشافعى الحفيان	ShamAY	1168	0.57806
		 رحلة بنيامين التطيلى 	 بنيامين التطيلي 	ABLibrary	9090	0.57804
		القضايا الكبرى	مالك بن الحاج عمر بن الخضر بن نبي (المتوفى: 1393ه)	ShamelaY19	32674	0.57802
		الرسائل العشر	المحقق الحلي	Masaha	623	0.57801
		الفتاوى المعاصرة في الرافضة		ShamAY	35290	0.578
		بلاغات النساء	أبو الفضل أحمد بن أبي طاهر ابن طيفور (المتوفى: 280هـ)	ShamAY	12848	0.57798
		حاشية الخضري على شرح ابن عقيل على ألفية ابن مالك	محمد بن مصطفى الخضري	ShamAY	37045	0.57796
		 مكاتيب الأئمة ( ع ) 	 علي الأحمدي الميانجي 	ABLibrary	7778	0.57796
		شرح كتاب الباعث الحثيث	أبو الأشبال حسن الزهيري آل مندوه المنصوري المصري	ShamelaY19	37066	0.57794
		التهذيب في مناسك العمره و الحج	آيت الله العظمي ميرزا جواد تبريزي	Ghbook	3471	0.57794
		كلمات من خط النار الأول	عبد الله عزام	ShamAY	33473	0.57791
		تسفيه أدعياء التنزيه - عبد الله الخليفي	ابن الجوزي	ShamAY	35519	0.57789
		تيسير الاعتقاد	وليد بن راشد السعيدان	ShamAY	35617	0.57787
		فقه عمل اليوم والليلة	أبو محمد عبد الله بن مانع بن غلاب الغبيوي الروقي العتيبي	ShamAY	32516	0.57787
		لا للحدود الجغرافيه ..	آيت الله العظمي سيد محمد حسيني شيرازي	Ghbook	7883	0.57787
		الحدائق الناضرة [ج ٢٢]	الشيخ يوسف بن أحمد البحراني [ صاحب الحدائق ]	Rafed	2993	0.57786
		موسوعة كتب الحج	مجموعة من المؤلفين	ShamAY	36415	0.57784
		شرح تفسير ابن كثير - الراجحي	عبد العزيز بن عبد الله بن عبد الرحمن الراجحي	ShamelaY19	37048	0.57783
		المنهج بين الماضي والحاضر	عبد الله بن أحمد قادري	ShamAY	8957	0.57782
		 رحلة ابن بطوطة ( تحفة النظار في غرائب الأمصار وعجائب الأسفار ) 	 ابن بطوطة 	ABLibrary	9075	0.57782
		في رحاب الزيارة الجامعة	السيد علي الحسيني الصدر	Rafed	3231	0.57782
		تبيان الصلاة	آيت الله العظمي سيد حسين طباطبايي بروجردي	Ghbook	10120	0.57782
		الزهور المقتطفة من تاريخ مكة المشرفة	محمد بن أحمد الفاسي	Masaha	4654	0.57782
		سمات المؤمنين في الفتن وتقلب الأحوال	صالح بن عبد العزيز بن محمد بن إبراهيم آل الشيخ	ShamAY	30899	0.5778
		حسن البنا، الرجل والفكرة	محمد عبد الله السمان (المتوفى: 1428ه)	ShamelaY19	115123	0.5778
		الشعر في خراسان من الفتح إلى نهاية العصر الأموي	حسين عطوان	ShamelaY19	23138	0.57779
		مدخل في علوم القراءات	السيد رزق الطويل (المتوفى: 1419ه)	Sham19Y	8633	0.57779
		نهاية الحكمة [ج ٢]	آية الله السيد محمد حسين الطباطبائي	Rafed	3109	0.57779
		تفسير كنز الدّقائق وبحر الغرائب [ج ٧]	الشيخ محمّد بن محمّد رضا القمّي المشهدي	Rafed	3008	0.57778
		مصر و اهل البيت (عليهم السلام)	علي كوراني	Ghbook	15120	0.57774
		الإكليل في استنباط التنزيل	عبد الرحمن بن أبي بكر، جلال الدين السيوطي (المتوفى: 911هـ)	ShamAY	1385	0.57772
		أبحاث حول الحدود في الإسلام	جمعة علي الخولي	ShamAY	36677	0.5777
		الأندلس من الفتح إلى السقوط	راغب الحنفي راغب السرجاني	ShamAY	11	0.5777
		السواك وسنن الفطرة - المقدم	محمد أحمد إسماعيل المقدم	ShamAY	372	0.57769
		الفوائد الرجاليه	محمد اسماعيل بن الحسين بن محمدرضا مازندراني خواجوئي	Ghbook	9012	0.57768
		آيات الحج في القران الكريم	أبو هاشم صالح بن عواد بن صالح المغامسي	Sham19Y	37746	0.5776
		موسوعة الإمام أميرالمؤمنين علي بن أبي طالب عليه السلام [ج ٣ و ٤]	باقر شريف القرشي	Rafed	381	0.57758
		عمر بن عبد العزيز معالم التجديد والإصلاح الراشدي على منهاج النبوة	عَلي محمد محمد الصَّلاَّبي	ShamAY	299	0.57756
		مكانة أهل الحديث ومآثرهم وآثارهم الحميدة في الدين	ربيع بن هادي المدخلي	ShamAY	33005	0.57754
		شمس العلوم و دواء كلام العرب من الكلوم	نشوان  بن سعيد حميري	Ghbook	16230	0.57754
		الأندلس من الفتح إلى السقوط	راغب الحنفي راغب السرجاني	ShamelaY19	21877	0.57753
		شرح القواعد الفقهية	أحمد بن الشيخ محمد الزرقا [1285ه - 1357ه]	Sham19Y	6330	0.57753
		تنقيح مباني العروه : الاجتهاد والتقليد و الطهاره	آيت الله العظمي ميرزا جواد تبريزي	Ghbook	10143	0.57753
		بحوث في اللغة	مجموعة من المؤلفين	ShamAY	37198	0.57752
		مذهب أهل البيت(ع)	السيد علي نقي الحيدري	Masaha	406	0.57752
		الاستيعاب فيما قيل في الحجاب	فريح بن صالح البهلال	ShamAY	36480	0.5775
		مسند الإمام الهادي أبي الحسن علي بن محمد(ع)	عزيز الله عطاردي‏	Masaha	2477	0.5775
		 ملكية الدولة 	 الشيخ محمد السند 	ABLibrary	9553	0.57749
		مباحث الأصول - الجزء1	الشيخ محمد تقي البهجة	Masaha	4251	0.57748
		 كتاب منجم العمران في المستدرك على معجم البلدان 	 السيد محمد أمين الخانجي 	ABLibrary	9164	0.57746
		موسوعة رد الشبهات الفقهية المعاصرة (الحدود)	محمد جواد فاضل لنكراني	Ghbook	15241	0.57746
		الضابط اللغوي في التفسير العلمي		ShamAY	36919	0.57744
		حجية خبر الآحاد في العقائد والأحكام - عامر حسن صبري	عامر بن حسن صبري	ShamAY	11153	0.57744
		الحسن بن علي بن أبي طالب رضي الله عنه	علي محمد محمد الصلابي	ShamAY	35786	0.57743
		 منتهى السؤل على وسائل الوصول إلى شمائل الرسول ( ص ) 	 عبد الله بن سعيد محمد عبادي اللحجي 	ABLibrary	7799	0.57741
		و لكم في رسول الله اسوه حسنه ...	آيت الله العظمي سيد محمد حسيني شيرازي	Ghbook	7791	0.57737
		كتاب اللّامات	عبد الرحمن بن إسحاق الزّجّاجي	Rafed	2573	0.57736
		التوبة إلى الله - معناها، حقيقتها، فضلها، شروطها	أ. د صالح بن غانم بن عبد الله بن سليمان بن علي السدلان	ShamAY	320	0.57735
		بحار الأنوار [ج ٥٢]	الشيخ محمّد باقر بن محمّد تقي المجلسي	Rafed	1009	0.57735
		أقوال العلماء في بن لادن مع تعليقات جديدة	مقتطفات من أقوال العلماء	ShamAY	37681	0.57733
		الحوار القرآني في ضوء سورة الأنعام "دراسة موضوعية "	أحمد بن محمد الشرقاوى	ShamAY	33135	0.57731
		أصول السرخسي	محمد بن أحمد بن أبي سهل شمس الأئمة السرخسي (المتوفى: 483هـ)	ShamAY	6301	0.5773
		القواعد والفوائد الأصولية ومايتبعها من الأحكام الفرعية	ابن اللحام، علاء الدين أبو الحسن علي بن محمد بن عباس البعلي الدمشقي الحنبلي (المتوفى: 803هـ)	ShamAY	8526	0.5773
		عبد الله التليدي العلامة المربي والمحدث الأثري	الحسين اشبوكي	ShamAY	38596	0.57722
		قضية تحرير المرأة	محمد قطب	ShamAY	33325	0.5772
		شرح العمدة في بيان مناسك الحج والعمرة المؤلف: تقي الدين أبو العباس أحمد بن عبد الحليم بن عبد السلام بن عبد الله بن أبي القاسم بن محمد ابن تيمية الحراني الحنبلي الدمشقي (المتوفى: 728 هـ)	ابن تيمية	ShamAY	32298	0.5772
		التذكار في أفضل الأذكار من القرآن الكريم	أبو عبد الله عبد الله محمد بن أحمد القرطبي المفسر (671 هـ)	ShamAY	33729	0.5772
		شرح المقاصد في علم الكلام	التفتازاني	ShamAY	33884	0.57718
		الوصائل إلى الرسائل [ج ١٤]	آية الله السيد محمد الشيرازي	Rafed	3754	0.57718
		موجز عن النهضه الحسينيه	آيت الله العظمي سيد محمد حسيني شيرازي	Ghbook	7850	0.57718
		أهل البيت في آية التطهير	السيد جعفر مرتضى العاملي	Masaha	187	0.57718
		الوافي في كيفية ترتيل القرآن الكريم (شرح واف لمتني الجزرية وتحفة الأطفال)	أحمد محمود عبد السميع الشافعى الحفيان	ShamelaY19	37615	0.57716
		شرح سنن النسائي المسمى «ذخيرة العقبى في شرح المجتبى».	محمد بن علي بن آدم بن موسى الإثيوبي الولوي	Sham19Y	12888	0.57713
		مجمع الأفكار ومطرح الأنظار [ج ٥]	محمد علي الإسماعيل پور الشهرضائي	Rafed	3791	0.57712
		أكلة لحوم البشر	يحيى بن موسى الزهراني	ShamAY	35153	0.57711
		عناية المسلمين باللغة العربية خدمة للقرآن الكريم - سليمان بن إبراهيم بن محمد العايد	أ. د. سليمان بن إبراهيم بن محمد العايد	ShamAY	11311	0.57711
		أهوال القبور وأحوال أهلها إلى النشور	زين الدين عبد الرحمن بن أحمد بن رجب بن الحسن، السَلامي، البغدادي، ثم الدمشقي، الحنبلي (المتوفى: 795هـ)	ShamAY	10900	0.57711
		 المغني في أبواب التوحيد والعدل 	 القاضي عبد الجبار الهمذاني 	ABLibrary	8630	0.57711
		نزول القران الكريم وتاريخه وما يتعلق به	الدكتور محمد عمر حويه	ShamAY	12112	0.57708
		 المدخل إلى صناعة الطب ( إيساغوجي ) 	 محمد بن زكريا الرازي 	ABLibrary	9826	0.57708
		الأسرة في المجتمع الإسلامي	مركز الرسالة	Masaha	555	0.57706
		أنواع الصبر ومجالاته - مفهوم، وأهمية، وطرق، وتحصيل في ضوء الكتاب والسنة	د. سعيد بن علي بن وهف القحطاني	ShamelaY19	96479	0.57705
		الأصول من علم الأصول	محمد بن صالح بن محمد العثيمين (المتوفى: 1421 ه)	Sham19Y	9942	0.57705
		إحسان خلق الإنسان	أبو محمد عبد الكريم بن صالح بن عبد الكريم الحميد	ShamelaY19	37576	0.57704
		نهاية التدريب في الفقه الشافعي	العمريطي	ShamAY	37368	0.577
		سلسلة جامع تراث العلامة الألباني في العقيدة (تحتوي على ما يقارب ألفي مسألة وفائدة عقدية مستخرجة من تراث العلامة الألباني بعناية)	الواحدي :: ناصر الدين الألباني	ShamAY	33154	0.577
		القطوف الدانية في المسائل الثمانية - الجزء1	السيد عبد المحسن السراوي	Masaha	377	0.577
		مناهج التربية أسسها وتطبيقاتها	على أحمد مدكور	Sham19Y	8175	0.57699
		الإسلام دين الوسطية والفضائل والقيم الخالدة	عبد السلام الهراس	ShamAY	1119	0.57698
		الإمام النووي	الواحدي :: أحمد فريد	ShamAY	35811	0.57698
		نهاية الإقدام في علم الكلام	أبو الفتح محمد بن عبد الكريم بن أبى بكر أحمد الشهرستاني (المتوفى: 548 هـ)	ShamAY	33895	0.57695
		شرح فتح المجيد للغنيمان	عبد الله بن محمد الغنيمان	ShamelaY19	37166	0.57695
		طحن مفتريات العلمانيين	أبو حسام الدين الطرفاوي	ShamAY	33309	0.57693
		جامعه الاصول	ملا محمد مهدي نراقي	Ghbook	8814	0.57693
		بلوغ الأرب بتقريب كتاب الشعب	محمد خلف سلامة	ShamAY	34809	0.57692
		الشناعة على من رد أحاديث الشفاعة (ردٌّ على مصطفى محمود)	أبو محمد عبد الكريم بن صالح بن عبد الكريم الحميد	ShamAY	1674	0.57691
		المختصر في فقه العبادات	خالد بن علي بن محمد بن حمود بن علي المشيقح	Sham19Y	31285	0.57691
		منتهى الدّراية في توضيح الكفاية [ج ١]	السيّد محمّد جعفر الجزائري المروّج	Rafed	2029	0.5769
		الشعور بالمسووليه	آيت الله العظمي سيد محمد حسيني شيرازي	Ghbook	7771	0.5769
		نقد «نصوص حديثية في الثقافة العامة» جمع وتصنيف محمد المنتصر الكتاني أستاذ الحديث	محمد ناصر الدين الألباني	ShamelaY19	133363	0.57689
		عقيدة المسلم في ضوء الكتاب والسُّنَّة - المفهوم، والفضائل، والمعنى، والمقتضى، والأركان، والشروط، والنواقص، والنواقض	د. سعيد بن على بن وهف القحطاني	ShamAY	1925	0.57688
		الشَّافِي فيْ شَرْح مُسْنَد الشَّافِعي لابْنِ الأثِيرْ	مجد الدين أبو السعادات المبارك بن محمد بن محمد بن محمد ابن عبد الكريم الشيباني الجزري ابن الأثير (المتوفى: 606هـ)	ShamAY	31758	0.57688
		كيف تحافظ على صلاة الفجر	د.راغب السرجاني	ShamAY	34924	0.57687
		جهد المحتفي في أمر العالم المختفي	مرزوق بن هياس آل مرزوق الزهراني، الأستاذ المشارك بكلية الحديث الشريف والدراسات الإسلامية بالجامعة الإسلامية بالمدينة المنورة	ShamelaY19	132394	0.57685
		كتاب الحج	محمود حسيني شاهرودي	Ghbook	10126	0.57685
		شرح كتاب الصوم من صحيح البخاري	أبو محمد، عبد الله بن مانع بن غلاب الغبيوي الروقي العتيبي	ShamAY	32003	0.57684
		الهجمات المغرضة على التاريخ الإسلامي	محمد مظهر صديقي	Sham19Y	9268	0.57684
		شرح كتاب الإيمان لأبي عبيد - الراجحي	عبد العزيز بن عبد الله بن عبد الرحمن الراجحي	ShamAY	51	0.57683
		إرشاد الأذهان إلى أحكام الإيمان - الجزء1	العلامة الحلي	Masaha	749	0.57683
		الخلاصة في أشراط الساعة الكبرى	الواحدي :: علي بن نايف الشحود	ShamAY	36078	0.57682
		مجموعة رسائل العلامة قاسم بن قطلوبغا	أبو الفداء زين الدين قاسم بن قُطْلُوْبَغَا السُّوْدُوْنِي الجمالي الحنفي (المتوفى: 879 هـ)	ShamAY	32450	0.57682
		الفتوح - الجزء1	ابن الأعثم الكوفي	Masaha	2954	0.57682
		مستمسك العروة الوثقى [ج ٣]	آية الله السيد محسن الطباطبائي الحكيم	Rafed	396	0.5768
		عقود الزبرجد على مسند الإمام أحمد في إعراب الحديث	عبد الرحمن بن أبي بكر، جلال الدين السيوطي (المتوفى: 911هـ)	ShamAY	23077	0.57678
		شرح متن أبي شجاع - محمد حسن عبد الغفار	محمد حسن عبد الغفار	ShamelaY19	37686	0.57678
		شمس الله تشرق على الغرب = فضل العرب على أوروبا	د. سيجريد هونكه	ShamelaY19	148532	0.57678
		كيف تكسب الأصدقاء وتؤثر في الآخرين في العصر الرقمي	ديل كارنيجي وشركاه	ShamAY	38581	0.57675
		شرح الزرقاني على موطأ الإمام مالك	محمد بن عبد الباقي بن يوسف الزرقاني المصري الأزهري	ShamAY	551	0.57672
		تهذيب الأسماء واللغات للإمام النووي	النووي	ShamAY	34626	0.57671
		التشيع نشاته و عقايده	محمدتقي فخعلي	Ghbook	11354	0.57671
		مآخذ منهجية على الشيخ سفر الحوالي	ربيع بن هادي المدخلي	ShamAY	33032	0.5767
		موسوعة الإمام الخوئي [ج ١٨]	الشيخ مرتضى البروجردي	Rafed	1595	0.57669
		حاشية على الرسائل‏	عبد الرسول‏ الساباطي اليزدي	Masaha	3631	0.57669
		كلمة الإخلاص وتحقيق معناها	زين الدين عبد الرحمن بن أحمد بن رجب بن الحسن، السَلامي، البغدادي، ثم الدمشقي، الحنبلي (المتوفى: 795هـ)	ShamAY	6490	0.57668
		سبع مسائل في علم الخلاف	أبو مجاهد عبد العزيز بن عبد الفتاح بن عبد الرحيم بن الملا محمد عظيم القارئ المدني	Sham19Y	4811	0.57668
		تبصره المتعلمين في احكام الدين	حسن بن يوسف بن مطهر علامه حلي	Ghbook	10362	0.57668
		تفسير أسماء الله الحسنى للزجاج	إبراهيم بن السري بن سهل، أبو إسحاق الزجاج (المتوفى: 311ه)	Sham19Y	6468	0.57667
		تفسير ابن عرفة النسخة الكاملة	محمد بن محمد ابن عرفة الورغمي التونسي المالكي، أبو عبد الله (المتوفى: 803ه)	ShamelaY19	96753	0.57666
		موصل الطلاب إلى قواعد الإعراب	خالد بن عبد الله بن أبي بكر بن محمد الجرجاويّ الأزهري، زين الدين المصري، وكان يعرف بالوقاد (المتوفى: 905هـ)	ShamAY	6973	0.57665
		أكثر من 1000 سنة في اليوم والليلة	أبو عبد الملك خالد بن عبد الرحمن الحسينان	ShamelaY19	37582	0.57665
		مستدرك الوسائل [ج ١]	الشيخ حسين النوري الطبرسي [ المحدّث النوري ]	Rafed	1141	0.57664
		الغذاء دواء	الشيخ أحمد الوائلي	Masaha	1728	0.5766
		شرح كتاب سيبويه [ج ٢]	أبي سعيد السّيرافي الحسن بن عبدالله بن المرزبان	Rafed	2787	0.57659
		الآيا ت الكونية ودلالتها على وجود الله تعالى	الشعراوي	ShamAY	35605	0.57658
		نهايه الدرايه في شرح الكفايه [آخوند خراساني] ( طبع جديد )	محمد حسين غروي اصفهاني ( كمپاني )	Ghbook	12204	0.57658
		الصواعق السماوية علي منكري آيات الكتاب وصحيح السنة		ShamAY	35486	0.57656
		رسم المصحف العثماني وأوهام المستشرقين في قراءات القرآن الكريم	الدكتور/ عبد الفتاح إسماعيل شلبي	ShamAY	10014	0.57651
		العلم .. فضله وكيفية طلبه		ShamAY	35199	0.57651
		بحر الفوائد في شرح الفرائد [ج ٦]	آية الله ميرزا محمّد حسن بن جعفر الآشتياني	Rafed	931	0.57651
		الشيعة .. عقائد وموائد	عبد الرحمن الزكزكي	ShamAY	35672	0.5765
		كتاب اللمع في الرّد على أهل الزّيغ والبدع	أبي الحسن الأشعري	Rafed	3452	0.5765
		الأمر بين الأمرين	الشيخ محمد مهدي الآصفي	Masaha	116	0.5765
		عناية المسلمين بإبراز وجوه الإعجاز في القرآن الكريم - حسن عبد الفتاح أحمد	حسن عبد الفتاح أحمد	ShamAY	11308	0.57648
		أخبار الدولة العباسية وفيه أخبار العباس وولده	مؤلف أخبار الدولة العباسية - مجهول (المتوفى: ق 3هـ)	ShamAY	12226	0.57647
		كلمه الامام الحسين ( عليه السلام ) 	حسن شيرازي	Ghbook	5940	0.57647
		أخطاء المرأة المتعلقة بالجنائز	ندا أبو أحمد	ShamAY	36539	0.57646
		محرمات متمكنة في الأمة	الواحدي :: ابن جبرين	ShamAY	35084	0.57646
		الباعث الحثيث إلى اختصار علوم الحديث	أبو الفداء إسماعيل بن عمر بن كثير القرشي البصري ثم الدمشقي (المتوفى: 774ه)	ShamelaY19	21571	0.57645
		كيف تتخلص من السحر	أ. د / عبد الله بن محمد بن أحمد الطيار	Sham19Y	11357	0.57644
		البرهان في تفسير القرآن	هاشم بن سليمان بحراني	Ghbook	2694	0.57643
		الحسبة في الإسلام	المراغي، أحمد بن مصطفى	ShamelaY19	132424	0.57638
		معتمد العروة الوثقى - الجزء1	السيد محمد رضا الموسوي الخلخالي	Masaha	887	0.57638
		48 سؤالاً في الصيام	محمد بن صالح بن محمد العثيمين (المتوفى: 1421هـ)	ShamAY	21528	0.57637
		التربية الإسلامية ومراحل النمو	عباس محجوب	ShamAY	10290	0.57637
		كُسُوفُ الشَّمْسِ بَينَ التَّخْويْفِ والتَّزيِيْفِ		ShamAY	36604	0.57634
		تفسير النسفى موافق للمطبوع داخل الصفحات	أبو البركات عبد الله بن أحمد بن محمود النسفي	ShamAY	34061	0.57632
		إظهار الحق والصواب في حكم الحجاب والتبرج، والسفور، والخلوة بالمرأة الأجنبية، وسفرها بدون محرم، والاختلاط	د. سعيد بن على بن وهف القحطاني	Sham19Y	96548	0.57631
		 موسوعة مصطلحات ابن خلدون والشريف علي محمد الجرجاني 	 رفيق العجم 	ABLibrary	8656	0.57631
		المحكم في أصول الفقه [ج ٣]	السيّد محمّد سعيد الطباطبائي الحكيم	Rafed	2986	0.5763
		 مناسك الحج 	 السيد الخامنئي 	ABLibrary	9627	0.57626
		إبراهيم السامرائي علامة العربية الكبير والباحث الحجة	أحمد العلاونة	ShamAY	38615	0.57625
		 اللمع في الرد على أهل الزيغ والبدع 	 أبو الحسن الأشعري 	ABLibrary	8582	0.57623
		 أهوال القبور وأحوال أهلها إلى النشور 	 عبد الرحمن بن أحمد الحنبلي البغدادي الدمشقي 	ABLibrary	8352	0.57623
		زاد المسير في علم التفسير [ج ٣]	أبي الفرج عبدالرحمن ابن علي ابن الجوزي	Rafed	3326	0.57622
		البديع في البديع لابن المعتز	أبو العباس، عبد الله بن محمد المعتز بالله ابن المتوكل ابن المعتصم ابن الرشيد العباسي (المتوفى: 296هـ)	ShamAY	11661	0.57621
		رفع الاشتباه من مسائل المياه	أبو الفداء زين الدين قاسم بن قُطْلُوْبَغَا السُّوْدُوْنِي (نسبة إلى معتق أبيه سودون الشيخوني) الجمالي الحنفي (المتوفى: 879هـ)	ShamAY	2014	0.57621
		 مع الركب الحسيني 	 مجموعة مؤلفين 	ABLibrary	7748	0.57619
		الدر الثمين في معالم دار الرسول الأمين صلى الله عليه وسلم	غالي الشنقيطي	ShamAY	38442	0.57618
		 نهاية الأفكار ونزهة الأبصار 	 عبد الله بن قاسم الحريري الإشبيلي البغدادي 	ABLibrary	9885	0.57618
		رسالات ولائية	السيد عادل العلوي	Masaha	299	0.57618
		الحب في الله	أبو محمد عبد الكريم بن صالح بن عبد الكريم الحميد	ShamAY	1059	0.57617
		التعليق على الرحيق المختوم	أبو عبد الرحمن محمود بن محمد الملاح	Sham19Y	14572	0.57615
		أسس القضاء والشهادة	الميرزا جواد التبريزي	Masaha	4937	0.57615
		المغني لابن قدامة	أبو محمد موفق الدين عبد الله بن أحمد بن محمد بن قدامة الجماعيلي المقدسي ثم الدمشقي الحنبلي، الشهير بابن قدامة المقدسي (المتوفى: 620هـ)	ShamAY	8463	0.57612
		التاج المكلل من جواهر مآثر الطراز الآخر والأول	أبو الطيب محمد صديق خان بن حسن بن علي ابن لطف الله الحسيني البخاري القِنَّوجي (المتوفى: 1307هـ)	ShamAY	32275	0.57611
		ديوان جرير بشرح محمد بن حبيب	جرير	ShamelaY19	133412	0.57611
		المسلم بين الهوية الإسلامية والهوية الجاهلية	علي بن نايف الشحود	ShamAY	33265	0.5761
		النهضة الحسينية وعلم الامام عليه السلام	آيت الله العظمي لطف اللّه صافي گلپايگاني	Ghbook	15403	0.5761
		مع الحرس و الشرطه	آيت الله العظمي سيد محمد حسيني شيرازي	Ghbook	7881	0.57609
		مختصر منسك شيخ الإسلام ابن تيمية رحمه الله	حسين بن محمد بن عبد الله آل الشيخ	ShamAY	884	0.57608
		مقالة التعطيل والجعد بن درهم	محمد بن خليفة بن علي التميمي	ShamAY	12079	0.57608
		اجوبه علي اسئله بعض علماء الطالبان	علي كوراني	Ghbook	7515	0.57608
		الخلاصة في علم الجرح والتعديل	علي بن نايف الشحود	ShamAY	37262	0.57607
		والثمن الجنة	عبد الملك بن محمد القاسم	ShamelaY19	95677	0.57607
		 الحاشية على أصول الكافي 	 المولى محمد أمين الاسترابادى 	ABLibrary	7911	0.57606
		فلسفه الحج	آيت الله العظمي سيد محمد حسيني شيرازي	Ghbook	7772	0.57605
		كشف المراد في شرح تجريد الإعتقاد	العلامة الحلي	Masaha	384	0.57605
		الامامه و النص	المجمع العالمي لاهل البيت عليهم السلام	Ghbook	7527	0.57604
		تاريخ شبه الجزيرة العربية في عصورها القديمة	عبد العزيز صالح	ShamAY	481	0.57602
		أعلام المهندسين في الاسلام	احمد تيمور	Masaha	4071	0.57602
		 فقه الشيعة ( كتاب الخمس والأنفال ) 	 السيد محمد مهدي الموسوي الخلخالي 	ABLibrary	9632	0.57601
		الإمامة في القرآن والسنة	امتثال الحبش	Masaha	94	0.57601
		شرح ثلاثة الأصول للعثيمين	محمد بن صالح بن محمد العثيمين (المتوفى: 1421هـ)	ShamAY	11257	0.57598
		شرف المصطفى - الجزء1	أبو سعيد الخركوشي النيشابوري‏	Masaha	2290	0.57597
		تفسير الإمام ابن عرفة	محمد بن محمد ابن عرفة الورغمي التونسي المالكي، أبو عبد الله (المتوفى: 803هـ)	ShamAY	67	0.57592
		فضائل الأئمة الأربعة وما امتاز به كل إمام من الفضيلة، ويليه: فصل في اشتراط حفظ القرآن للمجتهد، وفصل آخر: في مدارك الكراهة	شيخ الإسلام أبو العباس أحمد بن عبد الحليم ابن تيمية الحراني	ShamAY	34394	0.5759
		زاد المسير في علم التفسير [ج ٢]	أبي الفرج عبدالرحمن ابن علي ابن الجوزي	Rafed	3325	0.57589
		الآثار الواردة عن عمر بن عبد العزيز في العقيدة	حياة بن محمد بن جبريل	ShamAY	11723	0.57588
		شرح علل الترمذي	زين الدين عبد الرحمن بن أحمد بن رجب بن الحسن، السَلامي، البغدادي، ثم الدمشقي، الحنبلي (المتوفى: 795هـ)	ShamAY	9552	0.57587
		 بحار الأنوار 	 العلامة المجلسي 	ABLibrary	745	0.57585
		تنقيح مباني العروة - كتاب الاجتهاد والتقليد	الميرزا جواد التبريزي	Masaha	5053	0.57585
		شرح الحلقة الأولى	ناجي طالب‏ آل فقيه العاملي	Masaha	3982	0.57585
		 الجراحة ، المقالة الثلاثون من التصريف لمن عجز عن التأليف 	 خلف بن عباس الزهراوي 	ABLibrary	9847	0.57584
		شمائل الرسول صلى الله عليه وآله وسلم	أحمد بن عبد الفتاح زواوى	ShamelaY19	23646	0.57583
		المسالك والحلول لوثنية القبور - الداء والدواء	عبد العزيز بن محمد آل عبد اللطيف	ShamAY	37797	0.57582
		دلائل الصدق لنهج الحق [ج ٦]	الشيخ محمد حسن المظفر	Rafed	253	0.57581
		شرح شافية ابن الحاجب [ج ٢]	الشيخ رضي الدين محمّد بن الحسن الاستراباذي النحوي	Rafed	1851	0.57581
		تعليقات الشيخ البراك على المخالفات العقدية في فتح الباري	عبد الرحمن البراك	ShamAY	35520	0.5758
		شرح المطلع على متن إيساغوجي	أبو عبد الله، أحمد بن عمر بن مساعد الحازمي	ShamAY	839	0.57578
		شرح متن أبي شجاع - محمد حسن عبد الغفار	محمد حسن عبد الغفار	ShamAY	717	0.57575
		التيسير بشرح الجامع الصغير	زين الدين محمد المدعو بعبد الرؤوف بن تاج العارفين بن علي بن زين العابدين الحدادي ثم المناوي القاهري (المتوفى: 1031هـ)	ShamAY	5769	0.57575
		دروس في علم الأصول [ج ١]	آية الله السيّد محمّد باقر الصدر	Rafed	2632	0.57575
		الشرح المختصر لنظم الورقات	أبو عبد الله، أحمد بن عمر بن مساعد الحازمي	ShamAY	493	0.57574
		منزلة الصحابة في القرآن	صلاح الصاوي	ShamAY	35840	0.57573
		المدينة المنوّرة بين الأدب والتاريخ	الدكتور عاصم حمدان علي حمدان	Rafed	2346	0.57572
		مغني الاديب (مغني)	جمعي از پژوهشگران حوزه علميه قم	Ghbook	15431	0.57571
		تفسير التابعين .. عرض ودراسة مقارِنة	د. محمد بن عبد الله بن علي الخضيري	ShamAY	34107	0.5757
		شرح الرضي على الكافية لابن الحاجب (ط قار يونس)	تأليف الشيخ رضي الدين محمد بن الحسن الاستراباذي النحوي 686 هـ	ShamAY	34696	0.57569
		المهدويه عند اهل البيت (عليهم الصلاه و السلام)	عبدالكريم بهبهاني	Ghbook	6625	0.57569
		مذكرة على العقيدة الواسطية	محمد بن صالح بن محمد العثيمين (المتوفى: 1421ه)	Sham19Y	96858	0.57568
		السنة كلها تشريع - موسى شاهين لاشين	موسى شاهين لاشين (المتوفى: 1430ه)	ShamelaY19	36192	0.57567
		شرح كفاية المتحفظ (تحرير الرواية في تقرير الكفاية)	محمد بن الطيب الفاسي	ShamelaY19	32194	0.57567
		بحار الأنوار [ج ٤١]	الشيخ محمّد باقر بن محمّد تقي المجلسي	Rafed	966	0.57567
		قواعد معرفة البدع	محمد بن حسين بن حسن الجيزاني	ShamAY	32111	0.57566
		ما هو نهج البلاغة	السيد هبة الدين الحسيني الشهرستاني	Rafed	4058	0.57566
		الصحيفه السجاديه الجامعه	محمد باقر بن مرتضي موحد ابطحي اصفهاني	Ghbook	6369	0.57566
		موقف ابن سينا من النبوة والأنبياء	صالح الرقب	ShamAY	35630	0.57565
		السحر والشعوذة في ضوء الكتاب والسنة	محمد أحمد عبد الغني	ShamAY	36132	0.57562
		تاريخ الطب في الدولة الاسلامية	عامر نجار	Ghbook	10026	0.57562
		رسالة إنقاذ الهالكين (تبحث في حكم أخذ الأجرة على تلاوة القرآن الكريم)	تقي الدين، محمد بن بير علي البركوي الرومي الحنفي (المتوفى: 981هـ)	ShamAY	972	0.5756
		رحلة ابن بطوطة [ج ٤]	شمس الدين أبي عبد الله محمد بن عبد الله اللواتي الطنجي	Rafed	2361	0.57559
		مناهج الأخيار في شرح الاستبصار - الجزء1	السيد احمد العلوي العاملي	Masaha	1315	0.57559
		 دراسة في علامات الظهور 	 السيد جعفر مرتضى العاملي 	ABLibrary	924	0.57558
		شرح كتاب كشف الشبهات في التوحيد	الشيخ عبدالعزيز الراجحي	ShamAY	35436	0.57554
		النفائس في أدلة هدم الكنائس	ابن الرفعة	ShamAY	36029	0.57554
		 إعلام النبلاء بتاريخ حلب الشهباء 	 محمد راغب الطباخ الحلبي 	ABLibrary	8956	0.57552
		مجمع الفائدة والبرهان في شرح إرشاد الأذهان [ج ٤]	الشيخ أحمد بن محمّد الأردبيلي [ المقدّس الأردبيلي ]	Rafed	1897	0.57552
		 من البحر المتوسط إلى الخليج 	 ماكس فرايهر فون اوپنهايم 	ABLibrary	9223	0.57551
		الباب الحادي عشر (به همراه النافع يوم الحشر و مفتاح الباب)	مقداد بن عبدالله السيوري	Ghbook	15656	0.57551
		جامع الأخبار	الشيخ محمّد بن محمّد السبزواري	Rafed	407	0.5755
		الفتاوى الندية في العمليات الاستشهادية	مجموعة من المؤلفين	ShamAY	36138	0.57549
		تعليقة على حاشية الأستاذ على الفرائد - الجزء1	محمد سلطان العلماء	Masaha	3264	0.57549
		طلبة الطلبة في الاصطلاحات الفقهية ـ ط القلم	النسفي، أبو حفص	ShamAY	34685	0.57548
		تدوين القرآن	علي كوراني	Ghbook	5713	0.57547
		الهداية الكبرى‏	حسين بن حمدان الخصيبي‏	Masaha	2865	0.57547
		شرح القصيدة الدالية للكلوذاني	عبد الرحمن بن ناصر البراك	ShamAY	32533	0.57546
		أوثق عرى الإيمان	سليمان بن عبد الله آل الشيخ	ShamAY	35451	0.57542
		منهج الأشاعرة في العقيدة - تعقيب على مقالات الصابوني	سفر بن عبد الرحمن الحوالي	Sham19Y	13576	0.57539
		وفاء الوفا بأخبار دار المصطفى [ج ٢]	نور الدين علي بن أحمد السّمهودي	Rafed	2519	0.57539
		قاعدة مختصرة في وجوب طاعة الله ورسوله وولاة الأمور	تقي الدين أبو العباس أحمد بن عبد الحليم بن عبد السلام بن عبد الله بن أبي القاسم بن محمد ابن تيمية الحراني الحنبلي الدمشقي (المتوفى: 728هـ)	ShamAY	11290	0.57537
		القواعد الفقهيّة [ج ٥]	آية الله السيّد محمّد حسن البجنوردي	Rafed	714	0.57537
		تقرير بحث المرجع الديني الايه العظمي السيد حسين الطباطبائي البروجردي في القبله، ...	آيت الله العظمي سيد حسين طباطبايي بروجردي	Ghbook	10134	0.57533
		 رحلة إلى شبه الجزيرة العربية 	 كارستن نيبور 	ABLibrary	9085	0.57532
		دُرَرُ الحِكَمِ لأبي منصور الثعالبي	عبد الملك بن محمد بن إسماعيل أبو منصور الثعالبي (المتوفى: 429هـ)	ShamAY	1399	0.57531
		بلغة السالك لأقرب المسالك المعروف بحاشية الصاوي على الشرح الصغير (الشرح الصغير هو شرح الشيخ الدردير لكتابه المسمى أقرب المسالك لِمَذْهَبِ الْإِمَامِ مَالِكٍ)	أبو العباس أحمد بن محمد الخلوتي، الشهير بالصاوي المالكي (المتوفى: 1241هـ)	ShamAY	21607	0.57528
		أسس بناء شخصية الطفل المسلم	علي بن نايف الشحود	ShamAY	34822	0.57528
		جواهر الكلام [ج ٣١]	الشيخ محمّد حسن النّجفي	Rafed	671	0.57528
		الورقات فيما يختلف فيه الرجال والنساء	أحمد بن عبد الله العمري	ShamAY	8989	0.57527
		شرح حديث جابر بن عبد الله رضي الله عنهما في صفة حجة النبي صلى الله عليه وسلم	محمد بن صالح بن محمد العثيمين (المتوفى: 1421هـ)	ShamAY	21814	0.57527
		المسائل والرسائل المرويّة عن الإمام أحمد بن حنبل في العقيدة [ج ١]	الناشر: دار طيبة للنشر والتوزيع	Rafed	3696	0.57527
		 رسالة في الشبهات المقرونة بالعلم الإجمالي والقبلة 	 الشيخ محمد رضا حسين آبادى الجرقويئي 	ABLibrary	9413	0.57526
		شرح كتاب سيبويه [ج ٥]	أبي سعيد السّيرافي الحسن بن عبدالله بن المرزبان	Rafed	2849	0.57525
		 المدينة المنورة بين الأدب والتاريخ 	 عاصم حمدان 	ABLibrary	9181	0.57524
		الوصائل إلى الرسائل [ج ٢]	آية الله السيد محمد الشيرازي	Rafed	3731	0.57523
		فضائح الصوفية	عبد الرحمن بن عبد الخالق اليوسف	ShamAY	10636	0.57522
		من غاب عنه المطرب	عبد الملك بن محمد بن إسماعيل أبو منصور الثعالبي (المتوفى: 429 هـ)	ShamAY	28115	0.57522
		المرشد الوجيز إلى علوم تتعلق بالكتاب العزيز	أبو القاسم شهاب الدين عبد الرحمن بن إسماعيل بن إبراهيم المقدسي الدمشقي المعروف بأبي شامة (المتوفى : 665هـ)	ShamAY	22676	0.57522
		فهرسة اللبلي	شهاب الدين أحْمَد بن يُوسُف بن على بن يُوسُف اللَّبْلِيُّ أَبُو جَعْفَر الفهرى المقرى اللغوى المالكى (المتوفى: 691هـ)	ShamAY	10731	0.5752
		شرح سنن النسائي المسمى «ذخيرة العقبى في شرح المجتبى».	محمد بن علي بن آدم بن موسى الإثيوبي الوَلَّوِي	ShamAY	31952	0.5752
		الإسلام وأوضاعنا القانونية	عبد القادر عودة (المتوفى: 1373هـ)	ShamAY	1678	0.57519
		توثيق فقه الإماميّة من الصّحاح والسنن	السيد علي الشهرستاني	Rafed	1182	0.57519
		المكاسب والبيع - الجزء1	الميرزا محمد حسين الغروي النائيني	Masaha	5068	0.57519
		نجاة العباد	الشيخ محمد حسن النجفي	Masaha	1647	0.57519
		من قصص أئمة الحديث المتقدمين ونوادرهم في تتبع سنة سيد المرسلين والذب عنها	علي الصياح	ShamAY	37324	0.57518
		الجدية في الالتزام	فضيلة الشيخ محمد حسين يعقوب	ShamAY	33290	0.57517
		الزكاة في الإسلام في ضوء الكتاب والسنة - مفهوم, ومنزلة, وحكم, وفوائد، وأحكام, وشروط, ومسائل	د. سعيد بن علي بن وهف القحطاني	ShamelaY19	96466	0.57517
		شرح كتاب الحج من صحيح مسلم - عبد الكريم الخضير	عبد الكريم الخضير	Sham19Y	23422	0.57517
		النشوز بين الزوجين	عايد بن عبد الله الحربي	Sham19Y	8965	0.57516
		شرح كتاب نقد متون السنة للدميني - محمد حسن عبد الغفار	محمد حسن عبد الغفار	Sham19Y	37698	0.57514
		الحج في الشريعة الإسلامية الغراء - الجزء1	الشيخ جعفر السبحاني	Masaha	4893	0.57514
		 مسند الإمام الهادي ( ع ) 	 الشيخ عزيز الله عطاردي 	ABLibrary	7741	0.57512
		مدخل الي دراسه نص الغدير	محمد مهدي اصفي	Ghbook	7142	0.57511
		شرح القواعد الفقهية	أحمد بن الشيخ محمد الزرقا [1285هـ - 1357هـ]	ShamAY	32115	0.5751
		لسان العرب - ط المعارف	ابن منظور	ShamAY	34695	0.57509
		الرؤى عند أهل السنة والجماعة والمخالفين	سهل بن رفاع بن سهيل الروقي العتيبي	ShamelaY19	35723	0.57509
		أصلح الأديان للإنسانية عقيدة وشريعة	أحمد بن عبد الغفور عطار (المتوفى: 1411ه)	ShamelaY19	21526	0.57509
		رحلة ريج	كلوديوس جيمس ريج	Rafed	2360	0.57509
		اعلام الهدايه (الامام جعفر بن محمد الصادق عليه السلام)	مجمع جهاني اهل بيت عليهم السلام	Ghbook	4970	0.57509
		شرح كتاب نقد متون السنة للدميني - محمد حسن عبد الغفار	محمد حسن عبد الغفار	ShamAY	729	0.57507
		طبقات مشاهير الدمشقيين من أهل القرن الرابع عشر الهجري	محمد جمال الدين القاسمي (1283 - 1332هـ)	ShamAY	34654	0.57507
		 رسائل الميرزا القمي 	 الميرزا القمي 	ABLibrary	9358	0.57507
		نور السنة وظلمات البدعة في ضوء الكتاب والسنة	د. سعيد بن علي بن وهف القحطاني	ShamelaY19	96539	0.57506
		الزواج و تشكيل الاسره في الاسلام	آيت الله العظمي سيد محمد حسيني شيرازي	Ghbook	7899	0.57504
		شرح كتاب الحج من صحيح مسلم - عبد الكريم الخضير	عبد الكريم الخضير	ShamAY	66	0.57503
		منتهى الوصول إلى غوامض كفايه الأصول‏	الشيخ محمد تقي‏ الآملي	Masaha	4594	0.57502
		رحلة فريزر الي بغداد	جيمز فريزر	Ghbook	9524	0.57501
		الطب النبوي وبآخره فصل في السماع	الذهبي، شمس الدين	ShamAY	33562	0.57499
		دروس في البلاغة [ج ٣]	الشيخ محمّدي البامياني	Rafed	1981	0.57499
		أطائب الكلم في بيان صلة الرّحم	الشيخ حسن بن علي الكركي	Masaha	1661	0.57499
		إنجاح حاجة السائل في أهم المسائل	أبو خالد أحمد بن حمود بن مفرج الخالدي	ShamAY	2063	0.57498
		الأنفاس الأخيرة	عبد الملك بن محمد القاسم	ShamelaY19	96307	0.57498
		الاستبصار في عجائب الامصار	مجهول ( بي نا )	Ghbook	8918	0.57497
		مسائل معاصره في فقه القضاء	محمد سعيد طباطبائي حكيم	Ghbook	9610	0.57496
		دراسات في منهاج السنه لمعرفه ابن تيميه	آيت الله علي حسيني ميلاني	Ghbook	4760	0.57496
		الإسلام والآخر الحوار هو الحل	حمدى شفيق	ShamAY	33283	0.57495
		البدر في فضل سلامة الصدر	نايف بن أحمد الحمد	ShamAY	35052	0.57495
		وظيفة المسجد في المجتمع	صالح بن ناصر بن صالح الخزيم (المتوفى: 1418هـ)	ShamAY	31292	0.57495
		الجنى الداني في حروف المعاني	أبو محمد بدر الدين حسن بن قاسم بن عبد الله بن عليّ المرادي المصري المالكي (المتوفى: 749هـ)	ShamAY	26099	0.57495
		 البراهين القاطعة في شرح تجريد العقائد الساطعة 	 محمد جعفر استر آبادى ( شريعتمدار ) 	ABLibrary	8365	0.57493
		إعراب القرآن الكريم وبيانه [ج ٦]	محيي الدين الدرويش	Rafed	2040	0.57492
		المسترشد في الإمامة	محمد بن جرير الطبري‏ الصغير	Masaha	2862	0.57491
		القول الحق المبين على من يخاصم في إجماع علماء المسلمين		ShamAY	35495	0.57486
		تنبيه الرجل العاقل على تمويه الجدل الباطل - ت شمس والعمران - ط عالم الفوائد	شيخ الإسلام أحمد بن عبد الحليم بن عبد السلام ابن تيمية (661 - 728 هـ)	ShamAY	38468	0.57486
		أطائب الكلم في بيان صلة الرّحم	الشيخ حسن بن علي بن عبد العالي الكركي العاملي	Rafed	72	0.57486
		اكذوبه تحريف القرآن	رسول جعفريان	Ghbook	2937	0.57486
		 الياقوت في علم الكلام 	 ابو اسحاق ابراهيم بن نوبخت 	ABLibrary	8680	0.57485
		شرح الرحبية للحازمي	أبو عبد الله، أحمد بن عمر بن مساعد الحازمي	ShamAY	543	0.57484
		بدعة الطرائق في الإسلام	الواحدي	ShamAY	35515	0.57482
		شرح كفاية المتحفظ (تحرير الرواية في تقرير الكفاية)	محمد بن الطيب الفاسي	Sham19Y	32194	0.5748
		منهج المقال في تحقيق احوال الرجال [ج ١]	محمد بن علي الاسترابادي	Rafed	131	0.5748
		في مهب المعركة	مالك بن الحاج عمر بن الخضر بن نبي (المتوفى: 1393ه)	ShamelaY19	37612	0.57479
		معالم على طريق العفة	د عبد الله بن عبد الرحمن الوطبان	ShamelaY19	36541	0.57479
		النّهاية [ج ٣]	مجد الدين أبي السعادات المبارك بن محمد الجزري [ ابن الأثير ]	Rafed	3548	0.57477
		المحاضرات - ط عالم الفوائد	محمد الأمين بن محمد المختار بن عبد القادر الجكني الشنقيطي (المتوفى: 1393هـ)	ShamAY	38384	0.57476
		فن الإلقاء	طه عبد الفتاح مقلد	ShamAY	11275	0.57472
		الهداية على مذهب الإمام أبي عبد الله أحمد بن محمد بن حنبل الشيباني	محفوظ بن أحمد بن الحسن، أبو الخطاب الكلوذاني	Sham19Y	26094	0.57472
		الامام المهدي عليه السلام و الظواهر القرآنية	محمد السند	Ghbook	15158	0.5747
		إيجاز البيان عن معاني القرآن [ج ١]	محمود بن أبي الحسن النّيسابوري	Rafed	1475	0.57469
		أخبار ملوك بني عبيد وسيرتهم	محمد بن علي بن حماد بن عيسى الصنهاجي القلعي، نزيل بجاية، أبو عبد الله (المتوفى: 628هـ)	ShamAY	6625	0.57467
		موسوعة الإمام الخوئي [ج ١٥]	الشيخ مرتضى البروجردي	Rafed	1586	0.57467
		رفع الاشتباه من مسائل المياه	أبو الفداء زين الدين قاسم بن قطلوبغا السودوني (نسبة إلى معتق أبيه سودون الشيخوني) الجمالي الحنفي (المتوفى: 879ه)	ShamelaY19	96853	0.57465
		الحكمة في الدعوة إلى الله تعالى	د. سعيد بن علي بن وهف القحطاني	ShamelaY19	30919	0.57465
		مواهب الجليل لشرح مختصر الخليل - الفكر	شمس الدين أبو عبد الله محمد بن محمد بن عبد الرحمن الطرابلسي المغربي ، المعروف بالحطاب الرُّعيني (المتوفى : 954هـ)	ShamAY	34227	0.57462
		ضوابط الأصول‏	السيد إبراهيم‏  الموسوي القزويني	Masaha	3996	0.57461
		كتاب الغصب	الميرزا حبيب الله الرشتي	Masaha	1757	0.57461
		اعلام الهدايه (الامام محمد بن علي الباقر عليه السلام)	مجمع جهاني اهل بيت عليهم السلام	Ghbook	6273	0.5746
		في مذاهب اللّااسلاميّين البابيّة ـ البهائيّة ـ القاديانيّة	عامر النجّار	Rafed	3479	0.57459
		ولاية أهل البيت عليهم السلام في القرآن والسنّة	حسينة حسن الدّريب	Rafed	1226	0.57459
		الدرّ النظيم في مناقب الأئمّة اللهاميم	الشيخ جمال الدين يوسف بن حاتم الشامي	Rafed	695	0.57459
		علامات الظهور جدليه صراع ام تحديات مستقبل ؟	محمد علي الحلو	Ghbook	4570	0.57459
		مفيد المستفيد في كفر تارك التوحيد (مطبوع ضمن مؤلفات الشيخ محمد بن عبد الوهاب، الجزء الأول)	محمد بن عبد الوهاب بن سليمان التميمي النجدي (المتوفى: 1206هـ)	ShamAY	12078	0.57455
		خواطر حول الوهابية	محمد بن أحمد بن إسماعيل المقدم	ShamAY	1764	0.57453
		غاية المسؤول في علم الأصول	السيّد محمّد حسين بن محمّد علي الشهرستاني	Rafed	1734	0.57453
		تعريفات ومصطلحات فقهية في لغة معاصرة	د. عبد العزيز عزت عبد الجليل حسن	ShamAY	37560	0.57451
		شرح تفسير ابن كثير - الراجحي	عبد العزيز بن عبد الله بن عبد الرحمن الراجحي	ShamAY	112	0.57451
		التعليق على الرحيق المختوم	أبو عبد الرحمن محمود بن محمد الملاح	ShamAY	32016	0.5745
		تقريرات في اصول الفقه	آيت الله العظمي سيد حسين طباطبايي بروجردي	Ghbook	12014	0.5745
		البرود الضافية والعقود الصافية الكافلة للكافية بالمعانى الثمانية وافية	جمال الدين الصنعاني	ShamAY	37087	0.57445
		مدارك الأحكام [ج ١]	السيد محمّد بن علي الموسوي العاملي	Rafed	591	0.57445
		نزهة الناظر في الجمع بين الأشباه و النظائر	يحيى بن سعيد الحلي	Masaha	1042	0.57445
		عقيدة المسلم في ضوء الكتاب والسنة - المفهوم، والفضائل، والمعنى، والمقتضى، والأركان، والشروط، والنواقص، والنواقض	د. سعيد بن على بن وهف القحطاني	Sham19Y	96546	0.57444
		آيات الحج في القران الكريم	أبو هاشم صالح بن عوّاد بن صالح المغامسي	ShamAY	769	0.5744
		الهداية على مذهب الإمام أبي عبد الله أحمد بن محمد بن حنبل الشيباني	محفوظ بن أحمد بن الحسن، أبو الخطاب الكلوذاني	ShamAY	174	0.57439
		تحرير السلوك في تدبير الملوك	أبو الفضل محمد بن عبد الوهاب بن عبد اللطيف الأعرج (المتوفى: 925هـ)	ShamAY	7237	0.57437
		شبهة وجوابها (في الصفات)	وليد بن راشد السعيدان	ShamAY	35621	0.57436
		 موسوعة العتبات المقدسة 	 جعفر الخليلي 	ABLibrary	9253	0.57436
		الفرج بعد الشدة للتنوخي	المحسن بن علي بن محمد بن أبي الفهم داود التنوخي البصري، أبو علي (المتوفى: 384هـ)	ShamAY	12828	0.57435
		 مسالك الأبصار في ممالك الأمصار 	 أحمد بن يحيى العمري 	ABLibrary	9187	0.57433
		والثمن الجنة	عبد الملك بن محمد القاسم	Sham19Y	95677	0.57432
		أمهات قرب أبنائهن	نورة بنت محمد السعيد	ShamAY	35186	0.5743
		الاجتهاد والتقليد	السيد روح الله الموسوي الخميني	Masaha	4908	0.57429
		العبرة في شهر الصوم	عبد المحسن بن حمد بن عبد المحسن بن عبد الله بن حمد العباد البدر	ShamAY	8814	0.57428
		شاعرات العرب في الجاهلية والإسلام	بشير يموت البيروتي (المتوفى: بعد 1347ه)	ShamelaY19	21508	0.57428
		بصائر ذوي التمييز في لطائف الكتاب العزيز [ج ١]	مجد الدين محمد بن يعقوب الفيروزآبادي	Rafed	3835	0.57428
		أبعاد النهضة الحسينية	عبّاس الذهبي	Rafed	732	0.57428
		شرح كتاب التوحيد للحازمي	أبو عبد الله، أحمد بن عمر بن مساعد الحازمي	ShamAY	995	0.57427
		الزام الناصب في اثبات الحجة الغائب عجل الله تعالي فرجه الشريف	علي يزدي حائري	Ghbook	9253	0.57427
		الدفاع عن حديث الجارية		ShamAY	35483	0.57424
		حوار مع الصوفية		ShamAY	35386	0.57423
		الشرح الممتع على زاد المستقنع	محمد بن صالح بن محمد العثيمين (المتوفى: 1421هـ)	ShamAY	1520	0.57422
		توجيهات شرعيه ( استفتاءات )	آيت الله العظمي سيد محمد حسيني شيرازي	Ghbook	8136	0.57419
		الرسالة الأكملية في ما يجب لله من صفات الكمال	تقي الدين أبو العباس أحمد بن عبد الحليم بن عبد السلام بن عبد الله بن أبي القاسم بن محمد ابن تيمية الحراني الحنبلي الدمشقي (المتوفى: 728هـ)	ShamAY	7631	0.57418
		منهج الأشاعرة في العقيدة - تعقيب على مقالات الصابوني	سفر بن عبد الرحمن الحوالي	ShamAY	31927	0.57417
		الانوار البهية في القواعد الفقهية	آيت الله العظمي سيد تقي طباطبايي قمي	Ghbook	9539	0.57416
		الحج والعمرة - الطيار	الواحدي :: عبد الله الطيار	ShamAY	36667	0.57414
		الامام المهدي (عجل الله تعالي فرجه الشريف) امل الشعوب 	حسن موسي صفار	Ghbook	6579	0.57411
		أثر العمل الصالح في تفريج الكروب	الواحدي :: فالح بن محمد الصغير	ShamAY	34863	0.57409
		كيف نحيي قلوبنا في رمضان	مجدي الهلالي	ShamelaY19	36411	0.57409
		التنبيه على أوهام أبي علي في أماليه	أبو عبيد عبد الله بن عبد العزيز بن محمد البكري الأندلسي (المتوفى: 487 هـ)	ShamAY	6752	0.57408
		المعاد و عالم الاخره	آيت الله العظمي ناصرمكارم شيرازي	Ghbook	3297	0.57408
		رحلة السيرافي	الناشر: المجمع الثقافي	Rafed	2274	0.57406
		إعلام الخائض بجواز مس المصحف للجنب والحائض	أبي الفضل عمر بن مسعود الحدوشي	ShamAY	36318	0.57404
		جواهرالبلاغه (متن درسي)	احمد هاشمي	Ghbook	12239	0.57404
		الموسوعة القرآنيّة خصائص السور [ج ١٠]	الناشر: دار التقريب بين المذاهب الإسلامية	Rafed	3741	0.57402
		الإشارة إلى سيرة المصطفى وتاريخ من بعده من الخلفا	مغلطاي بن قليج بن عبد الله البكجري المصري الحكري الحنفي، أبو عبد الله، علاء الدين (المتوفى: 762هـ)	ShamAY	31700	0.57401
		جهود الإمام الطاهر ابن عاشور في الرد على شبهات النصارى من خلال تفسيره التحرير		ShamAY	36991	0.57399
		الغدير و المعارضون	سيد جعفرمرتضي حسيني عاملي	Ghbook	8353	0.57399
		 مع الركب الحسيني 	 مجموعة مؤلفين 	ABLibrary	7744	0.57397
		تيسير و تكميل شرح ابن عقيل علي الفية ابن مالك	عبدالرحمن العقيلي	Ghbook	15661	0.57397
		واجبنا تجاه القرآن و العتره	آيت الله العظمي حسيني	Ghbook	8038	0.57392
		محاسن الشريعة ومساويء القوانين الوضعية	عطية بن محمد سالم (المتوفى: 1420هـ)	ShamAY	5000	0.5739
		 سند العروة الوثقى ( كتاب الحج ) 	 تقرير بحث الشيخ محمد السند لسيد الماجد والشيخ حسن العصفور 	ABLibrary	9545	0.57388
		القواعد الفقهية - الجزء1	محمد كاظم‏ المصطفوي	Masaha	3476	0.57388
		 إدام القوت في ذكر بلدان حضرموت 	 عبد الرحمن بن عبيد الله السقاف 	ABLibrary	8952	0.57386
		 المسائل والرسائل المروية عن الإمام أحمد بن حنبل في العقيدة 	 عبد الإله بن سلمان بن سالم الأحمدي 	ABLibrary	8600	0.57386
		الرد على الزنادقة والجهمية - السلفية	أحمد بن حنبل الشيباني أبو عبد الله	ShamAY	33887	0.57384
		بحوث في فقه الرجال	علي علامه فاني اصفهاني	Ghbook	7078	0.57384
		 موسوعة التاريخ الإسلامي 	 الشيخ محمد هادي اليوسفي الغروي 	ABLibrary	7858	0.57383
		حكم تقنين الشريعة الإسلامية	عبد الرحمن بن سعد الشثري	ShamAY	36342	0.57382
		القصيدة الهائية	زيد بن محمد المدخلي	ShamAY	32977	0.57381
		عين الحياة [ج ٢]	الشيخ محمّد باقر بن محمّد تقي المجلسي	Rafed	113	0.57381
		الهدي النبوي في تربية الأولاد في ضوء الكتاب والسنة	د. سعيد بن علي بن وهف القحطاني	ShamelaY19	96478	0.5738
		 ذخيرة العقبى في شرح العروة الوثقى 	 الشيخ علي الصافي الگلبايگاني 	ABLibrary	9518	0.5738
		المغني لابن قدامة - إحياء التراث	أبو محمد موفق الدين عبد الله بن أحمد بن محمد بن قدامة الجماعيلي المقدسي ثم الدمشقي الحنبلي، الشهير بابن قدامة المقدسي (المتوفى: 620هـ)	ShamAY	34266	0.57379
		العلم فريضة شرعية وضرورة عصرية	الواحدي :: أحمد بن محمد الشرقاوى	ShamAY	34992	0.57379
		من روائع أبى الحسن الندوى في الدعوة إلى الله	محمد علي محمد إمام	ShamAY	1147	0.57377
		ضياء السالك إلى أوضح المسالك	محمد عبد العزيز النجار	ShamAY	12037	0.57376
		ميراث الزوجة	الشيخ لطف الله الصافي الگلپايگاني	Masaha	5076	0.57376
		أصول الفقه لابن مفلح	محمد بن مفلح بن محمد بن مفرج، أبو عبد الله، شمس الدين المقدسي الرامينى ثم الصالحي الحنبلي (المتوفى: 763هـ)	ShamAY	31702	0.57374
		معجم المصطلحات المالية والاقتصادية في لغة الفقهاء	نزيه حماد	ShamAY	34690	0.57372
		شرح الآجرومية - عبد الكريم الخضير	عبد الكريم الخضير	ShamAY	154	0.57372
		موقف أصحاب الأهواء والفرق من السنة النبوية ورواتها جذورهم ووسائلهم وأهدافهم قديما وحديثا	أبو ياسر محمد بن مطر بن عثمان آل مطر الزهراني (المتوفى: 1427هـ)	ShamAY	12105	0.57372
		زينب الكبرى عليها السلام من المهد الى اللحد	السيد محمد كاظم القزويني	Rafed	115	0.57371
		مختصر القواعد السلفية في الصفات الربانية	محمود بن عبد الرازق بن عبد الرازق بن علي الرضواني	ShamAY	12730	0.5737
		تباشير الإنجيل والتوراة بالإسلام ورسوله محمد صلى الله عليه وآله وسلم		ShamAY	35354	0.5737
		الانتهاء لمعرفة الأحاديث التي لم يفت بها الفقهاء، ومناقشها على ضوء الأصلين:	أبو عبد الله عبد السلام بن محمد بن عمر علوش	ShamelaY19	96948	0.5737
		من عقائد الشيعة الإثنا عشرية	أحمد طلب	ShamAY	35315	0.57369
		كشف المراد في شرح تجريد الإعتقاد	الحسن بن يوسف بن علي المطّهر [ العلامة الحلّي ]	Rafed	3544	0.57369
		المبدع شرح المقنع - عالم الكتب	إبراهيم بن محمد بن عبد الله بن محمد ابن مفلح، أبو إسحاق، برهان الدين (المتوفى: 884هـ)	ShamAY	34265	0.57368
		المدينة المنورة بين الأدب والتاريخ‏	عاصم حمدان	Masaha	4558	0.57367
		الأرجوزة المنبهة على أسماء القراء والرواة وأصول القراءات وعقد الديانات بالتجويد والدلالات	أبو عمرو الداني	ShamAY	36794	0.57365
		 المطالب العالية من العلم الإلهي 	 فخر الدين الرازي 	ABLibrary	8614	0.57365
		النظرات الوقادة في خروج الحسين بن علي رضي الله عنه واستشهاده	مرزوق بن هياس آل مرزوق الزهراني	ShamelaY19	132392	0.57364
		دروس في البلاغة [ج ٢]	الشيخ محمّدي البامياني	Rafed	1980	0.57364
		الأنوار النعمانية في الدعوة الربانية	محمد علي محمد إمام	ShamAY	1140	0.57363
		ابو الحسين زيد الشهيد	السيد محسن بن عبد الكريم الأمين	Rafed	228	0.57363
		 أمراض العين ومعالجاتها من كتابي المعالجات البقراطية وفردوس الحكمة 	 أحمد بن محمد الطبري / علي بن سهل الطبري 	ABLibrary	9842	0.57361
		آداب الفتوى والمفتي والمستفتي	أبو زكريا محيي الدين يحيى بن شرف النووي (المتوفى: 676هـ)	ShamAY	6345	0.5736
		بصائر ذوي التمييز في لطائف الكتاب العزيز [ج ٥]	مجد الدين محمد بن يعقوب الفيروزآبادي	Rafed	3852	0.5736
		وجاء الحق	سعيد أيوب	Masaha	482	0.57359
		شرح علل الترمذي لابن رجب - ط الرشد	ابن رجب الحنبلي	ShamAY	34011	0.57358
		الهداية في الأصول [ج ٢]	آية الله الشيخ حسن الصافي الإصفهاني	Rafed	3831	0.57358
		 إشراق اللاهوت في نقد شرح الياقوت 	 سيد عميد الدين العبيدلي 	ABLibrary	8334	0.57357
		تفسير كنز الدّقائق وبحر الغرائب [ج ٤]	الشيخ محمّد بن محمّد رضا القمّي المشهدي	Rafed	2092	0.57355
		طلبة الطلبة في الاصطلاحات الفقهية	عمر بن محمد بن أحمد بن إسماعيل، أبو حفص، نجم الدين النسفي (المتوفى: 537هـ)	ShamAY	6039	0.57351
		البحث الدلالي عند العلامة السيوطي	عادل سعدون القرشي	ShamAY	37242	0.5735
		القانون في الطب	الحسين بن عبد الله بن سينا، أبو علي، شرف الملك: الفيلسوف الرئيس (المتوفى: 428هـ)	ShamAY	10706	0.5735
		الاعتداء في الدعاء (صور وضوابط ونماذج من الدعاء الصحيح)	سعود بن محمد بن حمود العقيلي	Sham19Y	35622	0.5735
		جواهر الكلام [ج ٣٣]	الشيخ محمّد حسن النّجفي	Rafed	684	0.5735
		 منتهى السؤل على وسائل الوصول إلى شمائل الرسول ( ص ) 	 عبد الله بن سعيد محمد عبادي اللحجي 	ABLibrary	7800	0.57349
		إغاثة اللهفان في حكم طلاق الغضبان (ضمن مجموع الرسائل)	أبو عبد الله محمد بن أبي بكر بن أيوب ابن قيم الجوزية (659 - 751)	ShamAY	38515	0.57348
		تحفة الإخوان بما جاء في الموالاة والمعاداة والحب والبغض والهجران	حمود بن عبد الله بن حمود بن عبد الرحمن التويجري (المتوفى: 1413هـ)	ShamAY	1263	0.57347
		تهذيب الكمال في أسماء الرجال	يوسف بن عبد الرحمن بن يوسف، أبو الحجاج، جمال الدين ابن الزكي أبي محمد القضاعي الكلبي المزي (المتوفى: 742ه)	Sham19Y	3722	0.57347
		الخطاب القرآني لأهل الكتاب وموقفهم منه قديما وحديثا	هود محمد منصور قباص أبو راس	Sham19Y	132385	0.57346
		شواهد التنزيل لمن خص بالتفضيل	عيدروس بن احمد السقاف ابن رويش اندونيسي	Ghbook	8385	0.57346
		الأرض المقدسة في ضوء الكتاب والسنة	أبو الأشبال حسن الزهيري آل مندوه المنصوري المصري	ShamelaY19	37611	0.57345
		الأذان بين الأصالة والتحريف	السيد علي الشهرستاني	Masaha	79	0.57345
		 المناقب ( كتاب عتيق ) 	 السيد محمد العلوي 	ABLibrary	7781	0.57344
		 مجموع السيد حميدان 	 أبي عبد الله حميدان بن يحيى القاسمي 	ABLibrary	8587	0.57342
		منتخب المسائل الاسلاميه	آيت الله العظمي حسيني	Ghbook	10109	0.57342
		كنت اميريا	محمد عبد المحسن آل الشيخ	Ghbook	11224	0.57341
		 نبراس الاذهان في اصول الفقه المقارن	سيد ميرتقي حسيني گرگاني	Ghbook	15130	0.57341
		الجامع الأموي في دمشق	الشيخ علي الطنطاوي (المتوفى: 1420هـ)	ShamAY	973	0.5734
		كشف أسرار الباطنية وأخبار القرامطة	أبو عبد الله محمد بن مالك بن أبي الفضائل الحمادي المعافري اليماني (المتوفى: نحو 470هـ)	ShamAY	1283	0.57337
		الإمام موسى الكاظم عليه السلام سيرة وتاريخ	علي موسى الكعبي	Rafed	782	0.57336
		 بغية الحائر في أولاد الإمام الباقر ( ع ) 	 السيد حسين الزرباطي 	ABLibrary	820	0.57335
		نهاية الأفكار ونزهة الأبصار	عبدالله بن قاسم الحريري الأشبيلي البغدادي	Rafed	1341	0.57335
		التوسل : مفهومه و اقسامه و حكمه في الشريعه الاسلاميه الغراآ	آيت الله العظمي جعفر سبحاني	Ghbook	3472	0.57334
		ائمه اهل البيت عليهم السلام	علي آل محسن	Ghbook	2602	0.57334
		تأخير نصر الدين لطف بالمؤمنين ومكر بالكافرين والمنافقين	أبو محمد عبد الكريم بن صالح بن عبد الكريم الحميد	ShamelaY19	37572	0.57333
		الرد على الكاتب المفتون	حمود بن عبد الله بن حمود بن عبد الرحمن التويجري (المتوفى: 1413هـ)	ShamAY	32262	0.5733
		إنباء الأمراء بأنباء الوزراء	شمس الدين محمد بن علي بن خمارويه بن طولون الدمشقي الصالحي الحنفي (المتوفى: 953ه)	ShamelaY19	120145	0.5733
		القواعد والفوائد الأصولية ومايتبعها من الأحكام الفرعية	ابن اللحام، علاء الدين أبو الحسن علي بن محمد بن عباس البعلي الدمشقي الحنبلي (المتوفى: 803هـ)	ShamAY	32116	0.57328
		حقبة من التاريخ	عثمان بن محمد الخميس	ShamAY	33826	0.57327
		الغاية القصوى في التعليق على العروة - الاجتهاد والتقليد	السيد تقي الطباطبائي القمي	Masaha	5040	0.57327
		تفصيل الشريعة في شرح تحريرالوسيلة : الاجارة الاجتهاد و التقليد	محمد فاضل لنكراني	Ghbook	9826	0.57322
		 مصباح الناسك في شرح المناسك 	 السيد تقي الطباطبائي القمي 	ABLibrary	9729	0.5732
		مبحث الاجتهاد والخلاف (مطبوع ضمن مؤلفات الشيخ محمد بن عبد الوهاب، الجزء الثالث)	محمد بن عبد الوهاب بن سليمان التميمي النجدي (المتوفى: 1206هـ)	ShamAY	11369	0.57318
		دعوى الإصلاح	أبو محمد عبد الكريم بن صالح بن عبد الكريم الحميد	ShamelaY19	37580	0.57317
		موسوعه فريضه الحج: دراسات تفصيليه في احكام الحج و ادلتها	آيت الله العظمي ناصرمكارم شيرازي	Ghbook	13948	0.57317
		اختيارمعرفة الرجال - الجزء1	الشيخ الطوسي	Masaha	524	0.57317
		مادة (ع ل م) في القرآن الكريم دراسة في صورها البنائية ودلالاتها ومراتبها	ليث داود سلمان	ShamAY	37233	0.57316
		الدِّفَاعُ عنْ كتابِ رياضِ الصَّالحينَ	علي بن نايف الشحود	ShamAY	37298	0.57316
		الغاية القصوى في التعليق على العروة الوثقى	السيد تقي الطباطبائي القمي	Masaha	3463	0.57316
		 مناقب خديجة الكبرى 	 محمد بن علوي المالكي 	ABLibrary	823	0.57315
		الامام المهدي (عجل الله تعالي فرجه الشريف) قدوه و اسوه 	آيت الله العظمي سيد محمد تقي مدرسي	Ghbook	6587	0.57315
		الامام محمد جواد عليه السلام شبيه عيسي و يحيي و سليمان عليهم السلام	علي كوراني	Ghbook	15139	0.5731
		معالم على طريق العفة	د عبد الله بن عبد الرحمن الوطبان	ShamAY	341	0.57309
		وقاية الإنسان من شياطين الإنس والجان	علي بن نايف الشحود	ShamAY	36116	0.57308
		فضائل أمير المؤمنين علي(ع)	د. جواد كاظم منشد النصر الله	Masaha	501	0.57308
		التبصرة في أصول الفقه	أبو اسحاق إبراهيم بن علي بن يوسف الشيرازي (المتوفى: 476هـ)	ShamAY	25787	0.57307
		المطالب العالية من العلم الإلهي [ج ٩]	محمّد بن عمر بن الحسن بن الحسين التيمي البكري [ فخر الدين الرازي ]	Rafed	3642	0.57307
		الاعتداء في الدعاء (صور وضوابط ونماذج من الدعاء الصحيح)	سعود بن محمد بن حمود العقيلي	ShamAY	32144	0.57306
		الإبانة عن أصول الديانة	أبو الحسن علي بن إسماعيل بن إسحاق بن سالم بن إسماعيل بن عبد الله بن موسى بن أبي بردة بن أبي موسى الأشعري (المتوفى: 324هـ)	ShamAY	8178	0.57305
		تحقيق الأصول [ج ٤]	السيّد علي الحسيني الميلاني	Rafed	2390	0.57302
		الطرق السلمية في تغير الحاكم الفاسد	يحيى بن علي جغمان	ShamelaY19	37529	0.573
		من سيرة خير البشر ((فى غزوة أحد))	محمد المختار المهدي	ShamAY	37447	0.57297
		الفوائد الرجالية (للسيد بحر العلوم)  - الجزء1	السيد بحر العلوم	Masaha	3499	0.57297
		مهيار الديلمي وشعره في الغدير	الشيخ عبد الحسين الأميني النجفي	Masaha	448	0.57296
		اللمحة في شرح الملحة	محمد بن حسن بن سِباع بن أبي بكر الجذامي، أبو عبد الله، شمس الدين، المعروف بابن الصائغ (المتوفى: 720هـ)	ShamAY	7341	0.57293
		 الشفاعة في الكتاب والسنة 	 الشيخ السبحاني 	ABLibrary	8483	0.57293
		قرآن علي ( عليه السلام )	مركز المصطفي للدراسات الاسلامية	Ghbook	7687	0.57293
		تفسير أسماء الله الحسنى للزجاج	إبراهيم بن السري بن سهل، أبو إسحاق الزجاج (المتوفى: 311هـ)	ShamAY	6468	0.57292
		الله لطيف بعباده	عبد الملك بن محمد القاسم	ShamelaY19	95669	0.57292
		الشبهات وأثرها في العقوبة الجنائية في الفقه الإسلامي مقارنا بالقانون	منصور محمد منصور الحفناوي	ShamAY	9979	0.57291
		الإجابة الجلية على الأسئلة الكويتية	حمود بن عبد الله بن حمود بن عبد الرحمن التويجري (المتوفى: 1413هـ)	ShamAY	32268	0.57289
		ثلاث رسائل في الصلاة	عبد العزيز بن عبد الله بن باز (المتوفى: 1420ه)	ShamelaY19	31256	0.57289
		كشف أسرار الباطنية وأخبار القرامطة	أبو عبد الله محمد بن مالك بن أبي الفضائل الحمادي المعافري اليماني (المتوفى: نحو 470ه)	ShamelaY19	38186	0.57289
		المحاضرة الدفاعية عن السنة المحمدية	أبو أحمد محمد أمان بن علي جامي علي (المتوفى: 1415هـ)	ShamAY	8541	0.57287
		مذكرات شاهد للقرن	مالك بن نبي	ShamelaY19	38209	0.57287
		تهذيب الكمال في أسماء الرجال	يوسف بن عبد الرحمن بن يوسف، أبو الحجاج، جمال الدين ابن الزكي أبي محمد القضاعي الكلبي المزي (المتوفى: 742هـ)	ShamAY	3722	0.57285
		أصول الفقه [ج ١٢]	آية الله الشيخ حسين الحلّي	Rafed	1296	0.57285
		ابن تيمية في صورته الحقيقية	صائب عبد الـحميد	Masaha	34	0.57285
		أسماء الله الحسنى الثابتة في الكتاب المقدس	محمود عبد الرازق رضواني	ShamAY	35255	0.57284
		 دروس تمهيدية في الفقه الاستدلالي على المذهب الجعفري 	 الشيخ محمد باقر الإيرواني 	ABLibrary	9538	0.57284
		كتاب المكاسب [ج ٣]	الشيخ مرتضى الأنصاري	Rafed	2674	0.57284
		الحاج في الحرمين	علي حيدر المؤيد	Ghbook	16328	0.57284
		أدب الحوار	الواحدي :: سلمان العودة	ShamAY	35014	0.57283
		 مشرب الأرواح 	 روزبهان البقلي الشيرازي ( شطاح فارس ) 	ABLibrary	8728	0.57282
		جواهر المطالب في مناقب الامام علي بن ابي طالب عليه السلام	شمس الدين ابوالبركات محمد بن احمد دمشقي باعوني شافعي	Ghbook	9273	0.57282
		شرح العمدة لابن تيمية - كتاب الطهارة	تقي الدين أبو العباس أحمد بن عبد الحليم بن عبد السلام بن عبد الله بن أبي القاسم بن محمد ابن تيمية الحراني الحنبلي الدمشقي (المتوفى: 728 هـ)	ShamAY	32293	0.57281
		دروس موجزة في علمي الرجال والدراية	الشيخ جعفر السبحاني	Rafed	173	0.57279
		بحار الأنوار [ج ٥٩]	الشيخ محمّد باقر بن محمّد تقي المجلسي	Rafed	1052	0.57277
		نشأة الشيعة الامامية	نبيلة عبد المنعم داوود	Masaha	1752	0.57277
		موسوعة مصطلحات ابن خلدون والشريف علي محمد الجرجاني	رفيق العجم	ShamAY	34692	0.57275
		خاتمة مستدرك الوسائل [ج ١]	الشيخ حسين النوري الطبرسي [ المحدّث النوري ]	Rafed	1458	0.57273
		 موسوعة التاريخ الإسلامي 	 الشيخ محمد هادي اليوسفي الغروي 	ABLibrary	7855	0.57272
		 التعليقة على أصول الكافي 	 السيد محمد باقر الداماد ( الميرداماد ) 	ABLibrary	7912	0.57271
		كتاب المناهل	السيد محمد الطباطبائي المجاهد	Masaha	1523	0.57271
		 إعانة الطالبين 	 البكري الدمياطي 	ABLibrary	996	0.5727
		 المقنع في الإمامة 	 الشيخ عبيد الله بن عبد الله السد آبادي 	ABLibrary	8640	0.5727
		تكسير الاصنام بين تصريح النبي صلي الله عليه وآله وسلم وتعتيم البخاري	نبيل قدوري الحسني	Ghbook	12345	0.57267
		المرافعة (قصة)	محمد بن عصبي الغامدي	ShamAY	34564	0.57266
		المختصر النافع في فقه الامامية	المحقق الحلي	Masaha	628	0.57263
		مذكرة على العقيدة الواسطية	محمد بن صالح بن محمد العثيمين (المتوفى: 1421هـ)	ShamAY	2019	0.57262
		أخبار سلاجقة الروم = مختصر سلجوقنامه - تعريب	مجهول - من أهل القرن السابع الهجري	Sham19Y	122237	0.57262
		بحار الأنوار - الجزء39	العلامة المجلسي	Masaha	117	0.57261
		يوسف القرضاوي فقيه الدعاة وداعية الفقهاء	عصام تليمة	ShamAY	38616	0.5726
		نور الإيضاح ونجاة الأرواح في الفقه الحنفي	حسن بن عمار بن علي الشرنبلالي المصري الحنفي (المتوفى: 1069هـ)	ShamAY	12117	0.5726
		العروة الوثقى في ضوء الكتاب والسنة - المفهوم، والفضائل، والمقتضى، والأركان، والشروط، والنواقص، والنواقض	د. سعيد بن علي بن وهف القحطاني	ShamelaY19	96468	0.57258
		شرح كتاب سيبويه [ج ٤]	أبي سعيد السّيرافي الحسن بن عبدالله بن المرزبان	Rafed	2846	0.57252
		الإمام المازري	حَسن حُسني (اسم مركب) بن صالح بن عبد الوهاب بن يوسف الصُّمادحي التجيبي التونسي (المتوفى: 1388هـ)	ShamAY	31647	0.57251
		تحقيق الحلقة الثانية	السيد علي أكبر الحائري	Masaha	2728	0.57251
		 الغاية القصوى في التعليق على العروة الوثقى ( كتاب الصوم ) 	 السيد تقي الطباطبائي القمي 	ABLibrary	9716	0.5725
		إيضاح ترددات الشرائع - الجزء1	نجم الدين جعفر بن زهدري الحلي	Masaha	1084	0.5725
		صحيح السيرة النبوية للعلي	إبراهيم بن محمد بن حسين العلي الشبلي الجنيني (المتوفى: 1425هـ)	ShamAY	32186	0.57249
		الفقه:الراي العام و الاعلام	آيت الله العظمي سيد محمد حسيني شيرازي	Ghbook	10111	0.57247
		 الجامع لمفردات الأدوية والأغذية 	 ابن البيطار 	ABLibrary	9888	0.57246
		مصباح الفقاهة في المعاملات: تقريرا لابحاث ابوالقاسم الموسوي الخوئي	آيت الله العظمي سيد ابوالقاسم خوئي	Ghbook	15153	0.57246
		مصحف امير المومنين علي عليه السلام بين المنزل و المفسر	علي شهرستاني	Ghbook	16142	0.57246
		شرح فتح المجيد للغنيمان	عبد الله بن محمد الغنيمان	ShamAY	54	0.57245
		كشف الغمه في معرفه الائمه ( عليه السلام )	علي بن عيسي اربلي	Ghbook	16214	0.57245
		سلسلة مصابيح الهدى	محمد بن إبراهيم بن إبراهيم بن حسان	ShamAY	7700	0.57244
		النكاح العرفي في ميزان الإسلام	صلاح الدين عامر	ShamelaY19	143158	0.57243
		 جامع الأحكام الشرعية 	 السيد عبد الأعلى السبزواري 	ABLibrary	9439	0.57243
		عجالة المعرفة في اصول الدين	الشيخ ظهير الدين الراوندي	Masaha	338	0.5724
		قصر الصلاة للمغتربين	إبراهيم بن محمد الصبيحي	ShamAY	36409	0.57239
		مسبوك الذهب في فضل العرب وشرف العلم على شرف النسب	مرعي بن يوسف بن أبى بكر بن أحمد الكرمى المقدسي الحنبلى (المتوفى: 1033ه)	Sham19Y	26541	0.57239
		نهر الذهب في تاريخ حلب‏  - الجزء1	كامل بن حسين الحلبي الغزي	Masaha	4534	0.57238
		قصة المسيح الدجال ونزول عيسى عليه الصلاة والسلام	محمد ناصر الدين الألباني (المتوفى: 1420هـ)	ShamAY	692	0.57236
		رسالة إنقاذ الهالكين (تبحث في حكم أخذ الأجرة على تلاوة القرآن الكريم)	تقي الدين، محمد بن بير علي البركوي الرومي الحنفي (المتوفى: 981ه)	Sham19Y	9283	0.57236
		النّحو الوافي [ج ٢]	عبّاس حسن	Rafed	2660	0.57236
		الإمامة في القرآن والسنّة	امتثال الجحش	Rafed	1185	0.57236
		 المواقف ( شرح الجرجاني ) ( مع حاشيتي السيالكوتي والحلبي ) 	 الإيجي 	ABLibrary	8469	0.57235
		عناية الأصول في شرح كفاية الأصول [ج ٦]	السيد مرتضى الفيروزآبادي	Rafed	4008	0.57235
		 معرفة الإمام 	 السيد محمد حسين الطهراني 	ABLibrary	8894	0.57234
		انوار الفقاهه في شرح تحريرالوسيله: كتاب النكاح	آيت الله العظمي ناصرمكارم شيرازي	Ghbook	9583	0.57234
		ديوان عنترة بن شداد	عنترة بن شداد بن عمرو بن معاوية بن قراد العبسي. أشهر فرسان العرب في الجاهلية المتوفى سنة (22 ق. هـ / 601 م)	ShamAY	37906	0.57233
		الجامع لأحكام الصيام الطبعة الثانية	أبو إياس محمود بن عبد اللطيف بن محمود (عويضة)	ShamAY	2050	0.57232
		مقرر السيرة للصف الثالث الإعدادي بقطر	مجموعة من المؤلفين	ShamAY	34437	0.57227
		عملاق الفكر الإسلامي الشهيد سيد قطب	عبد الله عزام	ShamAY	35878	0.57226
		المحيط في اللغة‌ - الجزء1	الصاحب اسماعيل بن عباد	Masaha	3503	0.57226
		المسائل والرسائل المروية عن الإمام أحمد بن حنبل في العقيدة	عبد الله بن سلمان الأحمدي	ShamAY	33898	0.57224
		أخلاق المؤمن	عمرو خالد	ShamAY	35025	0.57222
		 المزار 	 السيد مهدي القزويني 	ABLibrary	9186	0.57222
		كشف الوجه بين المبيحين والمانعين	محمد بن خالد الحميد	ShamAY	36410	0.5722
		مشكل إعراب القرآن لمكي	أبو محمد مكي بن أبي طالب حَمّوش بن محمد بن مختار القيسي القيرواني ثم الأندلسي القرطبي المالكي (المتوفى: 437هـ)	ShamAY	5538	0.57218
		وصايا الي الكوادر العراقيه	آيت الله العظمي سيد محمد حسيني شيرازي	Ghbook	7870	0.57218
		 بحار الأنوار 	 العلامة المجلسي 	ABLibrary	778	0.57217
		حقيقه المهدويه و الغيبه	يحيي عبدالحسن دوخي	Ghbook	11222	0.57217
		حديث المنزلة	السيد علي الحسيني الميلاني	Masaha	234	0.57215
		حقيقة المثل الأعلى وآثاره	عيسى بن عبد الله السعدي الغامدي	Sham19Y	17072	0.57214
		توضيح المقاصد والمسالك بشرح ألفية ابن مالك	أبو محمد بدر الدين حسن بن قاسم بن عبد الله بن عليّ المرادي المصري المالكي (المتوفى : 749هـ)	ShamAY	9988	0.57213
		بنور القرآن إهتديت	يحيى طالب مشاري الشريف	Masaha	192	0.57213
		شبهات القرآنيين	عثمان بن معلم محمود بن شيخ علي	ShamAY	11242	0.57211
		اضواء علي زياره عاشوراء	علي حيدر المؤيد	Ghbook	16331	0.5721
		غزوة فتح مكة دروس وعبر	الواحدي :: أمير بن محمد المدري	ShamAY	37445	0.57208
		الإسلام دين كامل (ضمن «المحاضرات» المطبوعة بـ «بآثار الشنقيطي»)	محمد الأمين بن محمد المختار الجكني الشنقيطي (1325 - 1393)	ShamAY	38827	0.57207
		الإمام علي(ع) سيرة وتأريخ	اسلام الموسوي	Masaha	1666	0.57207
		المهذّب البارع [ج ٣]	الشيخ جمال الدين أحمد بن محمد بن فهد الحلّي	Rafed	1808	0.57206
		صِفاتُ البيتِ المسْلِمِ	علي بن نايف الشحود	ShamAY	34845	0.57205
		ولاية البصرة في ماضيها وحاضرها [ج ١]	الكسندر أداموف	Rafed	1340	0.57205
		النفح الشذي في شرح جامع الترمذي	محمد بن محمد بن محمد بن أحمد، ابن سيد الناس، اليعمري الربعي، أبو الفتح، فتح الدين (المتوفى: 734 ه)	Sham19Y	7488	0.57203
		 الكامل في التاريخ 	 ابن الأثير 	ABLibrary	8248	0.57203
		إعراب القرآن [ج ١]	أبي جعفر أحمد بن محمّد بن إسماعيل النحّاس [ ابن النحّاس ]	Rafed	3320	0.57203
		أهوال القبور وأحوال أهلها إلى النشور	الواحدي :: ابن رجب الحنبلي	ShamAY	33754	0.572
		الاتجاهات العلمانية في فكر المدرسة العقلية الحديثة	منى الشافعي	ShamAY	37774	0.57199
		المعالم الجديدة للأصول	آية الله السيّد محمّد باقر الصدر	Rafed	2823	0.57199
		تنقيح القول الحثيث في شرح لباب الحديث	محمد بن عمر النووي البنتني	ShamAY	35984	0.57198
		بحوث في الفقه المعاصر [ج ٢]	الشيخ حسن الجواهري	Rafed	172	0.57198
		الأمة الوسط والمنهاج النبوي في الدعوة إلى الله	عبد الله بن عبد المحسن بن عبد الرحمن التركي	ShamAY	30910	0.57195
		عمدة الوسائل في الحاشية على الرسائل‏  - الجزء1	السيد عبد الله الشيرازي	Masaha	4009	0.57195
		فصل في تزكية النفس [الطبعة الكاملة للرسالة]	شيخ الإسلام أبو العباس أحمد بن عبد الحليم ابن تيمية الحراني (661 - 728 ه)	Sham19Y	133364	0.57192
		(تاريخ الجزائر الثقافي) أو (الموسوعة الثقافية الجزائرية)	أبو القاسم سعد الله (المتوفى: 1435 هـ)	ShamAY	37974	0.57189
		شرح الصدور بزوائد شرح الشذور		ShamAY	37068	0.57189
		 بحار الأنوار 	 العلامة المجلسي 	ABLibrary	742	0.57189
		موقف الخميني من أهل السنة	محمد مال الله	ShamAY	35316	0.57184
		فصل في تزكية النفس [الطبعة الكاملة للرسالة]	شيخ الإسلام أبو العباس أحمد بن عبد الحليم ابن تيمية الحراني (661 - 728 ه)	ShamelaY19	133364	0.57182
		الصارم المسلول على شاتم الرسول	تقي الدين أبو العباس أحمد بن عبد الحليم بن عبد السلام بن عبد الله بن أبي القاسم بن محمد ابن تيمية الحراني الحنبلي الدمشقي (المتوفى: 728هـ)	ShamAY	7344	0.57181
		الأساليب النبوية في التعليم	علي بن نايف الشحود	ShamAY	34824	0.5718
		الدعوة إلى التمسك بالقرآن الكريم وأثره في حياة المسلم	د. عبد الرحيم بن محمد المغذوي	ShamAY	7616	0.57178
		مسبوك الذهب في فضل العرب وشرف العلم على شرف النسب	مرعي بن يوسف بن أبى بكر بن أحمد الكرمى المقدسي الحنبلى (المتوفى: 1033ه)	ShamelaY19	26541	0.57178
		مظلوميّة الزهراء(ع)	السيد علي الحسيني الميلاني	Masaha	399	0.57177
		الأذكار للنووي ت الأرنؤوط	أبو زكريا محيي الدين يحيى بن شرف النووي (المتوفى: 676ه)	Sham19Y	1956	0.57176
		أبو بكر الصديق أفضل الصحابة، وأحقهم بالخلافة	محمد بن عبد الرحمن بن محمد بن عبد الله بن عبد الرحمن بن محمد بن قاسم العاصمي الحنبلي (المتوفى: 1421ه)	ShamelaY19	25815	0.57175
		منهج جديد لدراسة الفقه المقارن	السيد علي الشهرستاني	Rafed	1360	0.57174
		المنهيات	محمد بن علي بن الحسن بن بشر، أبو عبد الله، الحكيم الترمذي (المتوفى: نحو 320ه)	Sham19Y	25950	0.57173
		نور الابصار في احوال الائمه التسعه الابرار ( عليهم السلام ) - الامام الصادق ( عل...	محمد مهدي مازندراني حائري	Ghbook	6251	0.57173
		المستشرقون والمبشرون في العالم العربي والإسلامي	الشيخ / إبراهيم خليل أحمد (من كبار علماء النصارى مَنَّ الله عليه بالإسلام)	ShamAY	1393	0.57171
		صحيح وضعيف تاريخ الطبري	الإمام أبو جعفر بن جرير الطبري (224 - 310 ه)	ShamelaY19	145435	0.5717
		الصابئة المندائية معتقدهم وعبادتهم	ماجد البنكاني	ShamAY	35729	0.57169
		الواسطة بين الحق والخلق	تقي الدين أبو العباس أحمد بن عبد الحليم بن عبد السلام بن عبد الله بن أبي القاسم بن محمد ابن تيمية الحراني الحنبلي الدمشقي (المتوفى: 728هـ)	ShamAY	8983	0.57168
		جواهر الكلام [ج ١٩]	الشيخ محمّد حسن النّجفي	Rafed	650	0.57168
		موسوعة الإمام الخوئي [ج ٢]	الشيخ علي الغروي	Rafed	839	0.57168
		الكشف عن مساوي شعر المتنبي	إسماعيل بن عباد بن العباس، أبو القاسم الطالقاني، المشهور بالصاحب بن عباد (المتوفى: 385هـ)	ShamAY	448	0.57167
		المصطلح الفلسفي عند العرب	عبد الأمير الأعسم	ShamAY	34799	0.57167
		الأذكار للنووي ت الأرنؤوط	أبو زكريا محيي الدين يحيى بن شرف النووي (المتوفى: 676هـ)	ShamAY	1956	0.57167
		نزهة الناظر	الشيخ يحيى بن سعيد الحلي	Rafed	1823	0.57167
		شرح العروة الوثقي	كاظم شيرازي	Ghbook	11134	0.57164
		الإقليد في فتاوى التمذهب والاجتهاد والتقليد	فهد الحزمي	ShamAY	37509	0.57162
		مناسك الحج والعمرة والمشروع في الزيارة	محمد بن صالح بن محمد العثيمين (المتوفى: 1421هـ)	ShamAY	21585	0.57162
		تعريب موسوعة عاشوراء	خليل زامل العصامي‏	Masaha	3120	0.57162
		مضاهاة أمثال كليلة ودمنة بما أشبهها من اشعار العرب	أبو عبد الله محمد بن حسين بن عمر اليمني (المتوفى: 400هـ)	ShamAY	674	0.57159
		ثمر الثمام شرح «غاية الإحكام في آداب الفهم والإفهام»	محمد بن محمد بن أحمد بن عبد القادر بن عبد العزيز السنباوي الأزهري، المعروف بالأمير (المتوفى: 1232ه)	Sham19Y	17091	0.57159
		إرهاب المستأمنين وموقف الإسلام منه	بدر بن ناصر البدر	ShamAY	1170	0.57158
		شرح العقيدة الواسطية - عبد الرحيم السلمي	عبد الرحيم بن صمايل العلياني السلمي	ShamelaY19	37802	0.57158
		التربية الإسلامية وتحديات العصر	عبد الرحمن بن عبد الله الفاضل	ShamAY	35054	0.57157
		الولاية في النكاح	عوض بن رجاء بن فريج العوفي	ShamAY	11821	0.57157
		أسماء الله الحسنى الثابتة في الكتاب والسنة - ط الرضوان	الواحدي :: محمود عبد الرازق رضواني	ShamAY	34971	0.57156
		الوفا بتعريف فضائل المصطفى - ط المعرفة	الواحدي :: ابن الجوزي	ShamAY	37387	0.57156
		 المسائل والرسائل المروية عن الإمام أحمد بن حنبل في العقيدة 	 عبد الإله بن سلمان بن سالم الأحمدي 	ABLibrary	8599	0.57155
		دلائل الصدق لنهج الحق [ج ٥]	الشيخ محمد حسن المظفر	Rafed	252	0.57154
		شرح البيقونية - محمد حسن عبد الغفار	محمد حسن عبد الغفار	ShamelaY19	37667	0.57152
		القواطع الإلهية لإقامة العبودية	عبد الفتاح الأمازيغي	ShamAY	35765	0.57147
		دروس في الكفاية  - الجزء1	غلام علي‏ المحمدي البامياني	Masaha	3795	0.57146
		آداب الأسرة في الإسلام	السيد سعيد كاظم العذاري	Rafed	792	0.57144
		المبسوط للسرخسي	محمد بن أحمد بن أبي سهل شمس الأئمة السرخسي (المتوفى: 483هـ)	ShamAY	31804	0.57143
		سلسلة مصابيح الهدى	محمد حسان	Sham19Y	7700	0.57143
		الصبر والذوق أخلاق المؤمن	عمرو خالد	ShamAY	35158	0.57142
		بحر المذهب (في فروع المذهب الشافعي)	الروياني، أبو المحاسن عبد الواحد بن إسماعيل (ت 502 هـ)	ShamAY	32345	0.57141
		ديوان ذو الرمة	غيلان بن عقبة بن نهيس بن مسعود العدوي. أبو الحارث. ذو الرمة	ShamAY	37932	0.57141
		نظرية الوحدة الموضوعية من خلال كتاب "الأساس في التفسير" للشيخ سعيد حوى رحمه الله	الواحدي	ShamAY	36904	0.57139
		نَقْضُ الإِمَامِ أَبِي سَعِيِدٍ عُثْمَانَ بْنِ سَعِيِدٍ عَلَى المَرِيْسِيِّ الْجَهْمِيِّ العَنِيدِ فِيْمَا افْتَرَىَ عَلَى اللهِ - عز وجل - مِنَ التَّوْحِيدِ	أبو سعيد عثمان بن سعيد بن خالد بن سعيد الدارمي السجستاني (المتوفى: 280 هـ)	ShamAY	32552	0.57139
		الأمة الوسط والمنهاج النبوي في الدعوة إلى الله	عبد الله بن عبد المحسن بن عبد الرحمن التركي	Sham19Y	30910	0.57139
		حوار مع الشيخ صالح الدرويش حول كتابه «التراحم بين آل بيت النبي صلي الله عليه و آ...	آيت الله العظمي جعفر سبحاني	Ghbook	10404	0.57138
		عاشوراء امتداد لحركه الانبياء	آيت الله العظمي سيد محمد تقي مدرسي	Ghbook	5966	0.57137
		مستند الشّيعة [ج ١٧]	أحمد بن محمّد مهدي النّراقي	Rafed	623	0.57135
		نور التوحيد وظلمات الشرك في ضوء الكتاب والسُّنَّة	د. سعيد بن علي بن وهف القحطاني	ShamAY	1911	0.57132
		 زبدة الأحكام 	 السيد الخميني 	ABLibrary	9429	0.5713
		 الدر النظيم 	 يوسف بن حاتم الشامي المشغري العاملي 	ABLibrary	980	0.57129
		 رؤيت هلال ( فارسي ) 	 رضا مختاري / محسن صادقي 	ABLibrary	9761	0.57128
		الآيات البينات في ذكر ما في أعضاء رسول الله صلى الله عليه وسلم من المعجزات	أبو الخطاب عمر بن الحسن ابن دحية الكلبي الأندلسي السبتي (633 هـ)	ShamAY	33556	0.57125
		الاختيارات الفقهية للشيخ عبيد الله المباركفوري كتاب الصيام والاعتكاف	موافقي الأمين	ShamelaY19	133371	0.57125
		بحوث معاصرة في الساحة الدوليّة	الشيخ محمّد سند	Rafed	1225	0.57124
		مشارق الشموس في شرح الدروس - الجزء1	الشيخ آقا حسين الخوانساري	Masaha	1295	0.57124
		مجاز القرآن خصائصه الفنيّة وبلاغته العربيّة	د. محمد حسين الصغير	Masaha	1748	0.57124
		الفقه العقدي للنوازل	عبد الرحيم بن صمايل العلياني السلمي	ShamAY	809	0.57123
		الصحيفه الرضوية الجامعة	محمد باقر بن مرتضي موحد ابطحي اصفهاني	Ghbook	7133	0.57123
		أضواء على التقيّة	السيد علي الحسيني الصدر	Rafed	1769	0.5712
		الحفظ التربوي للقرآن وصناعة الإنسان	خالد اللاحم	ShamAY	37005	0.57119
		الفَوَائِدُ الجِسَامُ عَلى قَواعِدِ ابنِ عَبْدِ السَّلامِ	عمر بن رسلان بن نصير بن صالح الكناني، العسقلاني الأصل، ثم البلقيني المصري الشافعيّ، أبو حفص، سراج الدين (المتوفى: 805 هـ)	ShamAY	32427	0.57119
		اعلام الهدايه (الامام علي بن ابيطالب عليه السلام)	مجمع جهاني اهل بيت عليهم السلام	Ghbook	8384	0.57118
		ديوان الهذليين	مجموعة من المؤلفين	ShamAY	32521	0.57117
		 دور أهل البيت ( ع ) في بناء الجماعة الصالحة 	 السيد محمد باقر الحكيم 	ABLibrary	973	0.57117
		النسخ بين المفسرين والاصوليين	عبدالرسول غفار	Ghbook	14952	0.57113
		إستقصاء الإعتبار [ج ٢]	الشيخ محمّد بن الحسن بن الشّهيد الثّاني	Rafed	565	0.57112
		تعليق من أمالي ابن دريد	أبو بكر محمد بن الحسن بن دريد الأزدي (المتوفى: 321ه)	ShamelaY19	26237	0.57111
		المهذب في علم أصول الفقه المقارن	عبد الكريم بن علي بن محمد النملة	Sham19Y	21529	0.57111
		اللمحة في شرح الملحة	محمد بن حسن بن سباع بن أبي بكر الجذامي، أبو عبد الله، شمس الدين، المعروف بابن الصائغ (المتوفى: 720ه)	Sham19Y	7341	0.57111
		بحوث في تحليل الخمس و عدمه : تقريرا لبحث سماحة آيه الله الحاج السيد محمد الرجائي...	قاسم علي احمدي	Ghbook	16324	0.57111
		أنوار الفقاهة (كتاب الميراث)	الشيخ حسن كاشف الغطاء	Masaha	919	0.57108
		الإسلام ومستقبل البشرية لعبدالله عزام	الواحدي :: عبد الله عزام	ShamAY	33415	0.57105
		شرح قطر الندى وبل الصدى	عبد الله بن يوسف بن أحمد بن عبد الله ابن يوسف، أبو محمد، جمال الدين، ابن هشام (المتوفى: 761هـ)	ShamAY	6970	0.57105
		الأمر بين الأمرين	الناشر: مركز الرسالة	Rafed	9	0.57104
		خاتمه مستدرك الوسائل	ميرزا حسين محدث نوري	Ghbook	9010	0.57101
		تفسير الصراط المستقيم	آيت الله العظمي سيد حسين طباطبايي بروجردي	Ghbook	10769	0.57101
		زاد المستقنع في اختصار المقنع	موسى بن أحمد بن موسى بن سالم بن عيسى بن سالم الحجاوي المقدسي، ثم الصالحي، شرف الدين، أبو النجا (المتوفى: 968هـ)	ShamAY	11230	0.571
		فقه الدعوة في صحيح الإمام البخاري	سعيد بن علي بن وهب القحطاني	ShamAY	1954	0.57098
		موسوعة الإمام الخوئي [ج ٤٧]	السيّد محمّد سرور الواعظ الحسيني البهسودي	Rafed	1740	0.57098
		أصول الدين عند الإمام أبي حنيفة	محمد بن عبد الرحمن الخميس	ShamAY	7509	0.57097
		183 وسيلة دعوية للمرأة المسلمة	عبد الملك القاسم	ShamAY	33518	0.57096
		المهذّب [ج ٢]	عبد العزيز بن البرّاج الطرابلسي	Rafed	1281	0.57096
		محاضرات في الاعتقادات	آيت الله علي حسيني ميلاني	Ghbook	4780	0.57096
		آداب مهنة الطب	مجموعة من المؤلفين	ShamAY	35149	0.57095
		لفتة الكبد في نصيحة الولد	الإمام ابن الجوزي	ShamAY	34818	0.57094
		حاشية السّيالكوتى على كتاب المطوّل	عبد الحكيم السيالكوتي	Rafed	1801	0.57094
		خطط الشام [ج ٣]	محمّد كرد علي	Rafed	2280	0.57094
		إصلاح كتاب الحيوان (الجزء الأول)	الأستاذ صبحي البصام	ShamAY	35917	0.57092
		الجانب الإيماني في تلقي النص الشرعي .. مقوماته - أحكامه	عصر النصر	ShamAY	35770	0.57092
		الأنوار النعمانية في الدعوة الربانية	محمد علي محمد إمام	Sham19Y	21011	0.57091
		وضوء النبي [ج ٢]	السيد علي الشهرستاني	Rafed	1871	0.57091
		مصابيح الظلام [ج ٢]	محمّد باقر الوحيد البهبهاني	Rafed	1670	0.57089
		الامام الباقر ( عليه السلام )	كمال السيد	Ghbook	6389	0.57089
		الإخوان المسلمون والمجتمع المصرى	محمد شوقي زكي	ShamAY	33352	0.57088
		كتاب الاجاره	ميرزا حبيب الله رشتي گيلاني نجفي	Ghbook	11668	0.57088
		حاشيه الكفايه	محمد حسين طباطبايي	Ghbook	12150	0.57088
		مفتاح الكرامة في شرح قواعد العلامة - الجزء1	السيد جواد الحسيني العاملي	Masaha	862	0.57088
		كلمات حول نهضه المسلمين	آيت الله العظمي سيد محمد حسيني شيرازي	Ghbook	7788	0.57087
		العربيه المعاصره في التحدث والمحادثه	محمد حيدري	Ghbook	10644	0.57086
		من البحر المتوسط إلى الخليج - الجزء1	ماكس فرايرر فون أوبنهايم	Masaha	4218	0.57085
		العين والأثر في عقائد أهل الأثر	عبد الباقي بن عبد الباقي بن عبد القادر البعلي الأزهري الدمشقيّ، تقيّ الدين، ابن فَقِيه فُصَّة (المتوفى: 1071هـ)	ShamAY	8518	0.57084
		ثمر الثمام شرح «غاية الإحكام في آداب الفهم والإفهام»	محمد بن محمد بن أحمد بن عبد القادر بن عبد العزيز السَّنَباوي الأزهري، المعروف بالأمير (المتوفى: 1232هـ)	ShamAY	32106	0.5708
		اعلام الهدايه	المجمع العالمي لاهل البيت عليهم السلام	Ghbook	3775	0.5708
		الأخلاق النبوية في الصراعات السياسية والعسكرية	الحموي، ياقوت	ShamAY	36107	0.57075
		 من فقه الزهراء ( ع ) 	 السيد محمد الحسيني الشيرازي 	ABLibrary	9489	0.57071
		اعلام الهدايه (الامام موسي بن جعفر الكاظم عليه السلام)	مجمع جهاني اهل بيت عليهم السلام	Ghbook	6408	0.57062
		الإيضاح في علل النحو	أبو القاسم الزجاجي (المتوفى: 337 ه)	ShamelaY19	143170	0.57061
		عيوب تشييد البناء في دار الفناء	أبو محمد عبد الكريم بن صالح بن عبد الكريم الحميد	ShamAY	1087	0.57059
		أحكام الصيام- الهرفي	الواحدي :: عبد الرحمن الهرفي	ShamAY	36535	0.57057
		احتساب الشيخ محمد بن عبد الوهاب (رحمه الله)	مرفت بنت كامل بن عبد الله أسرة	ShamAY	7487	0.57057
		بصائر في الفتن	محمد بن أحمد بن إسماعيل المقدم	ShamAY	31598	0.57056
		سلسلة أهل الذكر	شريفة سلامة أبو مريفة	ShamelaY19	30935	0.57056
		البداء آية عظمة اللّه: دراسة تحليليّة في علم اللّه تعالي وقدرته والبداء	محمد باقر علم الهدي	Ghbook	12111	0.57056
		الفوائد الرجالية - الجزء1	السيد بحر العلوم	Masaha	3382	0.57055
		الخلاصة الفقهية على مذهب السادة المالكية	محمد العربي القروي :: محمد العربي القروي المالكي	ShamAY	6190	0.57054
		 مناحل الشفا ومناهل الصفا بتحقيق كتاب شرف المصطفى ( ص ) 	 عبد الملك الخركوشي النيسابوري 	ABLibrary	7586	0.57054
		 المغرب في حلي المغرب 	 علي بن موسى الغرناطي الأندلسي 	ABLibrary	9221	0.57052
		إهداء للبرنامج من دار الركائز للنشر والتوزيع - دولة الكويت	عبد الرحمن بن عبد الله البعلي الحنبلي (ت: 1192)	ShamelaY19	147661	0.57051
		الكشف والبيان [ج ٧]	أبو إسحاق أحمد [ الثّعلبي ]	Rafed	1669	0.5705
		الإبانة لما للصحابة من المنزلة والمكانة	حمد بن عبد الله الحميدي	ShamAY	35658	0.57049
		20 سببا للعتق من النار في رمضان	هاني حلمي	ShamAY	35017	0.57046
		رحلة السيرافي‏	أبو زيد الحسن السيرافي	Masaha	4831	0.57046
		كيف تتخلص من السحر	أ. د / عبد الله بن محمد بن أحمد الطيار	ShamAY	11357	0.57045
		الزهرا عبق الرساله و عبير محمد صلي الله عليه و آله	ام الحسنين بغدادي	Ghbook	3778	0.5704
		تراث أبي الحسن الْحَرَالِّي المراكشي في التفسير	الحَرَالِّيُّ أَبُو الحَسَنِ عَلِيُّ بنُ أَحْمَدَ بنِ حَسَنٍ التُّجِيْبِيُّ الأَنْدَلُسِيُّ (المتوفى: 638هـ)	ShamAY	80	0.57038
		كشف الأسرار في حكم الطيور والأزهار	عز الدين عبد السلام بن أحمد بن غانم المقدسي (المتوفى: 678هـ)	ShamAY	31379	0.57037
		مذكرات شاهد للقرن	مالك بن نبي	ShamAY	1400	0.57036
		أبو بكر الصديق أفضَلُ الصَّحَابة، وَأحقّهم بالخِلافة	محمد بن عبد الرحمن بن محمد بن عبد الله بن عبد الرحمن بن محمد بن قاسم العاصمي الحنبلي (المتوفى: 1421هـ)	ShamAY	25815	0.57035
		السيرة النبوية (من البداية والنهاية لابن كثير)	أبو الفداء إسماعيل بن عمر بن كثير القرشي الدمشقي (المتوفى: 774هـ)	ShamAY	930	0.57035
		في مهب المعركة	مالك بن الحاج عمر بن الخضر بن نبي (المتوفى: 1393هـ)	ShamAY	1151	0.57034
		الجامع لمسائل المدونة	أبو بكر محمد بن عبد الله بن يونس التميمي الصقلي (المتوفى: 451 ه)	Sham19Y	18607	0.57031
		الكشف عن مساوي شعر المتنبي	إسماعيل بن عباد بن العباس، أبو القاسم الطالقاني، المشهور بالصاحب بن عباد (المتوفى: 385ه)	ShamelaY19	37056	0.5703
		 مباني منهاج الصالحين 	 السيد تقي الطباطبائي القمي 	ABLibrary	9721	0.5703
		منهاج الأصول [ج ٤]	محمّد ابراهيم الكرباسي	Rafed	3684	0.5703
		النّهاية [ج ٢]	مجد الدين أبي السعادات المبارك بن محمد الجزري [ ابن الأثير ]	Rafed	3532	0.5703
		أصول وقواعد في المنهج السلفي	عبيد الجابري	ShamAY	33425	0.57029
		فقه المزار في احاديث الائمه الاطهار عليهم السلام	آيت الله العظمي جعفر سبحاني	Ghbook	10652	0.57026
		نتائج الأفكار	السيد إبراهيم‏  الموسوي القزويني	Masaha	4619	0.57025
		توضيح القوانين‏	محمد حسين بن محمد القمي	Masaha	3621	0.57025
		تذكرة الفقهاء - الجزء1	العلامة الحلي	Masaha	732	0.57025
		سر الوجود	آيت الله العظمي ناصرمكارم شيرازي	Ghbook	3287	0.57024
		الإمام المهدي المصلح العالمي المنتظر	الشيخ محمّد جواد الطبسي	Rafed	1274	0.57022
		ابوبكر بن ابي قحافه	علي خليلي	Ghbook	7095	0.57022
		المنهاج النبوي في تربية الأطفال	علي بن نايف الشحود	ShamAY	34838	0.57021
		الحقيقة المظلومة	محمد علي صالح المعلّم	Rafed	32	0.57017
		المبسوط للسرخسي - الفكر	الواحدي :: السرخسي	ShamAY	34206	0.57016
		تاريخ الشحر وأخبار القرن العاشر	محمد بن عمر طيب بافقية	Masaha	4137	0.57016
		عبقرية الإمام مسلم في ترتيب أحاديث مسنده الصحيح	حمزة عبد الله المليباري	ShamAY	37279	0.57013
		سبع مسائل في علم الخلاف	أبو مجاهد عبد العزيز بن عبد الفتاح بن عبد الرحيم بن الملاَّ محمد عظيم القارئ المدني	ShamAY	4811	0.57011
		كلمه الامام الجواد ( عليه السلام )	حسن شيرازي	Ghbook	6478	0.57011
		سر صناعة الإعراب	أبو الفتح عثمان بن جني الموصلي (المتوفى: 392ه)	Sham19Y	12017	0.57008
		 كتاب الصلاة 	 الشيخ الأنصاري 	ABLibrary	9374	0.57006
		مستمسك العروة الوثقى [ج ٥]	آية الله السيد محسن الطباطبائي الحكيم	Rafed	402	0.57003
		الفروسية المحمدية ط عالم الفوائد	أبو عبد الله محمد بن أبي بكر بن أيوب ابن قيم الجوزية (691 - 751)	Sham19Y	18169	0.57
		تنوير الحوالك شرح موطأ مالك - العلمية	السيوطي	ShamAY	33528	0.56999
		حاشية الطحاوي على مراقي الفلاح - الأميرية	أحمد بن محمد بن إسماعيل الطحطاوي الحنفي سنة الوفاة 1231هـ	ShamAY	34210	0.56998
		كمال الدين و تمام النعمه	محمد بن علي بن بابويه شيخ صدوق	Ghbook	2648	0.56998
		عمدة المطالب في التعليق على المكاسب - الجزء1	السيد تقي الطباطبائي القمي	Masaha	837	0.56997
		مصادر السنة ومناهج مصنفيها	حاتم العوني	ShamAY	37322	0.56996
		الفروق الفقهية للدمشقي	أبو الفضل مسلم بن علي الدمشقي (المتوفى في القرن الخامس الهجري)	ShamelaY19	20763	0.56995
		جواهر الكلام [ج ٢٣]	الشيخ محمّد حسن النّجفي	Rafed	656	0.56995
		مجمع الفائدة والبرهان في شرح إرشاد الأذهان [ج ٩]	الشيخ أحمد بن محمّد الأردبيلي [ المقدّس الأردبيلي ]	Rafed	1906	0.56995
		ظن السوء بمن سلم من الأنام في ضوء الكتاب والسنة بإجمال	ابتسام الجابري	ShamAY	36647	0.56993
		الرد على الرافضة أو القضاب المشتهر على رقاب ابن المطهر - رسالة في الرد على علامة الشيعة في وقته ابن مطهر الحلي	مجد الدين أبو طاهر محمد بن يعقوب الفيروزآبادى (المتوفى: 817ه)	Sham19Y	37554	0.56992
		السيّدة رقيّة بنت الإمام الحسين عليه السلام	الشيخ علي ربّاني الخلخالي	Rafed	1778	0.56991
		الرد على الرافضة أو القضاب المشتهر على رقاب ابن المطهر - رسالة في الرد على علامة الشيعة في وقته ابن مطهر الحلي	مجد الدين أبو طاهر محمد بن يعقوب الفيروزآبادى (المتوفى: 817ه)	ShamelaY19	37554	0.5699
		تراثنا ـ العدد [ 23 ]	مؤسسة آل البيت عليهم السلام لإحياء التراث ـ قم	Rafed	2743	0.5699
		فلسطين والحل الإسلامي لذياب الغامدي	ذياب الغامدي	ShamAY	33484	0.56989
		التأدب مع الرسول في ضوء الكتاب والسنة	حسن نور حسن	ShamAY	35053	0.56989
		نزول القرآن على سبعة أحرف	مناع بن خليل القطان (المتوفى: 1420هـ)	ShamAY	1206	0.56986
		 آداب عصر الغيبة 	 الشيخ حسين كوراني 	ABLibrary	97	0.56983
		شرح كفاية المتحفظ (تحرير الرواية في تقرير الكفاية)	محمد بن الطيب الفاسي	ShamAY	38983	0.56981
		الوامق النصراني وشعره في الغدير	الشيخ عبد الحسين الأميني النجفي	Masaha	480	0.56976
		الرسالة الأولى في الخراج	المقدس الأردبيلي	Masaha	1141	0.56976
		 تبيان الصلاة 	 تقرير بحث البروجردي للشيخ علي الصافي 	ABLibrary	9422	0.56975
		مناهج البحث في اللغة	تمام حسان	ShamAY	11540	0.56974
		قراءه في السيره الفاطميه	كفاح الحداد	Ghbook	15728	0.56974
		 موسوعة كشاف اصطلاحات الفنون والعلوم 	 محمد علي التهانوي 	ABLibrary	8655	0.56972
		 الصحيفة العلوية والتحفة المرتضوية 	 عبد الله بن صالح السماهيجي 	ABLibrary	7935	0.56972
		الدر المختار شرح تنوير الأبصار وجامع البحار	محمد بن علي بن محمد الحِصْني المعروف بعلاء الدين الحصكفي الحنفي (المتوفى: 1088هـ)	ShamAY	31821	0.56968
		الكوكب الزهري نظم مختصر الأخضري	أبو عبد الله محمد عبد القادر بن محمد بن المختار بن أحمد العالم القبلوي الجزائري المالكي الشهير بالشيخ باي بلعالم (المتوفى: 1430ه)	Sham19Y	95864	0.56968
		الغدير في الكتاب والسنّة والأدب [ج ٥]	الشيخ عبد الحسين أحمد الأميني النجفي	Rafed	2008	0.56968
		قاعدة في الصبر	تقي الدين أبو العباس أحمد بن عبد الحليم بن عبد السلام بن عبد الله بن أبي القاسم بن محمد ابن تيمية الحراني الحنبلي الدمشقي (المتوفى: 728هـ)	ShamAY	12153	0.56967
		أحسن التقاسيم في معرفة الأقاليم‏	محمد بن أحمد بن عبد الهادي المقدسي	Masaha	4475	0.56967
		حسن المحاضرة في تاريخ مصر والقاهرة	عبد الرحمن بن أبي بكر، جلال الدين السيوطي (المتوفى : 911هـ)	ShamAY	3283	0.56966
		 نهر الذهب في تاريخ حلب 	 الغزي 	ABLibrary	9308	0.56964
		سند العروه الوثقي (صلاه المسافر)	محمد السند	Ghbook	15216	0.56964
		النهايه في غريب الحديث و الاثر	مبارك بن محمد ابن اثير ( صاحب نهايه و جامع الاصول )	Ghbook	8171	0.56962
		أخطاء اللغة العربية المعاصرة عند الكتّاب والإذاعيين	د أحمد مختار عبد الحميد عمر	ShamAY	2053	0.56961
		الإمام عليّ الهادي عليه السلام سيرة وتاريخ	علي موسى الكعبي	Rafed	616	0.56961
		علم البيان	عبد العزيز عتيق (المتوفى: 1396 هـ)	ShamAY	32341	0.5696
		الخُمُسُ وسَهمُ الإمامِ		ShamAY	35639	0.5696
		عشرون حديثا من صحيح البخاري دراسة اسانيدها وشرح متونها	عبد المحسن بن حمد بن عبد المحسن بن عبد الله بن حمد العباد البدر	ShamAY	3939	0.56959
		تطلعات إلى المستقبل في مستهل القرن الهجري الجديد	محمد بن قطب بن إبراهيم	ShamAY	10067	0.56957
		الجامع لمسائل المدونة	أبو بكر محمد بن عبد الله بن يونس التميمي الصقلي (المتوفى: 451 ه)	ShamelaY19	18607	0.56957
		المنهج بين الماضي والحاضر	عبد الله بن أحمد قادري	Sham19Y	8957	0.56954
		الأذكار للنووي - ط الفكر	يحيى بن شرف النووي	ShamAY	33747	0.56953
		بحار الأنوار [ج ١٦]	الشيخ محمّد باقر بن محمّد تقي المجلسي	Rafed	857	0.56952
		معجم مفردات أصول الفقه المقارن‏	الشيخ تحسين البدري	Masaha	4337	0.56952
		ابو الحسين زيد الشهيد	السيد محسن الأمين	Masaha	1648	0.56952
		آداب الزيارة بين النساء	زاهر بن محمد الشهري	ShamAY	36472	0.56951
		 المغني في أبواب التوحيد والعدل 	 القاضي عبد الجبار الهمذاني 	ABLibrary	8625	0.56951
		المزار	السيد مهدي القزويني	Masaha	3949	0.56951
		تذكير العباد بحقوق الأولاد	الواحدي :: عبد الله آل جار الله	ShamAY	34962	0.5695
		موسوعة الإمام الخوئي [ج ٢٧]	السيّد محمّد رضا الموسوي الخلخالي	Rafed	1637	0.5695
		التعليق على فتح الباري	عبد الله بن محمد بن أحمد الدويش (المتوفى: 1409هـ)	ShamAY	10470	0.56949
		فتوح الشام	محمد بن عمر بن واقد السهمي الأسلمي بالولاء، المدني، أبو عبد الله، الواقدي (المتوفى: 207هـ)	ShamAY	12045	0.56947
		رسالتان في الخراج	الشيخ أحمد بن محمّد الأردبيلي [ المقدّس الأردبيلي ]	Rafed	1259	0.56944
		جامع المقاصد في شرح القواعد [ج ٣]	الشيخ عليّ بن الحسين بن عبد العالي الكركي	Rafed	555	0.56942
		نظره في كتاب السنه و الشيعه	عبدالحسين اميني ( علامه اميني )	Ghbook	4585	0.56942
		مفاتيح الأصول‏	السيد محمد الطباطبائي المجاهد	Masaha	4338	0.56942
		الإمام علي ( عليه السلام ) سيرة وتأريخ	اسلام الموسوي	Rafed	128	0.5694
		مسند الإمام أحمد بن حنبل	أبو عبد الله أحمد بن محمد بن حنبل بن هلال بن أسد الشيباني (المتوفى: 241ه)	Sham19Y	25794	0.56939
		أكثر من 1000 سنة في اليوم والليلة	أبو عبد الملك خالد بن عبد الرحمن الحسينان	ShamAY	1095	0.56938
		ملتقى أهل اللغة	مجموعة من المؤلفين	ShamAY	31815	0.56938
		 نشأة المدينة العربية الإسلامية " الكوفة " 	 هشام جعيط 	ABLibrary	9295	0.56938
		الإقناع لابن المنذر	أبو بكر محمد بن إبراهيم بن المنذر النيسابوري (المتوفى: 319ه)	Sham19Y	12843	0.56937
		 الرحلة إلى مصر والسودان والحبشة 	 اولياء چلبي 	ABLibrary	9087	0.56937
		الجذور التاريخية لحقيقة الغلو والتطرف والإرهاب والعنف	علي بن عبد العزيز بن علي الشبل	ShamAY	1129	0.56936
		المسالك والممالك	أبي إسحاق إبراهيم بن محمّد الفارسي الإصطخري	Rafed	2303	0.56936
		الإيضاح في علل النحو	أبو القاسم الزجاجي (المتوفى: 337 ه)	Sham19Y	143170	0.56934
		جامع الاخبار او معارج اليقين في اصول الدين	محمد بن محمد [ شعيري ]	Ghbook	14703	0.56934
		المقومات الشخصية لمعلم القرآن الكريم	د. حازم سعيد حيدر	ShamAY	8563	0.56933
		المهذب في فقة الإمام الشافعي للشيرازي	أبو اسحاق إبراهيم بن علي بن يوسف الشيرازي (المتوفى: 476ه)	Sham19Y	11813	0.56933
		تاريخ النّياحة على الإمام الشهيد الحسين بن علي عليهما السلام [ج ٢]	السيد صالح الشهرستاني	Rafed	282	0.56932
		بيان حقيقة التوحيد الذي جاءت به الرسل ودحض الشبهات التي أثيرت حوله	صالح بن فوزان بن عبد الله الفوزان	ShamAY	9895	0.56931
		التعليق الكبير في المسائل الخلافية بين الأئمة ت الفريح	أبو يعلى الفراء محمد بن الحسين بن محمد بن خلف البغدادي الحنبلي (المولود ببغداد سنة 380 ه والمتوفى بها سنة 458 ه)	Sham19Y	127663	0.5693
		 المرتقى إلى الفقه الأرقى ( كتاب الحج ) 	 السيد محمد الروحاني 	ABLibrary	9466	0.56929
		تحريف القرآن عند الرافضة	.. ..	ShamAY	35301	0.56928
		المعتمد في أصول الفقه	محمد بن علي الطيب أبو الحسين البَصْري المعتزلي (المتوفى: 436هـ)	ShamAY	6319	0.56928
		أباطيل يجب أن تمحى من التاريخ	أبو عبد الله الذهبي	ShamAY	37144	0.56928
		شرح العقيدة الواسطية - عبد الرحيم السلمي	عبد الرحيم بن صمايل العلياني السلمي	ShamAY	805	0.56924
		مصطفى أحمد الزرقا فقيه العصر وشيخ الحقوقيين	د. عبد الناصر أبو البصل	ShamAY	38606	0.56922
		أسباب الاتفاق والاختلاف في العمل الإسلامي بين الخلف والسلف	عمر يوسف حمزة	ShamAY	33234	0.56922
		حديث الثقلين	آيت الله علي حسيني ميلاني	Ghbook	7626	0.56921
		افحام الأعداء والخصوم	السيد ناصر حسين بن حامد حسين الموسوي الهندي	Rafed	1752	0.5692
		إعجاز القرآن ونقض مطاعن عبدة الصلبان	الشيخ وائل بن علي بن أحمد الدِّسُوقيّ	ShamAY	36975	0.56919
		اختلاف الفقهاء لابن جرير	محمد بن جرير بن يزيد بن كثير بن غالب الآملي، أبو جعفر الطبري (المتوفى: 310هـ)	ShamAY	7492	0.56919
		حياه الامام علي الهادي ( عليه السلام ) - دراسه و تحليل	باقر شريف قرشي	Ghbook	4040	0.56919
		مع الطب في القرآن الكريم	الدكتور عبد الحميد دياب - الدكتور أحمد قرقوز	ShamAY	34335	0.56918
		أبو هريرة راوية الإسلام	الدكتور محمد عجاج خطيب	ShamAY	208	0.56917
		من مشكلات الشباب	الواحدي :: ابن عثيمين	ShamAY	34995	0.56916
		 رحلة السيرافي 	 حسن بن يزيد السيرافي 	ABLibrary	9097	0.56914
		الفروسية المحمدية ط عالم الفوائد	أبو عبد الله محمد بن أبي بكر بن أيوب ابن قيم الجوزية (691 - 751)	ShamAY	38642	0.56912
		جواب في الإيمان ونواقضه	عبد الرحمن بن ناصر البراك	ShamAY	37975	0.56907
		المراه في المنظار الاسلامي	آيت الله العظمي سيد محمد حسيني شيرازي	Ghbook	7906	0.56907
		البرهان في بيان القرآن	موفق الدين عبد الله بن قدامة المقدسي (620 هـ)	ShamAY	34079	0.56906
		اختلاف الفقهاء لابن جرير	محمد بن جرير بن يزيد بن كثير بن غالب الآملي، أبو جعفر الطبري (المتوفى: 310ه)	Sham19Y	7492	0.56906
		تكميل النفع بما لم يثبت به وقف ولا رفع	محمد عمرو بن عبد اللطيف بن محمد بن عبد القادر بن رضوان بن سليمان بن مفتاح بن شاهين الشنقيطي (المتوفى : 1429هـ)	ShamAY	22853	0.56905
		مظلوميّة الزهراء عليها السلام	السيّد علي الحسيني الميلاني	Rafed	194	0.56905
		تاريخ اليمن	نجم الدين عمارة بن أبي الحسن علي الحكمي اليمني	Rafed	2201	0.56905
		براءه الشيعه من مفتريات الوهابيه	محمد رضا حسيني اميني	Ghbook	7614	0.56901
		فرحة الزهراء	شيخ ابو علي الاصفهاني	Ghbook	15931	0.56901
		آداب الاسرة في الاسلام	مركز الرسالة	Masaha	502	0.56898
		التوقيف على مهمات التعاريف	زين الدين محمد المدعو بعبد الرؤوف بن تاج العارفين بن علي بن زين العابدين الحدادي ثم المناوي القاهري (المتوفى: 1031هـ)	ShamAY	10640	0.56895
		المناهي اللفظية	محمد بن صالح بن محمد العثيمين (المتوفى: 1421ه)	ShamelaY19	21801	0.56892
		أنواع الصبر ومجالاته - مفهوم، وأهمية، وطرق، وتحصيل في ضوء الكتاب والسنة	د. سعيد بن علي بن وهف القحطاني	Sham19Y	96479	0.56888
		الحكمة	ناصر بن سليمان العمر	ShamAY	1874	0.56887
		تفسير السمرقندي= بحر العلوم - دار الفكر	أبو الليث نصر بن محمد بن إبراهيم السمرقندي الفقيه الحنفي	ShamAY	34069	0.56887
		 كتاب الحج 	 السيد حسن الطباطبائي 	ABLibrary	9503	0.56887
		شرح خيارات اللمعة	الشيخ علي كاشف الغطاء	Masaha	1578	0.56885
		الشبهات المزعومة حول القرآن الكريم في دائرتي المعارف الإسلامية والبريطانية	د. محمد السعيد جمال الدين	ShamAY	7649	0.56884
		العراق بلد الخيرات	آيت الله العظمي سيد محمد حسيني شيرازي	Ghbook	8060	0.56883
		حقيقة الإيمان عند الشيخ الألباني	محمد أبو رّحيِّم	ShamAY	35533	0.56879
		المال في القرآن الكريم	محمود محمد غريب، من علماء الأزهر الشريف والموجه الديني لشباب جامعة القاهرة	ShamAY	1392	0.56879
		الأضداد لابن الأنباري	أبو بكر، محمد بن القاسم بن محمد بن بشار بن الحسن بن بيان بن سماعة بن فَروة بن قَطَن بن دعامة الأنباري (المتوفى: 328هـ)	ShamAY	32077	0.56876
		الجنة والنار من الكتاب والسنة المطهرة	عبد الرحمن بن سعيد بن علي بن وهف القحطاني (المتوفى: 1422ه)	ShamelaY19	96461	0.56873
		المنهيات	محمد بن علي بن الحسن بن بشر، أبو عبد الله، الحكيم الترمذي (المتوفى: نحو 320هـ)	ShamAY	25950	0.56872
		 تاريخ اليمن ( ويليه المختصر من كتاب العبر لابن خلدون ويليه أخبار القرامطة باليمن للجندي ) 	 عمارة الحكمي اليمني 	ABLibrary	9013	0.56872
		الحسين عليه السلام سماته وسيرته	السيد محمد رضا الحسيني الجلالي	Rafed	1537	0.5687
		صلاة النبي صلي الله عليه و آله و سلم وسلسلة المحدثات الداخلة فيها	علي شهرستاني	Ghbook	16155	0.5687
		شرح الحلقة الثانية	ناجي طالب‏ آل فقيه العاملي	Masaha	3984	0.5687
		المحاضرة الدفاعية عن السنة المحمدية - الجامي	محمد أمان الجامي (المتوفى: 1416 هـ)	ShamAY	33858	0.56869
		الأمنية في إدراك النية.	أبو العباس شهاب الدين أحمد بن إدريس بن عبد الرحمن المالكي الشهير بالقرافي (المتوفى: 684هـ)	ShamAY	6245	0.56868
		رياض المسائل في تحقيق الأحكام بالدّلائل [ج ٩]	السيد علي بن السيد محمد علي الطباطبائي	Rafed	316	0.56868
		مجاز القرآن خصائصه الفنيّة وبلاغته العربيّة	الدكتور محمد حسين علي الصّغير	Rafed	118	0.56867
		الوصية ببعض السنن شبه المنسية	هيفاء الرشيد	ShamAY	34326	0.56866
		شرح أبيات سيبويه [ج ١]	أبي محمّد يوسف بن أبي سعيد السيرافي	Rafed	2243	0.56863
		ابحاث حول المهدويه	نجم الدين طبسي	Ghbook	12931	0.56862
		رسالة في التفريق بين أصل العبادة ووصفها	الواحدي :: وليد السعيدان	ShamAY	37485	0.56861
		موسوعة الإمام الخوئي [ج ٢٨]	السيّد محمّد رضا الموسوي الخلخالي	Rafed	1640	0.56861
		ديوان الأخطل	غياث بن غوث الأخطل	ShamAY	37927	0.56859
		نهر الذهب فى تاريخ حلب	كامل بن حسين بن محمد بن مصطفى البالي الحلبي، الشهير بالغزي (المتوفى: 1351ه)	Sham19Y	11788	0.56858
		الكوكب الساطع نظم جمع الجوامع ومعه شرحه المسمى الجليس الصالح النافع بتوضيح معاني الكوكب الساطع	السيوطي	ShamAY	34179	0.56857
		الديباج على صحيح مسلم بن الحجاج	عبد الرحمن بن أبي بكر، جلال الدين السيوطي (المتوفى: 911هـ)	ShamAY	1712	0.56856
		موقف ابن عابدين الفقيه من الصوفية والتصوف		ShamAY	35404	0.56852
		المنهيات	محمد بن علي بن الحسن بن بشر، أبو عبد الله، الحكيم الترمذي (المتوفى: نحو 320ه)	ShamelaY19	25950	0.5685
		المصطلح الأصولي ومشكلة المفاهيم	على جمعة محمد عبد الوهاب (مفتي مصر)	ShamAY	21566	0.56849
		الفوائد الأصولية	الشيخ مرتضى الأنصاري	Masaha	3467	0.56848
		و جاء الحق ...	سعيد ايوب	Ghbook	4602	0.56847
				ShamAY	37993	0.56846
		بحوث وتحقيقات (عبد العزيز الميمني)	عبد العزيز الميمني	ShamAY	37999	0.56846
		أخبار سلاجقة الروم = مختصر سلجوقنامه - تعريب	مجهول - من أهل القرن السابع الهجري	ShamAY	31727	0.56845
		الحركه التغييريه عند الامام الصادق عليه السلام	عزالدين سليم	Ghbook	5002	0.56844
		الخشوع في الصلاة في ضوء الكتاب والسنة - مفهوم، وفروق، وفضائل، وعلم، وعمل، وفوائد، وأسباب، وآداب، وأحكام	د. سعيد بن علي بن وهف القحطاني	ShamelaY19	96463	0.56842
		النَّظْمُ المُسْتَعْذَبُ فِي تفْسِير غريبِ ألْفَاظِ المهَذّبِ	محمد بن أحمد بن محمد بن سليمان بن بطال الركبي، أبو عبد الله، المعروف ببطال (المتوفى: 633هـ)	ShamAY	32113	0.5684
		الأسرة في المجتمع الإسلامي	عبّاس الذهبي	Rafed	1181	0.56837
		دراسات لأسلوب القرآن الكريم	محمد عبد الخالق عضيمة (ت 1404 هـ)	ShamAY	32702	0.56835
		 بيان الفقه في شرح العروة الوثقى ( الاجتهاد والتقليد ) 	 السيد صادق الحسيني الشيرازي 	ABLibrary	9665	0.56834
		النفح الشذي في شرح جامع الترمذي	محمد بن محمد بن محمد بن أحمد، ابن سيد الناس، اليعمري الربعي، أبو الفتح، فتح الدين (المتوفى: 734 هـ)	ShamAY	32325	0.5683
		تاريخ اليمن‏	عبد الواسع الواسعي اليماني	Masaha	4356	0.56827
		مثير الأحزان‏	ابن نما الحلي‏	Masaha	2853	0.56826
		الأنس بذكر الله	أبو العلاء محمد بن حسين بن يعقوب السلفي المصري	ShamAY	32219	0.56824
		إعراب لا إله إلا الله	حسن موسى الشاعر	ShamAY	8697	0.56822
		المدينة المنورة معالم وحضارة	محمد السيد الوكيل	ShamAY	38493	0.56822
		عقوبتا الزاني والمرتد ودفع الشبهات في ضوء القرآن والسنة ودفع الشبهات	عماد السيد محمد إسماعيل الشربينى	ShamAY	1837	0.56821
		الرحلة إلى مصر والسودان والحبشه [ج ١]	أوليا چلبي	Rafed	2308	0.56821
		الجوانب الصوتية في كتب الاحتجاج للقراءات	عبد البديع النيرباني	ShamelaY19	37680	0.56819
		 إعلام النبلاء بتاريخ حلب الشهباء 	 محمد راغب الطباخ الحلبي 	ABLibrary	8961	0.56818
		اعتقادات فرق المسلمين والمشركين	محمّد بن عمر بن الحسن بن الحسين التيمي البكري [ فخر الدين الرازي ]	Rafed	3306	0.56817
		المتواري علي تراجم أبواب البخاري	أحمد بن محمد بن منصور بن القاسم بن مختار القاضي، أبو العباس ناصر الدين ابن المنير الجذامي الجروي الإسكندراني (المتوفى: 683هـ)	ShamAY	5772	0.56814
		النّهاية [ج ٥]	مجد الدين أبي السعادات المبارك بن محمد الجزري [ ابن الأثير ]	Rafed	3658	0.56814
		الإقناع لابن المنذر	أبو بكر محمد بن إبراهيم بن المنذر النيسابوري (المتوفى: 319هـ)	ShamAY	12843	0.56813
		السنة النبوية وحي من الله محفوظة كالقران الكريم	شيخة بنت مفرج المفرج	ShamAY	7600	0.56812
		أفكار للداعيات مع أهلك .. زوجك .. أولادك .. صديقتك .. جيرانك	هناء الصنيع	ShamAY	33505	0.5681
		الياقوت في علم الكلام	أبي اسحاق ابراهيم بن نوبخت	Rafed	3395	0.5681
		الملهوف على قتلى الطفوف	السيد علي بن موسى بن طاووس	Masaha	430	0.56806
		المزار الكبير (للمشهدي)	الشيخ محمد بن جعفر الحائري	Masaha	1025	0.56804
		مقالات الإسلاميين واختلاف المصلين	أبو الحسن علي بن إسماعيل بن إسحاق بن سالم بن إسماعيل بن عبد الله بن موسى بن أبي بردة بن أبي موسى الأشعري (المتوفى: 324هـ)	ShamAY	1195	0.56803
		المهيأ في كشف أسرار الموطأ	عثمان بن سعيد الكماخي (المتوفى: 1171 ه)	ShamelaY19	127713	0.56803
		مرآة العقول [ج ١٤]	الشيخ محمّد باقر بن محمّد تقي المجلسي	Rafed	1036	0.568
		مغني الأديب [ج ١]	جماعة من أساتذة الأدب العربي في الحوزة العلميّة بقم المقدّسة	Rafed	3194	0.56798
		كلمات القرآن تفسير وبيان	الشيخ / حسنين محمد مخلوف	ShamAY	33117	0.56797
		إعراب القرآن للنحاس	أبو جعفر النحاس أحمد بن محمد بن إسماعيل بن يونس المرادي النحوي (المتوفى: 338ه)	ShamelaY19	23587	0.56797
		 الكشكول 	 الشيخ البهائي العاملي 	ABLibrary	8843	0.56797
		دراسات في علم الأصول [ج ٢]	آية الله السيّد علي الشاهرودي	Rafed	3673	0.56797
		الخبره ودورها في الحياه	آيت الله العظمي سيد محمد حسيني شيرازي	Ghbook	8067	0.56792
		مرآة العقول [ج ١٣]	الشيخ محمّد باقر بن محمّد تقي المجلسي	Rafed	1034	0.56791
		مذاكرة الأصول في كتاب الحلقة الأولى والثانية  - الجزء1	ناصر محمد المسباع	Masaha	4307	0.5679
		الطرق السلمية في تغير الحاكم الفاسد	يحيى بن علي جغمان	ShamAY	694	0.56788
		شرح مائة المعاني والبيان	أبو عبد الله، أحمد بن عمر بن مساعد الحازمي	ShamelaY19	36098	0.56788
		المعتمد في أصول الفقه	محمد بن علي الطيب أبو الحسين البصري المعتزلي (المتوفى: 436ه)	Sham19Y	6319	0.56788
		الكشف والبيان [ج ٨]	أبو إسحاق أحمد [ الثّعلبي ]	Rafed	1671	0.56788
		معلم التجويد	د خالد بن عبد الرحمن بن علي الجريسي	ShamelaY19	21513	0.56787
		زاد المعاد - مفتاح الجنان	محمدباقر بن محمدتقي علامه مجلسي	Ghbook	2443	0.56785
		هجر المبتدع	بكر بن عبد الله أبو زيد	ShamAY	35587	0.56784
		رسالة في بيان ما لم يثبت فيه حديث من الأبواب	أبو الطاهر محمد بن يعقوب الفيروزآبادي رحمه الله	ShamAY	34139	0.56784
		الرسالة للشافعي	الشافعي أبو عبد الله محمد بن إدريس بن العباس بن عثمان بن شافع بن عبد المطلب بن عبد مناف المطلبي القرشي المكي (المتوفى: 204هـ)	ShamAY	8180	0.56784
		الأحكام التي خالف فيها الظاهرية الأئمة الأربعة في الحدود (دراسة مقارنة)	حسن أبو زهو	ShamAY	36328	0.56782
		الرسول صلى الله عليه وسلم لسعيد حوى	سعيد حوَّى	ShamAY	37393	0.56782
		نواسخ القرآن = ناسخ القرآن ومنسوخه ت المليباري	جمال الدين أبو الفرج عبد الرحمن بن علي بن محمد الجوزي (المتوفى: 597هـ)	ShamAY	1226	0.56782
		لِسَانُ العَرَبِ في عُلُومِ الأَدَبِ (أَلْفِيَّةُ العَرَبِيَّةِ)	زين الدين الآثاري	ShamAY	37227	0.56781
		برنامج الراصد للشيخ المنجد	محمد صالح المنجد	ShamAY	34714	0.56777
		تعظيم اولياء اللّه	يعقوب جعفري	Ghbook	10526	0.56777
		أمهات المؤمنين في مدرسة النبوة	مصطفى الطحان	ShamAY	35814	0.56775
		 موسوعة عاشوراء ( فرهنگ عاشورا ) 	 جواد محدثى ( تعريب : خليل زامل عصامى ) 	ABLibrary	7632	0.56775
		رويه الله بين التنزيه و التشبيه	موسسه تحقيقات و نشر معارف اهل البيت عليهم السلام	Ghbook	7648	0.56774
		السلف و السلفيون	نجم الدين طبسي	Ghbook	7558	0.56769
		الحج والعمرة في القرآن الكريم	بهجت بن فاضل	ShamAY	36668	0.56768
		زاد المسير في علم التفسير	جمال الدين أبو الفرج عبد الرحمن بن علي بن محمد الجوزي (المتوفى: 597هـ)	ShamAY	23619	0.56767
		الامام المهدي (عج) من المهد إلى الظهور	السيد محمد كاظم القزويني	Masaha	2371	0.56762
		تاريخ ميورقة	أبو المطرف أحمد بن عميرة المخزومي	Masaha	4500	0.56761
		المرأةُ والولايات السيادية	عبد الرحمن بن سعد الشثري	ShamAY	33173	0.5676
		 مباني منهاج الصالحين 	 السيد تقي الطباطبائي القمي 	ABLibrary	9722	0.5676
		شرح الدعاء من الكتاب والسنة	أبو عبد الرحمن ماهر بن عبد الحميد بن مقدم	ShamAY	1928	0.56759
		مختصر القدوري في الفقه الحنفي	أحمد بن محمد بن أحمد بن جعفر بن حمدان أبو الحسين القدوري (المتوفى: 428ه)	ShamelaY19	124336	0.56759
		أضواء على الرسالة المنسوبة إلى الحافظ الذهبي .. النصيحة الذهبية لابن تيمية وتحقيق في صاحبها	أبو الفضل القونوي	ShamAY	37246	0.56758
		مستمسك العروة الوثقي	آيت الله العظمي سيد محسن حكيم	Ghbook	10129	0.56758
		التوحيد في الحج	فضيلة الشيخ محمد بن محمد المختار الشنقيطي	ShamAY	35478	0.56757
		ارسطو طاليس في النفس	عبدالرحمن بدوي	Ghbook	10015	0.56757
		المتواري علي تراجم أبواب البخاري	أحمد بن محمد بن منصور بن القاسم بن مختار القاضي، أبو العباس ناصر الدين ابن المنير الجذامي الجروي الإسكندراني (المتوفى: 683ه)	Sham19Y	5772	0.56756
		 المرتقى إلى الفقه الأرقى ( كتاب الحج ) 	 السيد محمد الروحاني 	ABLibrary	9465	0.56756
		غاية المسؤول في علم الاُصول‏	السيد محمد حسين الحسيني الشهرستاني	Masaha	4021	0.56756
		وفاء الوفا بأخبار دار المصطفى [ج ٤]	نور الدين علي بن أحمد السّمهودي	Rafed	2521	0.56755
		فضائل اهل البيت عليهم السلام بين تحريف المدونين وتناقض مناهج المحدثين	وسام البلداوي	Ghbook	12286	0.56755
		مأساة الزهراء(ع) الجزء الثاني	السيد جعفر مرتضى العاملي	Masaha	395	0.56755
		حراسة العقيدة	د. ناصر بن عبدالكريم العقل	ShamAY	35532	0.56754
		مسند الإمام أحمد بن حنبل	أبو عبد الله أحمد بن محمد بن حنبل بن هلال بن أسد الشيباني (المتوفى: 241هـ)	ShamAY	25794	0.56753
		الْمُهَذَّبُ في عِلْمِ أُصُولِ الفِقْهِ الْمُقَارَنِ	عبد الكريم بن علي بن محمد النملة	ShamAY	21529	0.56747
		النور والظلمات في ضوء الكتاب والسنة	د. سعيد بن علي بن وهف القحطاني	ShamelaY19	96477	0.56747
		رسالة في إثبات الاستواء والفوقية ومسألة الحرف والصوت في القرآن المجيد	عبد الله بن يوسف بن محمد بن حيّويه الجويني، أبو محمد (المتوفى: 438هـ)	ShamAY	6475	0.56746
		 شرفنامه 	 شرف خان البدليسي 	ABLibrary	9127	0.56746
		الخلاصةُ في أحكام الحديثِ الضَّعيفِ	علي بن نايف الشحود	ShamAY	37297	0.56744
		دروس الشيخ محمد حسن عبد الغفار	محمد حسن عبد الغفار	ShamelaY19	37634	0.56744
		الصحيح من سيرة النبي الأعظم صلّى الله عليه وآله [ج ٢٩]	السيد جعفر مرتضى العاملي	Rafed	2644	0.56744
		آداب النوم والاستيقاظ	محمد حسن يوسف	ShamAY	35148	0.56743
		حسن البنا، الرجل والفكرة	محمد عبد الله السمان (المتوفى: 1428هـ)	ShamAY	31648	0.56741
		مفاتح تدبر القرآن والنجاح في الحياة		ShamAY	36860	0.5674
		منادمة الأطلال ومسامرة الخيال	عبد القادر بن أحمد بن مصطفى بن عبد الرحيم بن محمد بدران (المتوفى: 1346ه)	Sham19Y	6710	0.56737
		 اعتقادات فرق المسلمين والمشركين 	 فخر الدين الرازي 	ABLibrary	8341	0.56737
		كشف الكربة في وصف أهل الغربة (وهو مطبوع ضمن مجموع رسائل الحافظ ابن رجب الحنبلي)	زين الدين عبد الرحمن بن أحمد بن رجب بن الحسن، السَلامي، البغدادي، ثم الدمشقي، الحنبلي (المتوفى: 795هـ)	ShamAY	10782	0.56735
		المحجّة في تقريرات الحجّة [ج ٢]	آية الله الحاج آقا علي الصافي الگلپايگاني	Rafed	3688	0.56734
		 إيصال الطالب إلى المكاسب 	 السيد محمد الحسيني الشيرازي 	ABLibrary	9471	0.56733
		تراثنا ـ العدد [ 2 ]	مؤسسة آل البيت عليهم السلام لإحياء التراث ـ قم	Rafed	2433	0.56733
		المذاهب الفلسفية الإلحادية الروحية وتطبيقاتها المعاصرة	فوز كردي	ShamAY	37780	0.56732
		مسائل خالف فيها رسول الله أهل الجاهلية	محمد حسن عبد الغفار	ShamAY	877	0.56732
		حقيقة التصوف وموقف الصوفية من أصول العبادة والدين	الواحدي	ShamAY	35395	0.56732
		الدلائل والإشارات على كشف الشبهات	صَالح بنْ محمّد بن حَسَن الأسمَرِيّ	ShamAY	35727	0.56729
		أحكام النساء	الواحدي :: ابن الجوزي	ShamAY	34338	0.56729
		مشاهدنا و قبور اهل البيت عليهم السلام مشاعر الهيه	محمد السند	Ghbook	15231	0.56728
		الجامع لمسائل المدونة	أبو بكر محمد بن عبد الله بن يونس التميمي الصقلي (المتوفى: 451 هـ)	ShamAY	32407	0.56727
		التعليقة على أصول الكافي	السيد محمد باقر الميرداماد	Masaha	4760	0.56726
		مسند الإمام علي(ع) - الجزء1	السيد حسن القبانچي	Masaha	409	0.56725
		موسوعة الإمام الخوئي [ج ٢٦]	السيّد محمّد رضا الموسوي الخلخالي	Rafed	1635	0.56724
		مجيء (أبو) في موضع نصب أو جر على الحكاية	إبراهيم بن عبد الله المديهش	ShamelaY19	145428	0.56721
		شريعة الله يا ولدي	محمود محمد غريب: من علماء الأزهر الشريف والموجه الديني لشباب جامعة القاهرة	ShamelaY19	21527	0.56718
		قراءة في المسار الأموي	الشيخ عبد الحسين الأميني النجفي	Masaha	376	0.56718
		كفاحنا	آيت الله العظمي سيد محمد حسيني شيرازي	Ghbook	7787	0.56716
		الكنز في القراءات العشر	أبو محمد، عبد الله بن عبد المؤمن بن الوجيه بن عبد الله بن على ابن المبارك التاجر الواسطي المقرئ تاج الدين ويقال نجم الدين (المتوفى: 741ه)	ShamelaY19	29864	0.56714
		آداب البحث والمناظرة للشنقيطي	الواحدي :: الشنقيطي، محمد الأمين	ShamAY	36452	0.56712
		منادمة الأطلال ومسامرة الخيال	عبد القادر بن أحمد بن مصطفى بن عبد الرحيم بن محمد بدران (المتوفى: 1346هـ)	ShamAY	6710	0.56711
		الرجعة أو العودة الى الحياة الدنيا بعد الموت	مركز الرسالة	Masaha	260	0.56711
		 سمط الحقائق في عقائد الإسماعيلية 	 علي بن حنظلة ابن ابي سالم الوداعي 	ABLibrary	8447	0.5671
		تحفة الأبرار بنكت الأذكار للنووي	عبد الرحمن بن أبي بكر، جلال الدين السيوطي (المتوفى: 911ه)	ShamelaY19	21560	0.56706
		الامام الصادق ( عليه السلام ) جامعه فكريه و عبقريه رحمانيه و علوم انسانيه و اخلا...	محمد علي اسبر	Ghbook	4978	0.56706
		شرح العقيدة الواسطية من كلام شيخ الإسلام ابن تيمية	خالد بن عبد الله بن محمد المصلح	ShamAY	11249	0.56703
		نور الأبصار في مناقب آل بيت النبي المختار(ص)	محمد محمد حسن شراب‏	Masaha	3033	0.56703
		صلاح الدين و التعصب الطائفي	آيت الله العظمي سيد محمد حسيني شيرازي	Ghbook	7908	0.56702
		موسوعة المذاهب الفكرية المعاصرة - الدرر السنية	مجموعة من المؤلفين	ShamelaY19	38726	0.567
		عاشوراء و العوده الي الاسلام	آيت الله العظمي سيد محمد حسيني شيرازي	Ghbook	7758	0.56699
		مسائل خالف فيها رسول الله أهل الجاهلية	محمد حسن عبد الغفار	ShamelaY19	37683	0.56698
		الشعراء الصعاليك في العصر الجاهلي	يوسف خليف	ShamelaY19	22828	0.56697
		تراث أبي الحسن الحرالي المراكشي في التفسير	الحرالي أبو الحسن علي بن أحمد بن حسن التجيبي الأندلسي (المتوفى: 638ه)	ShamelaY19	26539	0.56696
		جهود علماء الأزهر في بيان حقيقة دين الشيعة ((وقد نشر جزء منه بمجلة البيان تحت عنوان الأزهر والشيعة الوجه الآخر شقاق لا وفاق))	شحاتة محمد صقر	ShamelaY19	36173	0.56694
		 منهاج البيان في ما يستعمله الإنسان 	 ابن جزلة البغدادي 	ABLibrary	9863	0.56694
		الامامه في اهم الكتب الكلاميه و عقيده الشيعه الاماميه 	آيت الله علي حسيني ميلاني	Ghbook	4781	0.56694
		الشفاعه في الكتاب و السنه	آيت الله العظمي جعفر سبحاني	Ghbook	5048	0.56694
		نبي الرحمة الرسالة والإنسان	محمد مسعد ياقوت	ShamAY	37448	0.56692
		شرح جمل الزجاجي	ابن عُصْفُور	ShamAY	37074	0.56691
		القرط على الكامل، وهي الطرر والحواشي علي الكامل للمبرد	أبو الحسن علي بن إبراهيم بن محمد بن عيسي بن سعد الخير الأنصاري (المتوفى: 571هـ)	ShamAY	670	0.56691
		الشرح الصوتي لزاد المستقنع - ابن عثيمين	محمد بن صالح بن محمد العثيمين (المتوفى: 1421 ه)	ShamelaY19	142264	0.5669
		الدر المنضود في معرفة صيغ النيات و الإيقاعات و العقود	علي بن علي بن محمد الفقعاني	Masaha	1063	0.5669
		تنبيه الحذاق على بطلان ما شاع بين الأنام من حديث النور المنسوب لمصنف عبد الرزاق	محمد أحمد عبد القادر الشنقيطي المدني	ShamAY	10098	0.56689
		الأصول من علم الأصول	محمد بن صالح بن محمد العثيمين (المتوفى: 1421 هـ)	ShamAY	32493	0.56687
		كتاب منجم العمران في المستدرك على معجم البلدان‏  - الجزء1	محمد أمين الخانجي	Masaha	4089	0.56685
		(مختصر في الطب) العلاج بالأغذية والأعشاب في بلاد المغرب	عبد الملك بن حَبِيب بن حبيب بن سليمان بن هارون السلمي الإلبيري القرطبي، أبو مروان (المتوفى: 238هـ)	ShamAY	10705	0.5668
		تاريخ الفلسفة الحديثة	يوسف بطرس كرم (المتوفى: 1959 م)	ShamAY	32307	0.5668
		الباعث الحثيث إلى اختصار علوم الحديث	أبو الفداء إسماعيل بن عمر بن كثير القرشي البصري ثم الدمشقي (المتوفى: 774هـ)	ShamAY	21571	0.56679
		مصابيح السنة	محيي السنة، أبو محمد الحسين بن مسعود بن محمد بن الفراء البغوي الشافعي (المتوفى: 516 هـ)	ShamAY	32569	0.56678
		شرح القواعد المثلى - عبد الرحيم السلمي	عبد الرحيم بن صمايل العلياني السلمي	ShamelaY19	37796	0.56677
		معنى لا إله إلا الله - الزركشي	أبو عبد الله بدر الدين محمد بن عبد الله بن بهادر الزركشي الشافعي (المتوفى: 794ه)	Sham19Y	6495	0.56676
		 الشامل في الصناعة الطبية 	 ابن النفيس 	ABLibrary	9897	0.56675
		الفرائض وشرح آيات الوصية	أبو القاسم عبد الرحمن بن عبد الله بن أحمد السهيلي (المتوفى: 581ه)	Sham19Y	6251	0.56674
		 الحاوي في الطب 	 محمد بن زكريا الرازي 	ABLibrary	9824	0.56674
		حديث السنة عن القرآن فضائل وأحكام وآداب	د. محمد بن عبد الله القناص	ShamAY	36641	0.56673
		المدخل إلى دراسة الفقه الإسلامي	الدكتور صلاح محمد سالم أبو الحاج	ShamAY	37533	0.56673
		احياء معالم الاسلام	آيت الله العظمي سيد محمد حسيني شيرازي	Ghbook	7882	0.56672
		الحج والعمرة والزيارة	عبد الله بن محمد البصيري	ShamAY	7606	0.56669
		كيف نحيي قلوبنا في رمضان	مجدي الهلالي	ShamAY	285	0.56666
		سفر السعادة وسفير الإفادة	علي بن محمد بن عبد الصمد الهمداني المصري الشافعي، أبو الحسن، علم الدين السخاوي (المتوفى: 643 هـ)	ShamAY	32545	0.56665
		مختصر صفة الصفوة لابن الجوزى	معتز أحمد عبد الفتاح	ShamAY	34857	0.56664
		الخلاف أسبابه وآدابه	عائض بن عبد الله القرني	ShamAY	2028	0.56663
		بحوث في قضايا فقهية معاصرة.	القاضي محمد تقي العثماني بن الشيخ المفتي محمد شفيع	Sham19Y	1532	0.56663
		فدك في التاريخ	محمد باقر صدر	Ghbook	3882	0.56661
		بحار الأنوار [ج ١٢]	الشيخ محمّد باقر بن محمّد تقي المجلسي	Rafed	833	0.5666
		نظم درر السمطين في فضائل المصطفى و المرتضى و البتول و السبطين(ع)	محمد بن عز الدين الزرندي‏	Masaha	3104	0.5666
		معاناتي مع الشهوة	زيد الزعيبر	ShamAY	35078	0.56659
		شرح العمدة لابن تيمية - كتاب الصيام	تقي الدين أبو العباس أحمد بن عبد الحليم بن عبد السلام بن عبد الله بن أبي القاسم بن محمد ابن تيمية الحراني الحنبلي الدمشقي (المتوفى: 728 هـ)	ShamAY	32291	0.56658
		دراسات تمهيديه في فقه الاماميه	محمد نجفي يزدي	Ghbook	15023	0.56658
		رسالة في كيفية المناظرة مع الشيعة والرد عليهم (مطبوع مع الحجج القطعية للسويدي)	أحمد بن زَيْني دَحْلان (المتوفى: 1304هـ)	ShamAY	582	0.56656
		الآداب و الأخلاق الشرعية	عبدالله بن عبدالرحمن الجبرين	ShamAY	34948	0.56656
		نور التقوى وظلمات المعاصي في ضوء الكتاب والسنة	د. سعيد بن علي بن وهف القحطاني	ShamelaY19	96537	0.56655
		بحر الفوائد في شرح الفرائد [ج ٧]	آية الله ميرزا محمّد حسن بن جعفر الآشتياني	Rafed	932	0.56655
		الاختصاص	محمد بن  محمد بن نعمان شيخ مفيد	Ghbook	2365	0.56655
		محمد صلى الله عليه وسلم المثال الأسمى	أحمد ديدات	ShamAY	37425	0.56654
		برنامجك في رمضان	د عادل حسن يوسف الحمد	Sham19Y	13564	0.56654
		الآثار الواردة عن السلف في اليهود في تفسير الطبري	يوسف الحوشان	ShamAY	36751	0.56653
		أعمال الكفار والجزاء عليها	محمد باكريم	ShamAY	36696	0.5665
		أبراج الزجاج في سيرة الحجاج	عبد الرحمن بن سعيد بن علي بن وهف القحطاني (المتوفى: 1422ه)	ShamelaY19	96451	0.56649
		اعلام الهدايه (الامام الحسن بن علي العسكري عليه السلام)	مجمع جهاني اهل بيت عليهم السلام	Ghbook	6216	0.56645
		بطلان عقائد الرافضة للتونسوى		ShamAY	35300	0.56644
		بحوث ودراسات في اللهجات العربية من إصدارات مجمع اللغة العربية بالقاهرة	مجموعة من المؤلفين	ShamAY	37199	0.56644
		الرحلة إلى مصر والسودان والحبشة  - الجزء1	أوليا الشلبي	Masaha	4411	0.56643
		رساله في حكم الظن في الصلاه و بيان كيفيه صلاه الاحتياط	محمد كاظم طباطبايي يزدي	Ghbook	11276	0.56642
		أحكام تمني الموت (مطبوع ضمن مؤلفات الشيخ محمد بن عبد الوهاب، الجزء الثالث)	محمد بن عبد الوهاب بن سليمان التميمي النجدي (المتوفى: 1206ه)	Sham19Y	7489	0.56641
		 وفاء الوفاء بأخبار دار المصطفى ( ص ) 	 نورالدين علي بن أحمد السمهودي 	ABLibrary	7885	0.56639
		برنامجك في رمضان	د عادل حسن يوسف الحمد	ShamAY	31782	0.56638
		الانصاف في مسائل الخلاف بين النحويين : البصريين و الكوفيين	عبدالرحمن بن محمدابن الانباري	Ghbook	16339	0.56635
		صلح الامام الحسن بين الواقع و ظلم التاريخ (دراسه تحليليه)	يحيي عبدالحسن دوخي	Ghbook	10928	0.56633
		تفسير كنز الدّقائق وبحر الغرائب [ج ٣]	الشيخ محمّد بن محمّد رضا القمّي المشهدي	Rafed	2091	0.56631
		معرفة المأمور به والمحذور في زيارة القبور	أبو محمد عبد الكريم بن صالح بن عبد الكريم الحميد	ShamAY	1007	0.5663
		 كتاب الخمس 	 السيد محمود الهاشمي الشاهرودي 	ABLibrary	9641	0.5663
		الفصول العشره في الغيبه	محمد بن  محمد بن نعمان شيخ مفيد	Ghbook	2423	0.56629
		الصلاة وصف مفصل للصلاة بمقدماتها مقرونة بالدليل من الكتاب والسنة، وبيان لأحكامها وآدابها وشروطها وسننها من التكبير حتى التسليم	أ. د / عبد الله بن محمد بن أحمد الطيار	ShamAY	7662	0.56627
		شرح طيّبة النّشر في القراءات العشر	شهاب الدين أبي بكر بن أحمد بن محمّد بن محمّد ابن الجزري الدمشقي	Rafed	1106	0.56626
		قواعد الترجيح المتعلقة بالنص عند ابن عاشور في تفسيره التحرير والتنوير - دراسة تأصيلية تطبيقية	عبير بنت عبد الله النعيم	ShamAY	38865	0.56625
		تجارب الأمم وتعاقب الهمم	أبو علي أحمد بن محمد بن يعقوب مسكويه (المتوفى: 421هـ)	ShamAY	12396	0.56624
		السلفيون وحوار هادئ مع الدكتور علي جمعة	شحاتة محمد صقر	ShamelaY19	96722	0.56622
		رسالة في حجية الظن‏	محمد بن محمد إبراهيم‏ الكلباسي	Masaha	3831	0.56621
		 الدليل على موضوعات نهج البلاغة 	 علي انصاريان 	ABLibrary	930	0.5662
		كيف تحفظ العلم	أبو حسام الدين الطرفاوي	ShamAY	34925	0.56619
		 موسوعة الإمام العسكري ( ع ) 	 الشيخ أبو القاسم الخزعلي 	ABLibrary	7851	0.56617
		ميزان الافكار : شرحي بر كتاب توحيد الاماميه	محمد بياباني اسكويي	Ghbook	16164	0.56617
		الجواهر النفاس في بيان صفات السيد من الناس	عفيف الدين أبو محمد عبد الله بن أسعد اليافعي اليمني (768 هـ)	ShamAY	34328	0.56616
		عبير الرحمه	آيت الله العظمي حسيني	Ghbook	7992	0.56616
		حاشية كتاب المكاسب (للأصفهاني) - الجزء1	الشيخ محمد حسين الأصفهاني	Masaha	857	0.56616
		دقائق أولي النهى لشرح المنتهى المعروف بشرح منتهى الإرادات	منصور بن يونس بن صلاح الدين ابن حسن بن إدريس البهوتى الحنبلى (المتوفى: 1051ه)	ShamelaY19	21693	0.56614
		عشائر العراق	عباس محمد العزاوي (المتوفى: 1391هـ)	ShamAY	498	0.56613
		رؤيـة الله في ضوء الكتاب والسنة والعقل	الشيخ جعفر السبحاني	Masaha	288	0.56613
		شرح كتاب الباعث الحثيث	أبو الأشبال حسن الزهيري آل مندوه المنصوري المصري	ShamAY	610	0.56612
		التَّفْسِيرُ البَسِيْط	أبو الحسن علي بن أحمد بن محمد بن علي الواحدي، النيسابوري، الشافعي (المتوفى: 468هـ)	ShamAY	31808	0.56612
		نهاية المأمول في شرح كفايه الأصول‏	الميرزا حسن الرضوي القمي‏	Masaha	4733	0.56612
		أنواع الصبر ومجالاته - مفهومٌ، وأهميَّةٌ، وطرُقٌ، وتحصيْلٌ في ضوء الكتاب والسنة	د. سعيد بن علي بن وهف القحطاني	ShamAY	1829	0.56609
		كتاب الانصاف	ابوعلي حسين بن عبدالله ابن سينا	Ghbook	7950	0.56609
		كلمة للدعاة والمصلحين	-	ShamAY	1985	0.56608
		إقامة الحجة على تارك المحجة رد على كتاب «اللحية دراسة حديثية فقهية» لأبي محمد عبدالله الجديع	عبد الوهاب بن عبد العزيز الزيد	ShamAY	36574	0.56608
		شرح رسالة شيخ الإسلام محمد بن عبد الوهاب في شروط الصلاة وأركانها وواجباتها	عبد العزيز بن عبد الله بن باز (المتوفى: 1420ه)	ShamelaY19	37416	0.56607
		القواعد الفقهية من نهاية الأفكار - الجزء4	الشيخ آقا ضياء الدين العراقي	Masaha	5026	0.56606
		معتمد الأصول‏ / تقريرات - الجزء1	الشيخ محمد الفاضل اللنكراني	Masaha	4332	0.56604
		البركة في الرزق والأسباب الجالبة لها في ضوء الكتاب والسنة	عبد الله مرحول السوالمة	ShamAY	8795	0.56603
		 مكاتيب الأئمة ( ع ) 	 علي الأحمدي الميانجي 	ABLibrary	7777	0.56602
		الصحيح من سيرة النبي الأعظم صلّى الله عليه وآله [ج ٨]	السيد جعفر مرتضى العاملي	Rafed	2496	0.56601
		المؤتلف من المختلف بين أئمة السلف - الجزء1	الشيخ ابو علي الفضل بن الحسن الطبرسي	Masaha	1050	0.56598
		الأخبار الموفقيات للزبير بن بكار	الزبير بن بكار بن عبد الله القرشي الأسدي المكي (المتوفى: 256ه)	Sham19Y	28453	0.56597
		موسوعة الإمام الخوئي [ج ١]	الشيخ علي الغروي	Rafed	836	0.56597
		 موسوعة الثقافة الصحية 	 محمد مهدي الأصفهاني ( تعريب : يگانه ) 	ABLibrary	9996	0.56596
		الحفظ وأثره في قبول الحديث ـ دراسة تأصيلية تطبيقية	أحمد بكري الطاهر	ShamAY	35905	0.56593
		الميزان في أحكام تجويد القرآن	فريال زكريا العبد	ShamelaY19	38104	0.56592
		بحوث ومقالات في اللغة	رمضان عبد التواب (المتوفى: 1422هـ)	ShamAY	15043	0.56591
		غسيل الأموال وبيان حكمه في الفقه الإسلامي والنظم المعاصرة	عبد الله محمد عبد الله	ShamAY	36272	0.5659
		حقيقة المثل الأعلى وآثاره	عيسى بن عبد الله السعدي الغامدي	ShamAY	32098	0.5659
		أصول علم العربية في المدينة	عبد الرزاق بن فراج الصاعدي	ShamAY	11191	0.5659
		القلوب	صالح المغامسي	ShamAY	34814	0.56587
		الحدود والتعزيرات عند ابن القيم	بكر بن عبد الله أبو زيد بن محمد بن عبد الله بن بكر بن عثمان بن يحيى بن غيهب بن محمد (المتوفى : 1429هـ)	ShamAY	10500	0.56587
		إبراز الغي الواقع في شفاء العي	الإمام محمد عبد الحي اللكنوي (ت1304هـ)	ShamAY	35998	0.56585
		أسانيد التفسير للشيخ الطريفي	عبد العزيز الطريفي	ShamAY	36806	0.56585
		الكشف والبيان [ج ٥]	أبو إسحاق أحمد [ الثّعلبي ]	Rafed	1667	0.56583
		الأخوة الإسلامية وآثارها	الواحدي :: عبد الله آل جار الله	ShamAY	34958	0.5658
		خطط الغرب في بلاد الاسلام	آيت الله العظمي سيد محمد حسيني شيرازي	Ghbook	8152	0.56579
		الرد على كتاب الهيروغليفية تفسِّر القرآن الكريم	علي بن عبد الرحمن القضيب العويشز	ShamAY	36847	0.56576
		دروس تمهيدية في القواعد الرجالية	الشيخ محمّد باقر الإيرواني	Rafed	2818	0.56576
		نهاية الإحكام في معرفة الأحكام - الجزء1	العلامة الحلي	Masaha	1396	0.56576
		نشوء الحضارة الاسلامية	أحمد القصص	ShamAY	33413	0.56575
		 شرح فروع الكافي 	 محمد هادي المازندراني 	ABLibrary	9343	0.56574
		الشّفاعة في الكتاب والسنّة	الشيخ جعفر السبحاني	Rafed	3524	0.56574
		السنة النبوية وحي من الله محفوظة كالقران الكريم	شيخة بنت مفرج المفرج	Sham19Y	7600	0.56573
		موسوعة تاريخ العراق بين احتلالين [ج ٢]	عباس العزاوي المحامي	Rafed	1920	0.56573
		علوم القرآن عند الشاطبي من خلال كتابة الموافقات	محمد سالم ابو عاصي	Ghbook	8779	0.56573
		مهيع الوصول إلى علم الأصول	ابن عاصم الغرناطي	ShamAY	37502	0.56571
		منهاج الوصول إلى دروس في علم الأصول؛ شرح الحلقة الثالثة  - الجزء1	الشيخ محمد رضا الأحمدي البهسودي	Masaha	4616	0.56571
		نخب الأفكار في تنقيح مباني الأخبار في شرح معاني الآثار	أبو محمد محمود بن أحمد بن موسى بن أحمد بن حسين الغيتابى الحنفى بدر الدين العينى (المتوفى: 855هـ)	ShamAY	32159	0.5657
		 كتاب الصوم 	 الشيخ المنتظري 	ABLibrary	9530	0.56569
		محمد أبو زهرة إمام الفقهاء المعاصرين والمدافع الجرئ عن حقائق الدين	محمد عثمان شبير	ShamAY	38601	0.56568
		كتاب سيبويه [ج ٢]	أبو بشر عمرو بن عثمان [ سيبويه ]	Rafed	2564	0.56567
		المهذب في فقة الإمام الشافعي للشيرازي	أبو اسحاق إبراهيم بن علي بن يوسف الشيرازي (المتوفى: 476هـ)	ShamAY	11813	0.56566
		 مناحل الشفا ومناهل الصفا بتحقيق كتاب شرف المصطفى ( ص ) 	 عبد الملك الخركوشي النيسابوري 	ABLibrary	7585	0.56565
		حياه اولي النهي : حياه الامام الحسن العسكري عليه السلام	محمد رضا حكيمي حائري	Ghbook	6230	0.56565
		دروس وعبر من صحيح القصص النبوي	شحاتة محمد صقر	ShamelaY19	36156	0.56562
		 بحار الأنوار 	 العلامة المجلسي 	ABLibrary	794	0.56562
		منهاج الأصول [ج ٣]	محمّد ابراهيم الكرباسي	Rafed	3677	0.56562
		رسالة في أصول الحديث (مطبوع ضمن كتاب: رسالتان في المصطلح)	علي بن محمد بن علي الزين الشريف الجرجاني (المتوفى: 816هـ)	ShamAY	5984	0.56561
		الكوكب الزهري نظم مختصر الأخضري	أبو عبد الله محمد عبد القادر بن محمد بن المختار بن أحمد العالم القبلوي الجزائري المالكي الشهير بالشيخ باي بلعالم (المتوفى: 1430ه)	ShamelaY19	95864	0.56561
		بحوث في قضايا فقهية معاصرة.	القاضي محمد تقي العثماني بن الشيخ المفتي محمد شفيع	ShamAY	1532	0.5656
		كيفية دعوة أهل الكتاب إلى الله تعالى في ضوء الكتاب والسنة	د. سعيد بن علي بن وهف القحطاني	ShamelaY19	96518	0.5656
		نقد «نصوص حديثية في الثقافة العامة» جمع وتصنيف محمد المنتصر الكتاني أستاذ الحديث	محمد ناصر الدين الألباني	Sham19Y	133363	0.56558
		الإمام محمد بن عبد الوهاب دعوته وسيرته	عبد العزيز بن عبد الله بن باز (المتوفى: 1420ه)	ShamelaY19	30914	0.56557
		ديوان المتنبي	أبو الطيب المتنبي أحمد بن الحسين الكوفي (303هـ -354 هـ).	ShamAY	37830	0.56555
		 أربع رسائل في التصوف 	 ابو القاسم عبد الكريم القشيري 	ABLibrary	8714	0.56554
		معيار الاختيار فى ذكر المعاهد والديار	محمد بن عبد الله بن سعيد السلماني اللوشي الأصل، الغرناطي الأندلسي، أبو عبد الله، الشهير بلسان الدين ابن الخطيب (المتوفى: 776هـ)	ShamAY	11940	0.56553
		سير الحاث إلى علم الطلاق الثلاث	الواحدي :: يوسف بن عبد الهادي	ShamAY	34305	0.5655
		علماء السلف وأهل الوقت	أبو محمد عبد الكريم بن صالح بن عبد الكريم الحميد	ShamelaY19	37644	0.56549
		شرح الملوكى في التّصريف	ابن يعيش	Rafed	1971	0.56549
		محورية حديث الثقلين في العقيدة والأحكام	د. صلاح الدين الحسيني	Masaha	405	0.56545
		سلسلة أهل الذكر	شريفة سلامة أبو مريفة	ShamAY	30935	0.56544
		المنهج الصحيح وأثره في الدعوة إلى الله تعالى	د. حمود بن أحمد بن فرج الرحيلي	ShamAY	8955	0.56544
		الجزائر الثائرة	الفضيل الورتلاني الجزائري، إبراهيم بن مصطفى، (المتوفى: 1378ه)	ShamelaY19	123664	0.5654
		مخالفة الوهابيّة للقرآن والسنّة	عمر عبدالسلام	Rafed	3683	0.56539
		 الرد على الجهمية 	 عثمان بن سعيد الدارمي 	ABLibrary	8427	0.56537
		إنباء الأمراء بأنباء الوزراء	شمس الدين محمد بن علي بن خمارويه بن طولون الدمشقي الصالحي الحنفي (المتوفى: 953ه)	Sham19Y	120145	0.56536
		إغاثة الغريق وإنارة الطريق [إجابات لشيخ الإسلام ابن تيميّة]	شريف بن علي الراجحي	ShamAY	35458	0.56534
		كتاب العين - الجزء1	الخليل بن احمد الفراهيدي	Masaha	961	0.56531
		تراث الامام الصادق عليه السلام من الوجهه الفنيه	عبدالكريم الاشتر	Ghbook	5010	0.56529
		حقيقة معاوية رضي الله عنه	محمد بن طاهر البرزنجي	ShamAY	35750	0.56528
		دروس أكاديمية المجد الإسلامية المفتوحة - اللغة العربية	أكاديمية المجد الإسلامية المفتوحة	ShamAY	34754	0.56527
		سر صناعة الإعراب	أبو الفتح عثمان بن جني الموصلي (المتوفى: 392هـ)	ShamAY	12017	0.56527
		ديوان الواواء الدمشقي	محمد بن أحمد الغساني الدمشقي أبو الفرج	ShamAY	37832	0.56525
		ادب الحوار	آيت الله علي حسيني ميلاني	Ghbook	4800	0.56524
		دروس الشيخ محمد حسن عبد الغفار	محمد حسن عبد الغفار	ShamAY	875	0.56523
		النسخ عند الفخر الرازي	محمود محمد محمد الحنطور	ShamelaY19	38112	0.56522
		شرح ثلاثة الأصول لابن باز	عبد العزيز بن عبد الله بن باز (المتوفى : 1420هـ)	ShamAY	11255	0.5652
		موسوعة الإمام الخوئي [ج ١٠]	الشيخ علي الغروي	Rafed	873	0.5652
		الخلاصة في أحكام بر الوالدين ط1	الواحدي :: علي بن نايف الشحود	ShamAY	36076	0.56518
		معجم الفروق اللغوية = الفروق اللغوية بترتيب وزيادة	أبو هلال الحسن بن عبد الله بن سهل بن سعيد بن يحيى بن مهران العسكري (المتوفى: نحو 395هـ)	ShamAY	1736	0.56518
		الشرح المختصر على بلوغ المرام	الواحدي :: ابن عثيمين	ShamAY	33188	0.56517
		المهدي المنتظر في الفكر الإسلامي	الناشر: مركز الرسالة	Rafed	22	0.56517
		مجالس رمضان - أحمد فريد	أحمد فريد	ShamAY	632	0.56516
		أحسن التقاسيم في معرفة الأقاليم - وزارة الثقافة	أبو عبد الله محمد بن أحمد المقدسي البشاري	ShamAY	33807	0.56515
		تاجر الأسهم	محمد بن عصبي الغامدي	ShamAY	36262	0.56512
		نشأة المدينة العربيّة الإسلاميّة : الكوفة	هشام جعيط	Rafed	2577	0.56512
		أعظم إنسان في القرآن والسنة	عبد الرحمن بن عبد الله السحيم	ShamAY	35457	0.5651
		الإمام أبو حنيفة طبقته وتوثيقه	اللكنوي، أبو الحسنات	ShamAY	35781	0.56508
		القواعد الفقهية و الاجتهاد و التقليد (كفايه الاصول: دروس في مسائل علم الاصول [ آ...	آيت الله العظمي ميرزا جواد تبريزي	Ghbook	10141	0.56508
		الحسين في طريقه إلى الشهادة	علي بن الحسين الهاشمي	Rafed	1915	0.56506
		الجنة والنار من الكتاب والسنة المطهرة	عبد الرحمن بن سعيد بن علي بن وهف القحطاني (المتوفى: 1422هـ)	ShamAY	1808	0.56505
		نور السنة وظلمات البدعة في ضوء الكتاب والسُّنَّة	د. سعيد بن علي بن وهف القحطاني	ShamAY	1913	0.56503
		دراسة وتحقيق عُمْدَةُ النَّاظِر على الْأَشْبَاهِ وَالنَّظَائِرِ	محمد الحسيني أبو السعود	ShamAY	37566	0.56502
		 السر في انفاس الصوفية 	 الجنيد البغدادي 	ABLibrary	8689	0.56501
		التبيان في إعراب القرآن	العكبري، أبو البقاء	ShamelaY19	22928	0.565
		شعر الخوارج	دكتور إحسان عباس (المتوفى: 1424هـ)	ShamAY	1013	0.56499
		موسوعة الإمام الخوئي [ج ٤]	الشيخ علي الغروي	Rafed	843	0.56499
		ثلاث رسائل في الصلاة	عبد العزيز بن عبد الله بن باز (المتوفى: 1420هـ)	ShamAY	31256	0.56498
		القواعد الفقهيّة [ج ٢]	آية الله السيّد محمّد حسن البجنوردي	Rafed	708	0.56498
		كتاب المكاسب [ج ٦]	الشيخ مرتضى الأنصاري	Rafed	2686	0.56498
		أصول الفقه [ج ٦]	آية الله الشيخ حسين الحلّي	Rafed	980	0.56497
		علم الرجال نشأته وتطوره من القرن الأول إلى نهاية القرن التاسع	أبو ياسر محمد بن مطر بن عثمان آل مطر الزهراني (المتوفى: 1427هـ)	ShamAY	11297	0.56495
		الأسس النظرية للمنهج التعليمي في بلاغة ابن سنان الخفاجي	الدكتور عبد الكريم الحياري	ShamAY	35919	0.56494
		عقوبة الارتداد عن الدين بين الأدلة الشرعية وشبهات المنكرين	عبد العظيم إبراهيم محمد المطعني (المتوفى: 1429هـ)	ShamAY	1412	0.56494
		الفرائض وشرح آيات الوصية	أبو القاسم عبد الرحمن بن عبد الله بن أحمد السهيلي (المتوفى: 581هـ)	ShamAY	6251	0.56493
		سيرة ابن إسحاق (كتاب السير والمغازي)	محمد بن إسحاق بن يسار المطلبي بالولاء، المدني (المتوفى: 151هـ)	ShamAY	9862	0.56493
		عقوبة الارتداد عن الدين بين الأدلة الشرعية وشبهات المنكرين	عبد العظيم إبراهيم محمد المطعني (المتوفى: 1429ه)	Sham19Y	1412	0.56493
		 موسوعة مصطلحات علم الكلام الإسلامي 	 سميح دغيم 	ABLibrary	8658	0.56492
		 بحار الأنوار 	 العلامة المجلسي 	ABLibrary	796	0.56492
		الحب بين الله وعباده	نبيل عطوه	ShamAY	35061	0.5649
		 العسل المصفى من تهذيب زين الفتى في شرح سورة هل أتى 	 أحمد بن محمد بن علي العاصمي 	ABLibrary	7608	0.5649
		البرهان في علوم القرآن [ج ٣]	بدر الدين محمّد بن عبد الله الزّركشي	Rafed	2130	0.56485
		الرسول القائد	محمود شيت خطاب (المتوفى: 1419هـ)	ShamAY	9824	0.56483
		رياض الابرار في مناقب الائمه الاطهار ( عليهم السلام )	سيد نعمه الله موسوي حسيني جزايري	Ghbook	9657	0.56481
		الإمام البخاري وكتابه الجامع الصحيح	عبد المحسن بن حمد بن عبد المحسن بن عبد الله بن حمد العباد البدر	ShamAY	8772	0.56477
		من هو الصديق ؟و من هي الصديقة ؟	علي شهرستاني	Ghbook	16149	0.56477
		أخطاء المرأة المتعلقة بالاعتقادات الفاسدة	ندا أبو أحمد	ShamAY	35444	0.56475
		مختصر القدوري في الفقه الحنفي	أحمد بن محمد بن أحمد بن جعفر بن حمدان أبو الحسين القدوري (المتوفى: 428هـ)	ShamAY	31948	0.5647
		شرح باب صفة الصلاة من الممتع	ابن عثيمين	ShamAY	34744	0.56469
		 تاريخ الأدب الجغرافي العربي 	 اغناطيوس يوليانوفتش كراتشكوفسكي ( تعريب : عثمان هاشم ) 	ABLibrary	8976	0.56469
		مطارحات في الفكر والعقيدة	الناشر: مركز الرسالة	Rafed	197	0.56469
		موسوعة التفسير قبل عهد التدوين	محمد عمر الحاجى	ShamAY	1182	0.56468
		أحسن التقاسيم في معرفة الأقاليم	أبو عبد الله محمد بن أحمد المقدسي البشاري	ShamelaY19	23696	0.56468
		اللباب في علل البناء و الاعراب	عبدالله بن الحسين العكبري	Ghbook	16350	0.56467
		مناسك الحج	موسي شبيري زنجاني	Ghbook	4132	0.56465
		 بحار الأنوار 	 العلامة المجلسي 	ABLibrary	798	0.56464
		الميزان في أحكام تجويد القرآن	فريال زكريا العبد	ShamAY	1185	0.56463
		موسوعة عشائر العراق‏  - الجزء1	عباس العزاوي	Masaha	4097	0.56463
		الفقه: موسوعه استدلاليه في الفقه الاسلامي	آيت الله العظمي سيد محمد حسيني شيرازي	Ghbook	10110	0.56459
		إِنَّا كَفَيْنَاكَ الْمُسْتَهْزِئِينَ	وليد نور	ShamAY	37453	0.56455
		التذهيب في أدلة متن الغاية والتقريب المشهور ب متن أبي شجاع في الفقه الشافعي	مصطفى ديب البغا الميداني الدمشقي الشافعي	ShamelaY19	95564	0.56454
		مجمع الأفكار ومطرح الأنظار [ج ١]	محمد علي الإسماعيل پور الشهرضائي	Rafed	3787	0.56452
		مقتل الحسين للخوارزمي [ج ٢]	أبي المؤيّد بن أحمد المكّي أخطب خوارزم [ خوارزمي ]	Rafed	3229	0.56452
		منتهى الدّراية في توضيح الكفاية [ج ٢]	السيّد محمّد جعفر الجزائري المروّج	Rafed	2034	0.56451
		النصيرية طغاة سورية أو العلويون كما سماهم الفرنسيون	تقي الدين أبو العباس أحمد بن عبد الحليم بن عبد السلام بن عبد الله بن أبي القاسم بن محمد ابن تيمية الحراني الحنبلي الدمشقي (المتوفى: 728هـ)	ShamAY	8596	0.56447
		منبر الجمعة أمانة ومسؤولية	عبد الله بن محمد بن عبد الله بن حميد	ShamelaY19	31067	0.56447
		الايقاظ من الهجعة بالبرهان على الرجعة	الشيخ الحر العاملي	Masaha	669	0.56447
		نواقض الإيمان - الطرفاوي		ShamAY	35602	0.56443
		قواعد مهمة في مواجهة الفتن	مجموعة من المؤلفين	ShamAY	35115	0.56443
		بحار الأنوار [ج ١٠٠]	الشيخ محمّد باقر بن محمّد تقي المجلسي	Rafed	1416	0.56443
		رجل الدارين	مصطفى فاسي	ShamAY	34528	0.56442
		 فقه الحدود والتعزيرات 	 السيد عبد الكريم الموسوي الاردبيلي 	ABLibrary	9535	0.56442
		الاربعينيات للمعصومين الاربعه عشر عليهم السلام	علي حيدر المؤيد	Ghbook	16364	0.56442
		المحكم في أصول الفقه [ج ٦]	السيّد محمّد سعيد الطباطبائي الحكيم	Rafed	2989	0.56437
		دروس وعبر من صحيح القصص النبوي	شحاتة محمد صقر	ShamAY	557	0.56436
		الخبره علم	آيت الله العظمي سيد محمد حسيني شيرازي	Ghbook	8066	0.56436
		 الملل والنحل 	 عبد القاهر بن طاهر البغدادي 	ABLibrary	8642	0.56435
		الخصائص الكبرى	عبد الرحمن بن أبي بكر، جلال الدين السيوطي (المتوفى: 911هـ)	ShamAY	6590	0.56434
		جامع الأحكام الشرعية	السيد عبد الأعلى السبزواري	Masaha	5033	0.56434
		النظام القضائي	-	ShamAY	1920	0.56431
		العقود الدرية في تنقيح الفتاوى الحامدية	ابن عابدين، محمد أمين بن عمر بن عبد العزيز عابدين الدمشقي الحنفي (المتوفى: 1252ه)	ShamelaY19	21687	0.56427
		التيار الاصلاحي	آيت الله العظمي سيد محمد حسيني شيرازي	Ghbook	8138	0.56426
		رحلة ابن بطوطة [ج ٣]	شمس الدين أبي عبد الله محمد بن عبد الله اللواتي الطنجي	Rafed	2359	0.56425
		تعليق من أمالي ابن دريد	أبو بكر محمد بن الحسن بن دريد الأزدي (المتوفى: 321هـ)	ShamAY	26237	0.56423
		تحذير أهل الصراط من أهل السحاق واللواط	الواحدي :: وسيم فتح الله	ShamAY	36483	0.56422
		أبرز الفوائد من الأربع القواعد	زيد بن محمد المدخلي	ShamAY	32972	0.56422
		الاجتهاد و التقليد (معارج الأصول)	المحقق الحلي	Masaha	1011	0.56421
		الزهر النضر في حال الخضر	أبو الفضل أحمد بن علي بن محمد بن أحمد بن حجر العسقلاني (المتوفى: 852هـ)	ShamAY	5738	0.56419
		أصول كشف ما يظن فيه التعارض في الأدلة وتطبيقاتها من كلام أئمة السلف	علي بن خضير الخضير	ShamAY	37550	0.56418
		تحفة النظار في غرائب الأمصار وعجائب الأسفار  - الجزء1	محمد بن عبد الله ابن بطوطة	Masaha	3962	0.56417
		الأديان الوضعية - جامعة المدينة	مناهج جامعة المدينة العالمية	ShamelaY19	30912	0.56414
		مدارك الأحكام [ج ٧]	السيد محمّد بن علي الموسوي العاملي	Rafed	598	0.56414
		حديث رزية يوم الخميس في الصحيحين - دراسة نقدية تحليلة	أبو ذر عبد القادر بن مصطفى بن عبد الرزاق المحمدي	ShamelaY19	36055	0.56413
		 حلية الأبرار 	 السيد هاشم البحراني 	ABLibrary	94	0.56412
		إنباه الرواة على أنباه النحاة	جمال الدين أبو الحسن علي بن يوسف القفطي (المتوفى: 646ه)	Sham19Y	10525	0.56411
		العروة الوثقى في ضوء الكتاب والسُّنَّة - المفهوم، والفضائل، والمقتضى، والأركان، والشروط، والنواقص، والنواقض	د. سعيد بن علي بن وهف القحطاني	ShamAY	1816	0.5641
		 رسالتان في سر الحروف ومعانيها 	 ابن عربي 	ABLibrary	8748	0.5641
		الصارم المسلول على شاتم الرسول - ط ابن حزم	تقي الدين أبو العباس أحمد بن عبد الحليم بن تيمية الحراني	ShamAY	34362	0.56407
		الخصائص الكبرى	عبد الرحمن بن أبي بكر، جلال الدين السيوطي (المتوفى: 911ه)	Sham19Y	6590	0.56406
		المهدي المنتظر في الفكر الإسلامي	مؤسسة الرسالة	Masaha	447	0.56406
		الأخبار الموفقيات للزبير بن بكار	الزبير بن بكار بن عبد الله القرشي الأسدي المكي (المتوفى: 256ه)	ShamelaY19	28453	0.56397
		مع الامام موسي بن جعفر ( عليه السلام ) و التغيير في العراق	آيت الله العظمي سيد محمد حسيني شيرازي	Ghbook	8125	0.56397
		معجم تيمور الكبير في الألفاظ العامية	أحمد بن إسماعيل بن محمد تيمور (المتوفى: 1348 ه)	ShamelaY19	150964	0.56396
		الإنصاف في مسائل الخلاف بين النحويين البصريين والكوفيين	أبي البركات عبد الرحمن بن محمد بن أبي سعيد الأنباري	ShamAY	34700	0.56395
		آراء و اصداء حول عبدالله بن سبا	مرتضي عسكري	Ghbook	7505	0.56395
		أجوبة الشيخ البراك على شبهات في التفويض	عبد الرحمن بن ناصر البراك	ShamAY	35452	0.5639
		نزول القرآن الكريم والعناية به في عهد النبي صلى الله عليه وسلم	عبد الودود مقبول حنيف	ShamAY	12114	0.5639
		المعرفة والمعرّف	حسام الدين أبو المجد	Rafed	1191	0.5639
		الامام الكاظم عليه السلام سيّد بغداد	الشيخ علي الكوراني العاملي	Rafed	3081	0.5639
		الوصائل إلى الرسائل [ج ٣]	آية الله السيد محمد الشيرازي	Rafed	3732	0.56389
		حاشية الدسوقي [ج ٤]	محمّد بن عرفة الدسوقي	Rafed	2238	0.56387
		شرح الشّواهد الشعريّة في أمّات الكتب النحويّة [ج ٣]	محمّد محمّد حسن شرّاب	Rafed	1955	0.56386
		ما يجوز للشاعر في الضرورة	محمد بن جعفر القزاز القيرواني أبو عبد الله التميمي (المتوفى: 412هـ)	ShamAY	828	0.56385
		القراءات المتواترة وأثرها في اللغة العربية والأحكام الشرعية والرسم القرآني	محمد الحبش	ShamAY	35922	0.56384
		الأخبار الموفقيات للزبير بن بكار	الزبير بن بكار بن عبد الله القرشي الأسدي المكي (المتوفى: 256هـ)	ShamAY	28453	0.56384
		ديوان عمر ابن أبي ربيعة	عمر بن عبد الله بن أبي ربيعة المخزومي القرشي، أبو الخطاب.	ShamAY	37902	0.56382
		المقاصد النحوية في شرح شواهد شروح الألفية المشهور بـ «شرح الشواهد الكبرى»	بدر الدين محمود بن أحمد بن موسى العيني (المتوفى 855 هـ)	ShamAY	32595	0.56381
		إرهاب المستأمنين وموقف الإسلام منه	بدر بن ناصر البدر	Sham19Y	1170	0.56379
		الحياة السياسية للامام الرضا عليه السلام	سيد جعفرمرتضي حسيني عاملي	Ghbook	9262	0.56379
		معجم مقاييس اللغة [ج ٤]	أبي الحسين أحمد بن فارس بن زكريّا	Rafed	2897	0.56377
		أصول الإيمان لمحمد بن عبد الوهاب - ت الجوابرة	محمد بن عبد الوهاب بن سليمان التميمي النجدي (المتوفى: 1206هـ)	ShamAY	1395	0.56376
		البحث الدلالي في إرشاد العقل السليم الى مزايا الكتاب الكريم لأبي السعود (ت 982 هـ)	زينب السلطاني	ShamAY	37093	0.56376
		الشرح الصوتي لزاد المستقنع - ابن عثيمين	محمد بن صالح بن محمد العثيمين (المتوفى: 1421 ه)	Sham19Y	142264	0.56375
		الثاقب في المناقب	عماد الدين ابي جعفر محمدبن علي طوسي ابن حمزه	Ghbook	5226	0.56374
		كتاب المزار	السيد مهدي القزويني	Rafed	2257	0.56372
		القانون في الطب	ابوعلي حسين بن عبدالله ابن سينا	Ghbook	10392	0.56371
		النحو الوافي - الجزء1_1	عباس حسن	Masaha	2501	0.56371
		ما يجوز للشاعر في الضرورة	محمد بن جعفر القزاز القيرواني أبو عبد الله التميمي (المتوفى: 412ه)	ShamelaY19	36088	0.5637
		الشعر في ضوء الشريعة الإسلامية	محمد عبد الرحمن شميلة الأهدل	ShamAY	10409	0.56369
		كيف نزوج العازبات ؟	آيت الله العظمي سيد محمد حسيني شيرازي	Ghbook	8080	0.56368
		بين العلمين الشيخ الصدوق والشيخ المفيد	آيت الله العظمي لطف اللّه صافي گلپايگاني	Ghbook	11967	0.56367
		الطريق إلى المهدي المنتظر	سعيد أيوب	Masaha	330	0.56366
		ظلامة أبي طالب (تاريخ ودراسة)	السيد جعفر مرتضى العاملي	Masaha	332	0.56365
		فلسفة الميثاق والولاية	السيد عبد الحسين شرف الدين	Masaha	345	0.56363
		مرآة العقول [ج ١٧]	الشيخ محمّد باقر بن محمّد تقي المجلسي	Rafed	1056	0.56361
		الملل والنحل	عبدالقاهر بن طاهر البغدادي	Rafed	3506	0.5636
		منع تدوين الحديث	السيد علي الشهرستاني	Rafed	1359	0.5636
		 الديباج على مسلم 	 جلال الدين السيوطي 	ABLibrary	884	0.56359
		إرشاد الحكيم إلى حادثة التحكيم التي دارت في زمن الرعيل الأول	بندر بن عبد الله الثبيتي	ShamAY	37146	0.56355
		 تفصيل الشريعة في شرح تحرير الوسيلة - الغصب ، إحياء الموات ، المشتركات واللقطة 	 الشيخ فاضل اللنكراني 	ABLibrary	9505	0.56354
		 العمدة في الجراحة 	 ابن القف المتطبب المسيحي 	ABLibrary	9894	0.56352
		تذكرة الصوام بشيء من فضائل الصيام والقيام وما يتعلق بهما من أحكام	عبد الله بن صالح القصير	ShamelaY19	30926	0.56351
		العقود الدرية في تنقيح الفتاوى الحامدية	ابن عابدين، محمد أمين بن عمر بن عبد العزيز عابدين الدمشقي الحنفي (المتوفى: 1252ه)	Sham19Y	21687	0.5635
		حياة ما بعد الموت	السيد محمد حسين الطباطبائي	Masaha	2496	0.56349
		الصيام أحكام وآداب	عبد الله الطيار	ShamAY	36150	0.56348
		بحار الأنوار [ج ٥٠]	الشيخ محمّد باقر بن محمّد تقي المجلسي	Rafed	1005	0.56348
		القواعد الفقهيه	محمد فاضل لنكراني	Ghbook	9812	0.56348
		الغرب من الداخل دراسات للظواهر الاجتماعية	مازن مطبقاني	ShamAY	37686	0.56347
		حاشية شرائع الإسلام	الشهيد الثاني	Masaha	1158	0.56347
		نهاية الدّراية في شرح الكفاية [ج ٤]	الشيخ محمّد حسين الإصفهاني	Rafed	826	0.56344
		المحجّة في تقريرات الحجّة [ج ١]	آية الله الحاج آقا علي الصافي الگلپايگاني	Rafed	3687	0.56343
		القواعد الذهبية في حفظ القرآن وتدبره والفتح على الإمام	الواحدي	ShamAY	36977	0.5634
		القطعية من الأدلة الأربعة	محمد دمبي دكوري	ShamAY	8523	0.5634
		تاويل الايات الظاهره	علي استرآبادي	Ghbook	2480	0.5634
		 تاريخ اليمن ( فرجة الهموم والحزن في حوادث وتاريخ اليمن ) 	 الشيخ عبد الواسع الواسعي اليماني 	ABLibrary	9015	0.56337
		نحو يقظه اسلاميه	آيت الله العظمي سيد محمد حسيني شيرازي	Ghbook	8167	0.56336
		غاية المرام في شرح شرائع الإسلام [ج ٣]	الشيخ مفلح الصّيمري البحراني	Rafed	1492	0.56333
		فاطمه الزهراء ( سلام الله عليها ) قدوه و اسوه	آيت الله العظمي سيد محمد تقي مدرسي	Ghbook	3878	0.56331
		مفهوم عدالة الصحابة	أبو عبد الله الذهبي	ShamAY	35839	0.5633
		رسالة في الرد على الرافضة (مطبوع ضمن مؤلفات الشيخ محمد بن عبد الوهاب، الجزء الثاني عشر)	محمد بن عبد الوهاب بن سليمان التميمي النجدي (المتوفى: 1206هـ)	ShamAY	11217	0.56329
		واجبات العمال وحقوقهم في الشريعة الإسلامية مقارنة مع قانون العمل الفلسطيني	سمير العواودة	ShamelaY19	36436	0.56329
		ارشاد الطالب الي التعليق علي المكاسب	آيت الله العظمي ميرزا جواد تبريزي	Ghbook	10144	0.56327
		السحر بين الماضي والحاضر	د. محمد بن إبراهيم الحمد	ShamAY	36611	0.56325
		دراسات في الاصول : تقريرا لابحاث آيت الله العظمي الفاضل النكراني (طبع قديم)	سيد صمدعلي موسوي	Ghbook	15270	0.56322
		شرح الأربعين النووية [من بداية شرح الحديث 29 إلى نهاية شرح الحديث 35]	المناوي، عبد الرؤوف	ShamelaY19	133377	0.56319
		المنتخب في تفسير القرآن و النكت المستخرجه من كتاب التبيان	محمد بن حسن شيخ طوسي ( شيخ الطائفه )	Ghbook	15663	0.56319
		شرح لمعة الاعتقاد - صالح آل الشيخ	صالح آل الشيخ	ShamAY	34739	0.56318
		الجامع المفردات الأدوية والأغذية [ج ٣]	ضياء الدين عبد الله بن أحمد الأندلسي المالقي [ ابن بيطار ]	Rafed	1376	0.56318
		الديباج المذهب في مصطلح الحديث (مطبوع مع شرح منلا حنفي عليه)	ينسب لعلي بن محمد بن علي الزين الشريف الجرجاني (المتوفى: 816ه)	ShamelaY19	30531	0.56317
		الجزائر الثائرة	الفضيل الورتلاني الجزائري، إبراهيم بن مصطفى، (المتوفى: 1378هـ)	ShamAY	31742	0.56316
		اصول استنباط العقائد في نظرية الاعتبار	محمد السند	Ghbook	15239	0.56313
		الدليل العقلي على إمامة علي(ع)	السيد علي الحسيني الميلاني	Masaha	258	0.56311
		بحار الأنوار [ج ٩٨]	الشيخ محمّد باقر بن محمّد تقي المجلسي	Rafed	1304	0.5631
		تفسير القرآن العظيم [ج ٧]	أبي الفداء اسماعيل بن عمر ابن كثير الدمشقي	Rafed	3413	0.5631
		الاخلاص سر التقدم	آيت الله العظمي سيد محمد حسيني شيرازي	Ghbook	2299	0.5631
		ذوب النضار في شرح الثار	ابن نما الحلي‏	Masaha	2197	0.5631
		أحكام تمني الموت (مطبوع ضمن مؤلفات الشيخ محمد بن عبد الوهاب، الجزء الثالث)	محمد بن عبد الوهاب بن سليمان التميمي النجدي (المتوفى: 1206هـ)	ShamAY	7489	0.56309
		الاستخراج لأحكام الخراج	أبو الفرج عبد الرحمن بن أحمد بن رجب الحنبلي (المتوفى: 795هـ)	ShamAY	6238	0.56308
		الرد على شبهات من أجاز الاحتفال بالمولد		ShamAY	36584	0.56308
		الآثار الإيمانية والأمنية من كلام رب البرية		ShamAY	36861	0.56307
		تصحيح العمدة للإمام الزركشي	الزركشي، بدر الدين	ShamAY	37374	0.56307
		رفع اللائمة عن فتوى اللجنة الدائمة		ShamAY	35540	0.56305
		الميزان في أحكام تجويد القرآن	فريال زكريا العبد	Sham19Y	38104	0.56305
		أغلو في بعض القرابة وجفاء في الأنبياء والصحابة	عبد المحسن بن حمد بن عبد المحسن بن عبد الله بن حمد العباد البدر	ShamAY	7514	0.56304
		بغية أهل الإيمان في أحكام وتفسير سجدات القرآن	أبو يوسف محمد زايد	ShamAY	33204	0.56304
		عوائد الايام	احمد بن محمدمهدي ملا احمد نراقي	Ghbook	7072	0.56302
		مسألة الإيمان دراسة تأصيلية	علي بن عبد العزيز بن علي الشبل	ShamAY	1929	0.563
		البدع وآثارها السيئة	عبد الكريم مراد	ShamAY	8788	0.56299
		من اخلاق العلماء	آيت الله العظمي سيد محمد حسيني شيرازي	Ghbook	7838	0.56298
		رجال اختلف فيهم الرأي من أرسطو إلى لويس عوض	أنور الجندي	ShamAY	35821	0.56297
		المذاهب الأدبية في الشعر الحديث لجنوب المملكة العربية السعودية	علي علي مصطفى صبح	Sham19Y	22860	0.56297
		انتفاع الأموات بإهداء التلاوات والصدقات وسائر القربات	أبو إسحاق إبراهيم بن المظفر الحربي الموصلي المعروف بابن البرني (622 هـ)	ShamAY	34331	0.56296
		شرح التّسهيل المسمّى تمهيد القواعد بشرح تسهيل الفوائد [ج ٧]	محمّد بن يوسف بن أحمد [ ناظر الجيش ]	Rafed	1891	0.56295
		مدخل إلى مشروع «آثار الشيخ العلامة محمد الأمين الشنقيطي» (وهو فاتحة التقديم لـ «أضواء البيان» ضمن «آثار الشيخ الشنقيطي»)	بكر أبو زيد - علي العمران - خالد السبت	ShamAY	38791	0.56294
		الإسعاف من إغاثة السقاف		ShamAY	35463	0.56291
		أسرار التكرار في القرآن المسمى البرهان في توجيه متشابه القرآن لما فيه من الحجة والبيان	محمود بن حمزة بن نصر، أبو القاسم برهان الدين الكرماني، ويعرف بتاج القراء (المتوفى: نحو 505هـ)	ShamAY	3580	0.56288
		 المواقف ( شرح الجرجاني ) ( مع حاشيتي السيالكوتي والحلبي ) 	 الإيجي 	ABLibrary	8474	0.56288
		منهاج الصالحين - الجزء1	السيد علي الحسيني‌ السيستاني	Masaha	639	0.56286
		دراسة في علامات الظهور	السيد جعفر مرتضى العاملي	Rafed	163	0.56285
		الأصول في النحو [ج ٢]	أبي بكر محمّد بن السريّ بن سهل النحوي « ابن السراج »	Rafed	1977	0.56285
		قم المقدسه عش التشيع و قياده الائمه	عبدالمنعم حسن سوداني	Ghbook	13048	0.56285
		الانتهاء لمعرفة الأحاديث التي لم يفت بها الفقهاء، ومناقشها على ضوء الأصلين:	أبو عبد الله عبد السلام بن محمد بن عمر علوش	Sham19Y	96948	0.56284
		المختصر في فقه العبادات	خالد بن علي بن محمد بن حمود بن علي المشيقح	ShamAY	31285	0.56283
		البعد عن التعامل الصحيح مع النص وأثره في افتراق الأمة	أنس سليمان	ShamAY	37610	0.56282
		منهل الغمام في شرح شرائع الاسلام	عباس بن حسن بن جعفر نجفي ( آل كاشف الغطاء )	Ghbook	12122	0.56282
		نهر الذهب فى تاريخ حلب	كامل بن حسين بن محمد بن مصطفى البالي الحلبي، الشهير بالغزي (المتوفى: 1351هـ)	ShamAY	11788	0.56281
		أصول وشواهد النظر العقلي في القرآن والفكر الإسلامي	د. عبد القادر محمود	ShamAY	1475	0.56281
		القياده  في  الاسلام	محمد محمدي ري شهري	Ghbook	16002	0.56281
		دروس في علم الأصول؛ الحلقة الثالثة( طبعة مجمع الفكر)	السيد محمد باقر الصدر	Masaha	3805	0.56281
		النفي والتغريب في مصادر التشريع الإسلامي	الشيخ نجم الدين الطبسي	Masaha	5039	0.5628
		البداء في الكتاب و السنه	آيت الله العظمي جعفر سبحاني	Ghbook	5038	0.56279
		تعليقات ابن عثيمين على الكافي لابن قدامة (إلى أول كتاب الوقف وهو آخر ما شرح الشيخ رحمه الله)	محمد بن صالح بن محمد العثيمين (المتوفى: 1421ه)	ShamelaY19	96875	0.56278
		زاد الداعية إلى الله (مطبوع ضمن كتاب الصيد الثمين في رسائل ابن عثيمين)	محمد بن صالح بن محمد العثيمين (المتوفى: 1421ه)	ShamelaY19	21579	0.56276
		الحكمة	ناصر بن سليمان العمر	Sham19Y	1874	0.56276
		شرح التّسهيل المسمّى تمهيد القواعد بشرح تسهيل الفوائد [ج ٦]	محمّد بن يوسف بن أحمد [ ناظر الجيش ]	Rafed	1888	0.56276
		التقية	الشيخ مرتضى الأنصاري	Masaha	222	0.56276
		الدليل العقلي على إمامة علي عليه السلام	السيّد علي الحسيني الميلاني	Rafed	13	0.56273
		العلمانية - نشأتها وتطورها وآثارها في الحياة الإسلامية المعاصرة	سفر بن عبد الرحمن الحوالي	ShamelaY19	96612	0.56272
		تربة الحسين عليه السلام الإستشفاء والتبرّك بها ـ السجود عليها دراسة وتحليل [ج ٢]	الشيخ أمين حبيب آل درويش	Rafed	2553	0.56272
		كنوز الذّهب في تاريخ حلب [ج ٢]	سبط ابن العجمي الحلبي	Rafed	2375	0.56271
		سبعون مخالفة تقع فيها النِّساء	سلمان بن عبد القادر أبو زيد	ShamAY	36488	0.56269
		الرد على الرافضة أو القضاب المشتهر على رقاب ابن المطهر - رسالة في الرد على علامة الشيعة في وقته ابن مطهر الحلي	مجد الدين أبو طاهر محمد بن يعقوب الفيروزآبادى (المتوفى: 817هـ)	ShamAY	961	0.56268
		لذة الأعمال الصالحة	سامي بن محمد بن جاد الله :: سامي محمد	ShamAY	35010	0.56267
		سلسلة الأحاديث الواهية و صحح حديثك	الشيخ علي حشيش	ShamAY	33091	0.56267
		 العوالم ، السيدة الزهراء ( س ) 	 الشيخ عبد الله البحراني 	ABLibrary	7613	0.56267
		البركة في الرزق والأسباب الجالبة لها في ضوء الكتاب والسنة	عبد الله مرحول السوالمة	Sham19Y	8795	0.56265
		تحفة الأبرار بنكت الأذكار للنووي	عبد الرحمن بن أبي بكر، جلال الدين السيوطي (المتوفى: 911هـ)	ShamAY	21560	0.56263
		مسبوك الذهب في فضل العرب وشرف العلم على شرف النسب	مرعي بن يوسف بن أبى بكر بن أحمد الكرمى المقدسي الحنبلى (المتوفى: 1033هـ)	ShamAY	26541	0.56262
		إتحاف القاري بدرر البخاري	أم الليث	ShamAY	35991	0.56261
		سفط الملح وزوح الترح	سعد الله بن نصر بن سعيد الحنبلي المعروف بابن الدجاجي (المتوفى: 564هـ)	ShamAY	5355	0.56261
		أساس البلاغة	أبي القاسم محمود بن عمر الزمخشري	Rafed	2970	0.56258
		الأدب والمروءة	صالح بن جناح اللخمي	ShamAY	38879	0.56254
		الانتهاء لمعرفة الأحاديث التي لم يفت بها الفقهاء، ومناقشها على ضوء الأصلين:	أبو عبد الله عبد السلام بن محمد بن عمر علوش	ShamAY	2049	0.56254
		أناشيد أبي مازن	مجموعة من المؤلفين	ShamelaY19	96173	0.56253
		اللؤلؤ في الأدب	محمد توفيق بن علي بن محمد البكري الصديقي (المتوفى: 1351ه)	ShamelaY19	36077	0.5625
		أكثر من 100 فتوى للشيخ خالد المصلح	خالد المصلح	ShamAY	37656	0.56248
		نَظْم علوم الحديث المُسماة: «أقصى الأمل والسُّول في علم حديث الرسول صلى الله عليه وسلم»	شهاب الدين محمد بن أحمد الخُوَيِّي الشافعي (المتوفى 693 هـ)	ShamAY	38994	0.56248
		أبراج الزجاج في سيرة الحجاج	عبد الرحمن بن سعيد بن علي بن وهف القحطاني (المتوفى: 1422هـ)	ShamAY	1798	0.56247
		القواعد والضوابط الفقهية المتضمنة للتيسير	عبد الرحمن بن صالح العبد اللطيف	ShamAY	7270	0.56246
		آراؤنا في أصول الفقه [ج ١]	السيّد تقي الطباطبائي القمّي	Rafed	3706	0.56246
		دقائق أولي النهى لشرح المنتهى المعروف بشرح منتهى الإرادات	منصور بن يونس بن صلاح الدين ابن حسن بن إدريس البهوتى الحنبلى (المتوفى: 1051هـ)	ShamAY	21693	0.56244
		شرح الأخبار في فضائل الأئمة الأطهار(ع) - الجزء1	القاضي نعمان المغربي‏	Masaha	2225	0.56243
		الارض 	خالد فائق عبيدي	Ghbook	2791	0.56239
		تحقيق المسح على الجوربين والنعلين	محمد جمال الدين القاسمي (المتوفى: 1332هـ)	ShamAY	343	0.56237
		زكاة الحلي	أ. د.إبراهيم بن محمد الصبيحي	ShamAY	36348	0.56237
		المنهل الروي في مختصر علوم الحديث النبوي	أبو عبد الله، محمد بن إبراهيم بن سعد الله بن جماعة الكناني الحموي الشافعي، بدر الدين (المتوفى: 733ه)	Sham19Y	5959	0.56232
		إيجاز البيان عن معاني القرآن	محمود بن أبى الحسن بن الحسين النيسابوري أبو القاسم، نجم الدين (المتوفى: نحو 550هـ)	ShamAY	23593	0.56231
		إصلاح الشعوب أولا	عيد الدويهيس	ShamAY	33506	0.5623
		سياسة التطهير الطائفي في جنوب العراق الأسباب - الآثار - المعالجات	عبد الله الرشيد	ShamAY	33483	0.56229
		التعديل والتجريح - ت: أحمد لبزار	الواحدي :: أبو الوليد الباجي	ShamAY	34037	0.56229
		الأنوار الرحمانية لهداية الفرقة التيجانية	عبد الرحمن بن يوسف الأفريقي (المتوفى: 1377هـ)	ShamAY	8783	0.56228
		عناية الأصول في شرح كفاية الأصول [ج ٥]	السيد مرتضى الفيروزآبادي	Rafed	4007	0.56224
		عقيدة أهل السنة والأثر في المهدي المنتظر	عبد المحسن بن حمد بن عبد المحسن بن عبد الله بن حمد العباد البدر	ShamAY	4226	0.56222
		الإرشادات في تقوية الأحاديث بالشواهد والمتابعات	أبو معاذ طارق بن عوض الله بن محمد	ShamAY	9938	0.56221
		العبّاس ابوالفضل ابن أمير المؤمنين عليه السلام سماته وسيرته	السيد محمد رضا الحسيني الجلالي	Rafed	3251	0.56219
		ندوة الوقف في الشريعة الإسلامية ومجالاته	عمر زهير حافظ	ShamAY	36530	0.56218
		ظاهرة الرعب من الإسلام وحقوق المرأة	الواحدي :: أحمد بن محمد الشرقاوى	ShamAY	33356	0.56217
		معجم الفروق اللغوية = الفروق اللغوية بترتيب وزيادة	أبو هلال الحسن بن عبد الله بن سهل بن سعيد بن يحيى بن مهران العسكري (المتوفى: نحو 395ه)	Sham19Y	1736	0.56217
		أخبار سلاجقة الروم = مختصر سلجوقنامه - تعريب	مجهول - من أهل القرن السابع الهجري	ShamelaY19	122237	0.56215
		فضائل مصر المحروسة	ابن الكندي	Rafed	2383	0.56214
		تفسير سوره الفاتحه	سيد جعفرمرتضي حسيني عاملي	Ghbook	9979	0.56214
		الصراع الإسلامي الصهيوني- بنو اسرائيل في القرآن الكريم	عبد الله بن علي صغير	ShamAY	33478	0.56213
		القول المحرر في الأمر بالمعروف والنهي عن المنكر	حمود بن عبد الله بن حمود بن عبد الرحمن التويجري (المتوفى: 1413هـ)	ShamAY	32093	0.56211
		آية التطهير وعلاقتها بعصمة الأئمة.	طه الدليمي	ShamAY	37801	0.5621
		مختصر الفقه الإسلامي في ضوء القرآن والسنة	محمد بن إبراهيم بن عبد الله التويجري	ShamelaY19	36185	0.56208
		قاعدة حسنة في الباقيات الصالحات	تقي الدين أبو العباس أحمد بن عبد الحليم بن عبد السلام بن عبد الله بن أبي القاسم بن محمد ابن تيمية الحراني الحنبلي الدمشقي (المتوفى: 728هـ)	ShamAY	22650	0.56207
		تحويل المعنويات الاسلاميه من القوه الي الفعل	آيت الله العظمي سيد محمد حسيني شيرازي	Ghbook	8130	0.56205
		مفاتيح العلوم	محمد بن أحمد بن يوسف، أبو عبد الله، الكاتب البلخي الخوارزمي (المتوفى: 387هـ)	ShamAY	12077	0.56204
		جواهر التاريخ	علي كوراني	Ghbook	15259	0.56204
		 الجواهر الفخرية في شرح الروضة البهية 	 قدرت الله وجداني فخر 	ABLibrary	9452	0.56202
		 البضاعة المزجاة 	 محمد حسين بن قارياغدي 	ABLibrary	7923	0.56201
		الأدلة على اعتبار المصالح والمفاسد في الفتاوى والأحكام	هشام آل عقدة	ShamAY	37507	0.56194
		البيان الجلي في افضليه مولي المومنين علي عليه السلام 	عيدروس بن احمد السقاف ابن رويش اندونيسي	Ghbook	8351	0.56194
		المرجعيه الاسلاميه	آيت الله العظمي سيد محمد حسيني شيرازي	Ghbook	7812	0.56193
		نساء النبي صلى الله عليه وآله وسلم	السيد الجميلى	ShamelaY19	23687	0.56192
		 الفقه ، البيئة 	 السيد محمد الحسيني الشيرازي 	ABLibrary	806	0.56189
		إهداء للبرنامج من دار الركائز للنشر والتوزيع - دولة الكويت	عبد الرحمن بن عبد الله البعلي الحنبلي (ت: 1192)	Sham19Y	147661	0.56187
		الامام الصادق ( عليه السلام ) خصائصه و فقهه	وهبة الزحيلي	Ghbook	4979	0.56187
		الرد علي الفتاوي المتطرفه	علي كوراني	Ghbook	3509	0.56185
		النور الكاشف في بيان حكم الغناء والمعازف	أحمد بن حسين الأزهري	ShamAY	36630	0.56183
		دراسات في الأصول [ج ٣]	السيد صمد علي الموسوي	Rafed	3693	0.56183
		منة المنان فى إبطال ترفض القرآن	مؤدب	ShamAY	35691	0.56182
		دعاوي المناوئين لدعوة الشيخ محمد بن عبد الوهاب	عبد العزيز بن محمد بن علي آل عبد اللطيف	ShamAY	11186	0.56182
		المنهل الروي في مختصر علوم الحديث النبوي	أبو عبد الله، محمد بن إبراهيم بن سعد الله بن جماعة الكناني الحموي الشافعي، بدر الدين (المتوفى: 733هـ)	ShamAY	5959	0.56182
		كنز العمال في سنن الأقوال والأفعال	علاء الدين علي بن حسام الدين ابن قاضي خان القادري الشاذلي الهندي البرهانفوري ثم المدني فالمكي الشهير بالمتقي الهندي (المتوفى: 975ه)	Sham19Y	2677	0.56182
		التنبية في الفقه الشافعي	أبو اسحاق إبراهيم بن علي بن يوسف الشيرازي (المتوفى: 476هـ)	ShamAY	7589	0.56179
		كنز العمال في سنن الأقوال والأفعال	علاء الدين علي بن حسام الدين ابن قاضي خان القادري الشاذلي الهندي البرهانفوري ثم المدني فالمكي الشهير بالمتقي الهندي (المتوفى: 975هـ)	ShamAY	2677	0.56177
		نشر المحاسن اليمانيّة	ابن الديبع الشيباني الشافعي	Rafed	2551	0.56176
		لواعج الأشجان في مقتل الحسين عليه السلام	السيّد محسن الأمين العاملي	Rafed	3215	0.56174
		السيرة النبوية وأخبار الخلفاء لابن حبان	محمد بن حبان بن أحمد بن حبان بن معاذ بن مَعْبدَ، التميمي، أبو حاتم، الدارمي، البُستي (المتوفى: 354هـ)	ShamAY	9898	0.56173
		تداخل الأصول اللغوية وأثره في بناء المعجم	عبد الرزاق بن فراج الصاعدي	ShamAY	11986	0.5617
		تقريرات آية الله المجدّد الشيرازي [ج ٤]	المولى علي الروزدري	Rafed	954	0.56168
		إعراب القرآن [ج ٣]	أبي جعفر أحمد بن محمّد بن إسماعيل النحّاس [ ابن النحّاس ]	Rafed	3322	0.56167
		جمع القران في مراحله التاريخية من العصر النبوي إلى العصر الحديث	محمد شرعي أبو زيد	ShamAY	35912	0.56166
		بحار الأنوار [ج ١٠٢]	الشيخ محمّد باقر بن محمّد تقي المجلسي	Rafed	1513	0.56166
		إنباء الأمراء بأنباء الوزراء	شمس الدين محمد بن علي بن خمارويه بن طولون الدمشقي الصالحي الحنفي (المتوفى: 953هـ)	ShamAY	31706	0.56164
		عيون المسائل	ميرمحمد باقربن محمد حسيني استرآبادي (محقق داماد)	Ghbook	10369	0.56162
		مع الشيخ جاد الحق في ارث العصبة	آيت الله العظمي لطف اللّه صافي گلپايگاني	Ghbook	9155	0.56161
		فتنة التكفير	محمد ناصر الدين الألباني (المتوفى: 1420هـ)	ShamAY	707	0.5616
		موسوعه الامام العسكري ( عليه السلام )	محمد حسيني قزويني	Ghbook	6237	0.5616
		حاشيه المكاسب	محمدتقي شيرازي	Ghbook	12192	0.56159
		سنة الابتلاء في ضوء ثلاث آيات من سورة البقرة		ShamAY	36972	0.56157
		تأملات	مالك بن الحاج عمر بن الخضر بن نبي (المتوفى: 1393ه)	ShamelaY19	21781	0.56153
		شرح منظومة القواعد الفقهية للسعدي - حمد الحمد	حمد بن عبد الله بن عبد العزيز الحمد	ShamAY	798	0.5615
		تجدد المسرات بالقسم بين الزوجات	حسن بن عمار بن علي الشرنبلالي المصري الحنفي (المتوفى: 1069هـ)	ShamAY	2013	0.5615
		فقه الحج	آيت الله العظمي لطف اللّه صافي گلپايگاني	Ghbook	9156	0.5615
		النور والظلمات في ضوء الكتاب والسُّنَّة	د. سعيد بن علي بن وهف القحطاني	ShamAY	1827	0.56148
		ملحق أحكام الخلل	الشيخ مرتضى الأنصاري	Masaha	1596	0.56148
		الباعث على الخلاص من حوادث القصاص	زين الدين أبو الفضل عبد الرحيم بن الحسين العراقي (806 هـ)	ShamAY	34289	0.56147
		الدين والسنن الكونية	أبو شكيب محمد تقي الدين بن عبد القادر الهلالي (المتوفى: 1407هـ)	ShamAY	10372	0.56142
		اتفاق المباني وافتراق المعاني	سليمان بن بنين بن خلف بن عوض، تقيّ الدين، الدقيقي المصري (المتوفى: 613هـ)	ShamAY	7046	0.5614
		 كتاب المكاسب ( المحشَّى ) 	 الشيخ الأنصاري 	ABLibrary	9379	0.56138
		 تسهيل المنافع في الطب والحكمة 	 ابراهيم بن عبد الرحمن بن أبي بكر الأزرق 	ABLibrary	9948	0.56138
		النوران الزهراء والحوراء عليهما السلام	علي الفتلاوي	Ghbook	12333	0.56134
		ضوء الشموع شرح المجموع في الفقه المالكي	محمد الأمير المالكي	ShamelaY19	32195	0.56133
		لا جديد في أحكام الصلاة	بكر بن عبد الله أبو زيد بن محمد بن عبد الله بن بكر بن عثمان بن يحيى بن غيهب بن محمد (المتوفى: 1429ه)	ShamelaY19	29883	0.56133
		البدع وأثرها السيء في الأمة	الواحدي	ShamAY	35468	0.56131
		كتاب الآداب	فؤاد بن عبد العزيز الشلهوب :: فؤاد الشلهوب	ShamAY	34874	0.56131
		 المواقف ( شرح الجرجاني ) ( مع حاشيتي السيالكوتي والحلبي ) 	 الإيجي 	ABLibrary	8473	0.5613
		الأمن في حياة الناس وأهميته في الإسلام	عبد الله بن عبد المحسن بن عبد الرحمن التركي	Sham19Y	31563	0.56127
		عبدالله بن سبأ وإمامة علي رضى الله عنه	علي السلمان	ShamAY	35700	0.56125
		العقيدة الصحيحة وما يضادها	عبد العزيز بن عبد الله بن باز (المتوفى: 1420هـ)	ShamAY	8820	0.56124
		بحوث فقه في النظر	محمد رضا حسيني شيرازي	Ghbook	16236	0.56124
		ثمرات الأعواد [ج ١]	علي بن الحسين الهاشمي الخطيب	Rafed	1620	0.56123
		آفاق الرواية ((البنية والمؤثرات))	محمد شاهين	ShamAY	34538	0.56122
		غرر الاخبار و درر الاثار في مناقب ابي الائمه الاطهار ( عليهم السلام )	حسن بن ابي الحسن ديلمي	Ghbook	9467	0.56122
		اسئله القرآن و اجوبتها	محمد بن ابي بكر رازي	Ghbook	2755	0.56117
		ظروف خروج سيد الشهداء عليه السلام من المدينه المنوره	سيد علي جمال أشرف	Ghbook	16511	0.56116
		 موسوعة الفقه الإسلامي طبقا لمذهب أهل البيت ( ع ) 	 مؤسسة دائرة معارف الفقه الاسلامي 	ABLibrary	9656	0.56115
		 كنوز الذهب في تاريخ حلب 	 أبي ذر سبط ابن العجمي 	ABLibrary	9168	0.56115
		وقفات مع حفظ الوقت	سامي بن محمد بن جاد الله :: سامي محمد	ShamAY	35011	0.56111
		الهجرة النبوية - دراسة وتحليل-	محمد السيد الوكيل	ShamAY	8979	0.56111
		الرؤى عند أهل السنة والجماعة والمخالفين	سهل بن رفاع بن سهيل الروقي العتيبي	ShamAY	32145	0.5611
		الوزراء والكتاب	ابن عَبْدوس الجَهْشَيَاري	ShamAY	35858	0.5611
		اصول الشيعه لاستنباط احكام الشريعه	محمد حسين يوسفي	Ghbook	10763	0.56109
		غنائم الأيّام في مسائل الحلال والحرام [ج ٦]	الميرزا أبو القاسم القمّي	Rafed	1877	0.56108
		نفحات الأزهار في خلاصة عبقات الأنوار [ج ٢٠]	السيّد علي الحسيني الميلاني	Rafed	488	0.56105
		موسوعة الطير والحيوان في الحديث النبوي	عبد اللطيف عاشور	ShamelaY19	23686	0.56103
		تميز الصدق من المين في محاورة الرجلين	سليمان بن سحمان بن مصلح بن حمدان بن مصلح بن حمدان بن مسفر بن محمد بن مالك بن عامر الخثعمي , التبالي , العسيري , النجدي (المتوفى: 1349هـ)	ShamAY	6488	0.56102
		شرح البيقونية - محمد حسن عبد الغفار	محمد حسن عبد الغفار	ShamAY	709	0.561
		الوسيط في تفسير القرآن المجيد	أبو الحسن علي بن أحمد بن محمد بن علي الواحدي، النيسابوري، الشافعي (المتوفى: 468ه)	ShamelaY19	21821	0.561
		جمهرة اللغة	ابو بكر محمد بن الحسن ابن دريد الازدي	Ghbook	16212	0.56099
		اللباب في علل البناء والإعراب	أبو البقاء عبد الله بن الحسين بن عبد الله العكبري البغدادي محب الدين (المتوفى: 616هـ)	ShamAY	6986	0.56097
		التوابين لابن قدامة	أبو محمد موفق الدين عبد الله بن أحمد بن محمد بن قدامة الجماعيلي المقدسي ثم الدمشقي الحنبلي، الشهير بابن قدامة المقدسي (المتوفى: 620هـ)	ShamAY	11317	0.56096
		مسائل في التداوي والرقى	محمد بن عبد الله الصغير	ShamAY	34908	0.56094
		هذا نبيك يا ولدي	محمود محمد غريب: من علماء الأزهر الشريف والموجه الديني لشباب جامعة القاهرة	ShamelaY19	29031	0.56094
		الشبهات المزعومة حول القرآن الكريم في دائرتي المعارف الإسلامية والبريطانية	د. محمد السعيد جمال الدين	Sham19Y	7649	0.56092
		القواعد الفقهية والاجتهاد والتقليد - الجزء2	الشيخ محمد حسين الأصفهاني	Masaha	4953	0.56091
		كتاب الحج (للشيخ الأنصاري)	الشيخ مرتضى الأنصاري	Masaha	818	0.56089
		رسالة ضمن «مجموع في السياسة»	محمد بن محمد بن طرخان بن أوزلغ، أبو نصر الفارابي، ويعرف بالمعلم الثاني (المتوفى: 339هـ)	ShamAY	7228	0.56088
		قبس من شعاع الامام الحسين ( عليه السلام )	آيت الله العظمي سيد محمد حسيني شيرازي	Ghbook	5977	0.56088
		ديوان الحكم بن أبي الصلت	أمية بن عبد العزيز الأندلسي أبو الصلت (1068 ـ 1134م)	ShamAY	37851	0.56087
		الحجاج بن يوسف الثقفي في ميزان أهل السنة والجماعة	عبد الله بن زقيل	ShamAY	35887	0.56085
		إلى الذين يحادون مفاتح الغيب باسم العلم الحديث	عبد الفتاح بن سليمان عشماوي	ShamAY	8996	0.56083
		منظومة ‏حقوق العترة النبوية ‏بين التطبيق والنظرية	السيد محمد هاشم المدني	Masaha	213	0.56082
		فرح الأسماع برخص السماع	محمد بن أحمد بن محمد بن داود بن سلامة اليزلتيني، التونسي القاهري، المالكي، الوفائي، الشاذلي، ويعرف بابن زغدان (أبو عبد الله، أبو المواهب) (المتوفى: 882هـ)	ShamAY	1598	0.5608
		كيف نصوم رمضان إيمانا واحتسابا؟	رأفت صلاح	ShamAY	34930	0.56079
		العَرْفُ الوَرْدِي في أخبار المَهْدِي	السيوطي	ShamAY	36053	0.56079
		تتمة الحدائق الناضره في احكام العتره الطاهره	حسين آل عصفور	Ghbook	3496	0.56079
		 المواعظ والإعتبار في ذكر الخطط والآثار ( ط بيروت ) 	 المقريزي 	ABLibrary	9235	0.56076
		اصول العقيدة في النص الحسيني 	علي حمود عناد عبادي	Ghbook	15245	0.56076
		معاني المعروف في القرآن		ShamAY	36878	0.56075
		القائد المنتظر	صدرالدين قبانچي	Ghbook	6618	0.56075
		 شرح فروع الكافي 	 محمد هادي المازندراني 	ABLibrary	9346	0.56074
		خلاصة الكلام شرح عمدة الأحكام	فيصل بن عبد العزيز بن فيصل ابن حمد المبارك الحريملي النجدي (المتوفى: 1376هـ)	ShamAY	8197	0.56073
		فتاوى قطاع الإفتاء بالكويت	مجموعة من المؤلفين	ShamAY	37643	0.56072
		وقعه صفين	نصر بن مزاحم منقري	Ghbook	2623	0.56072
		الإمام مسلم وصحيحه	عبد المحسن بن حمد بن عبد المحسن بن عبد الله بن حمد العباد البدر	Sham19Y	8775	0.56071
		قاعدة لا ضرر و الاجتهاد و التقليد ( الحاشية علي الكفاية )	آيت الله العظمي سيد حسين طباطبايي بروجردي	Ghbook	10088	0.56068
		شرح الدر النضيد في إخلاص كلمة التوحيد	محمد حسن عبد الغفار	ShamelaY19	37666	0.56067
		الفتاوى المرئية		ShamAY	37677	0.56066
		تقريب المعارف	ابوالصلاح تقي بن نجم الدين حلبي	Ghbook	2490	0.56066
		معالم التنزيل في تفسير القرآن = تفسير البغوي	محيي السنة ، أبو محمد الحسين بن مسعود بن محمد بن الفراء البغوي الشافعي (المتوفى : 510هـ)	ShamAY	12217	0.56064
		إنباه الرواة على أنباه النحاة	جمال الدين أبو الحسن علي بن يوسف القفطي (المتوفى: 646هـ)	ShamAY	31594	0.56064
		تفسير كنز الدقائق وبحر الغرائب‏  - الجزء1	محمد بن محمد رضا القمي المشهدي	Masaha	4778	0.56064
		المقتضب	محمد بن يزيد بن عبد الأكبر الثمالى الأزدي، أبو العباس، المعروف بالمبرد (المتوفى: 285هـ)	ShamAY	6965	0.56062
		كتاب الرؤيا	حمود بن عبد الله بن حمود بن عبد الرحمن التويجري (المتوفى: 1413ه)	ShamelaY19	20824	0.56061
		بحوث في الاجتهاد و التقليد الاصولي	محمد السند	Ghbook	15176	0.56061
		 الحج في الشريعة الإسلامية الغراء 	 الشيخ السبحاني 	ABLibrary	9559	0.56059
		شرح الدر النضيد في إخلاص كلمة التوحيد	محمد حسن عبد الغفار	ShamAY	876	0.56058
		منع تدوين الحديث	السيد علي الشهرستاني	Masaha	441	0.56058
		الخصال المكفرة للذنوب المتقدمة والمتأخرة- ت: عويضة	ابن حجر العسقلاني	ShamAY	33751	0.56056
		ولاية أهل البيت(ع) في القرآن والسنّة	حسينة حسن الدريب	Masaha	207	0.56055
		يثرب قبل الإسلام	محمد السيد الوكيل	ShamAY	38491	0.56052
		بدايه الوصول في شرح كفايه الاصول	محمد طاهر آل الشيخ راضي	Ghbook	10777	0.56052
		تحفة المسؤول في شرح مختصر منتهى السول	أبو زكريا يحيى بن موسى الرهوني (المتوفى: 773 ه)	ShamelaY19	32193	0.56051
		رد الشمس لعلي(ع)	السيد جعفر مرتضى العاملي	Masaha	262	0.5605
		الأراضي - مجموعة دراسات وبحوث فقهية إسلامية	الشيخ محمد إسحاق الفياض	Masaha	5017	0.56049
		تعليقات ابن عثيمين على الكافي لابن قدامة (إلى أول كتاب الوقف وهو آخر ما شرح الشيخ رحمه الله)	محمد بن صالح بن محمد العثيمين (المتوفى: 1421هـ)	ShamAY	2023	0.56048
		مجمع الفائدة والبرهان في شرح إرشاد الأذهان [ج ٦]	الشيخ أحمد بن محمّد الأردبيلي [ المقدّس الأردبيلي ]	Rafed	1901	0.56048
		رحلة إلي عرب أهوار العراق‏	ويلفرد فيسجر	Masaha	4383	0.56048
		مشكاة الأنوار ومصفاة الأسرار	حجة الإسلام الإمام / أبو حامد محمد بن محمد الغزالي	ShamAY	33740	0.56041
		التنبيه على الألفاظ التي وقع في نقلها وضبطها تصحيف وخطأ في تفسيرها ومعانيها وتحريف في كتاب الغريبين عن أبي عبيد أحمد بن محمد المؤدب الهروي	محمد بن ناصر بن محمد بن علي، أبو الفضل السلامي (المتوفى: 550هـ)	ShamAY	1262	0.56038
		شرح التصريح على التوضيح أو التصريح بمضمون التوضيح في النحو	خالد بن عبد الله بن أبي بكر بن محمد الجرجاويّ الأزهري، زين الدين المصري، وكان يعرف بالوقاد (المتوفى: 905هـ)	ShamAY	9985	0.56037
		 العسل المصفى من تهذيب زين الفتى في شرح سورة هل أتى 	 أحمد بن محمد بن علي العاصمي 	ABLibrary	7609	0.56036
		إلى العابثين بالأعراض	عبد الله الطيار	ShamAY	36154	0.56034
		سعيد الأفغاني حامل لواء العربية وأستاذ أساتيذتها	د. مازن المبارك	ShamAY	38620	0.56033
		الأمن في حياة الناس وأهميته في الإسلام	عبد الله بن عبد المحسن بن عبد الرحمن التركي	ShamAY	31563	0.56032
		تحقيق الأصول‏ - الجزء1	السيد علي الحسيني الميلاني	Masaha	2723	0.56032
		تعليقات على (شرح لمعة الاعتقاد للعثيمين)	عبد العزيز بن عبد الله بن عبد الرحمن الراجحي	ShamAY	4098	0.56031
		الموجز في قواعد اللغة العربية	سعيد بن محمد بن أحمد الأفغاني (المتوفى : 1417هـ)	ShamAY	8570	0.56031
		الاختلاط بين الرجال والنساء - مفهومه، وأنواعه، وأقسامه، وأحكامه، وأضراره في ضوء الكتاب والسنة وآثار الصحابة - رضي الله عنهم -	د. سعيد بن على بن وهف القحطاني	ShamAY	1803	0.5603
		الحاشية على استصحاب القوانين‏	الشيخ مرتضى الأنصاري	Masaha	3350	0.5603
		المعرفة والمعرِف	حسام الدين أبو المجد	Masaha	426	0.5603
		شرح طيبة النشر لابن الجزري	شمس الدين أبو الخير ابن الجزري، محمد بن محمد بن يوسف (المتوفى: 833هـ)	ShamAY	1452	0.56029
		فتح الرحمن بكشف ما يلتبس في القرآن	زكريا بن محمد بن أحمد بن زكريا الأنصاري، زين الدين أبو يحيى السنيكي (المتوفى: 926ه)	Sham19Y	9086	0.56029
		رفع الارتياب بتوهين الحارث الكذاب	محمد ملاح	ShamAY	35208	0.56028
		خصائص التفكير الفقهي عند الشيخ محمد بن عبد الوهاب (مطبوع ضمن بحوث ندوة دعوة الشيخ محمد بن عبد الوهاب، الجزء الأول)	عبد الوهاب بن إبراهيم أبو سليمان	ShamAY	11173	0.56027
		 نور الأبصار في مناقب آل بيت النبي المختار ( ص ) 	 مؤمن بن حسن مؤمن الشبلنجي 	ABLibrary	7879	0.56025
		كتاب المراجعات كتاب الكذب والمفتريات .. وبيان كذب وتدليس ونفاق "عبدالحسين الموسوي"		ShamAY	35504	0.56024
		الصارم البتار للإجهاز على من خالف الكتاب والسنة والإجماع والآثار	حمود بن عبد الله بن حمود بن عبد الرحمن التويجري (المتوفى: 1413ه)	ShamelaY19	35155	0.56023
		شرح مائة المعاني والبيان	أبو عبد الله، أحمد بن عمر بن مساعد الحازمي	ShamAY	830	0.56021
		تحقيق الأصول [ج ١]	السيّد علي الحسيني الميلاني	Rafed	2386	0.56019
		تحفة الأريب بما في القرآن من الغريب - ت عويضة	أثير الدين أبو حيان الأندلسي	ShamAY	36738	0.56018
		أجنحة المكر الثلاثة	الميداني، عبد الرحمن حبنكة	ShamelaY19	22855	0.56018
		رياض الأبرار في مناقب الأئمة الأطهار - الجزء1	السيد نعمة الله الجزائري	Masaha	2203	0.56018
		الصلاة على النبي صلى الله عليه وسلم فضلها وكيفيتها	عبد المحسن بن حمد بن عبد المحسن بن عبد الله بن حمد العباد البدر	Sham19Y	10418	0.56017
		نساء النبي صلى الله عليه وآله وسلم	السيد الجميلى	ShamAY	23687	0.56014
		تعريب شرفنامه - الجزء1	شرف خان البدليسي	Masaha	4645	0.56014
		اللمعة الدمشقية	شمس الدين محمد بن مكي شهيد اول	Ghbook	15104	0.5601
		المسائل المنتخبة	السيد علي الحسيني‌ السيستاني	Masaha	687	0.5601
		كلمة للدعاة والمصلحين	-	Sham19Y	1985	0.56009
		رسالة في المواريث	الشيخ مرتضى الأنصاري	Masaha	1601	0.56007
		شرح القواعد المثلى - عبد الرحيم السلمي	عبد الرحيم بن صمايل العلياني السلمي	Sham19Y	37796	0.56006
		تراثنا ـ العددان [ 53 و 54 ]	مؤسسة آل البيت عليهم السلام لإحياء التراث ـ قم	Rafed	3238	0.56006
		المواهب في تحرير احكام المكاسب	آيت الله العظمي جعفر سبحاني	Ghbook	9781	0.56005
		تعليقة القوچاني على كفاية الأصول [ج ١]	الشيخ علي القوچاني	Rafed	786	0.56004
		بحر الفوائد في شرح الفرائد [ج ٣]	آية الله ميرزا محمّد حسن بن جعفر الآشتياني	Rafed	917	0.56004
		ابو الحسين زيد الشهيد	محسن امين عاملي	Ghbook	14625	0.56004
		انصار الحسين عليه السلام: الثوره والثوار	محمد علي الحلو	Ghbook	12285	0.56002
		كتاب صفة الصلاة من شرح العمدة للإمام موفق الدين ابن قدامة	تقي الدين أبو العباس أحمد بن عبد الحليم بن عبد السلام بن عبد الله بن أبي القاسم بن محمد ابن تيمية الحراني الحنبلي الدمشقي (المتوفى: 728 ه)	Sham19Y	17073	0.56
		المذاهب الأدبية في الشعر الحديث لجنوب المملكة العربية السعودية	علي علي مصطفى صبح	ShamAY	22860	0.55999
		العقود الدرية في تنقيح الفتاوى الحامدية	ابن عابدين، محمد أمين بن عمر بن عبد العزيز عابدين الدمشقي الحنفي (المتوفى: 1252هـ)	ShamAY	21687	0.55998
		معالم الدين في فقه آل ياسين - الجزء1	شمس الدين محمد القطان الحلي	Masaha	1127	0.55998
		الأذكار النووية أو «حلية الأبرار وشعار الأخيار في تلخيص الدعوات والأذكار المستحبة في الليل والنهار»	أبو زكريا محيي الدين يحيى بن شرف النووي (المتوفى: 676هـ)	ShamAY	31844	0.55992
		حاشية الإرشاد - الجزء1	الشهيد الثاني	Masaha	1153	0.55992
		الغاية القصوى في التعليق على العروة الوثقى - كتاب الصوم	السيد تقي الطباطبائي القمي	Masaha	5054	0.55991
		 الرحلة السرية للعقيد الروسي 	 عبد العزيز دولتشين 	ABLibrary	9095	0.55989
		التّوحيد	أبي جعفر محمّد بن علي بن الحسين بن بابويه القمّي [ الشيخ الصدوق ]	Rafed	411	0.55989
		تفسير وبيان لأعظم سورة في القرآن	محمد جميل زينو	ShamAY	33106	0.55986
		أحكام الجنائز - مفهوم، واغتنام، ومواعظ، وآداب، وحقوق وصبر، واحتساب، وفضائل، وأحكام في ضوء الكتاب والسنة	د. سعيد بن على بن وهف القحطاني	ShamelaY19	96453	0.55984
		الانتصار لكتاب العزيز الجبار ولأصحاب محمد صلى الله عليه وسلم الأخيار رضي الله عنهم على أعدائهم الأشرار	ربيع بن هادي المدخلي	ShamAY	33026	0.55983
		صحيفه امام هادي نقي / صحيفه نقويه / الصحيفه النقويه ( عليه السلام )	جواد قيومي اصفهاني	Ghbook	4035	0.55983
		شرح القواعد المثلى - عبد الرحيم السلمي	عبد الرحيم بن صمايل العلياني السلمي	ShamAY	800	0.55982
		علم اللغة	علي عبد الواحد وافي - رحمه الله -	Sham19Y	11490	0.55981
		العِلمانيَّة - نشأتهَا وتطوّرهَا وآثارُهَا في الحيَاة الإسلاميَّة المُعَاصِرَة	سفر بن عبد الرحمن الحوالي	ShamAY	1966	0.5598
		مجموع حول عبد الله بن سبأ	مجموعة من المؤلفين	ShamAY	35701	0.5598
		دروس الشيخ أحمد حطيبة	الشيخ الطبيب أحمد حطيبة	ShamelaY19	36990	0.55979
		 الدر المختار 	 الحصفكي 	ABLibrary	908	0.55979
		 مدارك تحرير الوسيلة ( الصلاة ) 	 الشيخ مرتضى بني فضل 	ABLibrary	9499	0.55979
		كتابة القرآن الكريم في العهد المكي		ShamAY	36857	0.55978
		شرح كتاب الحج من شرح بلوغ المرام	الواحدي :: ابن باز	ShamAY	36502	0.55978
		انحرافات القبوريين ... الداء الدواء	د. عبد العزيز بن محمد آل عبد اللطيف	ShamAY	35394	0.55975
		اعلام الهدايه (الامام علي بن محمد الهادي عليه السلام)	مجمع جهاني اهل بيت عليهم السلام	Ghbook	4021	0.55975
		جهود علماء الأزهر في بيان حقيقة دين الشيعة ((وقد نشر جزء منه بمجلة البيان تحت عنوان الأزهر والشيعة الوجه الآخر شقاق لا وفاق))	شحاتة محمد صقر	ShamAY	570	0.55974
		الموسوعة الفقهية الميسرة في فقه الكتاب والسنة المطهرة	حسين بن عودة العوايشة	ShamelaY19	35096	0.55972
		 نزهة الأذهان في إصلاح الأبدان 	 الشيخ داود الأنطاكي 	ABLibrary	9959	0.55971
		أعلام المهندسين فى الإسلام	أحمد بن إسماعيل بن محمد تيمور (المتوفى: 1348هـ)	ShamAY	34656	0.55969
		الأم للشافعي	الشافعي أبو عبد الله محمد بن إدريس بن العباس بن عثمان بن شافع بن عبد المطلب بن عبد مناف المطلبي القرشي المكي (المتوفى: 204هـ)	ShamAY	1655	0.55968
		أهل البيت(ع) في الحياة الإسلامية	السيد محمد باقر الحكيم	Masaha	92	0.55968
		السنة كلها تشريع - موسى شاهين لاشين	موسى شاهين لاشين (المتوفى: 1430هـ)	ShamAY	574	0.55966
		غاية المرام في شرح شرائع الإسلام [ج ٢]	الشيخ مفلح الصّيمري البحراني	Rafed	1491	0.55964
		إعلام الورى بأعلام الهدى [ج ١]	الشيخ أبي علي الفضل بن الحسن الطبرسي	Rafed	106	0.55963
		رسالة إلى نصارى مصر		ShamAY	35364	0.55962
		خزانة التّواريخ النجديّة [ج ٤]	عبد الله بن عبد الرحمن بن صالح آل بسام	Rafed	2166	0.55962
		الأديان الوضعية - جامعة المدينة	مناهج جامعة المدينة العالمية	ShamAY	1654	0.55961
		التنبيه على الألفاظ التي وقع في نقلها وضبطها تصحيف وخطأ في تفسيرها ومعانيها وتحريف في كتاب الغريبين عن أبي عبيد أحمد بن محمد المؤدب الهروي	محمد بن ناصر بن محمد بن علي، أبو الفضل السلامي (المتوفى: 550ه)	ShamelaY19	38160	0.55961
		عقلاء المجانين لابن حبيب النيسابوري	أبو القاسم الحسن بن محمد بن حبيب النيسابوري (المتوفى: 406هـ)	ShamAY	1593	0.5596
		 بقاء النفس بعد فناء الجسد ( شرح أبى عبد الله الزنجانى ) 	 خواجه نصير الدين الطوسي 	ABLibrary	8369	0.5596
		الإيجاز في شرح سنن أبي داود السجستاني رحمه الله تعالى	أبو زكريا محيي الدين يحيى بن شرف النووي (المتوفى: 676هـ)	ShamAY	31678	0.55959
		ذيل طبقات الحنابلة	زين الدين عبد الرحمن بن أحمد بن رجب بن الحسن، السلامي، البغدادي، ثم الدمشقي، الحنبلي (المتوفى: 795ه)	ShamelaY19	31366	0.55957
		أساس البلاغة	ابو القاسم محمود بن عمر الزمخشري	Masaha	2314	0.55957
		النظرية النقدية والبلاغية في كتاب "منهاج البلغاء" للقرطاجني	فخر الدين سماعيلوفيتش	ShamAY	34508	0.55956
		العهد والميثاق في القرآن الكريم	ناصر العمر	ShamAY	36998	0.55956
		غزوة مؤتة والسرايا والبعوث النبوية الشمالية	بريك بن محمد بريك أبو مايلة العمري	Sham19Y	11323	0.55956
		الفساد في عالمنا العربي الإسلامي	مؤسسة الرواد لشؤون المجتمع المسلم القادم	ShamAY	37724	0.55954
		جهود علماء المسلمين في نقد الكتاب المقدس من القرن الثامن الهجري إلى العصر الحاضر "عرض ونقد"	رمضان مصطفى الدسوقى حسنين (المتوفى: 1433هـ)	ShamAY	31698	0.55954
		 إيضاح ترددات الشرائع 	 نجم الدين جعفر الحلي 	ABLibrary	9329	0.55954
		مبتدعون يتاجرون بالبدعه	لجنة البحوث و الدراسات بالطريقة العزمية	Ghbook	7699	0.55952
		شرح قواعد الأصول ومعاقد الفصول	أبو عبد الله، أحمد بن عمر بن مساعد الحازمي	ShamelaY19	36103	0.5595
		الطريق الي الغيب	آيت الله العظمي سيد محمد حسيني شيرازي	Ghbook	7753	0.55947
		الأخبار الطوال - ط ليدن	الواحدي :: الدِّينَوري، أبو حنيفة	ShamAY	33842	0.55946
		المغرب في حلى المغرب [ج ٢]	علي بن موسى بن محمّد بن عبد الملك بن سعيد الغرناطي الأندلسي	Rafed	2304	0.55946
		الصحيفة الحسينية الجامعة	محمد باقر بن مرتضي موحد ابطحي اصفهاني	Ghbook	9859	0.55946
		شرح الأصول الثلاثة (للإمام المجدد محمد بن عبد الوهاب رحمه الله)	عبد الرحمن بن ناصر البراك	ShamAY	32360	0.55945
		 اخبار الاولياء ( رسالة صفي الدين بن ظافر ) 	 صفي الدين بن ظافر 	ABLibrary	8778	0.55945
		الصحيفة الحسنيه الجامعة	محمد باقر بن مرتضي موحد ابطحي اصفهاني	Ghbook	9858	0.55945
		شرح لمعة الاعتقاد للمحمود	عبد الرحمن بن صالح المحمود	ShamAY	7740	0.55944
		حاشية اللبدي على نيل المآرب	عبد الغني بن ياسين بن محمود بن ياسين بن طه بن أحمد اللبدي النابلسي الحنبلي (المتوفى: 1319ه)	ShamelaY19	97809	0.55943
		مجمع الفائدة والبرهان في شرح إرشاد الأذهان [ج ٥]	الشيخ أحمد بن محمّد الأردبيلي [ المقدّس الأردبيلي ]	Rafed	1899	0.55942
		مدخل إلى مشروع «آثار الشيخ العلامة محمد الأمين الشنقيطي» (وهو فاتحة التقديم ل «أضواء البيان» ضمن «آثار الشيخ الشنقيطي»)	بكر أبو زيد - علي العمران - خالد السبت	ShamelaY19	20766	0.55941
		دعوة الهدى إلى الورع في الأفعال والفتوى	الشيخ محمد جواد البلاغي	Masaha	254	0.55941
		الطراز الأول والكناز لما عليه من لغة العرب المعول	السيد/ علي بن أحمد بن محمد معصوم الحسيني المعروف بـ ابن معصوم المدني ((ت 1120 هـ ق))	ShamAY	34694	0.55938
		تحفه الابرار في مناقب الائمه الاطهار عليهم السلام	طبري ، عمادالدين حسن بن علي ( صاحب "كامل بهائي" - قرن هفتم )	Ghbook	9221	0.55938
		جعفر ايها الصديق ...	كمال السيد	Ghbook	6244	0.55938
		كيف يجب علينا أن نفسر القرآن الكريم	أبو عبد الرحمن محمد ناصر الدين، بن الحاج نوح بن نجاتي بن آدم، الأشقودري الألباني (المتوفى: 1420هـ)	ShamAY	11362	0.55936
		الأثر الاجتماعي لتعلم القرآن الكريم على الفرد والمجتمع	عبد الله كمبيجو	ShamAY	36774	0.55936
		هدى الطالب إلى شرح المكاسب [ج ١]	السيّد محمّد جعفر الجزائري المروّج	Rafed	2998	0.55936
		الصحيفة الفاطميه الجامعة	محمد باقر بن مرتضي موحد ابطحي اصفهاني	Ghbook	9856	0.55936
		رساله في تحقيق معني البيع	فتح اللّٰه بن محمد جواد نمازي (شيخ الشريعه)	Ghbook	11271	0.55933
		 رحلة سبستياني 	 الأب جوزيبه دي سانتا ماريا الكرملي 	ABLibrary	9094	0.55932
		هدى الطالب إلى شرح المكاسب [ج ٤]	السيّد محمّد جعفر الجزائري المروّج	Rafed	3157	0.55931
		حديث المنزلة	السيّد علي الحسيني الميلاني	Rafed	182	0.5593
		خصائص الأئمة(ع)	الشريف الرضي	Masaha	4685	0.55929
		أين صلاة الفجر يا أمة الإسلام الاختبار الصعب	ندا أبو أحمد	ShamAY	35177	0.55927
		من أسماء الله الحسنى غافر غفور غفار مقاماتها ودلالاتها في القرآن الكريم	سعيد جمعة	ShamAY	35096	0.55926
		مسألة الإيمان دراسة تأصيلية	علي بن عبد العزيز بن علي الشبل	Sham19Y	1929	0.55926
		تاريخ الأدب الجغرافي العربي [ج ١]	اغناطيوس يوليانوفتش كراتشكوفسكي	Rafed	3064	0.55925
		العلاقة المثلى بين الدعاة ووسائل الإتصال الحديثة في ضوء الكتاب والسنة	د. سعيد بن علي بن وهف القحطاني	ShamelaY19	96470	0.55924
		أحمد إبراهيم بيك فقيه العصر ومجدد ثوب الفكر في مصر	د. محمد عثمان شبير	ShamAY	38605	0.55923
		نظام الطلاق في الشريعة الإسلامية الغراء	الشيخ جعفر السبحاني	Masaha	5087	0.55923
		نقد المنقول والمحك المميز بين المردود والمقبول - ط القادري	محمد بن أبي بكر أيوب الزرعي ابن القيم أبو عبد الله	ShamAY	34407	0.55922
		 مقتل الحسين ( ع ) 	 الموفق الخوارزمي 	ABLibrary	7775	0.55921
		أجيالنا بين الواقع والامل المنشود	محمد حسين يعقوب	ShamAY	35179	0.55919
		العصمة	السيد علي الحسيني الميلاني	Masaha	340	0.55915
		نزهة الأبصار في مناقب الأنصار لابن الفراء	القاضي أبو بكر عتيق بن الفراء الغساني الأندلسي (698 هـ)	ShamAY	33595	0.55913
		التبيان في بعض بدع القنوت في رمضان	سمير بن خليل المالكي	ShamAY	36550	0.55912
		 مصابيح الأحكام 	 السيد محمدمهدي بحر العلوم 	ABLibrary	9354	0.55911
		رسالة في منجزات المريض	الشيخ مرتضى الأنصاري	Masaha	1603	0.5591
		إشكالية الواقع والتحولات الجديدة في الرواية العربية	دريد يحيى الخواجة	ShamAY	34525	0.55907
		السجود على التربة الحسينية	الشيخ عبد الحسين الأميني النجفي	Masaha	295	0.55906
		مؤتمر النجف = الحجج القطعية لاتفاق الفرق الإسلامية	مقتطف من مذكرات علامة العراق وعماد هذا المؤتمر السيد عبد الله بن الحسين السويدي العباسي (ت 1174)	ShamAY	1172	0.55905
		مقالات في اللغة	مجموعة من المؤلفين	ShamAY	37173	0.55904
		من مجلة اللسان العربي	مجموعة من المؤلفين	ShamAY	37219	0.55904
		كشف الغمة في بيان المسائل التي اختلفت فيها فرق الأمة	أبو سيف خليل بن إبراهيم العبيدي العراقي	ShamAY	35576	0.55901
		تميز الصدق من المين في محاورة الرجلين	سليمان بن سحمان بن مصلح بن حمدان بن مصلح بن حمدان بن مسفر بن محمد بن مالك بن عامر الخثعمي , التبالي , العسيري , النجدي (المتوفى: 1349ه)	Sham19Y	6488	0.55901
		 موسوعة العتبات المقدسة 	 جعفر الخليلي 	ABLibrary	9250	0.55901
		أبراج الزجاج في سيرة الحجاج	عبد الرحمن بن سعيد بن علي بن وهف القحطاني (المتوفى: 1422ه)	Sham19Y	96451	0.559
		التعليقة على الاستبصار	السيد محمد باقر الميرداماد	Masaha	1255	0.55895
		فضل الصحابة وذم من عاداهم	عبد الله الجبرين	ShamAY	35626	0.55894
		العقيدة الواسطية: اعتقاد الفرقة الناجية المنصورة إلى قيام الساعة أهل السنة والجماعة	تقي الدين أبو العباس أحمد بن عبد الحليم بن عبد السلام بن عبد الله بن أبي القاسم بن محمد ابن تيمية الحراني الحنبلي الدمشقي (المتوفى: 728هـ)	ShamAY	22665	0.55893
		شرح نهج البلاغه شيرازي	آيت الله العظمي سيد محمد حسيني شيرازي	Ghbook	8377	0.55893
		عناية المسلمين باللغة العربية خدمة للقرآن الكريم - أحمد محمد الخراط	أ. د. أحمد بن محمد الخراط، أبو بلال	ShamAY	11310	0.5589
		شرحان على مراح الأرواح في علم الصرف	شمس الدين أحمد المعروف بديكنقوز أو دنقوز (المتوفى: 855ه)	ShamelaY19	23140	0.5589
		منهاج الصالحين ـ العبادات [ج ١]	فتاوى آية الله العظمى السيد علي الحسيني السيستاني	Rafed	153	0.55889
		شرح أبيات سيبويه [ج ٢]	أبي محمّد يوسف بن أبي سعيد السيرافي	Rafed	2244	0.55885
		البلاد الاسلاميه بين الحاجه و الاستعمار	آيت الله العظمي سيد محمد حسيني شيرازي	Ghbook	7902	0.55885
		الرسالة القشيرية	عبد الكريم بن هوازن بن عبد الملك القشيري (المتوفى: 465هـ)	ShamAY	9953	0.55884
		الدرجات الرفيعه في طبقات الشيعه	سيد عليخان بن احمد مدني شيرازي حسيني	Ghbook	7062	0.5588
		مقدمة أبي الليث السمرقندي	الواحدي :: أبو الليث السمرقندي	ShamAY	36180	0.55879
		حقيقة الاعتقاد بالإمام المهدي المنتظر	المحامي أحمد حسين يعقوب	Masaha	237	0.55879
		تأملات	مالك بن الحاج عمر بن الخضر بن نبي (المتوفى: 1393هـ)	ShamAY	1726	0.55878
		القرآن ونقض مطاعن الرهبان	د صلاح عبد الفتاح الخالدي	ShamAY	1431	0.55877
		شريعة الله يا ولدي	محمود محمد غريب: من علماء الأزهر الشريف والموجه الديني لشباب جامعة القاهرة	ShamAY	21527	0.55876
		شرح مختصر التحرير للفتوحي	أبو عبد الله، أحمد بن عمر بن مساعد الحازمي	ShamAY	547	0.55874
		الالفين	حسن بن يوسف بن مطهر علامه حلي	Ghbook	2381	0.55874
		كفاية الأصول [ج ٣]	الشيخ محمد كاظم الخراساني [ الآخوند ]	Rafed	2264	0.55873
		مناسك الحج	آيت الله العظمي سيد علي خامنه اي	Ghbook	10940	0.55871
		عيد الأم ... هل نحتفل؟	شحاتة محمد صقر	ShamelaY19	36163	0.55869
		البكاء في الكتاب والسنة، بحث مقدم للحصول على التفرغ العلمي	رقية بنت محمد المحارب	Sham19Y	7862	0.55866
		عمده المطالب في التعليق علي المكاسب	آيت الله العظمي سيد تقي طباطبايي قمي	Ghbook	9662	0.55866
		صور من الصوفية	أبو العزايم جاد الكريم بكير	ShamAY	35387	0.55865
		ديوان أبي نواس	أبو نواس الحسن بن هاني الحكمي المتوفى سنة 338هـ	ShamAY	37825	0.55864
		العقائد الاسلامية [ج ٤]	مركز المصطفى للدراسات الإسلامية	Rafed	88	0.55863
		السِّيُوفُ البَواتِرُ لِمَنْ يُقَدِّمُ صَلَاةَ الصُّبْحِ عَلَى الفَجْرِ الآخِرِ	عبد الله بن عمر بن أبي بكر بن يحيى العلوي الحضرمي الشافعي (المتوفى: 1265هـ)	ShamAY	1269	0.55862
		تفسير سورة الفاتحة لابن رجب	أبو الفرج عبد الرحمن بن أحمد بن رجب الدمشقي الحنبلي (المتوفى: 795 ه)	ShamelaY19	29574	0.55862
		ثلاث رسائل	الشيخ محمد الفاضل اللنكراني	Masaha	3622	0.55862
		 كتاب الأطباء القوصونيون 	 مجموعة مؤلفين 	ABLibrary	9968	0.55861
		التعليقة علي كتاب الكافي	محمد باقر بن محمد ميرداماد	Ghbook	15564	0.55861
		اللِّواء الرّكن مَحمُودْ شيْت خَطَّابْ المُجَاهِدُ الَّذِي يَحمِلُ سَيْفَهُ في كُتُبِهِ	عبد الله بن محمود الطنطاوي	ShamAY	1130	0.55859
		ذيل طبقات الحنابلة	زين الدين عبد الرحمن بن أحمد بن رجب بن الحسن، السَلامي، البغدادي، ثم الدمشقي، الحنبلي (المتوفى: 795هـ)	ShamAY	31366	0.55859
		الشعائر الحسينية بين الافراط والتفريط	زهير قاسم عبد النبي التميمي	Ghbook	15253	0.55858
		أبو الفتح كشاجم وشعره في الغدير	الشيخ عبد الحسين الأميني النجفي	Masaha	27	0.55857
		قيام رمضان فضله وكيفية أدائه ومشروعية الجماعة فيه ومعه بحث قيم عن الاعتكاف	أبو عبد الرحمن محمد ناصر الدين، بن الحاج نوح بن نجاتي بن آدم، الأشقودري الألباني (المتوفى: 1420هـ)	ShamAY	11307	0.55856
		 منهاج الصالحين 	 السيد محمد سعيد الحكيم 	ABLibrary	9623	0.55854
		القناعة، مفهومها.. منافعها.. الطريق إليها	إبراهيم بن محمد الحقيل	ShamelaY19	31507	0.55853
		1000 سؤال وجواب في القرآن	قاسم عاشور	Sham19Y	38133	0.5585
		 حلية الأبرار في أحوال محمد وآله الأطهار ( ع ) 	 السيد هاشم البحراني 	ABLibrary	7485	0.55849
		فصول من تاريخ المدينة المنورة	علي حافظ	ShamAY	38420	0.55848
		موسوعة الامام المهدي عليه السلام المصلح	نجاح الطائي	Ghbook	16039	0.55847
		شرح حديث يتبع الميت ثلاث	ابن رجب الحنبلي	ShamAY	35968	0.55843
		الأسرة وقضايا الزواج	د. علي القائمي	Masaha	556	0.55842
		رحلة سبستياني‏  - الجزء1	جوزبة سباستيني	Masaha	4181	0.55841
		الجمعة أحكام وآداب	أبو أنس ماجد إسلام البنكاني :: ماجد البنكاني	ShamAY	36671	0.5584
		فتاوى ومسائل (مطبوع ضمن مؤلفات الشيخ محمد بن عبد الوهاب، الجزء الرابع)	محمد بن عبد الوهاب بن سليمان التميمي النجدي (المتوفى: 1206هـ)	ShamAY	11324	0.55839
		دراسات فقهية في مسائل خلافية	الشيخ نجم الدين الطبسي	Masaha	5102	0.55839
		شرح رسالة شيخ الإسلام محمد بن عبد الوهاب في شروط الصلاة وأركانها وواجباتها	عبد العزيز بن عبد الله بن باز (المتوفى: 1420هـ)	ShamAY	641	0.55837
		شرح القصائد السبع الطوال الجاهليات	أبو بكر محمد بن القاسم بن بشار الأنباري (ت 328ه)	ShamelaY19	124335	0.55837
		كيفية دعوة أهل الكتاب إلى الله تعالى في ضوء الكتاب والسنة	د. سعيد بن علي بن وهف القحطاني	Sham19Y	96518	0.55836
		 الموجز في تاريخ الطب والصيدلة عند العرب 	 محمد كامل حسين 	ABLibrary	9988	0.55836
		فقه الحرب النفسية في ضوء سورة الأنفال	أحمد قطران	ShamAY	36999	0.55834
		أين سنة الرسول؟!	المحامي أحمد حسين يعقوب	Masaha	140	0.55834
		الشورى في الإمامة	السيّد علي الحسيني الميلاني	Rafed	1176	0.55833
		التعليقة على كتاب سيبويه	الحسن بن أحمد بن عبد الغفار الفارسيّ الأصل، أبو علي (المتوفى: 377هـ)	ShamAY	31767	0.55831
		 المغني في أبواب التوحيد والعدل 	 القاضي عبد الجبار الهمذاني 	ABLibrary	8627	0.55831
		الاربعينات في القرآن و الحديث و التاريخ و الادب	محمود اكبرزاده الخراساني	Ghbook	13979	0.55831
		انوار البدرين في تراجم علماء القطيف و الاحساء و البحرين	علي بن حسن بلادي بحراني	Ghbook	7606	0.55826
		التوريث الدعوي	محمد بن حسن بن عقيل موسى الشريف	ShamelaY19	36504	0.55825
		دراسة في الفلسفة اليونانية والإسلامية	صالح الرقب	ShamAY	37703	0.55823
		المنتخب من وصايا الآباء للأبناء	وائل حافظ خلف	Sham19Y	12774	0.55823
		نزهة الأنام فى تاريخ الإسلام	صارم الدين إبراهيم بن محمد بن أيدمر العلائي القاهري الملقب بابن دقماق (المتوفى: 809 ه)	Sham19Y	16363	0.55823
		نظره عابره الي الصحاح السته	عبدالصمد شاكر	Ghbook	7725	0.55821
		تحفة المسؤول في شرح مختصر منتهى السول	أبو زكريا يحيى بن موسى الرهوني (المتوفى: 773 هـ)	ShamAY	38995	0.55819
		تاريخ ميورقة	أبي المطرّف أحمد بن عميرة المخزومي	Rafed	2541	0.55819
		الرد علي الفتوي (الوهابيه)	عبدالله احسائي	Ghbook	7551	0.55819
		 عمدة المطالب في التعليق على المكاسب 	 السيد تقي الطباطبائي القمي 	ABLibrary	9713	0.55817
		المسائل المنتخبة	آية الله العظمى السيد علي السيستاني	Rafed	181	0.55817
		التفسير اللغوي للقرآن الكريم	د مساعد بن سليمان بن ناصر الطيار	ShamAY	31794	0.55816
		قيام رمضان فضله وكيفية أدائه ومشروعية الجماعة فيه ومعه بحث قيم عن الاعتكاف	أبو عبد الرحمن محمد ناصر الدين، بن الحاج نوح بن نجاتي بن آدم، الأشقودري الألباني (المتوفى: 1420ه)	Sham19Y	11307	0.55816
		إثبات الأحكام النحوية بالأحاديث النبوية	الدكتور حسن محمود هنداوي	ShamAY	37078	0.55812
		الحيدة والاعتذار في الرد على من قال بخلق القرآن	أبو الحسن عبد العزيز بن يحيى بن مسلم بن ميمون الكناني المكي (المتوفى: 240هـ)	ShamAY	7610	0.55806
		الإمام محمد بن عبد الوهاب دعوته وسيرته	عبد العزيز بن عبد الله بن باز (المتوفى: 1420هـ)	ShamAY	30914	0.55805
		الفوائد العجيبة في إعراب الكلمات الغريبة	ابن عابدين، محمد أمين بن عمر بن عبد العزيز عابدين الدمشقي الحنفي (المتوفى: 1252هـ)	ShamAY	7000	0.55804
		هَذَا نَبِيُّكَ يَا وَلَدِي	محمود محمد غريب: من علماء الأزهر الشريف والموجه الديني لشباب جامعة القاهرة	ShamAY	184	0.55801
		حاشية فرائد الأصول	الشيخ آقا رضا الهمداني	Rafed	3717	0.55801
		العروة الوثقى [ج ٢]	آية الله السيّد محمّد كاظم الطباطبائي اليزدي	Rafed	675	0.55801
		الي المجاهدين في العراق	آيت الله العظمي سيد محمد حسيني شيرازي	Ghbook	2324	0.55801
		أنوار الفقاهة (كتاب القضاء)	الشيخ حسن كاشف الغطاء	Masaha	913	0.55801
		غزوة فتح مكة في ضوء السنة المطهرة	عبد الرحمن بن سعيد بن علي بن وهف القحطاني (المتوفى: 1422ه)	ShamelaY19	96511	0.558
		المحجة في تقريرات الحجة  - الجزء1	الشيخ علي الصافي الگلپايگاني	Masaha	3559	0.558
		أسرار التكرار في القرآن - دار الإعتصام	محمود بن حمزة بن نصر الكرماني	ShamAY	36755	0.55799
		بيان فساد المعيار حوار مع حزبي متستر	ربيع بن هادي المدخلي	ShamAY	32998	0.55799
		 وفاء الوفاء بأخبار دار المصطفى ( ص ) 	 نورالدين علي بن أحمد السمهودي 	ABLibrary	7887	0.55799
		الامام المهدي عليه السلام من المهد الي الظهور	آيت الله سيد محمد كاظم قزويني	Ghbook	16300	0.55799
		كيف نفهم التوحيد	محمد بن أحمد باشميل (المتوفى: 1426هـ)	ShamAY	5023	0.55798
		 شمس العلوم ودواء كلام العرب من الكلوم 	 نشوان بن سعيد الحميري 	ABLibrary	9789	0.55797
		الأشباه والنظائر في النحو [ج ٢]	جلال الدين عبد الرحمن بن أبي بكر السيوطي	Rafed	2064	0.55797
		البراهين القاطعة [ج ٤]	محمّد جعفر الأسترآبادي	Rafed	720	0.55797
		الوهابيه دعاوي و ردود	نجم الدين طبسي	Ghbook	7597	0.55797
		بلون الغار... بلون الغدير	معروف عبد المجيد	Masaha	508	0.55797
		 مناقب آل محمد ( النعيم المقيم لعترة النبأ العظيم ) 	 عمر بن شجاع الموصلي 	ABLibrary	7787	0.55796
		القرائن الدلالية للمعنى في التعبير القرآني	عدوية الشرع	ShamAY	36996	0.55794
		حوار مع الذات	محمد بلقاسم خمار	ShamAY	37687	0.55794
		شرح مائة المعاني والبيان	أبو عبد الله، أحمد بن عمر بن مساعد الحازمي	Sham19Y	36098	0.55793
		رساله في ابعاد الفقه	آيت الله العظمي سيد محمد حسيني شيرازي	Ghbook	8161	0.5579
		فتاوى قاضيخان	فخر الدين حسن بن منصور الأوزجندي الفرغاني الحنفي المتوفى سنة 592	ShamAY	33176	0.55787
		غريب القرآن لابن قتيبة ت سعيد اللحام	أبو محمد عبد الله بن مسلم بن قتيبة الدينوري (المتوفى: 276هـ)	ShamAY	23621	0.55787
		اول حكومه اسلاميه في المدينه المنوره	آيت الله العظمي سيد محمد حسيني شيرازي	Ghbook	8026	0.55787
		شرح الأصول الثلاثة للشيخ البراك	عبد الرحمن بن ناصر البراك	ShamAY	35427	0.55785
		تعبير الرؤيا (مخطوط)	إبراهيم بن يحيى بن غنام، أبو طاهر الحراني المقدسي النميري الفقيه الحنبلي المُعَبِّر (المتوفى: نحو 779هـ)	ShamAY	10696	0.55783
		موسوعة مصطلحات علم المنطق عند العرب	فريد جبر - سميح دغيم - رفيق العجم - جيرار جهامي	ShamAY	34793	0.5578
		شرح المدائح النبوية	أبو هاشم صالح بن عواد بن صالح المغامسي	ShamelaY19	37737	0.55777
		كتاب الزكاة	آيت الله العظمي حسينعلي منتظري	Ghbook	9844	0.55776
		الجواب عن طعون في صحيح البخاري	حاتم العوني	ShamAY	37258	0.55773
		النسخ عند الفخر الرازي	محمود محمد محمد الحنطور	ShamAY	1189	0.55773
		 فضائل مصر المحروسة 	 ابن الكندي 	ABLibrary	9154	0.55773
		الاحكام الشرعية ثابتة لا تتغير	آيت الله العظمي لطف اللّه صافي گلپايگاني	Ghbook	9162	0.55773
		إثبات علو الله ومباينته لخلقه	حمود بن عبدالله بن حمود التويجري	ShamAY	35411	0.55772
		الإيضاح والتبيين لما وقع فيه الأكثرون من مشابهة المشركين	حمود بن عبد الله بن حمود بن عبد الرحمن التويجري (المتوفى: 1413هـ)	ShamAY	32261	0.55772
		شرح أصول السنة للإمام أحمد للشيخ عمر الحربي		ShamAY	35425	0.55771
		 الموجز في الطب 	 ابن النفيس 	ABLibrary	9942	0.55771
		مجمع الأفكار ومطرح الأنظار [ج ٢]	محمد علي الإسماعيل پور الشهرضائي	Rafed	3788	0.55771
		علي مفترق طريقين	آيت الله العظمي ناصرمكارم شيرازي	Ghbook	3291	0.55771
		مالك بن نبي وموقفه من القضايا الفكرية المعاصرة	حسن موسى العقبي	ShamAY	37709	0.5577
		اللؤلؤ في الأدب	محمد توفيق بن علي بن محمد البكري الصدّيقي (المتوفى: 1351هـ)	ShamAY	822	0.5577
		شذرات من كتب مفقودة في التاريخ	استخرجها وحققها الدكتور إحسان عباس (المتوفى: 1424هـ)	ShamAY	1023	0.5577
		أسماء الله وصفاته وموقف أهل السنه منها	محمد بن صالح بن محمد العثيمين (المتوفى: 1421هـ)	ShamAY	7503	0.55769
		فصول في الصيام والتراويح والزكاة	محمد بن صالح بن محمد العثيمين (المتوفى: 1421ه)	ShamelaY19	21818	0.55767
		أثر العبادات في حياة المسلم	عبد المحسن بن حمد بن عبد المحسن بن عبد الله بن حمد العباد البدر	Sham19Y	7481	0.55767
		مصادر الفقه الاسلامي و منابعه	آيت الله العظمي جعفر سبحاني	Ghbook	8998	0.55767
		 رحلة إلى عرب أهوار العراق 	 ويلفرد تسيجر 	ABLibrary	9086	0.55765
		الممتع في شرح المقنع ت ابن دهيش ط 3	ابن المُنجَى، أبو البركات	ShamAY	38960	0.55764
		فقه الإنكار باليد	ذياد بن سعد آل حمدان الغامدي	ShamAY	1977	0.55759
		 ذخيرة العقبى في شرح العروة الوثقى 	 الشيخ علي الصافي الگلبايگاني 	ABLibrary	9517	0.55759
		دليل الحاج والمعتمر وزائر مسجد الرسول صلى الله عليه وسلم	مجموعة من المؤلفين	ShamAY	9083	0.55758
		غزوة مؤتة والسرايا والبعوث النبوية الشمالية	بريك بن محمد بريك أبو مايلة العمري	ShamAY	11323	0.55755
		الموسوعة الميسرة في تراجم أئمة التفسير والإقراء والنحو واللغة «من القرن الأول إلى المعاصرين مع دراسة لعقائدهم وشيء من طرائفهم»	مجموعة من المؤلفين	ShamelaY19	130964	0.55755
		ضوء الشموع شرح المجموع في الفقه المالكي	محمد الأمير المالكي	ShamAY	38980	0.55754
		اللباب في تفسير الاستعاذة والبسملة وفاتحة الكتاب	سليمان بن إبراهيم بن عبد الله اللاحم	Sham19Y	14533	0.55752
		القواعد والأصول الجامعة والفروق والتقاسيم البديعة	عبد الرحمن بن ناصر السعدي	ShamAY	32029	0.55751
		شرح كتاب الصيام من عمدة الأحكام	الواحدي :: ابن باز	ShamAY	36503	0.55749
		شرح جزء من كتاب الطهارة من سنن النسائي للشيخ العباد	عبد المحسن العباد	ShamAY	35964	0.55748
		تتميم كتاب أصول الفقه للمظفر	الشيخ غلام رضا عرفانيان اليزدي	Masaha	2708	0.55747
		تتميم كتاب أصول الفقه للمظفر	الشيخ غلام رضا عرفانيان اليزدي	Masaha	3198	0.55747
		مواقف العلماء عبر العصور في الدعوة إلى الله تعالى	د. سعيد بن علي بن وهف القحطاني	ShamelaY19	96531	0.55746
		 شوارق الإلهام في شرح تجريد الكلام 	 عبد الرزاق اللاهيجي 	ABLibrary	8484	0.55745
		واستقرّ بي النّوى	السيّد محمّد بن حمود العمدي	Rafed	1197	0.55745
		نور التقوى وظلمات المعاصي في ضوء الكتاب والسنة	د. سعيد بن علي بن وهف القحطاني	Sham19Y	96537	0.55744
		للزهراء شذى الكلمات	المكتبة الادبية المختصة	Masaha	1745	0.55744
		فتاوى الحج	محمد بن صالح بن محمد العثيمين (المتوفى: 1421ه)	ShamelaY19	96334	0.55739
		قرة العين في صلاة الليل	ميثاق عباس الخفاجي الحلي	Ghbook	15729	0.55738
		تأملات في مماثلة المؤمن للنخلة	عبد الرزاق بن عبد المحسن البدر	ShamAY	10039	0.55737
		تقرير الاستناد في تفسير الاجتهاد	عبد الرحمن بن أبي بكر، جلال الدين السيوطي (المتوفى: 911هـ)	ShamAY	6344	0.55737
		التوابين - ط العلمية	عبد الله بن أحمد بن محمد بن قدامة المقدسي أبو محمد موفق الدين	ShamAY	33750	0.55737
		أخطاء المراة المتعلقة بالعقيدة	ندا أبو أحمد	ShamAY	35445	0.55736
		فتح الرحمن بكشف ما يلتبس في القرآن	زكريا بن محمد بن أحمد بن زكريا الأنصاري، زين الدين أبو يحيى السنيكي (المتوفى: 926هـ)	ShamAY	9086	0.55734
		الغرر السافر فيما يحتاج إليه المسافر	أبو عبد الله بدر الدين الزركشي	ShamAY	36508	0.55734
		الإقبال بالأعمال الحسنة فيما يعمل مرّة في السنة [ج ٣]	السيّد رضي الدين أبو القاسم علي بن موسى بن جعفر بن طاووس الحسني الحلّي [ السيّد بن طاووس ]	Rafed	1400	0.55733
		الإمام علي الهادي عليه السلام	الشيخ علي الكوراني العاملي	Rafed	1232	0.55732
		رحلة السيرافى	أبو زيد حسن بن يزيد السيرافي (المتوفى: بعد 330هـ)	ShamAY	11269	0.55731
		الطلب والإرادة	السيد روح الله الموسوي الخميني	Masaha	3462	0.55731
		الصّحاح [ج ٦]	إسماعيل بن حمّاد الجوهري	Rafed	2883	0.55728
		النسخ عند الفخر الرازي	محمود محمد محمد الحنطور	Sham19Y	38112	0.55727
		تذكرة الصوام بشيء من فضائل الصيام والقيام وما يتعلق بهما من أحكام	عبد الله بن صالح القصير	ShamAY	30926	0.55725
		 الديباج على مسلم 	 جلال الدين السيوطي 	ABLibrary	883	0.55725
		شبهات القرآنيين حول السنة النبوية	محمود محمد مزروعة	ShamAY	11241	0.55723
		قبس من نورالامام الحسين عليه السلام	حسن الشمري الحائري	Ghbook	12315	0.55723
		بحار الأنوار [ج ٤٢]	الشيخ محمّد باقر بن محمّد تقي المجلسي	Rafed	969	0.55718
		الاطر الشرعية والقانونية لثورة الامام الحسين عليه السلام	د.حكمت الرحمة	Ghbook	15243	0.55716
		محاكمات الخلفاء و اتباعهم	جواد جعفر خليلي	Ghbook	7701	0.55715
		 منهاج الصالحين 	 الميرزا جواد التبريزي 	ABLibrary	9495	0.55714
		بحار الأنوار [ج ٢٢]	الشيخ محمّد باقر بن محمّد تقي المجلسي	Rafed	891	0.55712
		أضواء وآراء؛ تعليقات على كتابنا بحوث في علم الأصول‏ - الجزء1	السيد محمود الهاشمي الشاهرودي	Masaha	2400	0.55711
		شرح نواقض الإسلام - السعد		ShamAY	35437	0.5571
		 نشر المحاسن اليمانية في خصائص اليمن ونسب القحطانية 	 ابن الديبع الشيباني الشافعي 	ABLibrary	9296	0.5571
		السلفيون وحوار هادئ مع الدكتور علي جمعة	شحاتة محمد صقر	ShamAY	1984	0.55709
		قبسات من حياة النبي صلي الله عليه و آله و اهل بيته عليهم السلام	حيدرعبدالكريم غدير	Ghbook	10935	0.55709
		أصناف المغرورين	أبو حامد محمد بن محمد الغزالي الطوسي (المتوفى: 505هـ)	ShamAY	9198	0.55706
		لسان الحكام في معرفة الأحكام	أحمد بن محمد بن محمد، أبو الوليد، لسان الدين ابن الشِّحْنَة الثقفي الحلبي الحلبي (المتوفى: 882هـ)	ShamAY	6179	0.55705
		مصادر التشريع عند الإمامية والسنة	السيد محمد الموسوي البجنوردي	Masaha	4320	0.55705
		نهاية المأمول في شرح كفاية الأصول [ج ٢]	الشيخ محمد علي الإجتهادي	Rafed	3773	0.55704
		المحيط في اللّغة [ج ١]	إسماعيل بن عبّاد [ كافي الكفاة ]	Rafed	2856	0.55704
		الوصائل إلى الرسائل [ج ٧]	آية الله السيد محمد الشيرازي	Rafed	3747	0.55702
		حقوق آل البيت عليهم السلام في الكتاب والسّنّة باتّفاق الأمّة	الشيخ محمّد حسين الحاج العاملي	Rafed	1763	0.55701
		فتح القدير [ج ٦]	محمد بن علي بن محمد الشوكاني	Rafed	3968	0.55698
		إيضاح المسالك إلى قواعد الإمام أبي عبد الله مالك	أحمد بن يحيى الونشريسي (المتوفى: 914 ه)	Sham19Y	133360	0.55697
		1000 سؤال وجواب في القرآن	قاسم عاشور	ShamAY	1194	0.55691
		جواهر الكلام [ج ٣٦]	الشيخ محمّد حسن النّجفي	Rafed	713	0.55691
		انوار الفقاهه - كتاب الزكاه	حسن بن جعفر بن خضر نجفي كاشف الغطاء	Ghbook	12069	0.55691
		الزكاه في الشريعه الاسلاميه الغراء	آيت الله العظمي جعفر سبحاني	Ghbook	9840	0.5569
		مناسك الحج	السيد أبو القاسم الموسوي الخوئي	Masaha	636	0.55687
		تسلية نفوس النساء والرجال عند فقد الأطفال	زين الدين عبد الرحمن بن أحمد بن رجب بن الحسن، السَلامي، البغدادي، ثم الدمشقي، الحنبلي (المتوفى: 795هـ)	ShamAY	1519	0.55685
		 المحيط في اللغة 	 الصاحب بن عباد 	ABLibrary	9776	0.55685
		الطهاره	آيت الله العظمي سيد محمد رضا گلپايگاني	Ghbook	10192	0.55685
		فلك القاموس	عبد القادر بن أحمد بن عبد القادر بن الناصر الكَوْكَبَاني الشافعي (المتوفى: 1207هـ)	ShamAY	7059	0.55684
		آكام النفائش بأداء الأذكار بلسان فارس	الإمام محمد عبد الحي اللكنوي (ت1304هـ)	ShamAY	36002	0.55684
		فضائل مصر المحروسة	أبو عمر محمد بن يوسف بن يعقوب الكندي المصري (المتوفى: بعد 355هـ)	ShamAY	405	0.55683
		شرح الرسائل - الجزء1	مصطفى الاعتمادي	Masaha	3991	0.55682
		الفقه على المذاهب الخمسة	الشيخ محمد جواد مغنية	Masaha	602	0.55682
		الاتجاهات العقلانية المعاصرة أصولها ومناهجها	ناصر بن عبد الكريم العلي العقل	ShamelaY19	37728	0.55679
		إرشادات للطبيب المسلم- ابن عثيمين	فضيلة الشيخ محمد بن صالح العثيمين	ShamAY	36125	0.55678
		المستشرقون والتراث	عبد العظيم محمود الديب (المتوفى: 1431هـ)	ShamAY	442	0.55678
		شرح طيبة النشر لابن الجزري	شمس الدين أبو الخير ابن الجزري، محمد بن محمد بن يوسف (المتوفى: 833ه)	ShamelaY19	29596	0.55675
		شرح مسند أبي حنيفة	علي بن (سلطان) محمد، أبو الحسن نور الدين الملا الهروي القاري (المتوفى: 1014هـ)	ShamAY	1504	0.55674
		مَسَائل أجَابَ عَنها الحَافظُ ابن حَجر العَسقَلاني	أبو الفضل أحمد بن علي بن محمد بن أحمد بن حجر العسقلاني (المتوفى: 852هـ)	ShamAY	1759	0.55674
		الامام الكاظم عليه السلام سيد بغداد و حاميها وشفيعها	علي كوراني	Ghbook	12354	0.55674
		فضائل القرآن الكريم - عبد الله الجار الله	عبد الله الجار الله	ShamAY	36881	0.55673
		الرحلة السرية للعقيد الروسي عبد العزيز دولتشين إلى الحجاز	عبد العزيز دولتشين	Rafed	2266	0.55673
		تفسير سورة الحجرات	فهد بن ناصر السليمان	ShamAY	33103	0.55672
		 فقه الحدود والتعزيرات 	 السيد عبد الكريم الموسوي الاردبيلي 	ABLibrary	9533	0.55672
		محاضرات في الأصول / تقريرات	الشيخ حسين علي‏ المنتظري	Masaha	4300	0.55672
		الوسيط في تفسير القرآن المجيد	أبو الحسن علي بن أحمد بن محمد بن علي الواحدي، النيسابوري، الشافعي (المتوفى: 468هـ)	ShamAY	21821	0.55671
		تاريخ مقام الامام المهدي (عج) في الحلة	احمد علي مجيد الحلي	Rafed	120	0.5567
		فاعتبروا يا اولي الابصار	آيت الله العظمي سيد محمد حسيني شيرازي	Ghbook	7770	0.5567
		واجبات العمال وحقوقهم في الشريعة الإسلامية مقارنة مع قانون العمل الفلسطيني	سمير العواودة	ShamAY	302	0.55669
		المطلق والمقيد	حمد بن حمدي الصاعدي	ShamAY	8556	0.55669
		 تاريخ ميورقه 	 أحمد بن عميرة المخزومي 	ABLibrary	9009	0.55669
		عمدة الأحكام الكبرى	عبد الغني بن عبد الواحد بن علي بن سرور المقدسي الجماعيلي الدمشقي الحنبلي، أبو محمد، تقي الدين (المتوفى: 600 ه)	Sham19Y	11194	0.55668
		الفقه المنسوب للإمام الرضا عليه السلام	الناشر: المؤتمر العالمي للامام الرضا عليه السلام	Rafed	245	0.55667
		مصابح الفقاهه - المكاسب المحرمه	آيت الله العظمي سيد ابوالقاسم خوئي	Ghbook	10202	0.55667
		النقد الأدبي ومدارسه الحديثة	ستانلي ادغار هايمن (Stanley Edgar Hyman) (المتوفى: 1390هـ)	ShamAY	1010	0.55666
		دراسة في تنبؤات نوستردامس	الناشر: مركز مكالمات وپژوهشهاى فلكى نجومى	Rafed	791	0.55664
		محاضرات في علوم الحديث	الدكتور ماهر ياسين الفحل	Sham19Y	1841	0.5566
		28 سؤالا في الدعوة السلفية	موقع روح الإسلام	ShamAY	33401	0.55658
		المُفصَّلُ في علوم الحديث	علي بن نايف الشحود	ShamAY	37295	0.55656
		أساس البلاغة	أبو القاسم محمود بن عمرو بن أحمد، الزمخشري جار الله (المتوفى: 538ه)	ShamelaY19	21568	0.55656
		تفسير سورة الفاتحة لابن رجب	أبو الفرج عبد الرحمن بن أحمد بن رجب الدمشقي الحنبلي (المتوفى: 795 ه)	Sham19Y	29574	0.55655
		 إبانة المختار في إرث الزوجة من ثمن العقار بعد الأخذ بالخيار 	 شيخ الشريعة الأصفهاني / الشيخ عبد الله المامقاني / الشيخ الصافي 	ABLibrary	9404	0.55655
		قصص الأنبياء(ع)	القطب الراوندي	Masaha	4650	0.55654
		عقيده المسلمين في المهدي ( عجل الله فرجه ) من موسوعه احاديث اميرالمومنين ( عليه ...	بنياد نهج البلاغه	Ghbook	6667	0.55652
		 مصباح المنهاج - كتاب الطهارة 	 السيد محمد سعيد الحكيم 	ABLibrary	9620	0.55651
		الوقف القرآني وأثره في الترجيح عند الحنفية	عزت شحاته كرار محمد	ShamAY	1205	0.5565
		شمس العلوم [ج ٣]	نشوان بن سعيد الحميري	Rafed	1377	0.55649
		الذبائح في مناسك الحج مصادرها ومصارفها	أحمد علي طه ريان	ShamAY	10373	0.55648
		 صراط النجاة ( تعليق الميرزا التبريزي ) 	 السيد الخوئي 	ABLibrary	9491	0.55647
		تفصيل الشريعة في شرح تحرير الوسيلة	محمد فاضل لنكراني	Ghbook	10136	0.55645
		تحقيق المأمول في ضبط قاعدة الأصول	الواحدي :: وليد السعيدان	ShamAY	37482	0.55644
		تقرير ميداني	محمد أحمد الراشد	ShamAY	33340	0.55643
		محمد ناصر الدين الألباني محدث العصر وناصر السنة	إبراهيم محمد العلي	ShamAY	38614	0.55642
		نحو بناء النفس و المجتمع	آيت الله العظمي سيد محمد حسيني شيرازي	Ghbook	8009	0.55641
		تأثر الدعوات الإصلاحية في أندونيسيا بدعوة الشيخ محمد بن عبد الوهاب (مطبوع ضمن بحوث ندوة دعوة الشيخ محمد بن عبد الوهاب)	نجيح عبد الله	ShamAY	11076	0.55638
		لسان الحكام في معرفة الأحكام	أحمد بن محمد بن محمد، أبو الوليد، لسان الدين ابن الشحنة الثقفي الحلبي الحلبي (المتوفى: 882ه)	Sham19Y	6179	0.55638
		الهجرة ومقدماتها	يحيى بن إبراهيم اليحيى	ShamAY	37437	0.55637
		أضواء وآراء [ج ١]	السيّد محمود الهاشمي الشاهرودي	Rafed	779	0.55636
		اسس القضاء و الشهادة	آيت الله العظمي ميرزا جواد تبريزي	Ghbook	10103	0.55635
		أصول البحث الأدبي ومصادره - جامعة المدينة	مناهج جامعة المدينة العالمية	ShamelaY19	30927	0.55633
		رعاية المصلحة والحكمة في تشريع نبي الرحمة (صلى الله عليه وسلم)	محمد طاهر حكيم	ShamAY	3898	0.55632
		محو الأمية التربوية	محمد أحمد إسماعيل المقدم	ShamelaY19	37000	0.55632
		شرح كتاب لمعة الاعتقاد الهادي إلى سبيل الرشاد	محمد حسن عبد الغفار	ShamelaY19	37673	0.55631
		أوراق الملتقى الثالث لجمعيات تحفيظ القرآن بالمملكة	مجموعة من المؤلفين	ShamAY	37013	0.5563
		أناشيد أبي مازن	مجموعة من المؤلفين	ShamAY	1677	0.55628
		تفصيل الكلام في مسألة الإعانة على الحرام	محمد شفيع العثماني	ShamAY	36191	0.55628
		تفسير سورة الفاتحة لابن رجب	أبو الفرج عبد الرحمن بن أحمد بن رجب الدمشقي الحنبلي (المتوفى: 795 هـ)	ShamAY	38900	0.55628
		الأنواء في مواسم العرب لابن قتيبة الدينوري	أبو محمد عبد الله بن مسلم بن قتيبة الدينوري (المتوفى: 276هـ)	ShamAY	9093	0.55627
		رحلة سبستياني	الأب جوزيبه دي سانتا ماريا الكرملي	Rafed	2382	0.55627
		 البراهين القاطعة في شرح تجريد العقائد الساطعة 	 محمد جعفر استر آبادى ( شريعتمدار ) 	ABLibrary	8368	0.55626
		غريب الحديث لابن الجوزي	جمال الدين أبو الفرج عبد الرحمن بن علي بن محمد الجوزي (المتوفى: 597هـ)	ShamAY	2911	0.55625
		مؤتمر النجف = الحجج القطعية لاتفاق الفرق الإسلامية	مقتطف من مذكرات علامة العراق وعماد هذا المؤتمر السيد عبد الله بن الحسين السويدي العباسي (ت 1174)	ShamelaY19	37757	0.55625
		العلامة البلاغي رجل العلم والجهاد	الشيخ محمد الحسون	Masaha	519	0.55625
		فضل أبي بكر الصديق رضي الله عنه	تقي الدين أبو العباس أحمد بن عبد الحليم بن عبد السلام بن عبد الله بن أبي القاسم بن محمد ابن تيمية الحراني الحنبلي الدمشقي (المتوفى: 728ه)	ShamelaY19	22808	0.55624
		شرح شافية ابن حاجب المشهور : بكمال	محمدالشهير بكمال الدين بن محمد الشهير بمعين الدين الفسوي	Ghbook	16288	0.55622
		تراثنا ـ العدد [ 19 ]	مؤسسة آل البيت عليهم السلام لإحياء التراث ـ قم	Rafed	2739	0.5562
		اللباب في تفسير الاستعاذة والبسملة وفاتحة الكتاب	سليمان بن إبراهيم بن عبد الله اللاحم	ShamAY	32132	0.55619
		الحيدة والاعتذار في الرد على من قال بخلق القرآن	أبو الحسن عبد العزيز بن يحيى بن مسلم بن ميمون الكناني المكي (المتوفى: 240ه)	Sham19Y	7610	0.55619
		 أحسن التقاسيم في معرفة الأقاليم 	 محمد بن أحمد المقدسي ( المشاري ) 	ABLibrary	8919	0.55619
		العصمه	المجمع العالمي لاهل البيت عليهم السلام	Ghbook	7577	0.55619
		الأم للشافعي - ط الوفاء	محمد بن إدريس الشافعي	ShamAY	34255	0.55617
		الملهوف على قتلى الطّفوف	السيّد رضي الدين أبو القاسم علي بن موسى بن جعفر بن طاووس الحسني الحلّي [ السيّد بن طاووس ]	Rafed	277	0.55614
		1000 سؤال وجواب في القرآن	قاسم عاشور	ShamelaY19	38133	0.55613
		الأمر بالمعروف والنهي عن المنكر في حياة النبي صلى الله عليه وسلم	طارق الطواري	ShamAY	36331	0.55612
		منتهى الأفكار / تقريرات - الجزء2	الشيخ محمد تقي المجلسي الأصفهاني	Masaha	4379	0.55611
		فقه العبادات على المذهب الحنبلي	الحاجة سعاد زرزور	Sham19Y	12899	0.5561
		 خزانة التواريخ النجدية 	 عبد الله بن عبد الرحمن آل بسام 	ABLibrary	9046	0.55607
		دروس في علم الأصول [ج ٢]	آية الله السيّد محمّد باقر الصدر	Rafed	626	0.55605
		النّحو الوافي [ج ٣]	عبّاس حسن	Rafed	2662	0.55603
		إجماع المحدثين على عدم اشتراط العلم بالسماع في الحديث المعنعن بين المتعاصرين	حاتم بن عارف بن ناصر الشريف العوني	ShamAY	16231	0.55602
		تفسير القرآن العظيم [ج ٢]	أبي الفداء اسماعيل بن عمر ابن كثير الدمشقي	Rafed	3408	0.55602
		علوم القرآن والتفسير بين التقليد والتجديد		ShamAY	36911	0.556
		علم اللغة	علي عبد الواحد وافي - رحمه الله -	ShamAY	11490	0.55598
		آرشيو دروس خارج فقه آيت الله شيخ هادي آل راضي 33-32	آيت الله شيخ هادي آل راضي	Ghbook	14493	0.55598
		رفع الحاجب عن مختصر ابن الحاجب	تاج الدين عبد الوهاب بن تقي الدين السبكي (المتوفى: 771هـ)	ShamAY	6338	0.55597
		فقه النوازل في العبادات	خالد بن علي بن محمد بن حمود بن علي المشيقح	ShamAY	945	0.55596
		التبيان في إعراب القرآن	أبو البقاء عبد الله بن الحسين بن عبد الله العكبري (المتوفى: 616هـ)	ShamAY	22928	0.55595
		من أعلام السلف	أحمد فريد	ShamelaY19	37370	0.55595
		الحج : موتمر عبادي - سياسي	آيت الله العظمي سيد روح الله موسوي الخميني	Ghbook	10551	0.55595
		ذخيره المعاد في شرح الارشاد (الحج)	ملا محمدباقر سبزواري	Ghbook	3508	0.55595
		ضمانات حقوق المرأة الزوجية	محمد يعقوب الدهلوي	ShamAY	11281	0.55594
		مكتبة الطالب (2) قرآن علي (عليه السلام) 	علي كوراني	Ghbook	15142	0.55594
		لا جديد في أحكام الصلاة	بكر بن عبد الله أبو زيد بن محمد بن عبد الله بن بكر بن عثمان بن يحيى بن غيهب بن محمد (المتوفى: 1429هـ)	ShamAY	206	0.55592
		حياة الشيخ محمد بن عبد الوهاب وحقيقة دعوته	سليمان بن عبد الرحمن الحقيل	ShamAY	11171	0.55591
		الإيضاح والتبيين لما وقع فيه الأكثرون من مشابهة المشركين	الواحدي :: التويجري، حمود بن عبد الله	ShamAY	36119	0.55588
		 المرتقى إلى الفقه الأرقى ( كتاب الزكاة ) 	 السيد محمد الروحاني 	ABLibrary	9469	0.55588
		نهاية الأفكار [ج ٤ - ١]	الشيخ محمد تقي البروجردي النجفي	Rafed	330	0.55585
		عون المعبود شرح سنن أبي داود (ط. المكبتة السلفية)	أبو الطيب محمد شمس الحق العظيم آبادي	ShamAY	33531	0.55584
		الدرالمنضود في احكام الحدود	آيت الله العظمي سيد محمد رضا گلپايگاني	Ghbook	10194	0.55584
		محو الأمية التربوية	محمد أحمد إسماعيل المقدم	ShamAY	373	0.55583
		أذكار الطهارة والصلاة	عبد الرزاق بن عبد المحسن البدر	ShamAY	7498	0.55583
		كتاب الطهاره	محمد فاضل لنكراني	Ghbook	9816	0.55583
		البدع وآثارها السيئة	عبد الكريم مراد	Sham19Y	8788	0.55581
		عاشورائيات : بحوث حول نهضة الامام حسين عليه السلام	علي رضوي	Ghbook	11885	0.55581
		عمدة الرعاية بتحشية شرح الوقاية	الإمام محمد عبد الحي اللكنوي (ت1304هـ)	ShamAY	33182	0.55579
		نماذج الأصول في شرح مقالات الأصول [ج ٤]	السيد عباس المدرّسي اليزدي	Rafed	3780	0.55579
		الشعراء الصعاليك في العصر الجاهلي	يوسف خليف	ShamAY	22828	0.55577
		الموسوعة الحديثية بين الواقع والمأمول	زهير الناصر	ShamAY	8574	0.55576
		دراسه في علامات الظهور ، الجزيره الخضراء	سيد جعفرمرتضي حسيني عاملي	Ghbook	4560	0.55575
		أسئلة حول الاعتكاف	الواحدي :: محمد المختار الشنقيطي	ShamAY	36541	0.55573
		مناسك الحج‌	الشيخ محمد إسحاق الفياض	Masaha	3645	0.55573
		نهاية الدّراية في شرح الكفاية [ج ٣]	الشيخ محمّد حسين الإصفهاني	Rafed	824	0.55572
		الروض الندي شرح كافي المبتدي - في فقه إمام السنة أحمد بن حنبل الشيباني رضي الله عنه	أحمد بن عبد الله بن أحمد البعلي (1108 - 1189 هـ)	ShamAY	32591	0.5557
		حياة الشيخ محمد بن عبد الوهاب وحقيقة دعوته	سليمان بن عبد الرحمن الحقيل	Sham19Y	11171	0.55566
		مدح السعي وذم البطالة	ابن كمال باشا (ت940هـ)	ShamAY	36171	0.55563
		تعريب تاريخ الأدب الجغرافي العربي - الجزء1	إيكناتي يوليانوويج كراشكوفسكي	Masaha	4340	0.55562
		الامام الحسن العسكري ( عليه السلام ) من المهد الي اللحد	محمد كاظم قزويني	Ghbook	6220	0.55561
		التوسط والاقتصاد	علوي السقاف	ShamelaY19	22891	0.5556
		مشاهداتي في المملكة العربية السعودية	أبو عبد الرحمن مقبل بن هادي بن مقبل بن قائدة (اسم رجل) الهمداني الوادعي (المتوفى: 1422ه)	ShamelaY19	96788	0.5556
		مسائل أجاب عنها الحافظ ابن حجر العسقلاني	أبو الفضل أحمد بن علي بن محمد بن أحمد بن حجر العسقلاني (المتوفى: 852ه)	ShamelaY19	96277	0.5556
		جواهر الاصول: تقرير ابحاث لاستاد روح الله الموسوي الامام الخميني قدس سره	محمد حسن لنگرودي	Ghbook	12045	0.55559
		رحلة ديلاوالية الي العراق	پيترو دلاواله	Ghbook	9521	0.55558
		منبر الجمعة أمانة ومسؤولية	عبد الله بن محمد بن عبد الله بن حميد	Sham19Y	31067	0.55557
		الصوم في الشريعه الاسلاميه الغراء	آيت الله العظمي جعفر سبحاني	Ghbook	9839	0.55557
		أصول المذهب الرافضي	د. ناصر بن عبد الله بن علي القفاري	ShamAY	35665	0.55556
		حديث رزية يوم الخميس في الصحيحين - دراسة نقدية تحليلة	أبو ذر عبد القادر بن مصطفى بن عبد الرزاق المحمدي	ShamAY	520	0.55554
		القضايا الكلية للاعتقاد في الكتاب والسنة	عبد الرحمن بن عبد الخالق اليوسف	ShamelaY19	30877	0.55554
		الصيام في الإسلام في ضوء الكتاب والسنة - مفهوم، وفضائل، وفوائد، وخصائص، وشروط، وأركان، ومسائل، وآداب، وحكم، وأحكام	د. سعيد بن علي بن وهف القحطاني	ShamelaY19	96467	0.55554
		لمعة الاعتقاد	أبو محمد موفق الدين عبد الله بن أحمد بن محمد بن قدامة الجماعيلي المقدسي ثم الدمشقي الحنبلي، الشهير بابن قدامة المقدسي (المتوفى: 620ه)	ShamelaY19	30855	0.55554
		ماذا تعرف عن الله؟	أبو ذر القلموني، عبد المنعم بن حسين بن حنفي بن حسن بن الشاهد	ShamAY	31965	0.55552
		رسالة في تحريم الغناء	الشيخ محمد رسول الكاشاني	Masaha	1560	0.55552
		دورة القواعد الفقهية	عبد السلام الحصين	ShamAY	37568	0.55549
		شرح كتاب فضل الاسلام - ابن باز	سماحة الشيخ ابن باز	ShamAY	35628	0.55549
		شرح كتاب لمعة الاعتقاد الهادي إلى سبيل الرشاد	محمد حسن عبد الغفار	ShamAY	713	0.55547
		مستدرك الوسائل [ج ٤]	الشيخ حسين النوري الطبرسي [ المحدّث النوري ]	Rafed	1137	0.5554
		30 وقفة في فن الدعوة	الواحدي :: عائض القرني	ShamAY	33402	0.55539
		إهداء للبرنامج من دار الركائز للنشر والتوزيع - دولة الكويت	د. عبد العزيز بن عدنان العيدان، د. أنس بن عادل اليتامى	ShamelaY19	147657	0.55539
		آيه التطهير رويه مبتكره	محمد فاضل لنكراني	Ghbook	2708	0.55537
		عداوة الشيطان للإنسان	الواحدي :: الشعراوي	ShamAY	34951	0.55536
		عمدة الأحكام الكبرى	عبد الغني بن عبد الواحد بن علي بن سرور المقدسي الجماعيلي الدمشقي الحنبلي، أبو محمد، تقي الدين (المتوفى: 600 هـ)	ShamAY	32373	0.55536
		فتح آفاق للعمل الجاد	فهد بن يحيى العماري	ShamAY	33453	0.55535
		السحر و الشعوذة في القنوات الفضائية وطرق و وسائل التصدي لتلك القنوات والتحصن من شرها.	المحامي الدكتور مسلم اليوسف	ShamAY	36131	0.55534
		 الفتاوى الجديدة 	 الشيخ ناصر مكارم الشيرازي 	ABLibrary	9687	0.55534
		 شرح فروع الكافي 	 محمد هادي المازندراني 	ABLibrary	9345	0.55534
		الانْتِصار لِكتَابِ العَزيز الْجبَّار ولأصحابِ مُحَمَّد - صلى الله عليه وسلم - الأَخْيار - رضي الله عنهم - على أعدائهم الأشرار	ربيع بن هادي المدخلي	ShamAY	35656	0.55532
		استقبال المسلمين لرمضان	عطية بن محمد سالم (المتوفى: 1420ه)	Sham19Y	12199	0.55529
		استدراك وتعقيب على الشيخ شعيب الأرنؤوط في تأويله بعض أحاديث الصفات	خالد بن عبد الرحمن بن حمد الشايع	ShamelaY19	122231	0.55528
		نظريّة النقد العربي رؤية قرآنيّة معاصرة	د. محمد حسين الصغير	Masaha	1754	0.55528
		أعلام من أرض النبوة		ShamAY	38436	0.55524
		 مع الركب الحسيني 	 مجموعة مؤلفين 	ABLibrary	7747	0.55523
		 موسوعة الإمام العسكري ( ع ) 	 الشيخ أبو القاسم الخزعلي 	ABLibrary	7850	0.55522
		معنى لا إله إلا الله - الزركشي	أبو عبد الله بدر الدين محمد بن عبد الله بن بهادر الزركشي الشافعي (المتوفى: 794هـ)	ShamAY	6495	0.55521
		شرح المدائح النبوية	أبو هاشم صالح بن عوّاد بن صالح المغامسي	ShamAY	760	0.55521
		التّعليقات	أبو علي حسين بن عبد الله بن سينا [ شيخ الرئيس ابن سينا ]	Rafed	1723	0.5552
		فصول المهمه في اصول الائمه ( عليهم السلام )	محمد بن حسن حر عاملي	Ghbook	9989	0.5552
		 المواقف ( شرح الجرجاني ) ( مع حاشيتي السيالكوتي والحلبي ) 	 الإيجي 	ABLibrary	8472	0.55519
		شرح القواعد الأربع	صالح بن فوزان بن عبد الله الفوزان	ShamAY	11252	0.55518
		كيفية دعوة أهل الكتاب إلى اللَّه تعالى في ضوء الكتاب والسنة	د. سعيد بن علي بن وهف القحطاني	ShamAY	1877	0.55518
		أقوال الوزير ابن هبيرة في التفسير ( جمعًا ودراسة )		ShamAY	36930	0.55518
		قوة العقيدة سبيل النصر في غزوة بدر الكبرى	محمد عبد المقصود جاب الله	ShamelaY19	23078	0.55517
		بنادر البحار : ملخص خمسة وعشرين الكتب بحار الانوار	علينقي فيض الاسلام اصفهاني	Ghbook	12047	0.55517
		الامام الحسين بن علي في الشعر العراقي الحديث	علي حسين يوسف	Ghbook	12302	0.55516
		نجاة العباد	محمد حسن بن باقر نجفي ( صاحب جواهر )	Ghbook	11910	0.55515
		نور التقوى وظلمات المعاصي في ضوء الكتاب والسُّنَّة	د. سعيد بن علي بن وهف القحطاني	ShamAY	1902	0.55514
		شبهات حول القرآن	محمد عمارة مصطفى عمارة	ShamAY	1414	0.55513
		نخبه النظار	محمد جواد فاضل لنكراني	Ghbook	12233	0.55512
		تفريج الكرب في معرفة لامية العرب	محمد بن قاسم بن محمد بن عبد الواحد، ابن زاكور الفاسي، أبو عبد الله (المتوفى: 1120هـ)	ShamAY	5410	0.55508
		نظرات في تاريخ المذاهب الإسلامية وأصول مذهب مالك	محمد بوخبزة	ShamAY	37593	0.55505
		منهج الإمام جمال الدين السُّرَّمَرِّي في تقرير العقيدة (مطبوع مع: تحقيق ودراسة كتابه «خصائص سيد العالمين وما له من المناقب العجائب على جميع الأنبياء عليهم السلام»)	خالد بن منصور المطلق	ShamAY	38832	0.55502
		ذكرى الشيعة في أحكام الشّريعة [ج ٢]	محمّد بن جمال الدّين مكّي العاملي الجزيني [ الشهيد الأول ]	Rafed	539	0.55502
		اهداف التربيه الاسلاميه	سيد حسن علي هاشمي	Ghbook	15039	0.55501
		الشرح الميسر لزاد المستقنع - كتاب الطهارة للحازمي	أبو عبد الله، أحمد بن عمر بن مساعد الحازمي	ShamelaY19	36123	0.55498
		من اسباب الفقر و الحرمان في العالم	آيت الله العظمي سيد محمد حسيني شيرازي	Ghbook	7786	0.55498
		 بحار الأنوار 	 العلامة المجلسي 	ABLibrary	793	0.55497
		الشفا بتعريف حقوق المصطفى - مذيلا بالحاشية المسماة مزيل الخفاء عن ألفاظ الشفاء	أبو الفضل القاضي عياض بن موسى اليحصبي (المتوفى: 544هـ)	ShamAY	1753	0.55496
		العمل الجماعى بين الإفراط والتفريط	الواحدي :: ياسر برهامي	ShamAY	33390	0.55495
		ضَعيفُ التَّرْغِيب وَالتَّرْهِيب	محمد ناصر الدّين الألباني	ShamAY	32121	0.55494
		اجوبه المسائل المالكيه ( الاسئله التي وجهها الاستاذ عبد المنعم المالكي الي المرج...	آيت الله العظمي سيد محمد حسيني شيرازي	Ghbook	2293	0.55494
		أثر العلماء في توعية المجتمعات الإسلامية	أ.د.عبد الله بن محمد بن أحمد الطيار	ShamAY	33332	0.55493
		مسند الإمام أحمد بن حنبل	أبو عبد الله أحمد بن محمد بن حنبل بن هلال بن أسد الشيباني (المتوفى: 241ه)	ShamelaY19	25794	0.55492
		إحقاق الحقّ وإزهاق الباطل [ج ١٨]	السيّد نور الله الحسيني المرعشي التستري	Rafed	2757	0.55491
		مكانه القرآن الكريم في المجتمع الاسلامي	آيت الله العظمي سيد محمد حسيني شيرازي	Ghbook	8011	0.55491
		مرويات غزوة بني المصطلق وهي غزوة المريسيع	إبراهيم بن إبراهيم قريبي	Sham19Y	11425	0.55486
		العراق.. ماضيه و مستقبله	آيت الله العظمي سيد محمد حسيني شيرازي	Ghbook	7763	0.55483
		نزهة الأنام فى تاريخ الإسلام	صارم الدين إبراهيم بن محمد بن أيدمر العلائي القاهري الملقب بابن دُقْماق (المتوفى: 809 هـ)	ShamAY	32327	0.55482
		اتباع اهل البيت عليهم السلام	علي آل محسن	Ghbook	11220	0.55481
		أصول البحث الأدبي ومصادره - جامعة المدينة	مناهج جامعة المدينة العالمية	ShamAY	1656	0.55477
		شمس العلوم [ج ٦]	نشوان بن سعيد الحميري	Rafed	1395	0.55476
		 شمس العلوم ودواء كلام العرب من الكلوم 	 نشوان بن سعيد الحميري 	ABLibrary	9792	0.55474
		الخلاصة في حقوق النبي صلى الله عليه وسلم	الواحدي :: علي بن نايف الشحود	ShamAY	36082	0.55472
		الردود والنقود شرح مختصر ابن الحاجب	محمد بن محمود بن أحمد البابرتى الحنفي (ت 786 هـ)	ShamAY	32664	0.55471
		مصباح المنهاج	محمد سعيد طباطبائي حكيم	Ghbook	9609	0.55471
		التأويل - خطورته وآثاره	عمر بن سليمان بن عبد الله الأشقر العتيبي (المتوفى: 1433ه)	Sham19Y	12569	0.55468
		معنى لا إله إلا الله ومقتضاها وآثارها في الفرد والمجتمع	صالح بن فوزان بن عبد الله الفوزان	ShamAY	5056	0.55467
		آرشيو دروس خارج فقه آيت الله شيخ هادي آل راضي 35-34	آيت الله شيخ هادي آل راضي	Ghbook	14498	0.55467
		أنصار الحسين	محمّد مهدي شمس الدين	Rafed	1732	0.55462
		أخبار الحمقى والمغفلين	جمال الدين أبو الفرج عبد الرحمن بن علي بن محمد الجوزي (المتوفى: 597هـ)	ShamAY	11068	0.55461
		شرح العقيدة الواسطية للغنيمان	عبد الله بن محمد الغنيمان	ShamAY	3047	0.55461
		 الجبر والتفويض والقضاء والقدر 	 السيد مرتضى العسكري 	ABLibrary	8405	0.55461
		 الطب الملوكي 	 محمد بن زكريا الرازي 	ABLibrary	9833	0.5546
		حاشية فرائد الأصول [ج ٣]	آية الله الشيخ محمّد إبراهيم اليزدي النجفي	Rafed	3712	0.55459
		فاطمة الزهراء بهجة قلب المصطفى(ص)	أحمد الرحماني الهمداني‏	Masaha	2868	0.55458
		آيات يحتج بها الشيعة	عبد الرحمن محمد سعيد دمشقية	ShamAY	37795	0.55455
		دليل الحاج والمعتمر وزائر مسجد الرسول صلى الله عليه وسلم	مجموعة من المؤلفين	Sham19Y	9083	0.55455
		المنطق	الواحدي :: ابن سينا	ShamAY	35934	0.55454
		شرح القويسني على السلم المنورق للأخضري	أبو عبد الله، أحمد بن عمر بن مساعد الحازمي	ShamelaY19	36107	0.55454
		الأرض المقدسة في ضوء الكتاب والسنة	أبو الأشبال حسن الزهيري آل مندوه المنصوري المصري	ShamAY	872	0.5545
		مناهل الصلوه	سيد علي بن محمد طباطبائي ( صاحب رياض المسائل )	Ghbook	11913	0.5545
		الدعوات 	قطب الدين سعيد بن هبة الله راوندي	Ghbook	2405	0.5545
		تاريخ بغداد أو مدينة السّلام [ج ٢٢]	محبّ الدين أبي عبدالله محمّد بن محمود بن الحسن [ ابن النجّار البغدادي ]	Rafed	2983	0.55449
		منهج الشيعة في فضائل وصي خاتم الشريعة	السيد جلال الدين الحسيني	Masaha	445	0.55448
		الصارم المُنْكِي على عبدالرحمن مكي		ShamAY	35485	0.55446
		العراقيون و مواصله اليقظه	آيت الله العظمي حسيني	Ghbook	7994	0.55446
		الفقه: المرور	آيت الله العظمي سيد محمد حسيني شيرازي	Ghbook	7813	0.55446
		نهاية الحكمة	آية الله السيد محمد حسين الطباطبائي	Rafed	1642	0.55445
		الأمالي = شذور الأمالي = النوادر	أبو علي القالي، إسماعيل بن القاسم بن عيذون بن هارون بن عيسى بن محمد بن سلمان (المتوفى: 356هـ)	ShamAY	9160	0.55443
		قطعة من شرح الشيخ عبد العزيز الطريفي لبلوغ المرام فرغها بعض الأخوة جزاهم الله خيرا	عبد العزيز بن مرزوق الطّريفي	ShamAY	147	0.55442
		 القدس العثمانية في المذكرات الجوهرية 	 واصف جوهرية 	ABLibrary	9155	0.55442
		خمسون وصية ووصية لتكون خطيبا ناجحا	أمير بن محمد المدري	ShamAY	1958	0.55437
		منبر الجمعة أمانة ومسؤولية	عبد الله بن محمد بن عبد الله بن حميّد	ShamAY	31067	0.55436
		نصوص في علوم القرآن	جمعي از نويسندگان	Ghbook	9496	0.55436
		إيضاح تردّدات الشرائع [ج ١]	نجم الدين جعفر بن الزهدري الحلي	Rafed	1323	0.55433
		صفحات في علوم القراءات	د. أبو طاهر عبد القيوم عبد الغفور السندي	ShamAY	8639	0.55432
		الثمرات الجنية في شرح البيقونية	سعد السعدان	ShamAY	37338	0.55432
		قواعد الترجيح المتعلقة بالنص عند ابن عاشور في تفسيره التحرير والتنوير - دراسة تأصيلية تطبيقية	عبير بنت عبد الله النعيم	Sham19Y	20876	0.55431
		سراج القارئ المبتدي وتذكار المقرئ المنتهي (وهو شرح منظومة حرز الأماني ووجه التهاني للشاطبي)	أبو القاسم (أو أبو البقاء) علي بن عثمان بن محمد بن أحمد بن الحسن المعروف بابن القاصح العذري البغدادي ثم المصري الشافعي المقرئ (المتوفى: 801ه)	ShamelaY19	95577	0.55426
		البيان بالدليل لما في نصيحة الرفاعي والبوطي من الكذب الواضح	صالح الفوزان	ShamAY	35382	0.55425
		المسالك والممالك للإصطخري	إبراهيم بن محمد الإصطخري	Masaha	4655	0.55425
		غزوة فتح مكة في ضوء السنة المطهرة	عبد الرحمن بن سعيد بن علي بن وهف القحطاني (المتوفى: 1422هـ)	ShamAY	1863	0.55424
		الجمله العصبيه و الطب النفسي 	خالد فائق عبيدي	Ghbook	4841	0.5542
		كتاب العين [ج ٨]	الخليل بن أحمد الفراهيدي	Rafed	2844	0.55417
		ترتيب كتاب العين	خليل بن احمد فراهيدي	Ghbook	8517	0.55416
		مقتضب الأثر في النص على الأئمة الإثني عشر(ع)	أحمد بن محمد الجوهري‏	Masaha	3308	0.55416
		كتاب صفة الصلاة من شرح العمدة للإمام موفق الدين ابن قدامة	تقي الدين أبو العباس أحمد بن عبد الحليم بن عبد السلام بن عبد الله بن أبي القاسم بن محمد ابن تيمية الحراني الحنبلي الدمشقي (المتوفى: 728 هـ)	ShamAY	32295	0.5541
		 اللمع في التصوف 	 عبد الله بن علي السراج الطوسي 	ABLibrary	8700	0.5541
		نهاية الأحكام في معرفة الأحكام [ج ١]	الحسن بن يوسف بن علي المطّهر [ العلامة الحلّي ]	Rafed	517	0.5541
		تفسير العيّاشي‏  - الجزء1	محمد بن مسعود العياشى	Masaha	4648	0.5541
		الأحاديث والآثار التي تكلم عليها شيخ الإسلام ابن تيمية	وليد الحسين :: ابن تيمية	ShamAY	34377	0.55408
		شرح قواعد الأصول ومعاقد الفصول	أبو عبد الله، أحمد بن عمر بن مساعد الحازمي	ShamAY	534	0.55407
		تطريز رياض الصالحين	فيصل بن عبد العزيز بن فيصل ابن حمد المبارك الحريملي النجدي (المتوفى: 1376ه)	ShamelaY19	21543	0.55406
		سند العروة الوثقي (كتاب الصلاة)	محمد السند	Ghbook	15218	0.55402
		العروة الوثقى في الدين	الشيخ عباس بن حسن كاشف الغطاء	Masaha	1801	0.55401
		النجوم الزاهرة فى ملوك مصر والقاهرة	يوسف بن تغري بردي بن عبد الله الظاهري الحنفي، أبو المحاسن، جمال الدين (المتوفى: 874ه)	Sham19Y	11988	0.55398
		محاضرات في أصول الفقه [ج ٤٥]	آية الله الشيخ محمّد إسحاق الفيّاض	Rafed	930	0.55398
		من مسالك المعاصرين في تضييق الاحتجاج بالسنة النبوية	محمد رمضاني	ShamAY	37355	0.55397
		رسالة التوابع والزوابع	أبو عامر أحمد بن عبد الملك بن أحمد بن شُهيد الأشجعي الأندلسي (المتوفى: 426هـ)	ShamAY	12858	0.55397
		الفاخر	المفضل بن سلمة بن عاصم، أبو طالب (المتوفى: نحو 290هـ)	ShamAY	9236	0.55396
		بحار الأنوار [ج ٧١]	الشيخ محمّد باقر بن محمّد تقي المجلسي	Rafed	1084	0.55394
		الدروس السلفية لليالي الرمضانية	عمر عاتق الحربي	ShamAY	35062	0.5539
		الحياء في حياة المسلم	عبدالرحمن الجار الله :: عبد الرحمن الجار الله	ShamAY	35155	0.5539
		الحدود والتعزيرات والأيمان والكفارات	طارق الطواري	ShamAY	36576	0.55389
		الآثار السيئة للوضع في الحديث	عبد الله بن ناصر الشقاري	ShamAY	8710	0.55389
		مطالع الدقائق في تحرير الجوامع والفوارق	جمال الدين الإسنوي	ShamelaY19	147671	0.55389
		صفة النار في القرآن والسنة	علي بن نايف الشحود	ShamAY	34849	0.55388
		آداب العمرة وأحكامها - حطيبة	الشيخ الطبيب أحمد حطيبة	ShamelaY19	36970	0.55386
		فقه العبادات على المذهب الحنبلي	الحاجّة سعاد زرزور	ShamAY	12899	0.55384
		أسئلة وأجوبة في إعراب القرآن	عبد الله بن يوسف بن أحمد بن عبد الله ابن يوسف، أبو محمد، جمال الدين، ابن هشام (المتوفى: 761هـ)	ShamAY	7501	0.55381
		موجز التاريخ الإسلامي منذ عهد آدم عليه السلام (تاريخ ما قبل الإسلام) إلى عصرنا الحاضر 1417 هـ/96 - 97 م	أحمد معمور العسيري	ShamAY	814	0.55381
		آراؤنا في أصول الفقه‏ - الجزء1	السيد تقي الطباطبائي القمي	Masaha	2380	0.55378
		التجريد للقدوري	أحمد بن محمد بن أحمد بن جعفر بن حمدان أبو الحسين القدوري (المتوفى: 428 هـ)	ShamAY	32589	0.55374
		تمهيد الوسائل في شرح الرسائل‏ - الجزء1	الشيخ علي المروجي	Masaha	3309	0.55374
		التبيين عن مذاهب النحويين البصريين والكوفيين	أبو البقاء عبد الله بن الحسين بن عبد الله العكبري البغدادي محب الدين (المتوفى: 616هـ)	ShamAY	31791	0.55373
		التعليقات علي العروه الوثقي (الحج)	محمد فاضل لنكراني	Ghbook	3357	0.5537
		البهجة المرضية علي الفية إبن مالك (سيوطي)	جلال الدين عبدالرحمن بن ابي بكر سيوطي	Ghbook	15401	0.5537
		سراج القارئ المبتدي وتذكار المقرئ المنتهي (وهو شرح منظومة حرز الأماني ووجه التهاني للشاطبي)	أبو القاسم (أو أبو البقاء) علي بن عثمان بن محمد بن أحمد بن الحسن المعروف بابن القاصح العذري البغدادي ثم المصري الشافعي المقرئ (المتوفى: 801هـ)	ShamAY	1562	0.55367
		القول الفصل في قضية الهم بين يوسف وإمرأة العزيز		ShamAY	36874	0.55367
		موجز التاريخ الإسلامي منذ عهد آدم عليه السلام (تاريخ ما قبل الإسلام) إلى عصرنا الحاضر 1417 ه/96 - 97 م	أحمد معمور العسيري	ShamelaY19	73353	0.55367
		الأسئلة السنية على المنظومة البيقونية	أم الليث	ShamAY	37254	0.55365
		بلون الغار .. بلون الغدير	معروف عبد المجيد	Rafed	170	0.55363
		الاخلاق والعقيدة	حمود السلامه	ShamAY	35128	0.5536
		كتاب السير من التهذيب	محيي السنة، أبو محمد الحسين بن مسعود بن محمد بن الفراء البغوي الشافعي (المتوفى: 516هـ)	ShamAY	3637	0.55354
		التلخيصات لجل أحكام الزكاة	الواحدي :: عبد العزيز السلمان	ShamAY	36514	0.55354
		الإيضاح العضدي	أبو علي الفارسي (288 - 377 ه)	ShamelaY19	20961	0.55354
		شرح ابن عقيل	ابن عقيل	Masaha	3374	0.55354
		دعاوى المناوئين لشيخ الإسلام ابن تيمية - عرض ونقد	د. عبد الله بن صالح بن عبد العزيز الغصن	ShamAY	9585	0.55353
		الواجب الدعوي على حملة القرآن الكريم		ShamAY	36851	0.55353
		نظريّة النقد العربي رؤية قرآنيّة معاصرة	الدكتور محمد حسين علي الصّغير	Rafed	161	0.55353
		شبهات و ردود	سامي بدري	Ghbook	6664	0.55353
		الامام علي الهادي عليه السلام	علي كوراني	Ghbook	15137	0.55348
		آيات متشابهات الألفاظ في القرآن الكريم وكيف التمييز بينها	عبد المحسن بن حمد بن عبد المحسن بن عبد الله بن حمد العباد البدر	ShamAY	10901	0.55347
		رسالة في أسس العقيدة	محمد بن عودة السعوي	ShamelaY19	30834	0.55347
		كتاب الصلاه	محمد علي اراكي	Ghbook	10182	0.55347
		شرح القصائد السبع الطوال الجاهليات	أبو بكر محمد بن القاسم بن بشار الأنباري (ت 328هـ)	ShamAY	31947	0.55343
		اتخاذ القرآن الكريم أساسا لشؤون الحياة والحكم في المملكة	أ:د صالح بن غانم السدلان	ShamAY	33397	0.55342
		الحج - العلوان	الواحدي :: سليمان العلوان	ShamAY	36666	0.5534
		المعاني الكبير في أبيات المعاني	أبو محمد عبد الله بن مسلم بن قتيبة الدينوري (المتوفى: 276ه)	ShamelaY19	25837	0.55339
		شرح خيارات اللمعه	علي بن جعفر كاشف الغطاء	Ghbook	11911	0.55339
		نهايه التقرير في مباحث الصلاه	محمد فاضل لنكراني	Ghbook	10133	0.55339
		الامام موسي بن جعفر عليه السلام في بحار الانوار	سيد علي جمال أشرف	Ghbook	16503	0.55335
		من فتاوى الشيخ محمد الأمين الشنقيطي	الشنقيطي، محمد الأمين	ShamAY	37670	0.55334
		 المحصل 	 فخر الدين الرازي 	ABLibrary	8595	0.5533
		الخطب المنبرية (مطبوع ضمن مؤلفات الشيخ محمد بن عبد الوهاب، الجزء الثاني عشر)	محمد بن عبد الوهاب بن سليمان التميمي النجدي (المتوفى: 1206هـ)	ShamAY	7612	0.55327
		دراسة وتحقيق قاعدة «الأصل في العبادات المنع»	محمد بن حسين بن حسن الجيزاني	ShamAY	32100	0.55327
		أبو داوود حياته وسننه	محمد بن لطفي الصباغ	ShamAY	37358	0.55326
		جواهر الكلام [ج ٩]	الشيخ محمّد حسن النّجفي	Rafed	638	0.55326
		الطُّغيان السِّياسيّ وسُبُل تغييره من المنظور القرآني	عبد الرحمن اسبينداري	ShamAY	33440	0.55325
		التوابون	ابراهيم بيضون	Ghbook	5915	0.55325
		تخريج الدلالات السمعية على ما كان في عهد رسول الله من الحرف والصنائع والعمالات الشرعية	علي بن محمد بن أحمد بن موسى ابن مسعود، أبو الحسن ابن ذي الوزارتين، الخزاعي (المتوفى: 789هـ)	ShamAY	9790	0.55321
		البكاء في الكتاب والسنة، بحث مقدم للحصول على التفرغ العلمي	رقية بنت محمد المحارب	ShamAY	7862	0.55317
		حاشية المكاسب‌	الآخوند الشيخ محمد كاظم الخراساني	Masaha	3523	0.55317
		نهاية الرتبة الظريفة في طلب الحسبة الشريفة	عبد الرحمن بن نصر بن عبد الله، أبو النجيب، جلال الدين العدوي الشيزري الشافعي (المتوفى: نحو 590ه)	ShamelaY19	21584	0.55314
		من تواضع لله رفعه	عبد الملك بن محمد القاسم	ShamelaY19	95670	0.55312
		المستطاب في أسباب نجاح دعوة الإمام محمد بن عبد الوهاب رحمه الله	عبد الرحمن بن يوسف الرحمة	ShamAY	1886	0.55309
		فرق أهل السنّة	صالح الورداني	Rafed	1235	0.55306
		التبيان في أحكام الأذان	أحمد رجب آل حسان	ShamAY	36548	0.55305
		مفتاح الأصول [ج ٢]	آية الله الشيخ إسماعيل الصالحي المازندراني	Rafed	3809	0.55301
		دروس تمهيديّة في الفقه الإستدلالي [ج ٤]	الشيخ محمّد باقر الإيرواني	Rafed	681	0.55301
		منيه الراغب في شرح بلغه الطالب	حسن بن جعفر بن خضر نجفي كاشف الغطاء	Ghbook	12075	0.55299
		حياه ما بعد الموت	محمد حسين طباطبايي	Ghbook	12320	0.55299
		 ذخيرة العقبى في شرح العروة الوثقى 	 الشيخ علي الصافي الگلبايگاني 	ABLibrary	9521	0.55297
		قاعدة الاحتياط الفقهية وأثرها في الطهارة الشرعية	زبير الهوساوي	ShamAY	37603	0.55296
		التنكيل بما في تأنيب الكوثري من الأباطيل	عبد الرحمن بن يحيى بن علي بن محمد المعلمي العتمي اليماني (المتوفى: 1386هـ)	ShamAY	12767	0.55296
		الصارم البتار للإجهاز على من خالف الكتاب والسنة والإجماع والآثار	حمود بن عبد الله بن حمود بن عبد الرحمن التويجري (المتوفى: 1413ه)	Sham19Y	35155	0.55296
		أسئلة قادت شباب الشيعة إلى الحق (نسخة معدلة)	سليمان الخراشي	ShamAY	35669	0.55294
		الوجيز في حكم تجويد الكتاب العزيز	د. محمد بن سيدي محمد محمد الأمين	ShamelaY19	21557	0.55293
		 عمدة المطالب في التعليق على المكاسب 	 السيد تقي الطباطبائي القمي 	ABLibrary	9712	0.55293
		المدخل إلى دراسة المذاهب الفقهية	على جمعة محمد عبد الوهاب	Sham19Y	2771	0.55292
		فتح الأبواب	السيد علي بن موسى بن طاووس	Masaha	1034	0.55292
		المسح علي الارجل او غسلها في الوضوء	عبدالحسين شرف الدين	Ghbook	11121	0.5529
		صلاة العيدين في المصلى هي السنة	أبو عبد الرحمن محمد ناصر الدين، بن الحاج نوح بن نجاتي بن آدم، الأشقودري الألباني (المتوفى: 1420ه)	Sham19Y	11273	0.55289
		المنجد في أبواب الأجر وكفارات الخطايا	عبد الرحمن الجامع	ShamAY	35069	0.55288
		الموجز في مراجع التراجم والبلدان والمصنفات وتعريفات العلوم	محمود محمد الطناحي، أبو أروى (المتوفى: 1419هـ)	ShamAY	9847	0.55288
		مظاهر التعدي على النص الشرعي من قبل أتباع الفرق المبتدعة	عطا الله المعايطة	ShamAY	37606	0.55283
		المنتخب من وصايا الآباء للأبناء	وائل حافظ خلف	ShamAY	978	0.55283
		تحقيق القول في مسألة: عيسى كلمة الله والقرآن كلام الله	تقي الدين أبو العباس أحمد بن عبد الحليم بن عبد السلام بن عبد الله بن أبي القاسم بن محمد ابن تيمية الحراني الحنبلي الدمشقي (المتوفى: 728ه)	ShamelaY19	22667	0.55283
		كلمة التقوي	محمد امين زين الدين	Ghbook	10166	0.55279
		لواعج الاشجان في مقتل الحسين عليه السلام	السيد محسن الأمين	Masaha	2352	0.55278
		موجز البيان في زكاة الأطيان والبنيان	الواحدي :: عطية سالم	ShamAY	36369	0.55276
		مسند الإمام العسكري أبي محمد الحسن بن علي(ع)	عزيز الله عطاردي‏	Masaha	2478	0.55276
		وصولا الي حكومه اسلاميه واحده	آيت الله العظمي سيد محمد حسيني شيرازي	Ghbook	8124	0.55275
		حوارات في اصل العقيده	سعد حميد	Ghbook	11223	0.55275
		المعاني الكبير في أبيات المعاني	أبو محمد عبد الله بن مسلم بن قتيبة الدينوري (المتوفى: 276ه)	Sham19Y	25837	0.55274
		تجدد المسرات بالقسم بين الزوجات	حسن بن عمار بن علي الشرنبلالي المصري الحنفي (المتوفى: 1069ه)	ShamelaY19	96852	0.55271
		نماذج الأصول في شرح مقالات الأصول [ج ٣]	السيد عباس المدرّسي اليزدي	Rafed	3779	0.5527
		نظرية الإمامة عند الخوارج عرض و نقد	حسني محمد العطار	ShamAY	37793	0.55266
		الفروق على مذهب الإمام أحمد بن حنبل	معظم الدين أبو عبد الله السامري (المتوفى: 616 هـ)	ShamAY	38488	0.55262
		بحار الأنوار [ج ٤٥]	الشيخ محمّد باقر بن محمّد تقي المجلسي	Rafed	977	0.55262
		تصحيح الحديث عند الإمام ابن الصلاح - دراسة نقدية	حمزة عبد الله المليباري	ShamAY	4432	0.55261
		مرويات غزوة بني المصطلق وهي غزوة المريسيع	إبراهيم بن إبراهيم قريبي	ShamAY	11425	0.55261
		فضائل مصر المحروسة - ط الخانجي	عمر بن أبي عمر محمد بن يوسف بن يعقوب الكندي المصري (المتوفى: بعد 355هـ)	ShamAY	33805	0.55258
		تنظيم الاصول و تقريرات درس الاصول	محمد علي رضايي اصفهاني	Ghbook	14851	0.55258
		الأنس الجليل بتاريخ القدس والخليل [ج ١]	مجير الدين الحنبلي العليمي	Rafed	2088	0.55257
		إحقاق الحقّ وإزهاق الباطل [ج ٣]	السيّد نور الله الحسيني المرعشي التستري	Rafed	2707	0.55257
		بحث عن القرآن الكريم	-	ShamAY	1917	0.55256
		الحروف	الفارابي، أبو نصر	ShamAY	35931	0.55256
		 الدر المختار 	 الحصفكي 	ABLibrary	905	0.55256
		المدخل إلى دراسة المذاهب الفقهية	على جمعة محمد عبد الوهاب	ShamAY	2771	0.55255
		بداية الحكمة	آية الله السيد محمد حسين الطباطبائي	Rafed	1571	0.55251
		المقاصد عند الإمام الشاطبي دراسة أصولية فقهية	محمود فاعور	ShamAY	37535	0.5525
		النصيحة في صفات الرب جل وعلا	أحمد بن إبراهيم بن عبد الرحمن بن مسعود، عماد الدين الواسطي البغدادي ثم الدمشقيّ، المعروف: بابن شيخ الحزامين (المتوفى: 711هـ)	ShamAY	6487	0.55249
		فقه الإنكار باليد	ذياد بن سعد آل حمدان الغامدي	Sham19Y	1977	0.55249
		مَجْمَعُ الزَّوَائِدِ وَمَنْبَعُ الفَوَائِدِ	أبو الحسن نور الدين علي بن أبي بكر بن سليمان الهيثمي (المتوفى: 807هـ)	ShamAY	1970	0.55243
		توجيه اللمع	أحمد بن الحسين بن الخباز	Sham19Y	18273	0.55243
		آداب وضوابط المجتمع الإسلامي من خلال سورة الحجرات	الواحدي :: وسيم فتح الله	ShamAY	35027	0.55237
		أصول الفقه [ج ٩]	آية الله الشيخ حسين الحلّي	Rafed	988	0.55235
		مقدمات في التفسير الموضوعي للقرآن	آية الله السيّد محمّد باقر الصدر	Rafed	168	0.55232
		دروس تمهيديّة في الفقه الإستدلالي على المذهب الجعفري [ج ١]	الشيخ محمّد باقر الإيرواني	Rafed	2676	0.55229
		انوار الفقاهه - كتاب النكاح	حسن بن جعفر بن خضر نجفي كاشف الغطاء	Ghbook	12054	0.55229
		غيبة الامام المهدي عند الامام الصادق عليهما السلام	السيد ثامر هاشم العميدي	Rafed	100	0.55228
		الأحكام والْمَسائل الْمُتعلقة بِالْجُمعة	يحي الحجوري	ShamAY	36479	0.55227
		نظرية العلة عند المحدثين	رضا أحمد صمدي	ShamAY	35217	0.55225
		السيره المحمديه : دراسه تحليليه للسيره المحمديه علي ضوء الكتاب و السنه و التاريخ...	آيت الله العظمي جعفر سبحاني	Ghbook	5047	0.55222
		دراسات إسبانية للسيرة النبوية	محمد بن عبد القادر برادة	ShamAY	11182	0.55221
		حقيقه الشيعه الاثني عشريه	اسعد وحيد القاسم	Ghbook	15761	0.5522
		العقيدة	-	ShamelaY19	30873	0.55217
		الدراري المضية شرح الدرر البهية	محمد بن علي الشوكاني	ShamAY	34281	0.55216
		فصول في الصيام والتراويح والزكاة	محمد بن صالح بن محمد العثيمين (المتوفى: 1421ه)	Sham19Y	21818	0.55215
		الفتور	الواحدي :: ناصر العمر	ShamAY	35162	0.55214
		 موسوعة الفقه الإسلامي طبقا لمذهب أهل البيت ( ع ) 	 مؤسسة دائرة معارف الفقه الاسلامي 	ABLibrary	9658	0.55214
		تحقيق الأصول [ج ٢]	السيّد علي الحسيني الميلاني	Rafed	2388	0.55211
		تفسير القرآن العظيم [ج ٨]	أبي الفداء اسماعيل بن عمر ابن كثير الدمشقي	Rafed	3414	0.55211
		منتهى المقال في أحوال الرجال - الجزء1	ابو علي محمد بن اسماعيل الحائري	Masaha	930	0.55211
		شَرحُ مشكِل الوَسِيطِ	عثمان بن عبد الرحمن، أبو عمرو، تقي الدين المعروف بابن الصلاح (المتوفى: 643هـ)	ShamAY	31803	0.5521
		القرآن الكريم	٦٠٤ صفحة	Rafed	1597	0.5521
		شرح ملّا جامي [ج ١]	عبد الرحمن بن أحمد نور الدين الجامي	Rafed	2277	0.55209
		الدعوة إلى الله وأخلاق الدعاة	عبد العزيز بن عبد الله بن باز (المتوفى: 1420ه)	ShamelaY19	22565	0.55202
		التطبيقات الفقهية لقاعدة (لا مساغ للاجتهاد في مورد النص) في النكاح وفرقه، والعدد والنسب	خالد بوعبيد	ShamAY	37602	0.55201
		انقضاض الشهب السلفية على أوكار عدنان الخلفية	ربيع بن هادي المدخلي	ShamAY	33001	0.55197
		سليم الرازي وآراؤه الأصولية	إسماعيل السامرائي	ShamAY	37465	0.55195
		من فقه الائتلاف	الواحدي :: سلمان العودة	ShamAY	36529	0.55193
		تفسير نور الثقلين [ج ١]	الشيخ عبد علي بن جمعة العروسي الحويزي	Rafed	3049	0.55193
		كتاب من لا يحضره الفقيه [ج ٤]	أبي جعفر محمّد بن علي بن الحسين بن بابويه القمّي [ الشيخ الصدوق ]	Rafed	1432	0.55192
		 مجلة فقه أهل البيت ( ع ) 	 مجموعة مؤلفين 	ABLibrary	9746	0.55191
		الوجيز في حقوق الإولاد في الإسلام - ط2	علي بن نايف الشحود	ShamAY	34841	0.5519
		النخبة البهية في الأحاديث المكذوبة على خير البرية	محمد الأمير الكبير المالكي (المتوفى: 1228هـ)	ShamAY	6079	0.55188
		إقامة البراهين على حكم من استغاث بغير الله أو صدق الكهنة والعرافين	عبد العزيز بن عبد الله بن باز (المتوفى: 1420ه)	Sham19Y	572	0.55187
		فقدالاعتدال في نقدالرجال: دراسة تحليلية لشرطية عدالةالراوي عندالجمهور	محمد كروي	Ghbook	10926	0.55179
		تاملات في الخطاب الحسيني	محمد مهدي آصفي	Ghbook	5944	0.55176
		أجود الشروح في شرح معالم الدين في الأصول‏	محسن الدوزدوزاني التبريزي	Masaha	2376	0.55176
		حتى لا نخسر رمضان	مجدي الهلالي	ShamelaY19	36403	0.55172
		حقوق اليتامى كما جاءت في سورة النساء	سليمان بن إبراهيم بن عبد الله اللاحم	Sham19Y	14537	0.55171
		تظلم الزهراء من اهراق دماء آل العباء	رضي بن نبي قزويني	Ghbook	5950	0.55169
		النفلية	الشهيد الأول	Masaha	1077	0.55168
		العلاقات الدولية بين منهج الإسلام والمنهج الحضاري المعاصر	معالي الشيخ صالح بن عبد الرحمن الحصين	ShamAY	36188	0.55167
		موسوعة المذاهب الفكرية المعاصرة - الدرر السنية	مجموعة من المؤلفين	ShamAY	1526	0.55166
		إثبات صفة العلو - ابن قدامة	المقدسي، موفق الدين	Sham19Y	7268	0.55165
		السيوف البواتر لمن يقدم صلاة الصبح على الفجر الآخر	عبد الله بن عمر بن أبي بكر بن يحيى العلوي الحضرمي الشافعي (المتوفى: 1265ه)	ShamelaY19	38162	0.55163
		من لا يحضره الفقيه - الجزء1	الشيخ الصدوق	Masaha	539	0.55163
		تصوير الانفعالات النفسية في القرآن الكريم .. دراسة فنية		ShamAY	36971	0.55162
		انوار الفقاهة - كتاب البيع	آيت الله العظمي ناصرمكارم شيرازي	Ghbook	9586	0.55162
		أخبار مكة وما جاء فيها من الآثار  - الجزء1	محمد بن عبد الله الأزرقي	Masaha	4638	0.5516
		التعليق والشرح المفيد للحلقة الأولى‏ - الجزء1	السيد محمد علي الحسيني	Masaha	2423	0.55159
		يا صاحب الستين	علي بن سعيد بن دعجم	ShamAY	615	0.55158
		ميثاق حقوق الإنسان في الإسلام وما تضمنه من مبادئ وحريات	د. عطية عدلان	ShamAY	33494	0.55157
		احياء الشعائر	آيت الله العظمي سيد محمد حسيني شيرازي	Ghbook	2303	0.55157
		احياء عاشوراء	آيت الله العظمي حسيني	Ghbook	8036	0.55156
		الافتراض القرآني، دراسة في التعبير	عليّ حسين التميميّ	ShamAY	37236	0.55154
		بريق المواعظ المنبرية	أبو هاشم صالح بن عواد بن صالح المغامسي	ShamelaY19	37738	0.55152
		التوحيد عند مذهب أهل البيت(ع)	علاء الحسون	Masaha	204	0.55152
		الرهص والوقص لمُسْتَحِل الرقص	إبراهيم الحَلَبي	ShamAY	36052	0.55149
		انوار الفقاهه - كتاب التجاره، المكاسب المحرمه	آيت الله العظمي ناصرمكارم شيرازي	Ghbook	9585	0.55148
		أحكام صلاة المريض وطهارته	عبد العزيز بن عبد الله بن باز (المتوفى: 1420ه)	ShamelaY19	31249	0.55147
		جامع المقاصد في شرح القواعد [ج ٦]	الشيخ عليّ بن الحسين بن عبد العالي الكركي	Rafed	562	0.55147
		حكم الغناء	الواحدي :: عبد العزيز الطريفي	ShamAY	36339	0.55146
		 المغني في أبواب التوحيد والعدل 	 القاضي عبد الجبار الهمذاني 	ABLibrary	8621	0.55146
		نظرات في كتاب التصوير الفني في القرآن الكريم	ربيع بن هادي المدخلي	ShamAY	33042	0.55145
		البداية في توضيح الكفاية [ج ١]	علي العارفي الپشي	Rafed	3978	0.55144
		عمدة السالك وعدة الناسك	أحمد بن لؤلؤ بن عبد الله الرومي، أبو العباس، شهاب الدين ابن النقيب الشافعي (المتوفى: 769ه)	ShamelaY19	37344	0.55142
		غزوة فتح مكة في ضوء السنة المطهرة	عبد الرحمن بن سعيد بن علي بن وهف القحطاني (المتوفى: 1422ه)	Sham19Y	96511	0.55141
		المجالس الشجيه في سيره ام البنين التقيه	مهدي تاج الدين	Ghbook	16252	0.55135
		اختلاف الحديث (مطبوع ملحقا بالأم للشافعي)	الشافعي أبو عبد الله محمد بن إدريس بن العباس بن عثمان بن شافع بن عبد المطلب بن عبد مناف المطلبي القرشي المكي (المتوفى: 204هـ)	ShamAY	9348	0.55134
		رحلة ابن بطوطة (تحفة النظار في غرائب الأمصار وعجائب الأسفار)	محمد بن عبد الله بن محمد بن إبراهيم اللواتي الطنجي، أبو عبد الله، ابن بطوطة (المتوفى: 779هـ)	ShamAY	11769	0.55133
		 جامع الأفكار وناقد الأنظار 	 ملا محمد مهدي النراقي 	ABLibrary	8400	0.55133
		صلاة العيدين في المصلى هي السنة	أبو عبد الرحمن محمد ناصر الدين، بن الحاج نوح بن نجاتي بن آدم، الأشقودري الألباني (المتوفى: 1420هـ)	ShamAY	11273	0.55132
		مختصر طبقات المكلفين لابن القيم	عبد الله بن جار الله آل جار الله	ShamAY	34406	0.55131
		بحار الأنوار [ج ٨٣]	الشيخ محمّد باقر بن محمّد تقي المجلسي	Rafed	1143	0.55131
		 جواهر العقدين في فضل الشرفين 	 علي بن عبد الله السمهودي 	ABLibrary	7482	0.5513
		أعلام الهداية الإمام الحسين سيد الشهداء	المجمع العالمي لأهل البيت عليهم السلام	Rafed	1543	0.55129
		الموسوعة التاريخية - الدرر السنية	مجموعة من المؤلفين	ShamelaY19	95543	0.55126
		قراءات في الأدب والنقد	شجاع مسلم العاني	ShamAY	34481	0.55123
		الصورة الأدبية تاريخ ونقد	علي علي صبح	ShamelaY19	21102	0.55123
		الامام الحسين (عليه السلام) قدوه و اسوه	آيت الله العظمي سيد محمد تقي مدرسي	Ghbook	5909	0.55118
		بداية الحكمة	السيد محمد حسين الطباطبائي	Masaha	2340	0.55117
		ذكرياتي مع الطريقة القادرية	نزيه بن علي آل عرميطي	ShamAY	35396	0.55115
		مقدمة ابن الصلاح ومحاسن الاصطلاح	البلقيني، سراج الدين	ShamelaY19	29878	0.55115
		انوار الفقاهه - كتاب الميراث	حسن بن جعفر بن خضر نجفي كاشف الغطاء	Ghbook	12055	0.55115
		البيان في الأيمان والنذور والحظر والإباحة	الدكتور صلاح أبو الحاج	ShamAY	36378	0.55113
		إثبات صفة العلو - ابن قدامة	أبو محمد موفق الدين عبد الله بن أحمد بن محمد ، الشهير بابن قدامة المقدسي (المتوفى : 620هـ)	ShamAY	7268	0.55113
		النتف في الفتاوى للسغدي	أبو الحسن علي بن الحسين بن محمد السُّغْدي، حنفي (المتوفى: 461هـ)	ShamAY	6178	0.55112
		انتقاد عقدي ومنهجي لكتاب السراج الوهاج	ربيع بن هادي المدخلي	ShamAY	33038	0.55112
		التواصي و المواساه طريقا الاصلاح	آيت الله العظمي سيد محمد حسيني شيرازي	Ghbook	7815	0.55112
		المصالح المرسلة دراسة تحليلية ومناقشة فقهية وأصولية	محمود عبد الكريم حسن	ShamAY	37556	0.55109
		تعليقات الشيخ البراك على المخالفات العقدية في فتح الباري	عبد الرحمن بن ناصر البراك	ShamAY	32358	0.55108
		الأمة الإسلامية من التبعية إلى الريادة	محمد محمد بدري	ShamAY	33430	0.55107
		قواعد العلل وقرائن الترجيح	عادل بن عبد الشكور بن عباس الزرقي	ShamAY	9499	0.55107
		الزبد في الفقه الشافعي	شهاب الدين أبو العباس أحمد بن حسين بن حسن بن علي ابن رسلان الشافعي (المتوفى: 844ه)	ShamelaY19	22364	0.55106
		 إثارة الترغيب والتشويق ( ويليه زيارة بيت المقدس لابن تيمية ) 	 محمد بن اسحاق الخوارزمي 	ABLibrary	8947	0.55105
		جواهر الكلام [ج ٤٢]	الشيخ محمّد حسن النّجفي	Rafed	776	0.55105
		القيم التربوية في فكر الإمام الحسين عليه السلام	حاتم جاسم عزيز السعدي	Ghbook	15256	0.55102
		عناية المملكة العربية السعودية بالقرآن الكريم من خلال المدارس الخاصة بالقرآن الكريم والكليات الجامعية للقرآن وعلومه	الدكتور محمد بن سيدي محمد محمد الأمين	ShamAY	36891	0.551
		تحفة المودود بأحكام المولود	محمد بن أبي بكر بن أيوب بن سعد شمس الدين ابن قيم الجوزية (المتوفى: 751هـ)	ShamAY	6266	0.551
		الإسراء والمعراج	محمد الغزالي	ShamAY	37381	0.551
		التوضيح لشرح الجامع الصحيح	ابن الملقن سراج الدين أبو حفص عمر بن علي بن أحمد الشافعي المصري (المتوفى: 804ه)	Sham19Y	13252	0.55099
		المرضية في المباحث الفرضية	الواحدي :: صالح بن محمد الفوزان	ShamAY	36520	0.55098
		منار السبيل في شرح الدليل	ابن ضويان، إبراهيم بن محمد بن سالم (المتوفى: 1353هـ)	ShamAY	5463	0.55097
		جمال القراء وكمال الإقراء ت عبد الحق	علي بن محمد بن عبد الصمد الهمداني المصري الشافعي، أبو الحسن، علم الدين السخاوي (المتوفى: 643ه)	ShamelaY19	37653	0.55097
		نهج البيان عن كشف معاني القرآن [ج ٤]	محمّد بن الحسن الشيباني	Rafed	1638	0.55094
		مطالع الأنوار على صحاح الآثار	إبراهيم بن يوسف بن أدهم الوهراني الحمزي، أبو إسحاق ابن قرقول (المتوفى: 569هـ)	ShamAY	31713	0.55092
		التهجير جنايه العصر	آيت الله العظمي سيد محمد حسيني شيرازي	Ghbook	8135	0.55092
		الأخطاء المنهجية والتاريخية في مؤلفات أركون والجابري	الدكتور خالد كبير علال	ShamAY	37141	0.55089
		 درر الأخبار من بحار الأنوار 	 سيد مهدي حجازي 	ABLibrary	977	0.55088
		من الأحكام الفقهية في الطهارة والصلاة والجنائز	محمد بن صالح بن محمد العثيمين (المتوفى: 1421ه)	ShamelaY19	31271	0.55087
		النخبة البهية في الأحاديث المكذوبة على خير البرية	محمد الأمير الكبير المالكي (المتوفى: 1228ه)	Sham19Y	6079	0.55087
		فضل أبي بكر الصديق رضي الله عنه	تقي الدين أبو العَباس أحمد بن عبد الحليم بن عبد السلام بن عبد الله بن أبي القاسم بن محمد ابن تيمية الحراني الحنبلي الدمشقي (المتوفى: 728هـ)	ShamAY	22808	0.55085
		الإسلام والمذاهب الإشتراكية	أبو شكيب محمد تقي الدين بن عبد القادر الهلالي (المتوفى: 1407هـ)	ShamAY	8746	0.55085
		عمدة السالِك وَعدة النَّاسِك	أحمد بن لؤلؤ بن عبد الله الرومي، أبو العباس، شهاب الدين ابن النَّقِيب الشافعي (المتوفى: 769هـ)	ShamAY	619	0.55084
		موجز التاريخ الإسلامي منذ عهد آدم عليه السلام (تاريخ ما قبل الإسلام) إلى عصرنا الحاضر 1417 ه/96 - 97 م	أحمد معمور العسيري	Sham19Y	73353	0.55084
		الهجرة إلى الثقلين	محمد گوزل الآمدي	Masaha	477	0.55083
		المجالس السنيه في مناقب و مصائب العتره النبويه ( الامام الحسن عليه السلام )	محسن امين عاملي	Ghbook	6068	0.55081
		تذكرة المحتاج إلى أحاديث المنهاج (تخريج منهاج الأصول للبيضاوي)	ابن الملقن سراج الدين أبو حفص عمر بن علي بن أحمد الشافعي المصري (المتوفى: 804ه)	Sham19Y	9569	0.55078
		 الذريعة إلى حافظ الشريعة ( شرح أصول الكافي ) 	 رفيع الدين محمد بن محمد مؤمن الجيلاني 	ABLibrary	7914	0.55077
		تحرير الأحكام الشرعيّة على مذهب الإماميّة [ج ٥]	الحسن بن يوسف بن علي المطّهر [ العلامة الحلّي ]	Rafed	1930	0.55077
		 حوار بين الإلهيين والماديين 	 محمد الصادقي 	ABLibrary	8415	0.55076
		 المصابيح 	 الإمام أبو العباس الحسني 	ABLibrary	8601	0.55076
		النجوم الزاهرة فى ملوك مصر والقاهرة	يوسف بن تغري بردي بن عبد الله الظاهري الحنفي، أبو المحاسن، جمال الدين (المتوفى: 874هـ)	ShamAY	11988	0.55075
		آداب المشي إلى الصلاة ط الوزارة	محمد بن عبد الوهاب بن سليمان التميمي النجدي (المتوفى: 1206ه)	ShamelaY19	31246	0.55074
		عش مع الخلفاء والملوك (سيرة مختصرة)	الدكتور/ مرزوق بن هياس الزهراني	ShamelaY19	132443	0.55073
		معتمد الاصول	محمد فاضل لنكراني	Ghbook	7050	0.55071
		خصائص الائمه عليهم السلام : خصائص اميرالمومنين عليه السلام 	محمد بن الحسين شريف رضي ( سيد رضي )	Ghbook	2497	0.55069
		يا صاحب الستين	علي بن سعيد بن دعجم	ShamelaY19	37340	0.55068
		فضل المدينة وآداب سكناها وزيارتها	عبد المحسن بن حمد بن عبد المحسن بن عبد الله بن حمد العباد البدر	Sham19Y	11232	0.55065
		 السراج الوهاج فيما يتعلق بالتشخيص والعلاج 	 محمد بيك الشافعي الطبيب 	ABLibrary	9983	0.55064
		واستقر بي النوى	السيد محمد بن حمود العمدي	Masaha	479	0.55063
		أساس البلاغة	أبو القاسم محمود بن عمرو بن أحمد، الزمخشري جار الله (المتوفى: 538ه)	Sham19Y	21568	0.55062
		البحث الدلالي في التبيان في تفسير القرآن لأبي جعفر محمد بن الحسن الطوسي (ت 460 هـ)	ابتهال الزيدي	ShamAY	37094	0.5506
		 منافع النبات والثمار والبقول والفواكه والخضراوات والرياحين 	 ابن الوردي 	ABLibrary	9947	0.5506
		علاج الهموم	محمد صالح المنجد	ShamAY	34724	0.55059
		شرح زيارة عاشوراء	الشيخ أبي المعالي الكلباسي	Rafed	2221	0.55059
		تأريخ بيهق	فريد خراسان علي بن زيد البيهقي	Rafed	2199	0.55058
		الطرق الصوفية وانتشار البدع	أحمد عبد الكريم نجيب	ShamAY	35698	0.55057
		الخطاب القومي في الثقافة الجزائرية -دراسة	عمر بن قينة	ShamAY	37685	0.55056
		مباحث في علم القراءات مع بيان أصول رواية حفص	محمد عباس الباز	ShamelaY19	38039	0.55055
		شرح كتاب التدليس في الحديث للدميني - محمد حسن عبد الغفار	محمد حسن عبد الغفار	ShamelaY19	37690	0.55054
		البيوع القديمة والمعاصرة والبورصات المحلية والدولية	يوسف أحمد محمود السباتين	ShamAY	36547	0.55053
		أيلتقي النقيضان؟!	محمد مال الله	ShamAY	35282	0.55049
		رياض المسائل في تحقيق الأحكام بالدّلائل [ج ٤]	السيد علي بن السيد محمد علي الطباطبائي	Rafed	309	0.55048
		الأبنية الدالّة على اسم الفاعل في القرآن الكريم (دراسة دلالية)	أفراح الخياط	ShamAY	37092	0.55047
		الرشوة	عطية بن محمد سالم (المتوفى: 1420ه)	Sham19Y	10387	0.55047
		 التعليقة على العروة الوثقى ( المنتظري ) 	 السيد اليزدي 	ABLibrary	9402	0.55047
		الشعر في موقعة صفين	الدكتور عدنان محمد أحمد	ShamAY	34470	0.55045
		النضج و اثره في حياه الانسان	آيت الله العظمي سيد محمد حسيني شيرازي	Ghbook	7907	0.55045
		اربع رسائل فقهيه	محمد باقربن محمدنقي شفتي بيدآبادي	Ghbook	13082	0.55043
		شبهات حول القرآن	محمد عمارة مصطفى عمارة	Sham19Y	1414	0.55042
		اليسر والسماحة في الإسلام	فالح بن محمد الصغير	ShamAY	1138	0.55041
		اللواء الركن محمود شيت خطاب المجاهد الذي يحمل سيفه في كتبه	عبد الله محمود الطنطاوي	ShamAY	38584	0.5504
		كتاب الحج - الجزء1	السيد محمد رضا الگلپايگاني	Masaha	5134	0.5504
		الروضة الريا فيمن دفن بداريا	عبد الرحمن بن علي بن عبد الرحمن بن علي أفندي العمادي الدمشقي الحنفي (المتوفى: 1223هـ)	ShamAY	5864	0.55037
		أصول مذهب الشيعة الإمامية الإثني عشرية - عرض ونقد -	ناصر بن عبد الله بن علي القفاري	ShamAY	12760	0.55036
		الديباج المُذَهَّب في مصطلح الحديث (مطبوع مع شرح منلا حنفي عليه)	يُنسب لعلي بن محمد بن علي الزين الشريف الجرجاني (المتوفى: 816هـ)	ShamAY	134	0.55036
		من أحكام سورة المائدة	د. سعيد بن علي بن وهف القحطاني	ShamelaY19	96526	0.55033
		لا جديد في أحكام الصلاة - ط السنة	بكر بن عبد الله أبو زيد	ShamAY	34324	0.55029
		 شرح فروع الكافي 	 محمد هادي المازندراني 	ABLibrary	9347	0.55029
		النصرانية وآدابها بين عرب الجاهلية	رزق الله بن يوسف بن عبد المسيح بن يعقوب شيخو (المتوفى: 1346هـ)	ShamAY	5414	0.55028
		الزهراء سلام الله عليها زينهالعرش الالهي	عادل علوي	Ghbook	4573	0.55027
		البحث الصرفي في الدراسات اللغوية العربية الحديثة	نسرين العلواني	ShamAY	37097	0.55025
		الحقوق المالية للمرأة في الإسلام	حسني محمد العطار	ShamAY	36709	0.55024
		المرقاة شرح مقدمة الصلاة	المتن المسمى بمقدمة الصلاة منسوب للكيداني والفناري وابن كمال باشا، والشرح المسمى بالمرقاة للدكتور صلاح محمد أبو الحاج.	ShamAY	36422	0.55024
		الزيارة والتوسّل	الدكتور صائب عبد الحميد	Rafed	1190	0.55022
		الصارم البتار للإجهاز على من خالف الكتاب والسنة والإجماع والآثار	حمود بن عبد الله بن حمود بن عبد الرحمن التويجري (المتوفى: 1413هـ)	ShamAY	31982	0.5502
		مختصر في أصول اعتقاد أهل السنة والجماعة	عبد الرحمن السعدي	ShamAY	33857	0.5502
		تطريز رياض الصالحين	فيصل بن عبد العزيز بن فيصل ابن حمد المبارك الحريملي النجدي (المتوفى: 1376هـ)	ShamAY	21543	0.55019
		شرح ألفية ابن مالك للعثيمين	محمد بن صالح بن محمد العثيمين (المتوفى: 1421ه)	ShamelaY19	36954	0.55018
		التكافل الإجتماعي في مدرسة أهل البيت عليهم السلام	عباس ذهبيات	Rafed	716	0.55018
		مجاز القرآن	أبو عبيدة معمر بن المثنى التيمى البصري (المتوفى: 209هـ)	ShamAY	23630	0.55017
		سيره الائمه ( عليهم السلام ) باسلوب قصصي ميسر - الامام العسكري ( عليه السلام )	محمد رضا عباس محمد دباغ	Ghbook	6232	0.55014
		دلائل الأثر على تحريم التمثيل بالشعر	حمود بن عبد الله بن حمود بن عبد الرحمن التويجري (المتوفى: 1413هـ)	ShamAY	32269	0.55013
		صلاح البيوت في جهد الرسول - صلى الله عليه وسلم	محمد علي محمد إمام	ShamAY	1175	0.55012
		الرّجعة	علي موسى الكعبي	Rafed	743	0.55011
		من عجائب الدعاء - الجزء الأول (قصص لقوم دعوا الله فاستجاب لهم من المتقدمين والمعاصرين)	خالد بن سليمان بن علي الربعي	ShamelaY19	36095	0.55008
		عيد الأم ... هل نحتفل؟	شحاتة محمد صقر	ShamAY	562	0.55007
		تذكرة المحتاج إلى أحاديث المنهاج (تخريج منهاج الأصول للبيضاوي)	ابن الملقن سراج الدين أبو حفص عمر بن علي بن أحمد الشافعي المصري (المتوفى: 804هـ)	ShamAY	9569	0.55007
		فضل علم الوقف والابتداء وحكم الوقف على رؤوس الآيات	عبد الله علي الميموني	ShamelaY19	36539	0.55007
		فصول ومسائل تتعلق بالمساجد	عبد الله بن عبد الرحمن بن عبد الله بن إبراهيم بن فهد بن حمد بن جبرين (المتوفى: 1430ه)	ShamelaY19	31288	0.55005
		مقالات حول الحساب الفلكي	مجموعة من المؤلفين	ShamAY	36320	0.55003
		العفو والاعتذار	أبو الحسن محمد بن عمران العبدي المعروف بالرقام البصري صاحب ابن دريد	ShamAY	33734	0.55003
		الشرح الكبير على متن المقنع	عبد الرحمن بن محمد بن أحمد بن قدامة المقدسي الجماعيلي الحنبلي، أبو الفرج، شمس الدين (المتوفى: 682هـ)	ShamAY	1153	0.55001
		النظام السياسي	مازن مطبقاني	ShamAY	33167	0.55
		لمعة الاعتقاد	أبو محمد موفق الدين عبد الله بن أحمد بن محمد بن قدامة الجماعيلي المقدسي ثم الدمشقي الحنبلي، الشهير بابن قدامة المقدسي (المتوفى: 620هـ)	ShamAY	30855	0.55
		المعمرون والوصايا	أبو حاتم سهل بن محمد بن عثمان الجشمي السجستاني (المتوفى: 248هـ)	ShamAY	671	0.54997
		رسالة في فضل الخلفاء الراشدين (طبعت مفردة، ومنها نسخة مختصرة في مجموع الفتاوى)	تقي الدين أبو العباس أحمد بن عبد الحليم بن عبد السلام بن عبد الله بن أبي القاسم بن محمد ابن تيمية الحراني الحنبلي الدمشقي (المتوفى: 728ه)	ShamelaY19	38157	0.54997
		مرقاة الأصول بحوث تمهيدية في أصول الفقه‏	الشيخ بشير حسين النجفي	Masaha	4311	0.54997
		شمس العلوم [ج ٧]	نشوان بن سعيد الحميري	Rafed	1397	0.54996
		شرح الفصول المهمة في مواريث الأمة	محمد بن محمد بن أحمد الغزال الدمشقيّ، بدر الدين، الشهير بسبط المارديني (المتوفى: 912هـ)	ShamAY	12018	0.54994
		فلان وفلانه: كتاب يكشف التزييف والتضليل السياسي في اكثر من مئه روايه من روايات ا...	عبدالرحمن العقيلي	Ghbook	12314	0.54994
		الرحلات المغربية والأندلسية	عواطف محمد يوسف النواب	Masaha	4112	0.54993
		يبتدعون ولا يعلمون	أبو أنس ماجد إسلام البنكاني :: ماجد البنكاني	ShamAY	36562	0.54987
		رعاية المصلحة والحكمة في تشريع نبي الرحمة (صلى الله عليه وسلم)	محمد طاهر حكيم	Sham19Y	3898	0.54987
		 تخريج الدلالات السمعية 	 علي بن محمد ابن سعود الخزاعي 	ABLibrary	7465	0.54983
		الصحة والمرض وقفات مهمة	حمد الدوسري	ShamAY	34890	0.54978
		المهذّب البارع [ج ١]	الشيخ جمال الدين أحمد بن محمد بن فهد الحلّي	Rafed	1806	0.54978
		كتاب جمل الغرائب للنيسابوري وأهميته في علم غريب الحديث	محمد أجمل بن محمد أيوب الإصلاحي	ShamAY	11339	0.54977
		إعلان النكير على المفتونين بالتصوير	حمود بن عبد الله بن حمود بن عبد الرحمن التويجري (المتوفى: 1413هـ)	ShamAY	32253	0.54977
		إعلان النكير على المفتونين بالتصوير	الواحدي :: التويجري، حمود بن عبد الله	ShamAY	36120	0.54977
		الفصول المهمه في معرفه الائمه	ابن صباغ علي بن محمد	Ghbook	11686	0.54973
		روضه المحبين في احوال اميرالمومنين عليه السلام	عيسي بن حسين علي آل كبه	Ghbook	11638	0.54971
		مناظرات [ج ٤]	الشيخ عبد الله الحسن	Rafed	213	0.5497
		بحار الأنوار [ج ٩٧]	الشيخ محمّد باقر بن محمّد تقي المجلسي	Rafed	1285	0.54969
		نقد كتاب "تحرير المرأة في عصر الرسالة" لمؤلفه عبد الحليم أبو شقه	سليمان الخراشي	ShamAY	37722	0.54966
		القناعة، مفهومها.. منافعها.. الطريق إليها	إبراهيم بن محمد الحقيل	ShamAY	31507	0.54966
		 من البحر المتوسط إلى الخليج 	 ماكس فرايهر فون اوپنهايم 	ABLibrary	9224	0.54966
		الموسوعة التاريخية - الدرر السنية	مجموعة من المؤلفين	ShamAY	1538	0.54965
		معالم مكة التأريخية والأثرية	عاتق بن غيث بن زوير بن زاير بن حمود بن عطية بن صالح البلادي الحربي (المتوفى: 1431ه)	ShamelaY19	38107	0.54965
		 شمس العلوم ودواء كلام العرب من الكلوم 	 نشوان بن سعيد الحميري 	ABLibrary	9793	0.54965
		قوة العقيدة سبيل النصر في غزوة بدر الكبرى	محمد عبد المقصود جاب الله	ShamAY	23078	0.54956
		التخريج الصغير والتحبير الكبير (مطبوع ضمن مجموع رسائل ابن عبد الهادي)	يوسف بن حسن بن أحمد بن حسن ابن عبد الهادي الصالحي، جمال الدين، ابن المِبْرَد الحنبلي (المتوفى: 909 هـ)	ShamAY	32312	0.54955
		دروس الشيخ أحمد حطيبة	الشيخ الطبيب أحمد حطيبة	ShamAY	369	0.54955
		بستان العارفين للنووي	أبو زكريا محيي الدين يحيى بن شرف النووي (المتوفى: 676هـ)	ShamAY	12719	0.54955
		مناسك الحج والعمرة في الإسلام في ضوء الكتاب والسنة - مفهوم، وفضائل، ومنافع، وفوائد، وشروط، وأركان، وواجبات، وآداب، ومسائل، وحكم، وأحكام	د. سعيد بن على بن وهف القحطاني	ShamelaY19	96547	0.54953
		 مسند الإمام العسكري ( ع ) 	 الشيخ عزيز الله عطاردي 	ABLibrary	7742	0.54953
		ضوابط الصيام الفقهية	الواحدي :: وليد السعيدان	ShamAY	36205	0.54952
		منتهى الدّراية في توضيح الكفاية [ج ٣]	السيّد محمّد جعفر الجزائري المروّج	Rafed	2036	0.54949
		سند الناسكين	محمد السند	Ghbook	15214	0.54947
		دراسة منهجية لسنن النسائي وابن ماجه	د. الشريف حاتم بن عارف العوني	ShamAY	37319	0.54946
		أوضح المسالك إلى ألفية ابن مالك	عبد الله بن يوسف بن أحمد بن عبد الله ابن يوسف، أبو محمد، جمال الدين، ابن هشام (المتوفى: 761هـ)	ShamAY	11825	0.54942
		نفحات الأزهار في خلاصة عبقات الأنوار [ج ١٩]	السيّد علي الحسيني الميلاني	Rafed	474	0.54942
		تفسير سورة ق	سليمان اللهيميد	ShamAY	33105	0.54936
		ديوان الرصافي البلنسي	أبو عبد الله محمد بن غالب الرصافي البلنسي المتوفى سنة 572 هـ	ShamAY	37883	0.54935
		منهاج الصالحين (العبادات) - الجزء1	السيد محمد سعيد الطباطبائي الحكيم	Masaha	583	0.54933
		 المطالب العالية من العلم الإلهي 	 فخر الدين الرازي 	ABLibrary	8609	0.54932
		من أحكام الفقه الإسلامي وما جاء في المعاملات الربوية وأحكام المداينة	عبد الله بن جار الله بن إبراهيم آل جار الله	ShamAY	4924	0.54931
		التاج والإكليل لمختصر خليل	محمد بن يوسف بن أبي القاسم بن يوسف العبدري الغرناطي، أبو عبد الله المواق المالكي (المتوفى: 897ه)	ShamelaY19	21611	0.54931
		معجم المصطلحات الأصولية	السيد محمد الحسيني	Masaha	4335	0.54931
		قسم العقيدة	مجموعة من العلماء الأجلاء	ShamAY	35561	0.5493
		جواهر الفرائض	الخواجة نصير الدين الطوسي	Masaha	1043	0.5493
		 دراسات فقهية في مسائل خلافية 	 الشيخ نجم الدين الطبسي 	ABLibrary	982	0.54928
		 طلوع سعد السعود 	 الآغا بن عودة المزاري 	ABLibrary	9135	0.54927
		الشوري في الامامه	آيت الله علي حسيني ميلاني	Ghbook	4541	0.54924
		فصل الخطاب في الرد على أبي تراب	التويجري، حمود بن عبد الله	ShamAY	37751	0.5492
		تسلية نفوس النساء والرجال عند فقد الأطفال	زين الدين عبد الرحمن بن أحمد بن رجب بن الحسن، السلامي، البغدادي، ثم الدمشقي، الحنبلي (المتوفى: 795ه)	Sham19Y	1519	0.54919
		النواصب واقع و تاريخ	محمد حسيني	Ghbook	10518	0.54918
		شفاء الغليل في حل مقفل خليل	أبو عبد الله محمد بن أحمد بن محمد بن محمد بن علي بن غازي العثماني المكناسي (المتوفى: 919هـ)	ShamAY	32021	0.54916
		طريق الوصول إلى الحقّ	محمد گوزل الآمدي	Masaha	331	0.54915
		ديوان كثير عزة	كثير عزة بن عبد الرحمن بن الأسود بن مليح من خزاعة	ShamAY	37909	0.54912
		ارشاد الطالب في شرح المكاسب [مرتضي الانصاري ]	آيت الله العظمي ميرزا جواد تبريزي	Ghbook	12414	0.54912
		التخويف من النار والتعريف بحال دار البوار	زين الدين عبد الرحمن بن أحمد بن رجب بن الحسن، السَلامي، البغدادي، ثم الدمشقي، الحنبلي (المتوفى: 795هـ)	ShamAY	4033	0.5491
		توضيح المراد [ج ١]	السيد هاشم الحسيني الطهراني	Rafed	778	0.54907
		البهجة المرضيّة على ألفيّة ابن مالك	جلال الدين عبد الرحمن بن أبي بكر السيوطي	Rafed	2016	0.54903
		السُّنّةُ النبويةُ وأثرُها في اختلافِ الفقهاء	علي بن نايف الشحود	ShamAY	37299	0.54901
		تحفة الملوك (في فقه مذهب الإمام أبي حنيفة النعمان)	زين الدين أبو عبد الله محمد بن أبي بكر بن عبد القادر الحنفي الرازي (المتوفى: 666ه)	Sham19Y	6173	0.54901
		التعصب المذهبي في التاريخ مظاهره، آثاره، أسبابه، علاجه	الدكتور خالد كبير علال	ShamAY	37142	0.549
		مصابيح الظلام [ج ٧]	محمّد باقر الوحيد البهبهاني	Rafed	1701	0.549
		فرائد الأصول [ج ٣]	الشيخ مرتضى الأنصاري	Rafed	2442	0.549
		المناقب المزيدية في أخبار الملوك الأسدية	أبو البقاء هبة الله محمد بن نما الحلي (المتوفى: ق 6هـ)	ShamAY	30797	0.54899
		دروس في علوم القرآن	حسين جوان آراسته	Ghbook	15054	0.54898
		شرح الثلاثة الاصول صالح ال الشيخ	صالح آل الشيخ	ShamAY	34733	0.54895
		الرد على الجهمية للدارمي	أبو سعيد عثمان بن سعيد بن خالد بن سعيد الدارمي السجستاني (المتوفى: 280هـ)	ShamAY	13023	0.54895
		الترف .. مظاهره وأسبابه وعلاجه	فضيلة الشيخ محمد حسين يعقوب	ShamAY	34880	0.54893
		آيات الأنوار	آية الله الميرزا محمود اليوسفي الغروي	Rafed	3255	0.54889
		حتى لا نصاب بالفتور في رمضان	محمد صالح المنجد	ShamAY	34723	0.54887
		إرشاد العقول إلى مباحث الأصول [ج ٢]	الشيخ جعفر السبحاني	Rafed	438	0.54887
		استقصاء النظر في البحث عن القضاء و القدر	حسن بن يوسف بن مطهر علامه حلي	Ghbook	2920	0.54887
		أنوار الفقاهة (كتاب البيع)	الشيخ حسن كاشف الغطاء	Masaha	901	0.54887
		أحكام الصيام	خالد السبت	ShamAY	36717	0.54886
		الروضة الندية شرح متن الجزرية	محمود بن محمد عبد المنعم بن عبد السلام بن محمد العبد	ShamAY	32214	0.54886
		الفصول في مصطلح حديث الرسول	حافظ ثناء الله الزاهدي	ShamelaY19	21540	0.54885
		الرق في الجاهلية والإسلام	إبراهيم محمد حسن الجمل	ShamelaY19	23083	0.54884
		المقالات السنيّة في كشف ضلالات الفرقة الحبشية	عبد العزيز بن صهيب	ShamAY	35695	0.5488
		قواعد التجويد على رواية حفص عن عاصم بن أبي النجود	عبد العزيز بن عبد الفتاح القارئ	ShamAY	11301	0.5488
		تاريخ الإسلام ووفيات المشاهير والأعلام	شمس الدين أبو عبد الله محمد بن أحمد بن عثمان بن قايماز الذهبي (المتوفى: 748ه)	Sham19Y	12397	0.5488
		تاريخ مدينة دمشق [ج ٧٩]	أبي القاسم علي بن الحسن ابن هبة الله بن عبد الله الشافعي [ ابن عساكر ]	Rafed	2666	0.54879
		التحصينات الشرعية من أنفلونزا الخنازير وغيرها	د. علي بن سعيد العبيدي	ShamAY	37718	0.54877
		الصلاة خير من النوم في الاذان / الوجه الآخر؟!	علي شهرستاني	Ghbook	16154	0.54875
		شرح طهارة قواعد الأحكام	الشيخ كاشف الغطاء	Masaha	1522	0.54874
		إضاءات على طريق المحتسبين	عبد الرحمن البيتي	ShamAY	33428	0.54873
		الرسائل الحربية في عصر الدولة الأيوبية	محمد نغش	ShamelaY19	22991	0.54873
		جواهر الكلام [ج ٣٧]	الشيخ محمّد حسن النّجفي	Rafed	762	0.54871
		كيفية دعوة عصاة المسلمين إلى اللَّه تعالى في ضوء الكتاب والسنة	د. سعيد بن علي بن وهف القحطاني	ShamAY	1880	0.54868
		كتاب الرؤيا	حمود بن عبد الله بن حمود بن عبد الرحمن التويجري (المتوفى: 1413هـ)	ShamAY	1008	0.54868
		الاصول التمهيديه في المعارف المهدويه	محمد علي الحلو	Ghbook	12283	0.54867
		قضية المحكم والمتشابه وأثرها على القول بالتفويض	محمود بن عبد الرازق	ShamAY	35568	0.54865
		أحكام تلاوة القرآن	محمود خليل الحصري	ShamAY	36536	0.54864
		نعيم الجنة وعذاب النار في القرآن والسنَّة	علي بن نايف الشحود	ShamAY	34852	0.54861
		الطريقة الشرعية لاستئناف الحياة الإسلامية	محمد حسين عبد الله	ShamAY	33439	0.5486
		فضل علم الوقف والابتداء وحكم الوقف على رؤوس الآيات	عبد الله علي الميموني	ShamAY	94	0.54859
		الهجرة إلى الثقلين	محمّد گوزل الحسن الآمدي	Rafed	1224	0.54859
		المحجة البيضاء في حماية السنة الغراء من زلات أهل الأخطاء وزيغ أهل الأهواء	ربيع بن هادي المدخلي	ShamAY	33006	0.54858
		شقائق الرجال	عادل المزيعل	Ghbook	15072	0.54858
		دليل تحرير الوسيلة (الخمس)	علي اكبر سيفي مازندراني	Ghbook	9150	0.54858
		المعاني الكبير في أبيات المعاني	أبو محمد عبد الله بن مسلم بن قتيبة الدينوري (المتوفى: 276هـ)	ShamAY	25837	0.54857
		ابتلائات الامم : تاملات في الطريق الي المسيح الدجال و المهدي النتظر في اليهوديه ...	سعيد ايوب	Ghbook	4547	0.54857
		المثل العليا في الإسلام (ضمن «المحاضرات» المطبوعة ب «بآثار الشنقيطي»)	محمد الأمين بن محمد المختار الجكني الشنقيطي (1325 - 1393)	ShamelaY19	18667	0.54856
		المعالم المأثورة - الجزء1	الميرزا هاشم الآملي	Masaha	4956	0.54853
		كتاب التوحيد (مطبوع ضمن مؤلفات الشيخ محمد بن عبد الوهاب، الجزء الأول)	محمد بن عبد الوهاب بن سليمان التميمي النجدي (المتوفى: 1206هـ)	ShamAY	11318	0.54851
		مظلوميه الزهراء ( سلام الله عليها )	آيت الله علي حسيني ميلاني	Ghbook	3884	0.54848
		صور من ابتلاء العلماء ((مواقف مشرقة من تاريخ أمتنا الإسلامية))	الواحدي :: وحيد عبد السلام بالي	ShamAY	35106	0.54846
		 الحج في الشريعة الإسلامية الغراء 	 الشيخ السبحاني 	ABLibrary	9560	0.54843
		منيه المريد	شيخ زين الدين عاملي شهيد ثاني	Ghbook	2618	0.54843
		 مفرحة الأنام في تأسيس بيت الله الحرام 	 زين العابدين الحسيني الكاشاني 	ABLibrary	9222	0.54839
		الأصول الستة عشر	جمع من العلماء	Masaha	4677	0.54839
		السلام وآدابه وأحكامه في السنة النبوية المطهرة	آمال ماضي	ShamAY	36169	0.54838
		متن بداية المبتدي في فقه الإمام أبي حنيفة	علي بن أبي بكر بن عبد الجليل الفرغاني المرغيناني، أبو الحسن برهان الدين (المتوفى: 593هـ)	ShamAY	6170	0.54838
		 مباني منهاج الصالحين 	 السيد تقي الطباطبائي القمي 	ABLibrary	9728	0.54838
		شرح الأخبار في فضائل الأئمة الأطهار [ج ٣]	القاضي النعمان بن محمّد التميميّ المغربي	Rafed	790	0.54834
		حقوق اليتامى كما جاءت في سورة النساء	سليمان بن إبراهيم بن عبد الله اللاحم	ShamAY	32136	0.54832
		آداب المشي إلى الصلاة ط الوزارة	محمد بن عبد الوهاب بن سليمان التميمي النجدي (المتوفى: 1206ه)	Sham19Y	31246	0.54832
		تاريخ اليمن	الشيخ عبد الواسع بن يحيى الواسعي اليماني	Rafed	2218	0.54831
		تخريج أحاديث المصطلحات 4	الواحدي :: ناصر الدين الألباني	ShamAY	33146	0.5483
		موسوعه عاشوراء	جواد محدثي	Ghbook	10052	0.54828
		إتحاف فضلاء البشر في القراءات الأربعة عشر	الشيخ شهاب الدين أحمد بن محمد بن عبدالغني الدمياطي	Rafed	3090	0.54826
		دماء على قميص عثمان رضي الله عنه	إبراهيم عبد الفتاح المتناوي	ShamAY	35836	0.54824
		حديث مع الناشئين	آيت الله العظمي سيد محمد حسيني شيرازي	Ghbook	8143	0.54824
		كيف تكتب بحثا أو رسالة دراسة منهجية لكتابة البحوث وإعداد رسائل الماجستير والدكتوراة	أحمد شلبي	ShamAY	8661	0.54822
		 موسوعة الإمام أمير المؤمنين على بن أبى طالب ( ع ) 	 الشيخ باقر شريف القرشي 	ABLibrary	7813	0.54821
		 كامل الصناعة الطبية 	 علي بن العباس الأهوازي ( المجوسي ) 	ABLibrary	9845	0.5482
		جواهر الكلام [ج ٣٢]	الشيخ محمّد حسن النّجفي	Rafed	677	0.54818
		الحرية الاقتصادية: ضوابطها و حدودها في الفقه الاسلامي	عبدالكريم بحراوي	Ghbook	14939	0.54817
		تلخيص منيه المريد	آيت الله العظمي سيد محمد حسيني شيرازي	Ghbook	8134	0.54817
		أصلح الأديان للإنسانية عقيدة وشريعة	أحمد بن عبد الغفور عطار (المتوفى: 1411هـ)	ShamAY	21526	0.54812
		دولة السلاجقة وبروز مشروع إسلامى لمقاومة التغلغل الباطني والغزو الصليبي	عَلي محمد محمد الصَّلاَّبي	ShamAY	290	0.54812
		المصون في الأدب	أبو أحمد الحسن بن عبد الله بن سعيد بن إسماعيل العسكري (المتوفى: 382هـ)	ShamAY	5502	0.54812
		أحكام العيدين	علي بن حسن الحلبي	ShamelaY19	26142	0.5481
		الخراج وصناعة الكتابة	قدامة بن جعفر الكاتب البغدادي	Masaha	4484	0.54809
		التوضيح لشرح الجامع الصحيح	ابن الملقن سراج الدين أبو حفص عمر بن علي بن أحمد الشافعي المصري (المتوفى: 804هـ)	ShamAY	31764	0.54807
		المناقب المزيدية في أخبار الملوك الأسدية	أبو البقاء هبة الله محمد بن نما الحلي (المتوفى: ق 6ه)	ShamelaY19	30797	0.54806
		إقامة البراهين على حكم من استغاث بغير الله أو صدق الكهنة والعرافين	عبد العزيز بن عبد الله بن باز (المتوفى: 1420هـ)	ShamAY	572	0.54805
		 تاريخ بيهق 	 علي بن زيد البيهقي 	ABLibrary	8988	0.54804
		عبد الغني الدقر النحوي الفقيه والمؤرخ الأديب	إياد خالد الطباع	ShamAY	38623	0.54802
		تاريخ الجزائر في القديم والحديث	مبارك بن محمد الميلي الجزائري (المتوفى: 1364ه)	ShamelaY19	123660	0.54797
		هي الحقيقة	قاسم عبد السلام كتمبو	Rafed	1239	0.54797
		مسائل الإمام أحمد وإسحاق بن راهويه	إسحاق بن منصور بن بهرام، أبو يعقوب المروزي، المعروف بالكوسج (المتوفى: 251هـ)	ShamAY	3125	0.54796
		القضايا الكلية للاعتقاد في الكتاب والسنة	عبد الرحمن بن عبد الخالق اليوسف	ShamAY	30877	0.54796
		صلاح البيوت في جهد الرسول - صلى الله عليه وسلم	محمد علي محمد إمام	ShamelaY19	37831	0.54793
		لباب الإعراب المانع من اللحن في السنة والكتاب	الواحدي :: الشَّعْراني، عبد الوهاب	ShamAY	37060	0.54791
		حاشية الدسوقي [ج ٣]	محمّد بن عرفة الدسوقي	Rafed	2099	0.5479
		التقيّة	الشيخ مرتضى الأنصاري	Rafed	1370	0.5479
		رسائل في الفقه والاصول	محمد جواد فاضل لنكراني	Ghbook	15200	0.5479
		كتاب حجج القرآن	أحمد بن محمد بن أحمد المظفر ابن المختار، أبو العباس بدر الدين الرازيّ الحنفي (المتوفى: بعد 630هـ)	ShamAY	5548	0.54789
		معالم المدرستين [ج ٣]	السيد مرتضى العسكري	Rafed	3473	0.54789
		 في رحاب أهل البيت ( ع ) 	 لجنة بحوث المجمع العالمي لأهل البيت ( ع ) 	ABLibrary	8561	0.54788
		الإرشاد في معرفة حجج الله على العباد [ج ١]	محمّد بن محمّد النعمان العكبري [ الشيخ المفيد ]	Rafed	266	0.54785
		موقف الإمامين البخاري ومسلم من اشتراط اللقيا والسماع في السند المعنعن بين المتعاصرين	خالد بن منصور بن عبد الله الدريس	ShamAY	9836	0.54784
		مفرّحة الأنام في تأسيس بيت الله الحرام	السيّد زين العابدين بن نور الدين الحسيني الكاشاني	Rafed	2610	0.54782
		أخبار مكة - مكتبة الثقافة الدينية	الواحدي :: الأزرقي	ShamAY	33816	0.54779
		إباحيات الكتاب المقدس		ShamAY	35326	0.54777
		المطالب العالية من العلم الإلهي [ج ٤]	محمّد بن عمر بن الحسن بن الحسين التيمي البكري [ فخر الدين الرازي ]	Rafed	3633	0.54776
		ديوان عرقلة الكلبي	حسان بن نمير بن عجل الكلبي والمعروف أيضا بـ عرقلة الدمشقي وعرقلة الأعور	ShamAY	37935	0.54775
		سند العروه الوثقي (كتاب الطهاره)	محمد السند	Ghbook	15220	0.54774
		معلم التجويد	د خالد بن عبد الرحمن بن علي الجريسي	ShamAY	21513	0.5477
		صفة الجنة في القرآن والسنة	علي بن نايف الشحود	ShamAY	34848	0.54769
		 من تاريخ الطب الإسلامي 	 أحمد ابراهيم الهواري 	ABLibrary	9986	0.54769
		شرح التّسهيل المسمّى تمهيد القواعد بشرح تسهيل الفوائد [ج ٩]	محمّد بن يوسف بن أحمد [ ناظر الجيش ]	Rafed	1893	0.54767
		تسمية المولود	الواحدي :: بكر أبو زيد	ShamAY	36441	0.54764
		معجم علوم القرآن	إبراهيم محمد الجرمي	ShamelaY19	38068	0.54763
		الطريق الي المهدي المنتظر	سعيد ايوب	Ghbook	4595	0.54763
		مجمع الأفكار ومطرح الأنظار  - الجزء1	محمد علي إسماعيل پور	Masaha	4273	0.54763
		الكوكب الدري فيما يتخرج على الأصول النحوية من الفروع الفقهية	عبد الرحيم بن الحسن بن علي الإسنوي الشافعيّ، أبو محمد، جمال الدين (المتوفى: 772هـ)	ShamAY	6280	0.54762
		البدر المنير في تخريج الأحاديث والأثار الواقعة في الشرح الكبير	ابن الملقن سراج الدين أبو حفص عمر بن علي بن أحمد الشافعي المصري (المتوفى: 804هـ)	ShamAY	5922	0.54762
		الجوابات في التعبير القرآني الكريم	سعاد الإزيرجاوي	ShamAY	36995	0.54761
		المدخل في فن التحرير الصحفي	عبد اللطيف محمود حمزة (المتوفى: 1390هـ)	ShamAY	11543	0.54761
		 الأفق أو الآفاق 	 الشيخ المنتظري 	ABLibrary	9524	0.54758
		حقيقة الاعتقاد بالامام المهدي المنتظر	احمد حسين يعقوب	Rafed	233	0.54757
		المراجعات	عبدالحسين شرف الدين	Ghbook	2	0.54756
		ديوان إبراهيم اليازجي	اليازجي، إبراهيم	ShamAY	37937	0.54755
		بحار الأنوار [ج ١٨]	الشيخ محمّد باقر بن محمّد تقي المجلسي	Rafed	861	0.54753
		الثائر من أجل الحسين عليه السلام المختار الثقفي	عباس غيلان الفياض	Rafed	804	0.54753
		الحزب في النظريه الاسلاميه	آيت الله العظمي سيد محمد حسيني شيرازي	Ghbook	8132	0.54753
		التماس السعد في الوفاء بالوعد	شمس الدين أبو الخير محمد بن عبد الرحمن بن محمد السخاوي (المتوفى: 902هـ)	ShamAY	5675	0.54752
		آية ابتلاء إبراهيم عليه السلام وعلاقتها بالإمامة	طه الدليمي	ShamAY	37798	0.54747
		دراسة حديث "خذوا عني مناسككم" ومدى دلالته على إيجاب الأعمال التي عملها النبي صلى الله عليه وسلم في الحج	فؤاد هاشم	ShamAY	34133	0.54743
		كيفية دعوة الملحدين إلى الله تعالى في ضوء الكتاب والسنة	د. سعيد بن علي بن وهف القحطاني	ShamelaY19	96516	0.54741
		من هم قتلة الحسين عليه السلام ؟ شيعة الكوفة ؟	السيّد علي الحسيني الميلاني	Rafed	3262	0.5474
		رسالة في أسس العقيدة	محمد بن عودة السعوي	ShamAY	30834	0.54733
		تاريخ الإسلام ووفيات المشاهير والأعلام [ج ٢]	شمس الدين محمّد بن أحمد بن عثمان الذّهبي	Rafed	3328	0.54732
		منتقى الأصول [ج ١]	السيد عبد الصاحب الحكيم	Rafed	796	0.54731
		مذكرات ضابط أمن	سامي بن خالد الحمود	ShamAY	35077	0.5473
		رفع النقاب عن تنقيح الشهاب	أبو عبد الله الحسين بن علي بن طلحة الرجراجي ثم الشوشاوي السملالي (المتوفى: 899ه)	Sham19Y	14313	0.5473
		مصابيح الظلام [ج ٩]	محمّد باقر الوحيد البهبهاني	Rafed	1709	0.5473
		الطّراز الأوّل [ج ٤]	السيّد علي بن أحمد بن محمّد معصوم الحسيني	Rafed	487	0.54729
		 رحلة في الجزيرة العربية الوسطي 	 شارل هوبير 	ABLibrary	9104	0.54727
		اقسام الجهاد	آيت الله العظمي سيد محمد حسيني شيرازي	Ghbook	2321	0.54727
		اسرار العربية	عبدالرحمن بن محمدابن الانباري	Ghbook	16307	0.54727
		الشروط أوالالتزامات التبعية في العقود - الجزء1	السيد محمد تقي الخوئي	Masaha	4910	0.54726
		شرح شافية ابن الحاجب - الجزء2	نجم الأئمة رضي الدين الاسترابادي	Masaha	3162	0.54725
		غلاء المهور وأضراره	الواحدي :: عبد الله آل جار الله	ShamAY	36211	0.54724
		منهاج المومنين - رساله احكام عربي آيت الله مرعشي نجفي	عادل علوي	Ghbook	10218	0.54723
		أساس البلاغة - ط الفكر	أبو القاسم محمود بن عمرو بن أحمد، الزمخشري جار الله	ShamAY	34676	0.5472
		شرح ألفية ابن مالك للعثيمين	محمد بن صالح بن محمد العثيمين (المتوفى: 1421هـ)	ShamAY	363	0.54719
		تاريخ الإسلام ووفيات المشاهير والأعلام [ج ١]	شمس الدين محمّد بن أحمد بن عثمان الذّهبي	Rafed	3317	0.54718
		الزكاة وتطبيقاتها المعاصرة	الواحدي :: عبد الله الطيار	ShamAY	36387	0.54714
		حدائق الأزاهر في مستحسن الأجوبة والمضحكات والحكم والأمثال والحكايات والنوادر	محمد بن محمد بن محمد، أبو بكر ابن عاصم القيسي الغرناطي (المتوفى: 829هـ)	ShamAY	5406	0.54711
		نهضة الحسين عليه السلام في المنظور السني	عبد المجيد الناصري الداودي	Ghbook	15408	0.54711
		بيان شبهة من قال بعدم وقوع الشرك في هذه الأمة وردَها		ShamAY	35518	0.5471
		آراء العلماء في المناسبات	أحمد حسن	ShamAY	36183	0.5471
		دراسات في السنة النبوية	محمد ضياء الرحمن الأعظمي	ShamelaY19	23071	0.54708
		استِدرَاك وَتَعقِيب عَلى الشَّيخ شُعَيب الأَرنَؤُوط في تَأوِيلِهِ بَعض أحَادِيثِ الصِّفَاتِ	خالد بن عبد الرحمن بن حمد الشايع	ShamAY	31696	0.54707
		مسألة في الكنائس لابن تيمية وفتاوى النووي والبلقيني وقصة الطرطوشي	ابن تيمية - النووي - البلقيني	ShamAY	38206	0.54706
		 ثلاث رسائل في الطب العربي الإسلامي 	 الرازي - ابن ماسوية - ابن سينا 	ABLibrary	9850	0.54705
		أحكام الأمر بالمعروف والنهي عن المنكر	صالح آل الشيخ	ShamAY	36454	0.54703
		المعالم الجديدة للاصول	محمدباقر الصدر	Ghbook	15687	0.54703
		حسن البنا - الرجل القرآني	روبيرت جاكسون	ShamAY	1949	0.54702
		 مصباح الفقاهة ( ط أنصاريان ) 	 تقرير بحث السيد الخوئي للتبريزي 	ABLibrary	9435	0.54702
		مبادئ في نظرية الشعر والجمال	أبو عبد الرحمن ابن عقيل الظاهري	ShamAY	34515	0.547
		إثبات حديث النزول بالنظرية النسبية لألبرت أينتشاين	إيهاب أبو المجد	ShamAY	35987	0.547
		 المهدي المنتظر عند الشيعة الإثني عشرية 	 جواد على 	ABLibrary	7865	0.54699
		حديث إن الله كتب الإحسان على كل شيء .. دراسة حديثية نفسية	فالح بن محمد الصغير	ShamAY	35981	0.54696
		ذكرى الشيعة في أحكام الشّريعة [ج ٣]	محمّد بن جمال الدّين مكّي العاملي الجزيني [ الشهيد الأول ]	Rafed	541	0.54694
		شرح القويسني على السلم المنورق للأخضري	أبو عبد الله، أحمد بن عمر بن مساعد الحازمي	ShamAY	832	0.54693
		 مباني منهاج الصالحين 	 السيد تقي الطباطبائي القمي 	ABLibrary	9720	0.54693
		 المعجم الموضوعي لاحاديث  الامام  المهدي عليه  السلام	علي كوراني	Ghbook	15785	0.54692
		نثر الدرّ المكنون	السيد محمد بن علي الاهدلي الحسيني اليمني الازهري	Rafed	2557	0.54688
		كشف لثام الابهام في شرح قواعد احكام	محمد بن حسن فاضل هندي	Ghbook	10765	0.54688
		موتمر الامام المهدي ( عجل الله تعالي فرجه الشريف )	محمد مهدي آصفي	Ghbook	4577	0.54688
		حديث المنزله	آيت الله علي حسيني ميلاني	Ghbook	7630	0.54687
		تاريخ الإسلام ووفيات المشاهير والأعلام	شمس الدين أبو عبد الله محمد بن أحمد بن عثمان بن قَايْماز الذهبي (المتوفى: 748هـ)	ShamAY	12397	0.54684
		 القدس العثمانية في المذكرات الجوهرية 	 واصف جوهرية 	ABLibrary	9156	0.54684
		المؤتلف من المختلف بين أئمّة السلف [ج ١]	فضل بن الحسن الطبرسي	Rafed	1402	0.54684
		الزهرا سلام الله عليها سيده نساء العالمين	آيت الله العظمي ناصرمكارم شيرازي	Ghbook	3286	0.54684
		لماذا نرفض العلمانية؟	محمد محمد بدري	ShamAY	33405	0.54683
		أحاديث ومرويات في الميزان 1 - حديث قلب القرآن يس	محمد عمرو بن عبد اللطيف بن محمد بن عبد القادر بن رضوان بن سليمان بن مفتاح بن شاهين الشنقيطي (المتوفى: 1429هـ)	ShamAY	12578	0.54683
		الامام الرضا عليه السلام، قدوه و اسوه	آيت الله العظمي سيد محمد تقي مدرسي	Ghbook	12866	0.54683
		الزهراء فاطمه بنت محمد عليهما السلام	عبدالزهراء عثمان محمد ( عز الدين سليم )	Ghbook	3779	0.54682
		تاريخ بيهق / تعريب	أبو الحسن ظهير الدين علي بن زيد بن محمد بن الحسين البيهقي، الشهير بابن فندمه (المتوفى: 565هـ)	ShamAY	11758	0.54679
		الامام المنتظر (عجل الله تعالي فرجه الشريف)	آيت الله العظمي حسيني	Ghbook	8043	0.54679
		الجامع في أحكام الصيام والاعتكاف والحج والعمرة	الدكتور صلاح محمد أبو الحاج	ShamAY	36379	0.54674
		الشيخ الطوسي مفسراً	خضير جعفر	Rafed	150	0.54674
		أسرار ترتيب القرآن - ط الاعتصام	عبد الرحمن بن أبي بكر بن محمد السيوطي أبو الفضل	ShamAY	34082	0.54673
		موسوعة القرآن العظيم [ج ٢]	دكتور عبد المنعم الحفني	Rafed	3911	0.5467
		القول المعروف في فضل المعروف - سلسلة لقاء العشر الأواخر بالمسجد الحرام (19)	مرعي بن يوسف بن أبى بكر بن أحمد الكرمى المقدسي الحنبلى (المتوفى: 1033 هـ)	ShamAY	32476	0.54668
		روضة الطالبين وعمدة المفتين	أبو زكريا محيي الدين يحيى بن شرف النووي (المتوفى: 676هـ)	ShamAY	499	0.54667
		النّحو الوافي [ج ٤]	عبّاس حسن	Rafed	2670	0.54666
		التبيين لدعوات المرضى والمصابين	عبد الرزاق بن عبد المحسن البدر	ShamAY	7573	0.54665
		مجموعة رسائل في التوحيد والإيمان (مطبوع ضمن مؤلفات الشيخ محمد بن عبد الوهاب، الجزء الأول)	محمد بن عبد الوهاب بن سليمان التميمي النجدي (المتوفى: 1206هـ)	ShamAY	11381	0.54662
		التذهيب في أدلة متن الغاية والتقريب المشهور بـ متن أبي شجاع في الفقه الشافعي	مصطفى ديب البغا الميداني الدمشقي الشافعي	ShamAY	1552	0.54662
		توجيهات ووصايا مهمة للمرأة المسلمة العصرية	محمد حامد محمد	ShamAY	37467	0.54661
		فقه التمكين عند دولة المرابطين	عَلي محمد محمد الصَّلاَّبي	ShamAY	236	0.54659
		المناظرة في أصول التشريع الإسلامي	المصطفى الوظيفي	ShamAY	37536	0.54659
		اساس البلاغه	زمخشري ، محمود بن عمر	Ghbook	16193	0.54657
		دروس في علم الأصول [ج ٢]	آية الله السيّد محمّد باقر الصدر	Rafed	2642	0.54656
		قاعدة تتضمن ذكر ملابس النبي صلى الله عليه وسلم وسلاحه ودوابه - القرمانية - جواب فتيا في لبس النبي صلى الله عليه وسلم	تقي الدين أبو العباس أحمد بن عبد الحليم بن عبد السلام بن عبد الله بن أبي القاسم بن محمد ابن تيمية الحراني الحنبلي الدمشقي (المتوفى: 728ه)	ShamelaY19	22648	0.54655
		تفسير ابن أبي العز جمعا ودراسة	صدر الدين محمد بن علاء الدين عليّ بن محمد ابن أبي العز الحنفي، الأذرعي الصالحي الدمشقي (المتوفى: 792هـ)	ShamAY	1426	0.54651
		 رياض الأبرار في مناقب الأئمة الأطهار ( ع ) 	 السيد نعمة الله الجزائري 	ABLibrary	7537	0.54649
		براءةُ الصَّحابة الأخيار من التبرُّك بالأماكن والآثَار	ربيع بن هادي المدخلي	ShamAY	33203	0.54648
		علي هامش  الفتنة : جدل  الراي و النص في  القرن  الاول  الهجري	عبدالرزاق صالحي	Ghbook	14550	0.54648
		البيان المفيد فيما اتفق عليه علماء مكة و نجد من عقائد التوحيد	مجموعة علماء	ShamAY	35470	0.54646
		نفحات الأزهار في خلاصة عبقات الأنوار [ج ٣]	السيّد علي الحسيني الميلاني	Rafed	428	0.54645
		نزهة المشتاق فى اختراق الآفاق	محمد بن محمد بن عبد الله بن إدريس الحسني الطالبي، المعروف بالشريف الادريسي (المتوفى: 560هـ)	ShamAY	11787	0.54643
		الفوائد المستفادة من شرح ثلاثة الأصول للشيخ محمد بن صالح العثيمين رحمه الله		ShamAY	35490	0.54642
		مسائل خلافية في النحو	أبو البقاء عبد الله بن الحسين بن عبد الله العكبري البغدادي محب الدين (المتوفى: 616هـ)	ShamAY	6996	0.54642
		 إيصال الطالب إلى المكاسب 	 السيد محمد الحسيني الشيرازي 	ABLibrary	9483	0.5464
		كتاب في الوقف	الآخوند الشيخ محمد كاظم الخراساني	Masaha	5103	0.5464
		منظومة في وجوب التمسك بالكتاب والسنة		ShamAY	35633	0.54637
		أساس البلاغة	أبو القاسم محمود بن عمرو بن أحمد، الزمخشري جار الله (المتوفى: 538هـ)	ShamAY	21568	0.54636
		الجهل المركب و طريق الخلاص منه	آيت الله العظمي سيد محمد حسيني شيرازي	Ghbook	8062	0.54635
		الاستصحاب‏	السيد روح الله الموسوي الخميني	Masaha	2409	0.54633
		البلاغة العمرية	محمد سالم الخضر	ShamelaY19	124590	0.54631
		تلخيص السفسطة	أبو الوليد محمد بن أحمد بن محمد بن أحمد بن رشد القرطبي الشهير بابن رشد الحفيد (المتوفى: 595ه)	ShamelaY19	21503	0.54629
		هدى الطالب إلى شرح المكاسب [ج ٦]	السيّد محمّد جعفر الجزائري المروّج	Rafed	3172	0.54629
		العقيدة السفارينية = الدرة المضية في عقد أهل الفرقة المرضية	شمس الدين، أبو العون محمد بن أحمد بن سالم السفاريني الحنبلي (المتوفى: 1188هـ)	ShamAY	6382	0.54628
		عوالم العلوم والمعارف والاحوال (الجزء 26) في احوال امام زمان عجل الله تعالي فرجه...	محمد باقر بن مرتضي موحد ابطحي اصفهاني	Ghbook	15276	0.54628
		الشيعه شبهات و ردود	آيت الله العظمي ناصرمكارم شيرازي	Ghbook	3289	0.54626
		تبييض الصحيفة بأصول الأحاديث الضعيفة	محمد عمرو بن عبد اللطيف	Sham19Y	10280	0.54625
		الامام الحسين بن علي عليها السلام انموذج الصبر وشاره الفداء	مهدي حسين التميمي	Ghbook	12312	0.54624
		قضية الإرهاب بين الحق والباطل	عبد الرحمن عمار	ShamAY	33351	0.54622
		كبرت كلمة تخرج من أفواههم ونطق الرويبضة الرافضي حسن شحاتة		ShamAY	35574	0.54622
		منهاج الصالحين‌  - الجزء1	الشيخ محمد إسحاق الفياض	Masaha	3646	0.54621
		التجريد لنفع العبيد = حاشية البجيرمي على شرح المنهج (منهج الطلاب اختصره زكريا الأنصاري من منهاج الطالبين للنووي ثم شرحه في شرح منهج الطلاب)	سليمان بن محمد بن عمر البجيرمي المصري الشافعي (المتوفى: 1221ه)	ShamelaY19	21603	0.5462
		الصوت اللغوي في القرآن	د. محمد حسين الصغير	Masaha	1725	0.5462
		نظريّة النقد العربي رؤية قرآنيّة معاصرة	الدكتور محمد حسين علي الصّغير	ShamAY	34672	0.54618
		فقه اللّغة	أبي منصور عبد الملك بن محمّد بن اسماعيل الثعالبي	Rafed	1116	0.54618
		منهج أهل الاتباع في التعامل مع أهل الابتداع	وليد السعيدان	ShamAY	35592	0.54617
		شرح ألفية ابن مالك للعثيمين	محمد بن صالح بن محمد العثيمين (المتوفى: 1421ه)	Sham19Y	36954	0.54615
		الاربعون حديثا	السيد محمد صادق السيد محمدرضا الخرسان	Ghbook	12375	0.5461
		بحوث في المهدويه	محمد جواد فاضل لنكراني	Ghbook	15205	0.54609
		المدخل إلى علم القراءات، لفضيلة الشيخ محمد بن محمود حوا		ShamAY	36964	0.54605
		مناظرة ابن شاقلا الحنبلي المتوفى سنة 369 هـ لأبي سليمان الدمشقي المتكلم في الصفات الخبرية	ابن شاقلا الحنبلي	ShamAY	35745	0.54605
		أنوار الفقاهة (كتاب الطلاق)	الشيخ حسن كاشف الغطاء	Masaha	910	0.54605
		الانشراحُ وَرَفعُ الضِّيق في سِيرة أبي بَكْر الصِّديق شخصيته وَعَصره	عَلي محمد محمد الصَّلاَّبي	ShamAY	255	0.54601
		عاشوراء بين الصّلح الحسني والكيد السّفياني	السيد جعفر مرتضى العاملي	Rafed	1538	0.54599
		لماذا تكرهون محمدا؟ومحمد يحب المسيح ـ صلوات الله وسلامه عليهما ـ	يوسف بن إبراهيم الساجر	ShamAY	35372	0.54596
		من أقوال المنصفين في الصحابي الخليفة معاوية رضي الله عنه	الواحدي :: عبد المحسن العباد	ShamAY	35829	0.54596
		 مناحل الشفا ومناهل الصفا بتحقيق كتاب شرف المصطفى ( ص ) 	 عبد الملك الخركوشي النيسابوري 	ABLibrary	7588	0.54595
		الرسائل الرجاليه	محمد باقربن محمدنقي شفتي بيدآبادي	Ghbook	15615	0.54591
		نهاية الإيجاز في سيرة ساكن الحجاز	رفاعة رافع بن بدوي بن علي الطهطاوي (المتوفى: 1290هـ)	ShamAY	1515	0.54586
		الرد المفحم على من اعتدى على صحيح مسلم	ربيع بن هادي المدخلي	ShamAY	33014	0.54586
		الاختصاص	الشيخ المفيد	Masaha	537	0.54585
		بحار الأنوار [ج ٣٥]	الشيخ محمّد باقر بن محمّد تقي المجلسي	Rafed	953	0.54581
		فائدة جليلة في قواعد الأسماء الحسنى	محمد بن أبي بكر بن أيوب بن سعد شمس الدين ابن قيم الجوزية (المتوفى: 751هـ)	ShamAY	11329	0.54579
		الفصول في مصطلح حديث الرسول	حافظ ثناء الله الزاهدي	Sham19Y	21540	0.54578
		ألفية السيرة النبوية ـ نظم الدرر السنية الزكية	زين الدين العراقي‏	Masaha	1863	0.54573
		القواعد النحويّة	السيد قاسم الحسيني الخراساني ومحمود الملكي الإصفهاني	Rafed	2586	0.5457
		الدين الصحيح يحل جميع المشاكل للعلامة السعدي ــ رحمه الله	عبد الرحمن بن ناصر السعدي	ShamAY	35417	0.54563
		عناية العلماء بالإسناد وعلم الجرح والتعديل - عبد العزيز فارح	عبد العزيز محمد فارح	ShamAY	11306	0.54563
		 الأطعمة والأشربة ، آدابها وفوائدها ( النفحات الزكية في شرح الأرجوزة الأعسمية ) 	 الشيخ محمد علي الأعسم 	ABLibrary	9973	0.54561
		الاجتهاد والتقليد	العلامة الحلي	Masaha	1054	0.54561
		تفسير القرآن العظيم [ج ٣]	أبي الفداء اسماعيل بن عمر ابن كثير الدمشقي	Rafed	3409	0.5456
		آية المباهلة	السيد علي الحسيني الميلاني	Masaha	11	0.54557
		تنقيح مباني العروة - كتاب الطهارة - الجزء1	الميرزا جواد التبريزي	Masaha	5041	0.54556
		بريق المواعظ المنبرية	أبو هاشم صالح بن عوّاد بن صالح المغامسي	ShamAY	883	0.54555
		الامامه و الحكومه	محمد حسين انصاري	Ghbook	7124	0.54555
		تحفة المودود بأحكام المولود (دار الكتب العلمية)	ابن القيم	ShamAY	34423	0.54554
		مالك بن نبي مفكر اجتماعي ورائد إصلاحي	محمد العبدة	ShamAY	38602	0.54552
		الصوت اللغوي في القرآن	الدكتور محمد حسين علي الصّغير	Rafed	195	0.54551
		الصوم جنة	د خالد بن عبد الرحمن بن علي الجريسي	ShamAY	9492	0.54549
		شرح زاد المستقنع للخليل	أحمد بن محمد بن حسن بن إبراهيم الخليل	ShamelaY19	96613	0.54549
		قادة فتح الأندلس	محمود شيت خطاب (المتوفى: 1419هـ)	ShamAY	205	0.54548
		قيد الشريد من أخبار يزيد	الواحدي :: ابن طولون	ShamAY	34312	0.54548
		مكاتيب الائمه ( عليهم السلام ) - مكاتيب الامام جعفر بن محمد الصادق ( عليه السلام...	علي احمدي ميانجي	Ghbook	5026	0.54544
		الاستراتيجيه الحربيه في معركه عاشوراء	نبيل قدوري الحسني	Ghbook	12342	0.54543
		مورد اللطافة في من ولي السلطنة والخلافة	يوسف بن تغري بردي بن عبد الله الظاهري الحنفي، أبو المحاسن، جمال الدين (المتوفى: 874هـ)	ShamAY	6669	0.54541
		 حلية الأبرار في أحوال محمد وآله الأطهار ( ع ) 	 السيد هاشم البحراني 	ABLibrary	7489	0.54541
		ماذا بعد نحو نصرة حقيقية لفلسطين	مجدي الهلالي	ShamelaY19	36412	0.5454
		موسوعة قرى ومدن لبنان [ج ١٠]	طوني مفرّج	Rafed	2589	0.54538
		الوجيز في حكم تجويد الكتاب العزيز	د. محمد بن سيدي محمد محمد الأمين	Sham19Y	21557	0.54536
		الجمع بين الصحيحين لعبد الحق	أبو محمد عبد الحق بن عبد الرحمن الإشبيلي (المتوفى: 582 ه)	Sham19Y	20638	0.54535
		رَفْعُ النِّقَابِ عَن تنقِيح الشّهابِ	أبو عبد الله الحسين بن علي بن طلحة الرجراجي ثم الشوشاوي السِّمْلالي (المتوفى: 899هـ)	ShamAY	32190	0.54533
		الصّحاح [ج ٥]	إسماعيل بن حمّاد الجوهري	Rafed	2882	0.54533
		العقيدة السفارينية = الدرة المضية في عقد أهل الفرقة المرضية	شمس الدين، أبو العون محمد بن أحمد بن سالم السفاريني الحنبلي (المتوفى: 1188ه)	Sham19Y	6382	0.54531
		العلاج والرقى	د خالد بن عبد الرحمن بن علي الجريسي	ShamelaY19	21519	0.54528
		تحكيم الشريعة ومعوقات التطبيق (دراسة قرآنية)	عصام زهد	ShamAY	33448	0.54527
		بلون الغار ... بلون الغدير ...	معروف عبدالمجيد	Ghbook	7615	0.54526
		الشرح الميسر لزاد المستقنع - كتاب الطهارة للحازمي	أبو عبد الله، أحمد بن عمر بن مساعد الحازمي	ShamAY	542	0.54522
		ابن عربي .. صاحب كتاب (فصوص الحكم) إمام من أئمة الكفر والضلال	عبد الرحمن بن عبد الخالق	ShamAY	35381	0.54522
		 الطراز الأول والكناز لما عليه من لغة العرب المعول 	 ابن معصوم المدني 	ABLibrary	7949	0.54522
		فقه الحضارة في ضوء فتاوى سماحة آية الله العظمى السيد علي الحسيني السيستاني	الدكتور محمد حسين علي الصّغير	Rafed	105	0.54522
		تفسير الموطأ للقنازعي	عبد الرحمن بن مروان بن عبد الرحمن الأنصاري، أبو المطرف القَنَازِعي (المتوفى: 413 هـ)	ShamAY	32439	0.54519
		الامام محمّد الجواد عليه السلام .. سيرة وتاريخ	السيد عدنان الحسيني	Rafed	1201	0.54519
		أجنحة المكر الثلاثة وخوافيها : التبشير - الاستِشراق - الاستعمار ، دراسة وتحليل وتوجيه	عبد الرحمن بن حسن حَبَنَّكَة الميداني الدمشقي (المتوفى : 1425هـ)	ShamAY	22855	0.54518
		أثر العبادات في حياة المسلم	عبد المحسن بن حمد بن عبد المحسن بن عبد الله بن حمد العباد البدر	ShamAY	7481	0.54516
		حياه الامام الرضا ( عليه السلام )	سيد جعفرمرتضي حسيني عاملي	Ghbook	7131	0.54514
		شروط لا إله إلا الله	د عواد بن عبد الله المعتق	ShamAY	3542	0.54512
		الإنقاذ من دعاوى الإنقاذ للتاريخ الإسلامي!! رد على حسن بن فرحان المالكي	سليمان بن حمد العودة	ShamAY	37125	0.54512
		نظرة عابرة الى الصحاح الستة	عبد الصمد شاكر	Rafed	132	0.54511
		التاج والإكليل لمختصر خليل	محمد بن يوسف بن أبي القاسم بن يوسف العبدري الغرناطي، أبو عبد الله المواق المالكي (المتوفى: 897هـ)	ShamAY	21611	0.5451
		 ميراث حوزه اصفهان ( رسائل إجالة الفكر للهندي وأجل محتوم ، تجسم الأعمال ، سهو النبي ووحدت وجود للخواجوئي ) 	 مجموعة مؤلفين 	ABLibrary	8429	0.54508
		حوار مع فضل الله حول الزهراء سلام الله عليها	هاشم هاشمي	Ghbook	3783	0.54508
		الشريف الرضي (كاشف الغطاء)	محمد رضا آل كاشف الغطاء	Ghbook	8810	0.54508
		كتاب المزار	الشيخ المفيد	Masaha	699	0.54507
		آراء أهل المدينة الفاضلة ومضاداتها	محمد بن محمد الفارابي [ أبي نصر الفارابي ]	Rafed	1716	0.54506
		بشرى الكئيب بلقاء الحبيب	عبد الرحمن بن أبي بكر، جلال الدين السيوطي (المتوفى: 911هـ)	ShamAY	10924	0.54505
		مجموعة الوثائق السياسية للعهد النبوي و الخلافة الراشدة	محمد بن يوسف الگنجي الشافعي‏	Masaha	2854	0.54505
		فتح المتعال على القصيدة المسماة بلامية الأفعال	حمد بن مُحَمَّد الرائقي الصعيدي الْمَالِكِي (المتوفى: نحو 1250هـ)	ShamAY	3863	0.54502
		استدراك وتعقيب على الشيخ شعيب الأرنؤوط في تأويله بعض أحاديث الصفات	خالد بن عبد الرحمن بن حمد الشايع	Sham19Y	122231	0.54502
		الغارات	ابراهيم بن محمد ثقفي	Ghbook	2633	0.54498
		الخصائص [ج ٢]	أبي الفتح عثمان بن جنّي	Rafed	2071	0.54497
		الإمام محمد الجواد عليه السلام سيرة وتاريخ	السيد عدنان الحسيني	Masaha	672	0.54497
		الصلاة على النبي صلى الله عليه وسلم فضلها وكيفيتها	عبد المحسن بن حمد بن عبد المحسن بن عبد الله بن حمد العباد البدر	ShamAY	10418	0.54493
		بيئات التربية الإسلامية	عباس محجوب	ShamAY	10026	0.5449
		 تسهيل المنافع في الطب والحكمة 	 ابراهيم بن عبد الرحمن بن أبي بكر الأزرق 	ABLibrary	9949	0.5449
		تحفة الملوك (في فقه مذهب الإمام أبي حنيفة النعمان)	زين الدين أبو عبد الله محمد بن أبي بكر بن عبد القادر الحنفي الرازي (المتوفى: 666هـ)	ShamAY	6173	0.54488
		نهر الذّهب في تاريخ حلب [ج ١]	كامل البالي الحلبي [ الغزي ]	Rafed	3012	0.54488
		تربية ملكة الاجتهاد من خلال بداية المجتهد لابن رشد	محمد بولوز	ShamAY	37559	0.54487
		المجازات النبوية	الشريف الرضي	Masaha	4566	0.54485
		الأقطاب الفقهية على مذهب الإمامية	ابن أبي جمهور	Masaha	1055	0.54481
		ذم التأويل	أبو محمد موفق الدين عبد الله بن أحمد بن محمد بن قدامة الجماعيلي المقدسي ثم الدمشقي الحنبلي، الشهير بابن قدامة المقدسي (المتوفى: 620هـ)	ShamAY	6425	0.5448
		الرد على من ذهب إلى تصحيح علم الغيب من جهة الحظ	أبو الوليد محمد بن أحمد بن رشد القرطبي (المتوفى: 520هـ)	ShamAY	6542	0.54479
		أذكار وآداب الصباح والمساء	محمد أحمد إسماعيل المقدم	ShamelaY19	29710	0.54479
		 ألفية السيرة النبوية ( نظم الدّرر السنية في السّير الزكية ) 	 زين الدّين عبد الرّحيم بن الحسين العراقي 	ABLibrary	7421	0.54479
		صفة جزيرة العرب	ابن الحائك، أبو محمد الحسن بن أحمد بن يعقوب بن يوسف بن داود الشهير بالهمداني (المتوفى: 334هـ)	ShamAY	12521	0.54478
		زهير بن القين	سيد علي جمال أشرف	Ghbook	16568	0.54478
		 كنوز الصحة ويواقيت المنحة 	 كلوت بك ( مترجم : محمد افندى شافعى ) 	ABLibrary	9974	0.54475
		نزهة الألباب في قول الترمذي «وفي الباب»	أبو الفضل، حسن بن محمد بن حيدر الوائليّ الصنعانيّ	ShamAY	32272	0.54473
		الشهاده الثالثه : تقرير الابحاث	محمد السند	Ghbook	9790	0.54473
		فقه العبادات على المذهب الحنفي	الحاجة نجاح الحلبي	ShamAY	650	0.54471
		كشف الشبهات	محمد بن عبد الوهاب بن سليمان التميمي النجدي (المتوفى: 1206ه)	ShamelaY19	30850	0.54469
		الجمع بين الصحيحين لعبد الحق	أبو محمد عبد الحق بن عبد الرحمن الإشبيلي (المتوفى: 582 ه)	ShamelaY19	20638	0.54469
		 الكفاية في الطب ( كفاية الطبيب فيما صح لدي من التجاريب ) 	 علي بن رضوان المصري 	ABLibrary	9860	0.54468
		جواهر العقود ومعين القضاة والموقعين والشهود	شمس الدين محمد بن أحمد بن علي بن عبد الخالق، المنهاجي الأسيوطي ثم القاهري الشافعي (المتوفى: 880هـ)	ShamAY	6172	0.54467
		تفسير القرآن العظيم [ج ٥]	أبي الفداء اسماعيل بن عمر ابن كثير الدمشقي	Rafed	3411	0.54466
		التحصين	الشيخ جمال الدين أحمد بن محمد بن فهد الحلّي	Rafed	1743	0.54464
		 في رحاب أهل البيت ( ع ) 	 لجنة بحوث المجمع العالمي لأهل البيت ( ع ) 	ABLibrary	8546	0.54462
		رحلة في الجزيرة العربية الوسطى	شارل هوبير	Rafed	3018	0.54461
		هل تحب معرفه الله ؟	آيت الله العظمي سيد محمد حسيني شيرازي	Ghbook	7863	0.54461
		الشرح الميسر لزاد المستقنع - كتاب الطهارة للحازمي	أبو عبد الله، أحمد بن عمر بن مساعد الحازمي	Sham19Y	36123	0.5446
		الصّحابة في حجمهم الحقيقي	الهاشمي بن علي	Rafed	1189	0.5446
		العصمة	السيّد علي الحسيني الميلاني	Rafed	1558	0.54458
		تعدد الخلفاء ووحدة الأمَّة فقهاً وتاريخاً ومستقبلاً	الدكتور محمد خلدون أحمد نورس مالكي	ShamAY	1732	0.54454
		أسس الحدود والتعزيرات	الميرزا جواد التبريزي	Masaha	4866	0.54448
		الأحاديث الطوال للطبراني	سليمان بن أحمد بن أيوب بن مطير اللخمي الشامي، أبو القاسم الطبراني (المتوفى: 360ه)	Sham19Y	12989	0.54444
		جمع الجوامع المعروف ب «الجامع الكبير»	جلال الدين السيوطي (849 - 911 ه)	ShamelaY19	127677	0.54443
		رسالة الحجاب (مطبوع مع رسالة الدماء الطبيعية للنساء)	محمد بن صالح بن محمد العثيمين (المتوفى: 1421ه)	ShamelaY19	21810	0.54441
		فقه العبادات على المذهب الحنفي	الحاجة نجاح الحلبي	Sham19Y	650	0.54439
		لقاء الفرزدق و الامام الحسين عليه السلام	سيد علي جمال أشرف	Ghbook	16512	0.54437
		نشأة الشيعة الامامية	نبيلة عبد المنعم داود	Rafed	164	0.54436
		إهداء للبرنامج من دار الركائز للنشر والتوزيع - دولة الكويت	عبد الرحمن بن عبد الله البعلي الحنبلي (ت: 1192 ه)	ShamelaY19	147660	0.54434
		الأحكام المترتبة على الحيض والنفاس والاستحاضة	صالح بن عبد الله اللاحم	ShamAY	32128	0.54433
		الصحيح من سيرة النبي الأعظم صلّى الله عليه وآله [ج ٣٠]	السيد جعفر مرتضى العاملي	Rafed	2645	0.54433
		تنوير الحوالك شرح موطأ مالك	عبد الرحمن بن أبي بكر، جلال الدين السيوطي (المتوفى: 911ه)	Sham19Y	5757	0.54432
		محاضرات المؤتمر الاسلامي لأخلاقيات الممارسة الطبية	مجموعة من المؤلفين	ShamAY	36136	0.54431
		تنوير الحوالك شرح موطأ مالك	عبد الرحمن بن أبي بكر، جلال الدين السيوطي (المتوفى: 911هـ)	ShamAY	5757	0.5443
		المعجم المفصّل في النّحو العربي [ج ١]	الدكتورة عزيزة فوّال بابستي	Rafed	1795	0.54427
		الحلل الإبريزية من التعليقات البازية على صحيح البخاري	ابن باز	ShamAY	38863	0.54426
		قصص الأنبياء	قطب الدين سعيد بن هبة الله الراوندي [ قطب الدين الراوندي ]	Rafed	152	0.54426
		المسالك والممالك للاصطخري أو مسالك الممالك - مصر	أبو اسحاق إبراهيم بن محمد الفارسي الاصطخري، المعروف بالكرخي (المتوفى: 346هـ)	ShamAY	11680	0.54424
		الاختيارات العلمية في مسائل الحج والعمرة	الواحدي :: ابن باز	ShamAY	36411	0.54423
		لسان اللسان [ج ١]	أبي الفضل جمال الدين محمّد بن مكرم ابن منظور	Rafed	2931	0.54423
		السراج الوهاج على متن المنهاج	العلامة محمد الزهري الغمراوي (المتوفى: بعد 1337هـ)	ShamAY	6123	0.54422
		مدخل إلى مشروع «آثار الشيخ العلامة محمد الأمين الشنقيطي» (وهو فاتحة التقديم ل «أضواء البيان» ضمن «آثار الشيخ الشنقيطي»)	بكر أبو زيد - علي العمران - خالد السبت	Sham19Y	20766	0.54422
		 دراسات موجزة في الخيارات والشروط 	 الشيخ السبحاني 	ABLibrary	9564	0.54421
		أخبار فخ وخبر يحيي بن عبد الله وأخيه إدريس بن عبد الله (انتشار الحركة الزيدية في اليمن والمغرب والديلم)	أحمد بن سهل الرازي (المتوفي في الربع الأول من القرن الرابع)	ShamAY	31664	0.54417
		شرح القويسني على السلم المنورق للأخضري	أبو عبد الله، أحمد بن عمر بن مساعد الحازمي	Sham19Y	36107	0.54415
		التَّأويل - خُطُورَتُهُ وَآثَارُهُ	عمر بن سليمان بن عبد الله الأشقر العتيبي (المتوفى: 1433هـ)	ShamAY	31667	0.5441
		الأمثال السائرة من شعر المتنبي	إسماعيل بن عباد بن العباس، أبو القاسم الطالقاني، المشهور بالصاحب بن عباد (المتوفى: 385ه)	ShamelaY19	37460	0.54408
		الأساس في التفسير [ج ١١]	سعيد حوّى	Rafed	3161	0.54408
		 نثر الدر المكنون من فضائل اليمن الميمون 	 محمد بن علي الإهدلي 	ABLibrary	9292	0.54406
		مباحث في عقيدة أهل السنة والجماعة وموقف الحركات الإسلامية المعاصرة منها	د. ناصر بن عبدالكريم العقل	ShamAY	35611	0.544
		رفْعُ الالْتِبَاس عَنْ تَنَازُعِ الوَصِي وَالْعَبَّاس	الواحدي :: الصنعاني	ShamAY	33200	0.54399
		ابن قيم الجوزية وجهوده في خدمة السنة النبوية وعلومها	جمال بن محمد السيد	Sham19Y	11401	0.54398
		عاشوراء و القرآن المهجور	محمد خادمي شيرازي	Ghbook	7759	0.54398
		ابن قيم الجوزية وجهوده في خدمة السنة النبوية وعلومها	جمال بن محمد السيد	ShamAY	11401	0.54396
		المصباح المنير	أحمد بن محمد بن علي القيومي المقرى	Rafed	1160	0.54394
		مسلمو أهل الكتاب من اليهود في صدر الإسلام الأول والطعون التي وجهت إليهم	د. محمد بن علي بن صالح الغامدي	ShamAY	36113	0.54393
		موسوعه خديجه بنت خويلد عليها السلام	شعبه التحقيق في قسم الشوون الفكريه والثقافيه في العتبه الحسينيه المقدسه	Ghbook	16476	0.54391
		 كتاب المكاسب ( المحشَّى ) 	 الشيخ الأنصاري 	ABLibrary	9378	0.5439
		الدعوة إلى الله وأخلاق الدعاة	عبد العزيز بن عبد الله بن باز (المتوفى: 1420ه)	Sham19Y	22565	0.54389
		نزول القرآن الكريم والعناية به في عهد الرسول صلى الله عليه وسلم	محمد بن عبد الرحمن الشايع	ShamAY	12110	0.54387
		 لقط المنافع في علم الطب 	 ابن الجوزي 	ABLibrary	9876	0.54383
		الآثار السيئة للوضع في الحديث	عبد الله بن ناصر الشقاري	Sham19Y	8710	0.54379
		شرح كتاب سيبويه [جزء من الكتاب (من باب الندبة إلى نهاية باب الأفعال) حقق كرسالة دكتوراه]	أبو الحسن علي بن عيسى الرماني (296 - 384 ه)	Sham19Y	18282	0.54379
		حلية العلماء في معرفة مذاهب الفقهاء	محمد بن أحمد بن الحسين بن عمر، أبو بكر الشاشي القفال الفارقيّ، الملقب فخر الإسلام، المستظهري الشافعي (المتوفى: 507هـ)	ShamAY	6131	0.54378
		 أسرار التوحيد في مقامات أبي سعيد 	 محمد بن المنور الميهني 	ABLibrary	8725	0.54377
		صفة العمرة	الواحدي :: ابن باز	ShamAY	36412	0.54376
		طلوع سعد السّعود [ج ٢]	الآغا بن عودة المزاري	Rafed	2394	0.54376
		تقويه الايمان	محمد بن عقيل بن عبدالله بن عمر بن يحيي علوي	Ghbook	7114	0.54376
		شرح شذور الذهب في معرفة كلام العرب	شمس الدين محمد بن عبد المنعم بن محمد الجَوجَري القاهري الشافعي (المتوفى: 889هـ)	ShamAY	9134	0.54375
		مقدمات في علم القراءات	محمد أحمد مفلح القضاة، أحمد خالد شكرى، محمد خالد منصور (معاصر)	ShamelaY19	38076	0.54375
		الانوار القدسيه - بانضمام الغديريه	محمد حسين غروي اصفهاني ( كمپاني )	Ghbook	7111	0.54375
		طل الربوة تربية الأستاذ الداعية لتلميذه	الدكتور عبد الله قادري الأهدل	ShamAY	1968	0.54374
		الوصف المناسب لشرع الحكم	أحمد بن محمود بن عبد الوهاب الشنقيطي	ShamAY	9573	0.54373
		منطق المشرقيين	ابوعلي حسين بن عبدالله ابن سينا	Ghbook	7953	0.54373
		ديكارت مبادئ الفلسفة	د/ عثمان أمين	ShamAY	10008	0.5437
		إرشاد القلوب - الجزء2	الحسن الديلمي	Masaha	146	0.5437
		 إيصال الطالب إلى المكاسب 	 السيد محمد الحسيني الشيرازي 	ABLibrary	9477	0.54369
		مجالس في تفسير قوله تعالى: {لقد من الله على المؤمنين إذ بعث فيهم رسولا من أنفسهم}	ابن ناصر الدين (842 هـ)	ShamAY	33586	0.54368
		عثمان بن عفان ذو النورين	محمد رضا (المتوفى: 1369هـ)	ShamAY	552	0.54367
		ألفية السيوطي في علم الحديث ت ماهر الفحل	عبد الرحمن بن أبي بكر، جلال الدين السيوطي (المتوفى: 911هـ)	ShamAY	10483	0.5436
		إتحاف الأطهار بفضل الدعاء وصحيح الأذكار وفوائدهما	ماجد البنكاني	ShamAY	35193	0.54359
		 فضائل الثقلين من كتاب توضيح الدلائل على ترجيح الفضائل 	 شهاب الدين أحمد الإيجي 	ABLibrary	7637	0.54358
		مصطفى سعيد الخن العالم المربي وشيخ علم أصول الفقه في بلاد الشام	محي الدين ديب مستو	ShamAY	38592	0.54357
		برد الأكباد عند فقد الأولاد لابن ناصر الدين	ابن ناصر الدين (842 هـ)	ShamAY	34300	0.54356
		مستند الشّيعة [ج ٥]	أحمد بن محمّد مهدي النّراقي	Rafed	601	0.54356
		مقالات و فتاوي حول البهائيه	مركز البحوث بدار البصائر	Ghbook	7039	0.5435
		سند العروة الوثقي (كتاب الاجتهاد و التقليد)	محمد السند	Ghbook	15219	0.54348
		المدخل الي تاريخ التفسير والمفسرين	حسين علوي مهر	Ghbook	14948	0.54344
		الدليل العقلي علي امامه علي عليه السلام	آيت الله علي حسيني ميلاني	Ghbook	4537	0.54344
		التاج والإكليل لمختصر خليل	محمد بن يوسف بن أبي القاسم العبدري أبو عبد الله	ShamAY	34219	0.54342
		مواقف العلماء عبر العصور في الدعوة إلى اللَّه تعالى	د. سعيد بن علي بن وهف القحطاني	ShamAY	1896	0.54342
		الشوري في الامامه	آيت الله علي حسيني ميلاني	Ghbook	4797	0.5434
		الكوثري وتعليقاته	محمد بهجت البيطار	ShamAY	35498	0.54338
		محاضرات في علوم الحديث	الدكتور ماهر ياسين الفحل	ShamAY	1841	0.54338
		مفرحة الأنام في تأسيس بيت الله الحرام‏	زين العابدين الحسيني الكاشاني	Masaha	3746	0.54338
		العمل الصالح طريق التغيير	آيت الله العظمي سيد محمد حسيني شيرازي	Ghbook	7765	0.54337
		كشف الستور في نهي النساء عن زيارة القبور	حماد بن محمد الأنصاري الخزرجي السعدي (المتوفى: 1418ه)	Sham19Y	5046	0.54336
		العقود اللؤلؤية في تاريخ الدولة الرسولية	علي بن الحسن بن أبي بكر بن الحسن ابن وهاس الخزرجي الزبيدي، أبو الحسن موفق الدين (المتوفى: 812ه)	Sham19Y	9233	0.54336
		مسارُّ الشيعة في مختصر تواريخ الشريعة	الشيخ المفيد	Masaha	1008	0.54331
		مفتاح الكرامة في شرح قواعد العلامة (ط - القديمة)	سيد جواد بن محمد حسيني عاملي	Ghbook	10695	0.5433
		صلاة الاستخارة أحكام مهمة جدا لإتقانها	سند بن علي بن أحمد البيضاني	ShamAY	36448	0.54329
		الإلمام بشيء من أحكام الصيام	الواحدي :: عبد العزيز الراجحي	ShamAY	36376	0.54328
		مجمع الزوائد ومنبع الفوائد ت حسين أسد	أبو الحسن نور الدين علي بن أبي بكر بن سليمان الهيثمي (المتوفى: 807ه)	ShamelaY19	96615	0.54328
		التنبيهات على رسالة الألباني في الصلاة	حمود بن عبد الله بن حمود بن عبد الرحمن التويجري (المتوفى: 1413 ه)	Sham19Y	18085	0.54326
		رسالة جواز وقوع النسخ للجوهري	إسماعيل الجوهري	ShamAY	37589	0.54324
		بأي عقل ودين يكون التفجير والتدمير جهادا؟! ويحكم ... أفيقوا يا شباب!!	عبد المحسن بن حمد بن عبد المحسن بن عبد الله بن حمد العباد البدر	ShamAY	11066	0.54324
		شرح التذكرة في علوم الحديث لابن الملقن	عبد العزيز بن محمد السعيد	ShamAY	37350	0.54324
		الشيعه و القرآن	خليفه عبيد كلباني عماني	Ghbook	7569	0.54323
		تبيين الحقائق شرح كنز الدقائق وحاشية الشلبي	عثمان بن علي بن محجن البارعي، فخر الدين الزيلعي الحنفي (المتوفى: 743 ه)	ShamelaY19	23023	0.54322
		معجم البلدان [ج ٤]	شهاب الدين أبي عبدالله ياقوت بن عبدالله الحموي الرومي البغدادي	Rafed	3199	0.54322
		المخصّص [ج ١٥]	أبي الحسن علي بن إسماعيل بن سيده المرسي [ ابن سيده ]	Rafed	3563	0.54321
		الأرجوزة ذات الأمثال لأبي العتاهية المتوفى سنة ش211هـ	الواحدي :: أبو العتاهية	ShamAY	34536	0.5432
		الكتاب لسيبويه	عمرو بن عثمان بن قنبر الحارثي بالولاء، أبو بشر، الملقب سيبويه (المتوفى: 180ه)	ShamelaY19	23018	0.54319
		بحار الأنوار [ج ٤٨]	الشيخ محمّد باقر بن محمّد تقي المجلسي	Rafed	986	0.54319
		كتاب السياسه	ابوعلي حسين بن عبدالله ابن سينا	Ghbook	7951	0.54318
		الغدير في التراث الإسلامي	السيد عبد العزيز الطباطبائي	Masaha	365	0.54318
		القول الجازم في سقوط الحد بنكاح المحارم	الإمام محمد عبد الحي اللكنوي (ت1304هـ)	ShamAY	36009	0.54317
		ذكرى الشيعة في أحكام الشّريعة [ج ٤]	محمّد بن جمال الدّين مكّي العاملي الجزيني [ الشهيد الأول ]	Rafed	546	0.54316
		الوجيز في حكم تجويد الكتاب العزيز	د. محمد بن سيدي محمد محمد الأمين	ShamAY	21557	0.54311
		عثمان بن عفان ذو النورين	محمد رضا (المتوفى: 1369ه)	Sham19Y	552	0.54311
		منتخب الأثر في الإمام الثاني عشر عليه السلام [ج ٢]	لطف الله الصافي الگلپايگاني	Rafed	2775	0.54311
		إعراب القرآن الكريم وبيانه [ج ٥]	محيي الدين الدرويش	Rafed	2035	0.5431
		اهل البيت في الحياه الاسلاميه	محمد باقر حكيم	Ghbook	7608	0.54309
		تنقيح مباني العروة - الصوم	آيت الله العظمي ميرزا جواد تبريزي	Ghbook	10098	0.54307
		الحياة الفكريه و السياسيه لائمه اهل البيت عليهم السلام	رسول جعفريان	Ghbook	9265	0.54307
		 فقه السياحة والسفر 	 السيد صادق الحسيني الشيرازي 	ABLibrary	9668	0.54306
		الإرشاد في معرفة حجج الله على العباد [ج ٢]	محمّد بن محمّد النعمان العكبري [ الشيخ المفيد ]	Rafed	429	0.54306
		الخبيثة أم الخبائث	عبد الفتاح بن سليمان عشماوي	ShamAY	10354	0.54303
		موسوعة مصطلحات الفلسفة عند العرب	جيرار جهامي (معاصر)	ShamAY	34796	0.54301
		الدرر المنتقاة من الكلمات الملقاة	أمين بن عبد الله الشقاوي	ShamAY	38508	0.54301
		الجنايات في الفقه الإسلامي دراسة مقارنة بين الفقه الإسلامي والقانون	حسن علي الشاذلي	ShamAY	9980	0.54301
		نوادر الأصول في معرفة أحاديث الرسول صلى الله عليه وسلم - النسخة المسندة	الحكيم الترمذي (285 هـ)	ShamAY	34123	0.54297
		الفوائد في اختصار المقاصد	أبو محمد عز الدين عبد العزيز بن عبد السلام بن أبي القاسم بن الحسن السلمي الدمشقي، الملقب بسلطان العلماء (المتوفى: 660هـ)	ShamAY	6291	0.54296
		النكت على صحيح البخاري ويليه «التجريد على التنقيح»	أبو الفضل ابن حجر العسقلاني	ShamelaY19	132963	0.54292
		قضاء حقوق المومنين	حسين بن طاهر صوري	Ghbook	4636	0.54292
		تفسير الأحلام = منتخب الكلام في تفسير الأحلام (مطبوع بهامش تعطير الأنام في تعبير المنام للنابلسي)	ينسب لمحمد بن سيرين (المتوفى: 110ه) ولا تصح نسبته له	ShamelaY19	21615	0.54291
		جواهر الكلام [ج ٣٩]	الشيخ محمّد حسن النّجفي	Rafed	765	0.54289
		جواهر القرآن و درره	ابوحامد محمد بن محمد بن محمد غزالي	Ghbook	4843	0.54289
		الجمل في النحو	عبدالرحمان بن اسحاق زجاجي	Ghbook	16342	0.54288
		مشتبهات القرآن	أبو الحسن علي بن حمزة الكسائي	Rafed	871	0.54287
		 الجواهر الفخرية في شرح الروضة البهية 	 قدرت الله وجداني فخر 	ABLibrary	9460	0.54286
		جامع زيارات المعصومين عليهم السلام	موسسه پيام امام هادي عليه السلام	Ghbook	14795	0.54285
		جمهرة اللغة - الجزء1	ابن دريد	Masaha	3213	0.54284
		دراسات في السنة النبوية	محمد ضياء الرحمن الأعظمي	ShamAY	23071	0.54283
		الدره الباهره من الصداف الطاهره	شمس الدين محمد بن مكي شهيد اول	Ghbook	7109	0.54281
		مباحث في علم القراءات مع بيان أصول رواية حفص	محمد عباس الباز	ShamAY	1495	0.5428
		أجوبة محققة عن أسئلة مفرقة (طبعت ضمن رسائل ابن عابدين)	ابن عابدين، محمد أمين بن عمر بن عبد العزيز عابدين الدمشقي الحنفي (المتوفى: 1252ه)	ShamelaY19	36573	0.5428
		حسان بن ثابت وشعره في الغدير	الشيخ عبد الحسين الأميني النجفي	Masaha	236	0.54278
		سماحة الإسلام في التعامل مع غير المسلمين	أ. د. حكمت بن بشير بن ياسين	ShamAY	1196	0.54275
		معجم علوم القرآن	إبراهيم محمد الجرمي	ShamAY	1228	0.54272
		غنائم الأيّام في مسائل الحلال والحرام [ج ٤]	الميرزا أبو القاسم القمّي	Rafed	1833	0.5427
		التصنيف الموضوعي لتاريخ بغداد، للحافظ أبي بكر الخطيب البغدادي	محمد بن عبد الله الهبدان :: محمد الهبدان	ShamAY	35252	0.54269
		كفاية الأصول في أسلوبها الثاني‏  - الجزء1	الشيخ باقر الإيرواني	Masaha	4209	0.54268
		من الأحكام الفقهية في الطهارة والصلاة والجنائز	محمد بن صالح بن محمد العثيمين (المتوفى: 1421ه)	Sham19Y	31271	0.54266
		الغوالي اللئالي في فروع العلم الإجمالي‏ / تقريرات	الشيخ محمود عرب الأراكي	Masaha	3464	0.54261
		السنة النبوية المصدر الثاني للتشريع الإسلامي ومكانتها من حيث الاحتجاج والعمل	نور بنت حسن قاروت	ShamAY	7537	0.54253
		مصباح المنهاج	محمد سعيد طباطبائي حكيم	Ghbook	9632	0.54253
		الرحلات الخيالية في الشعر العربي الحديث	محمد الصالح السليمان	ShamAY	34467	0.54252
		موسوعة عاشوراء	جواد محدثي	Rafed	3254	0.54252
		الخلاصة في حقوق المعلم وواجباته	الواحدي :: علي بن نايف الشحود	ShamAY	36081	0.5425
		الرَّدُّ المُفْحِم على من اعتدَى علَى صحيح الإمام مسلم -رحمه الله-	ربيع بن هادي المدخلي	ShamAY	37308	0.5425
		 المواقف ( شرح الجرجاني ) ( مع حاشيتي السيالكوتي والحلبي ) 	 الإيجي 	ABLibrary	8471	0.5425
		تلقي النبي - صلى الله عليه وسلم - ألفاظ القرآن الكريم دراسة تأصيلية	عبد السلام المجيدي	ShamAY	35910	0.54249
		معجم النّحو	عبد الغني الدقر	Rafed	2563	0.54249
		دراسة حول الجبر والتفويض والقضاء والقدر	السيد مرتضى العسكري	Masaha	250	0.54249
		كتاب الأغذية والأدوية	إسحاق بن سليمان المعروف بالإسرائيلي المتوفى سنة 320 هـ‍	ShamAY	35939	0.54248
		الإشارة إلى علم العبارة (مخطوط)	محمد بن أحمد بن عمر، أبو عبد الله السَّالِمي (المتوفى: 800هـ)	ShamAY	10698	0.54248
		قواعد حياتيه علي ضوء روايات اهل البيت عليهم السلام	علي الفتلاوي	Ghbook	12316	0.54248
		أُفُولُ شَمْسٍ (أَرْبَعُونَ عَامَاً فِي صُحْبَة والدتي)		ShamAY	35034	0.54247
		كتاب العدد في اللغة	أبو الحسن علي بن إسماعيل بن سيده المرسي (المتوفى: 458هـ)	ShamAY	6983	0.54247
		تَلخيصُ صِفة صَلاة النَّبي صَلَّى اللَّهُ عَلَيْهِ وَآلهِ وَسَلَّمَ	أبو عبد الرحمن محمد ناصر الدين، بن الحاج نوح بن نجاتي بن آدم، الأشقودري الألباني (المتوفى: 1420هـ)	ShamAY	468	0.54247
		أجوبة محققة عن أسئلة مفرقة (طبعت ضمن رسائل ابن عابدين)	ابن عابدين، محمد أمين بن عمر بن عبد العزيز عابدين الدمشقي الحنفي (المتوفى: 1252هـ)	ShamAY	597	0.54246
		نبذة في العقيدة الإسلامية (مطبوع ضمن كتاب الصيد الثمين في رسائل ابن عثيمين)	محمد بن صالح بن محمد العثيمين (المتوفى: 1421ه)	ShamelaY19	21587	0.54246
		 الجوهر المصون والسر المرقوم 	 عبد الوهاب الشعراني 	ABLibrary	8834	0.54246
		 شمس العلوم ودواء كلام العرب من الكلوم 	 نشوان بن سعيد الحميري 	ABLibrary	9797	0.54245
		حكم تارك الصلاة - العثيمين	محمد بن صالح بن محمد العثيمين (المتوفى: 1421ه)	Sham19Y	11166	0.54242
		السيف البتار على من يوالي الكفار	عبد الله بن عبد الباري الأهدل	ShamAY	36612	0.54241
		العقود اللؤلؤية في تاريخ الدولة الرسولية	علي بن الحسن بن أبي بكر بن الحسن ابن وهاس الخزرجي الزبيدي، أبو الحسن موفق الدين (المتوفى: 812هـ)	ShamAY	9233	0.54241
		سلم الوصول إلى طبقات الفحول	مصطفى بن عبد الله القسطنطيني العثماني المعروف ب «كاتب جلبي» وب «حاجي خليفة» (المتوفى 1067 ه)	ShamelaY19	19199	0.5424
		 بحار الأنوار 	 العلامة المجلسي 	ABLibrary	792	0.5424
		 الدرة الفاخرة 	 ملا حبيب الله الشريف الكاشاني 	ABLibrary	976	0.54237
		من قصص التاريخ	آيت الله العظمي سيد محمد حسيني شيرازي	Ghbook	7839	0.54236
		التعليقة الاستدلالية على تحرير الوسيلة - الجزء1	ابو طالب التجليل التبريزي	Masaha	4943	0.54236
		شرح حصن المسلم من أذكار الكتاب والسنة	أبو مسلم مجدي بن عبد الوهاب الأحمد	ShamAY	1848	0.54235
		كيف نقرأ القرآن	محمد جعفر الهاشمي	Rafed	903	0.54235
		العروة الوثقى [ج ١]	آية الله السيّد محمّد كاظم الطباطبائي اليزدي	Rafed	674	0.54235
		خزانة الأدب و غاية الإرب - الجزء1	ابن حجة الحموي	Masaha	3044	0.54234
		سل السنان في الذب عن معاوية بن أبي سفيان رضي الله عنه	سعد السبيعي	ShamAY	35661	0.54233
		مصابيح الظلام [ج ٣]	محمّد باقر الوحيد البهبهاني	Rafed	1675	0.54227
		أثر تاريخ النص الحديثي في توجيه المعاني عند شراح الحديث دراسة تطبيقية	يوسف بن جودة الداودي	ShamelaY19	36115	0.54224
		هداية الأصول في شرح كفاية الأصول [ج ١]	حيدر علي المدرّسي البهسودي	Rafed	3645	0.54221
		أسئلة وأجوبة في الإيمان والكفر	عبد العزيز بن عبد الله بن عبد الرحمن الراجحي	ShamAY	1795	0.54219
		الامام الحسين عليه السلام في بحار الانوار	سيد علي جمال أشرف	Ghbook	16505	0.54218
		معارج الوصول إلى معرفة آل الرسول و البتول‏	جمال الدين محمد بن يوسف الزرندي الحنفي‏	Masaha	2855	0.54216
		الإشارة إلى سيرة المصطفى وتاريخ من بعده من الخلفا	مغلطاي بن قليج بن عبد الله البكجري المصري الحكري الحنفي، أبو عبد الله، علاء الدين (المتوفى: 762ه)	ShamelaY19	122236	0.54215
		شد الأثواب في سد الأبواب للسيوطي	الواحدي :: السيوطي	ShamAY	36179	0.54213
		اللباب في تسلية المصاب	أبو الحسن علاء الدين علي بن أيوب بن منصور المقدسي (ت 746هـ)	ShamAY	35003	0.54212
		 فتاوى في الأموال العامة 	 السيد كاظم الحائري 	ABLibrary	9609	0.54212
		مِنْ عَجَائِبِ الدُّعاء - الجزء الأول (قصَصٌ لِقَوْم دعوا اللهَ فَاسْتَجاب لَهُمْ مِن المُتقدِّمينَ والمُعاصِرين)	خالد بن سليمان بن علي الربعي	ShamAY	530	0.5421
		منتقى من صحيح السيرة		ShamAY	37411	0.5421
		الحجج اللطاف في الرد على الغماري والسقاف	محمد عادل ملاح	ShamAY	36382	0.5421
		منتهي  الدرايه  في  توضيح  الكفايه	محمد جعفر مروج جزائري	Ghbook	10176	0.5421
		حقيقة دعوة الإمام محمد بن عبد الوهاب	عبد الرحمن بن ناصر البراك	ShamAY	35528	0.54208
		التبرج وخطر مشاركة المرأة للرجل في ميدان عمله	عبد العزيز بن عبد الله بن باز (المتوفى: 1420ه)	ShamelaY19	31324	0.54207
		الصحيح من سيرة النبي الأعظم صلّى الله عليه وآله [ج ١٣]	السيد جعفر مرتضى العاملي	Rafed	2503	0.54207
		ديوان وليد الأعظمي	وليد عبد الكريم إبراهيم الأعظمي ينتمي لقبيلة العبيد العربية القحطانية الحميرية	ShamAY	37813	0.54206
		دراسة كتاب الرد على الجهمية للدارمي	حمود السلامه	ShamAY	35757	0.54206
		رياض المسائل في تحقيق الأحكام بالدّلائل [ج ١٢]	السيد علي بن السيد محمد علي الطباطبائي	Rafed	322	0.54206
		عقيلة بني هاشم	علي بن الحسين الهاشمي الخطيب	Rafed	1533	0.54206
		شمس العلوم ودواء كلام العرب من الكلوم	نشوان بن سعيد الحميرى اليمني (المتوفى: 573ه)	Sham19Y	23358	0.54205
		الرشوة	عطية بن محمد سالم (المتوفى: 1420هـ)	ShamAY	10387	0.54204
		بحار الأنوار [ج ٢٩]	الشيخ محمّد باقر بن محمّد تقي المجلسي	Rafed	910	0.54202
		الرسائل الحربية في عصر الدولة الأيوبية	محمد نغش	ShamAY	22991	0.542
		تصحيح حديث إفطار الصائم قبل سفرة بعد الفجر	أبو عبد الرحمن محمد ناصر الدين، بن الحاج نوح بن نجاتي بن آدم، الأشقودري الألباني (المتوفى: 1420هـ)	ShamAY	11097	0.54197
		سر الخليقه و فلسفه الحياه	عادل علوي	Ghbook	4634	0.54195
		موسوعة وضوء النبي	علي شهرستاني	Ghbook	16151	0.54195
		مناهج البحث في العلوم السياسية	دكتور محمد محمود ربيع	ShamAY	10009	0.54194
		أسرار العربية - الجيل	عبد الرحمن بن أبي الوفاء محمد بن عبيدالله بن أبي سعيد	ShamAY	34671	0.54194
		مكارم الأخلاق لابن عثيمين	محمد بن صالح بن محمد العثيمين (المتوفى: 1421ه)	Sham19Y	12082	0.54194
		منتهى الإرادات [في جمع المقنع مع التنقيح وزيادات] مع حاشية المنتهى لابن قائد النجدي	عثمان بن أحمد بن سعيد النجدي الشهير بابن قائد (ت: 1097 ه)	ShamelaY19	18353	0.5419
		شمس العلوم [ج ٢]	نشوان بن سعيد الحميري	Rafed	1368	0.54189
		تلخيص كتاب لمحات في علوم القرآن	الواحدي :: أحمد بوقرين	ShamAY	36816	0.54188
		الفصول في مصطلح حديث الرسول	حافظ ثناء الله الزاهدي	ShamAY	21540	0.54187
		نفحات الأزهار في خلاصة عبقات الأنوار [ج ١١]	السيّد علي الحسيني الميلاني	Rafed	453	0.54187
		رسالة في الخمس	السيد حسين البروجردي	Masaha	4988	0.54187
		الصورة الأدبية تاريخ ونقد	علي علي صبح	ShamAY	21102	0.54185
		الأنوار البهية في حل الجزرية	عبد الباسط هاشم	ShamAY	37752	0.54184
		الإيضاح العضدي	أبو علي الفارسيّ (288 - 377 هـ)	ShamAY	38961	0.54182
		إيضاح الوقف والابتداء	محمد بن القاسم بن محمد بن بشار، أبو بكر الأنباري (المتوفى: 328ه)	Sham19Y	14255	0.54182
		بحثا عن النور	علي كوراني	Ghbook	7612	0.54181
		أنوار الولاية الساطعة في شرح الزيارة الجامعة	السيّد محمّد الوحيدي	Rafed	2731	0.54173
		اطائب الكلم في بيان صله الرحم	علي بن حسين بن عبدالعالي محقق كركي	Ghbook	4637	0.54173
		فلسطين حتى لا تكون أندلسا أخرى	راغب السرجاني	ShamelaY19	37380	0.54172
		القائد المجاهد نور الدين محمود زنكي شخصيته وعصره	عَلي محمد محمد الصَّلاَّبي	ShamAY	296	0.54166
		نبذة مفيدة عن حقوق ولاة الأمر	عبد العزيز بن إبراهيم العسكر	ShamAY	36558	0.54165
		التجريد لنفع العبيد = حاشية البجيرمي على شرح المنهج (منهج الطلاب اختصره زكريا الأنصاري من منهاج الطالبين للنووي ثم شرحه في شرح منهج الطلاب)	سليمان بن محمد بن عمر البُجَيْرَمِيّ المصري الشافعي (المتوفى: 1221هـ)	ShamAY	21603	0.54158
		فاطمه و المفضلات من النساء	عبداللطيف بغدادي	Ghbook	7138	0.54158
		 المال ، أخذا وعطاء وصرفا 	 السيد محمد الحسيني الشيرازي 	ABLibrary	9488	0.54153
		الجنايات في الفقه الإسلامي دراسة مقارنة بين الفقه الإسلامي والقانون	حسن علي الشاذلي	Sham19Y	9980	0.54149
		القراءات وأثرها في علوم العربية	محمد محمد محمد سالم محيسن (المتوفى: 1422ه)	ShamelaY19	95569	0.54144
		الأحاديث الطوال للطبراني - ط المكتب الإسلامي	سليمان بن أحمد الطبراني	ShamAY	33724	0.54141
		المراجعات	السيد عبدالحسين شرف الدين الموسوي	Rafed	1466	0.54141
		فضل اتباع السنة	الواحدي :: محمد بن عمر بازمول	ShamAY	37422	0.5414
		الآثار المروية في صفة المعية	محمد بن خليفة بن علي التميمي	ShamAY	7523	0.54139
		المهذب في فضائل الخلفاء الراشدين	علي بن نايف الشحود	ShamAY	35790	0.54135
		إصلاح غلط أبي عبيد في غريب الحديث	ابن قتيبة عبد الله بن مسلم الدينوري (المتوفى: 276 ه)	Sham19Y	18197	0.54134
		نهاية الأحكام في معرفة الأحكام [ج ٢]	الحسن بن يوسف بن علي المطّهر [ العلامة الحلّي ]	Rafed	522	0.54133
		الاداره و المداراه	آيت الله العظمي سيد محمد حسيني شيرازي	Ghbook	8054	0.54133
		شهر شعبان	آيت الله العظمي سيد محمد حسيني شيرازي	Ghbook	7894	0.54132
		لسان المحدثين (معجم مصطلحات المحدثين)	محمد خلف سلامة	ShamAY	37283	0.54128
		ديوان حافظ إبراهيم	حافظ إبراهيم الملقب بشاعر النيل	ShamAY	37924	0.54124
		 المطالب العالية من العلم الإلهي 	 فخر الدين الرازي 	ABLibrary	8606	0.54123
		تنبيهات وتعقيبات لسماحة الوالد الشيخ عبدالعزيز بن عبدالله بن باز -رحمه الله- المفتي العام للمملكة العربية السعودية على بعض ما جاء في كتبي وأشرطتي	عبد الغني عبد الخالق	ShamAY	33477	0.54121
		مناسك الحج والعمرة	السيد محمد سعيد الطباطبائي الحكيم	Masaha	638	0.54121
		مجموعة الوثائق السياسية للعهد النبوي والخلافة الراشدة	محمد حميد الله الحيدر آبادي الهندي (المتوفى: 1424هـ)	ShamAY	23667	0.5412
		تأسيس الغرب الإسلامي	هشام جعيط	Rafed	2495	0.54119
		جمع القرآن الكريم في عهد الخلفاء الراشدين - فهد الرومي	أ. د. فهد بن عبد الرحمن بن سليمان الرومي	ShamAY	11134	0.54118
		البحث الأدبي بين النظر والتطبيق	علي علي صبح	ShamelaY19	23141	0.54118
		كشف الظنون عن أسامي الكتب والفنون	مصطفى بن عبد الله كاتب جلبي القسطنطيني المشهور باسم حاجي خليفة أو الحاج خليفة (المتوفى: 1067ه)	Sham19Y	2118	0.54117
		مجمع الفائدة والبرهان في شرح إرشاد الأذهان [ج ١١]	الشيخ أحمد بن محمّد الأردبيلي [ المقدّس الأردبيلي ]	Rafed	1908	0.54115
		تحذير الجمهور من مفاسد شهادة الزور - لقاء العشر الأواخر بالمسجد الحرام (11)	أحمد بن عمر بن محمَّد بن غنيم المحمصاني البيروتي الأزهري (المتوفى: 1370 هـ)	ShamAY	32395	0.5411
		شرح زاد المستقنع للخليل	أحمد بن محمد بن حسن بن إبراهيم الخليل	ShamAY	1967	0.54105
		الطّراز الأوّل [ج ٥]	السيّد علي بن أحمد بن محمّد معصوم الحسيني	Rafed	491	0.54105
		الخيارات	محمد علي اراكي	Ghbook	10188	0.54105
		ادعيه و آداب الحرمين في العمره المفرده	مركز تحقيقات حج	Ghbook	2916	0.54105
		التفسير والمفسرون في غرب أفريقيا	محمد بن رزق بن عبد الناصر بن طرهوني الكعبي السلمي أبو الأرقم المصري المدني	ShamAY	32194	0.54104
		الآداب الإسلامية للناشئة	محمد خير فاطمة	ShamAY	34947	0.54102
		 شمس العلوم ودواء كلام العرب من الكلوم 	 نشوان بن سعيد الحميري 	ABLibrary	9788	0.54102
		الآيات الكونية دراسة عقدية	عبد المجيد بن محمد الوعلان	ShamAY	31651	0.541
		حاشية العدوي على شرح كفاية الطالب الرباني	أبو الحسن, علي بن أحمد بن مكرم الصعيدي العدوي (نسبة إلى بني عدي، بالقرب من منفلوط) (المتوفى: 1189ه)	ShamelaY19	21597	0.54099
		شرح زيارة آل ياسين	علي كوراني	Ghbook	15123	0.54099
		حاشية الإرشاد ـ مقدمة	الشهيد الثاني	Masaha	1152	0.54098
		موسوعة الإمام الخوئي [ج ٣٠]	الشيخ مرتضى البروجردي	Rafed	1648	0.54096
		المصابيح	الإمام أبو العباس الحسني	Rafed	3471	0.54096
		اصول المقتل الحسيني	عامر الجابري	Ghbook	15246	0.54096
		قصة الذبح	الواحدي :: ياسر برهامي	ShamAY	34986	0.54094
		فقه الصادق ( عليه السلام )	آيت الله العظمي سيد محمد صادق روحاني	Ghbook	9668	0.54094
		 سلسلة المسائل الفقهية 	 الشيخ السبحاني 	ABLibrary	9582	0.54093
		شفاء السّقام في زيارة خير الأنام صلى الله عليه وآله	علي بن عبدالكافي بن علي أبوالحسن الأنصاري الخزرجي المصري الشافعي [ تقي الدين السبكي ]	Rafed	3618	0.54093
		إثبات علو الله ومباينته لخلقه والرد على من زعم أن معية الله للخلق ذاتية	حمود بن عبد الله بن حمود بن عبد الرحمن التويجري (المتوفى: 1413هـ)	ShamAY	32258	0.54091
		الحج موسم عبادي و ملتقي سياسي	آيت الله العظمي جعفر سبحاني	Ghbook	3493	0.5409
		المقدمة الجزولية في النحو	عيسى بن عبد العزيز بن يللبخت الجزولي البربري المراكشي، أبو موسى (المتوفى: 607ه)	ShamelaY19	124338	0.54089
		 مع الركب الحسيني 	 مجموعة مؤلفين 	ABLibrary	7746	0.54086
		المدخل إلى علم اللغة ومناهج البحث اللغوي	رمضان عبد التواب	ShamAY	11541	0.54084
		الزهور المقتطفة من تاريخ مكّة المشرّفة	تقي الدين محمّد بن أحمد الحسني الفاسي المكّي	Rafed	2374	0.54084
		المقدمات والتنبيهات في شرح أصول الفقه‏  - الجزء1	محمود قانصوه	Masaha	3578	0.54083
		 من الآداب الطبية 	 السيد محمد الحسيني الشيرازي 	ABLibrary	9990	0.54082
		كشف المراد في شرح تجريد الاعتقاد	حسن بن يوسف بن مطهر علامه حلي	Ghbook	15804	0.54079
		تاريخ الغزو الفكري والتعريب خلال مرحلة ما بين الحربين العالميتين 1920/ 1940	أحمد أنور سيد أحمد الجندي (المتوفى: 1422 ه)	Sham19Y	148530	0.54078
		المستشرقون والسُنَّة	الأستاذ الدكتور سعد المرصفي	ShamAY	395	0.54077
		مساله فدك	آيت الله علي حسيني ميلاني	Ghbook	4792	0.54077
		تفسير نور الثقلين [ج ٢]	الشيخ عبد علي بن جمعة العروسي الحويزي	Rafed	2879	0.54076
		معالم مكة التأريخية والأثرية	عاتق بن غيث بن زوير بن زاير بن حمود بن عطية بن صالح البلادي الحربي (المتوفى: 1431ه)	Sham19Y	38107	0.54075
		سامراء عاصمة الدولة العربية في عهد العباسيين‏  - الجزء1	أحمد عبد الباقي	Masaha	3972	0.54071
		إعجاز القرآن الكريم بالصرفة		ShamAY	36928	0.5407
		رياض المسائل في تحقيق الأحكام بالدّلائل [ج ٥]	السيد علي بن السيد محمد علي الطباطبائي	Rafed	312	0.54067
		فتاوى الحج	محمد بن صالح بن محمد العثيمين (المتوفى: 1421هـ)	ShamAY	1780	0.54066
		تفسير نور الثقلين [ج ٣]	الشيخ عبد علي بن جمعة العروسي الحويزي	Rafed	2880	0.54066
		الرسالة الرابعة في الغيبة	محمّد بن محمّد النعمان العكبري [ الشيخ المفيد ]	Rafed	3213	0.54065
		من أحكام سورة المائدة	د. سعيد بن علي بن وهف القحطاني	ShamAY	1889	0.54063
		إعلام النبلاء بتاريخ حلب الشهباء [ج ٢]	محمد راغب بن محمود بن هاشم الطبّاخ الحلبي	Rafed	2354	0.54062
		الشّفاء ـ الإلهيّات	أبو علي حسين بن عبد الله بن سينا [ شيخ الرئيس ابن سينا ]	Rafed	1128	0.54061
		منتقى الأصول [ج ٧]	السيد عبد الصاحب الحكيم	Rafed	810	0.5406
		تلخيص السفسطة	أبو الوليد محمد بن أحمد بن محمد بن أحمد بن رشد القرطبي الشهير بابن رشد الحفيد (المتوفى: 595هـ)	ShamAY	21503	0.54058
		لب اللباب في طهاره اهل الكتاب ، دراسه موضوعيه	محمد حسن لنگرودي	Ghbook	10106	0.54058
		طرف من الانباء و المناقب	سيد رضي الدين علي بن موسي بن طاووس ابن طاووس	Ghbook	9533	0.54056
		الزياره في الكتاب و السنه	آيت الله العظمي جعفر سبحاني	Ghbook	4599	0.54056
		العقيدة رواية أبي بكر الخلال	أبو عبد الله أحمد بن محمد بن حنبل بن هلال بن أسد الشيباني (المتوفى: 241هـ)	ShamAY	6498	0.54052
		بحوث في علم الأصول [ج ١]	السيّد محمود الهاشمي الشاهرودي	Rafed	640	0.54051
		الثمر المستطاب في فقه السنة والكتاب	أبو عبد الرحمن محمد ناصر الدين، بن الحاج نوح بن نجاتي بن آدم، الأشقودري الألباني (المتوفى: 1420هـ)	ShamAY	306	0.5405
		آراؤنا في أصول الفقه [ج ٢]	السيّد تقي الطباطبائي القمّي	Rafed	3707	0.5405
		جملة قرارات مجمع اللغة العربية بالقاهرة	مجمع اللغة العربية بالقاهرة	ShamAY	37200	0.54049
		الإحسان في تقريب صحيح ابن حبان	محمد بن حبان بن أحمد بن حبان بن معاذ بن مَعْبدَ، التميمي، أبو حاتم، الدارمي، البُستي (المتوفى: 354هـ)	ShamAY	1729	0.54048
		معرفة ما يجب لآل البيت النبوي من الحق على من عداهم	تقي الدين احمد بن علي المقريزي	Rafed	235	0.54047
		العصمه	آيت الله علي حسيني ميلاني	Ghbook	4548	0.54047
		قبسات من حياه الائمه الهداه عليهم السلام	جعفر هادي	Ghbook	10524	0.54046
		الاتجاهات العقلانية المعاصرة أصولها ومناهجها	ناصر بن عبد الكريم العلي العقل	ShamAY	880	0.54045
		غزوة خيبر دروس وعبر	الواحدي :: أمير بن محمد المدري	ShamAY	37444	0.54045
		شرح الآجرومية لحسن حفظي	د حسن بن محمد الحفظي	ShamAY	2122	0.54043
		إجابات عبر الهاتف	مازن الفريح	ShamAY	37654	0.54042
		إتحاف فضلاء البشر في القراءات الأربعة عشر	أحمد بن محمد بن أحمد بن عبد الغني الدمياطيّ، شهاب الدين الشهير بالبناء (المتوفى: 1117هـ)	ShamAY	10010	0.54042
		جوانب من سيرة ابن باز	محمد بن إبراهيم الحمد	ShamAY	35819	0.54041
		حوارات النبي مع أهل الكتاب .. وعلى أي شيء نتحاور؟	عصام السيد محمود	ShamAY	37767	0.5404
		كشف المراد في شرح تجريد الاعتقاد	محمد بن محمد بن حسن خواجه نصيرالدين طوسي	Ghbook	15434	0.54039
		أحسن التقاسيم في معرفة الأقاليم	أبو عبد الله محمد بن أحمد المقدسي البشاري	ShamAY	23696	0.54037
		تيسير وتكميل شرح ابن عقيل على ألفيّة ابن مالك [ج ١]	الدكتور محمّد علي سلطاني	Rafed	2706	0.54037
		الحسين عليه السلام في مواجهة الضلال الأموي وإحياء سيرة النبي صلّى الله عليه وآله وعلي عليه السلام	السيّد سامي البدري	Rafed	1551	0.54037
		 الكليات في الطب 	 ابن رشد 	ABLibrary	9877	0.54035
		التّفسير [ج ٢]	أبي النضر محمد بن مسعود بن عيّاش السلمي السمرقندي [ العيّاشي ]	Rafed	3385	0.54035
		خصائص ومقومات الاقتصاد الإسلامي	محمد إبراهيم برناوي	ShamAY	10192	0.54033
		الإبداع في بيان كمال الشرع وخطر الابتداع	محمد بن صالح بن محمد العثيمين (المتوفى: 1421ه)	ShamelaY19	21797	0.5403
		الرسول الأعظم صلّى الله عليه وآله على لسان وصيّه الإمام علي بن أبي طالب عليه السلام	السيّد محسن الحسيني الأميني	Rafed	2568	0.54028
		رحلة إلى شواطئ الجسد	محمد إبراهيم عياش	ShamAY	34529	0.54027
		بحث تحليلي في عقائد الوهابيه حول مبحث التوسل	جعفر سيدان	Ghbook	16181	0.54027
		فقه الشيعة - كتاب الطهارة	آيت الله العظمي سيد ابوالقاسم خوئي	Ghbook	10208	0.54026
		الزيارة في الكتاب والسنة	الشيخ جعفر السبحاني	Masaha	296	0.54024
		الشهادتان معناهما، وما تستلزمه كل منهما	ابن جبرين	ShamAY	35416	0.54023
		السنة النبوية وحي من الله محفوظة كالقرآن الكريم	أبو لبابة بن الطاهر حسين	ShamAY	7598	0.54022
		خطبة الغديـر	محمد باقر الأنصارى	Masaha	246	0.54022
		شرح زيارة آل ياسين	الشيخ علي الكوراني العاملي	Rafed	1204	0.54021
		مستند الشّيعة [ج ٩]	أحمد بن محمّد مهدي النّراقي	Rafed	605	0.54019
		إغاثة اللهفان في حكم طلاق الغضبان	محمد بن أبي بكر بن أيوب بن سعد شمس الدين ابن قيم الجوزية (المتوفى: 751هـ)	ShamAY	7513	0.54018
		شرح كتاب سيبويه [جزء من الكتاب (من باب الندبة إلى نهاية باب الأفعال) حُقِّق كرسالة دكتوراه]	أبو الحسن علي بن عيسى الرماني (296 - 384 هـ)	ShamAY	38990	0.54018
		قرة العينين في شرح أحاديث مختارة من الصحيحين (100 حديث)	سليمان بن محمد اللهيميد :: سليمان اللهيميد	ShamAY	35995	0.54017
		 الجامع لمفردات الأدوية والأغذية 	 ابن البيطار 	ABLibrary	9887	0.54017
		المطلع على أبوات المقنع - المكتب الإسلامي	محمد بن أبي الفتح بن أبي الفضل البعلي، أبو عبد الله، شمس الدين (المتوفى: 709هـ)	ShamAY	34683	0.54014
		 تفسير الحبري 	 حسين الحبري 	ABLibrary	7474	0.54013
		في النقد اللغوي	علي النجدي ناصف	ShamAY	37212	0.5401
		من أعلام أهل السنة والجماعة عبد الله بن المبارك	أبو ياسر محمد بن مطر بن عثمان آل مطر الزهراني (المتوفى: 1427هـ)	ShamAY	12067	0.54009
		الرد على من ذهب إلى تصحيح علم الغيب من جهة الحظ	أبو الوليد محمد بن أحمد بن رشد القرطبي (المتوفى: 520ه)	Sham19Y	6542	0.54004
		 تاريخ النبات 	 عادل أبو النصر 	ABLibrary	9980	0.54004
		رفع اليدين في الصلاة - ط عالم الفوائد	ابن القيم	ShamAY	38390	0.54003
		نور الابصار في احوال الائمه التسعه الابرار ( عليهم السلام ) - الامام العسكري ( ع...	محمد مهدي مازندراني حائري	Ghbook	6236	0.54003
		أهمية الحسبة في النظام الإسلامي	عبد الرحمن البيتي	ShamAY	33165	0.54
		فلسطين حتى لا تكون أندلسا أخرى	راغب السرجاني	ShamAY	637	0.54
		بلاد الشام ارض المقدسات	ايوب حائري	Ghbook	10933	0.53998
		معالم مكة التأريخية والأثرية	عاتق بن غيث بن زوير بن زاير بن حمود بن عطية بن صالح البلادي الحربي (المتوفى: 1431هـ)	ShamAY	1218	0.53995
		حقوق الإنسان في الإسلام للتركي	عبد الله بن عبد المحسن بن عبد الرحمن التركي	ShamelaY19	31489	0.53995
		الأحاديث الطوال للطبراني	سليمان بن أحمد بن أيوب بن مطير اللخمي الشامي، أبو القاسم الطبراني (المتوفى: 360هـ)	ShamAY	12989	0.53994
		 عمدة المطالب في التعليق على المكاسب 	 السيد تقي الطباطبائي القمي 	ABLibrary	9711	0.53993
		إعراب القرآن للنحاس	أبو جعفر النَّحَّاس أحمد بن محمد بن إسماعيل بن يونس المرادي النحوي (المتوفى: 338هـ)	ShamAY	23587	0.5399
		تاريخ الجزائر في القديم والحديث	مبارك بن محمد الميلي الجزائري (المتوفى: 1364هـ)	ShamAY	31738	0.53989
		قادة فتح الأندلس	محمود شيت خطاب (المتوفى: 1419ه)	Sham19Y	29881	0.53987
		القواعد الشريفة  - الجزء1	الشيخ محمد شفيع الجابلقي	Masaha	3474	0.53987
		السوال و الذكر في رحاب القرآن و العتره	عادل علوي	Ghbook	4613	0.53984
		تَهْذِيْبُ سُنَنِ أَبِي دَاودَ وَإيضاحِ مُشكِلاتِهِ	ابن قيّم الجوزية	ShamAY	35960	0.53983
		الربا في البنوك المعاصرة لأبي عبيدة مشهور آل سلمان	مشهور آل سلمان	ShamAY	36649	0.53982
		مقاصد الشريعة الإسلامية	-	ShamAY	1921	0.53979
		ألفية السيرة النبوية - نظم الدرر السنية الزكية	أبو الفضل زين الدين عبد الرحيم بن الحسين بن عبد الرحمن بن أبي بكر بن إبراهيم العراقي (المتوفى: 806ه)	ShamelaY19	23660	0.53979
		الحج في الشريعه الاسلاميه الغراء	آيت الله العظمي جعفر سبحاني	Ghbook	3492	0.53978
		المحاضرات والمحاورات	عبد الرحمن بن أبي بكر، جلال الدين السيوطي (المتوفى: 911هـ)	ShamAY	9099	0.53977
		هبة السماء	علي الشيخ	Rafed	1211	0.53975
		مناسك الحج	آيت الله العظمي ميرزا جواد تبريزي	Ghbook	5407	0.53974
		التوكل	القاضي أبو يعلى، محمد بن الحسين بن محمد بن خلف المعروف بـ ابن الفراء (المتوفى: 458 هـ)	ShamAY	32487	0.53973
		إعانة المسلم في شرح صحيح مسلم - كتاب الصوم	سليمان اللهيميد	ShamAY	35979	0.53971
		تفصيل الشريعه في شرح تحرير الوسيله : الخمس و الانفال. و رساله في الخمس	محمد فاضل لنكراني	Ghbook	9824	0.53971
		رحلة الي رحاب الشريف الاكبر	چارلز ديديه	Ghbook	9519	0.5397
		وسائل الشيعة - الجزء1	الحر العاملي	Masaha	1995	0.5397
		الإمام مسلم وصحيحه	عبد المحسن بن حمد بن عبد المحسن بن عبد الله بن حمد العباد البدر	ShamAY	8775	0.53968
		من أعلام أهل السنة والجماعة عبد الله بن المبارك	أبو ياسر محمد بن مطر بن عثمان آل مطر الزهراني (المتوفى: 1427ه)	Sham19Y	12067	0.53966
		 فقه الحدود والتعزيرات 	 السيد عبد الكريم الموسوي الاردبيلي 	ABLibrary	9534	0.53966
		الاجتهاد في طلب الجهاد	الواحدي :: ابن كثير	ShamAY	36178	0.53965
		البداية في توضيح الكفاية [ج ٤]	علي العارفي الپشي	Rafed	3981	0.53963
		التعليقة الكبيرة في مسائل الخلاف علي مذهب أحمد	القاضي أبو يعلى الفَرَّاء محمد بن الحسين بن محمد بن البغدادي الحنبلي (المتوفى: 458 هـ)	ShamAY	32668	0.53958
		الأوقاف في العصر الحديث كيف نوجهها لدعم الجامعات وتنمية مواردها (دراسة فقهية)	د/ خالد بن علي بن محمد المشيقح	ShamAY	36609	0.53958
		سيرة ابن إسحاق	محمد بن إسحاق بن يسار	Masaha	2221	0.53957
		إتحاف فضلاء البشر في القراءات الأربعة عشر	أحمد بن محمد بن أحمد بن عبد الغني الدمياطي، شهاب الدين الشهير بالبناء (المتوفى: 1117ه)	Sham19Y	10010	0.53955
		اوائل المقالات 	محمد بن  محمد بن نعمان شيخ مفيد	Ghbook	2420	0.53953
		المسائل التسع	حامد مرزا خان الفرغاني النمنكاني الحنفي (المتوفى: 1393هـ)	ShamAY	6254	0.53951
		الأحكام الشرعية للدماء الطبيعية (الحيض - الاستحاضة - النفاس)	عبد الله بن محمد بن أحمد الطيار	ShamAY	36147	0.53949
		الرق في الجاهلية والإسلام	إبراهيم محمد حسن الجمل	ShamAY	23083	0.53945
		شأن الدعاء	عبد الرحمن السحيم	ShamAY	35109	0.53943
		 الطراز الأول والكناز لما عليه من لغة العرب المعول 	 ابن معصوم المدني 	ABLibrary	7950	0.53943
		شرح نظم المقصود	أبو عبد الله، أحمد بن عمر بن مساعد الحازمي	ShamAY	833	0.53942
		أحكام الاختلاف في رؤية هلال ذي الحجة	زين الدين عبد الرحمن بن أحمد بن رجب بن الحسن، السَلامي، البغدادي، ثم الدمشقي، الحنبلي (المتوفى: 795هـ)	ShamAY	667	0.53938
		عقيدة أهل السنة والجماعة في الصحابة الكرام رضي الله عنهم وأرضاهم	عبد المحسن بن حمد بن عبد المحسن بن عبد الله بن حمد العباد البدر	Sham19Y	11291	0.53938
		غنائم الأيّام في مسائل الحلال والحرام [ج ٥]	الميرزا أبو القاسم القمّي	Rafed	1834	0.53937
		 الكوكب الدري في مناقب ذي النون المصري 	 ابن عربي 	ABLibrary	8743	0.53936
		منتخب الصحاح	محمد باقربن محمدنقي شفتي بيدآبادي	Ghbook	13081	0.53935
		وأحسن كما أحسن الله إليك	عبد الملك بن محمد القاسم	ShamelaY19	95666	0.53932
		اعتماد دعوة الشيخ محمد بن عبد الوهاب على الكتاب والسنة (مطبوع ضمن بحوث ندوة دعوة الشيخ محمد بن عبد الوهاب، الجزء الأول)	عبد العزيز بن محمد بن إبراهيم آل الشيخ (المتوفى: 1426هـ)	ShamAY	7510	0.5393
		 سلسلة المسائل الفقهية 	 الشيخ السبحاني 	ABLibrary	9590	0.5393
		الاشتهاد علي الطلاق و الطلاق ثلاثا	آيت الله العظمي جعفر سبحاني	Ghbook	5035	0.5393
		الزهور العطرة في رياض المغفرة	يوسف الساجر	ShamAY	35064	0.53929
		 خلاصة عبقات الأنوار 	 السيد حامد النقوي 	ABLibrary	89	0.53929
		انوار الفقاهه - كتاب القضاء	حسن بن جعفر بن خضر نجفي كاشف الغطاء	Ghbook	12061	0.53928
		الصوت اللغوي في القرآن	د. محمد حسين علي الصّغير	ShamAY	34104	0.53927
		تنبيهات على كتب تخريج كتاب التوحيد	ناصر الفهد	ShamAY	33079	0.53927
		التنبيهات على أغاليط الرواة	علي بن حمزة البصري، أبو القاسم (المتوفى: 375هـ)	ShamAY	226	0.53923
		التقريب والتيسير لمعرفة سنن البشير النذير في أصول الحديث	أبو زكريا محيي الدين يحيى بن شرف النووي (المتوفى: 676هـ)	ShamAY	5586	0.53922
		هداية القاري إلى تجويد كلام الباري	عبد الفتاح المرصفي	ShamelaY19	22869	0.53922
		الإحاطة في أخبار غرناطة [ج ١]	أبي عبد الله محمّد بن عبد الله بن سعيد بن أحمد السلماني [ لسان الدين بن الخطيب ]	Rafed	2344	0.53921
		التوسط والاقتصاد في أن الكفر يكون بالقول أو العمل أو الاعتقاد	علوي بن عبد القادر السَّقَّاف	ShamAY	22891	0.5392
		حكم بناء الكنائس والمعابد الشركية في بلاد المسلمين	إسماعيل بن محمد بن ماحي السعدي الأنصاري (المتوفى: 1417ه)	ShamelaY19	30828	0.53919
		زاد الداعية إلى الله (مطبوع ضمن كتاب الصيد الثمين في رسائل ابن عثيمين)	محمد بن صالح بن محمد العثيمين (المتوفى: 1421هـ)	ShamAY	21579	0.53917
		الشيعه و الحكم في العراق	آيت الله العظمي سيد محمد حسيني شيرازي	Ghbook	7751	0.53917
		الموسوعة الفقهية الميسرة في فقه الكتاب والسنة المطهرة	حسين بن عودة العوايشة	ShamAY	220	0.53911
		الأمثال السائرة من شعر المتنبي	إسماعيل بن عباد بن العباس، أبو القاسم الطالقاني، المشهور بالصاحب بن عباد (المتوفى: 385هـ)	ShamAY	862	0.53908
		من عقائد الشيعة - السلفي	عبد الله بن محمد السلفي	ShamAY	37759	0.53907
		مثير الأحزان	مدرسة الإمام المهدي « عج »	Rafed	1742	0.539
		النصيحة الولدية/ وصية أبي الوليد الباجي لولديه	أبو الوليد سليمان بن خلف بن سعد بن أيوب بن وارث التجيبي القرطبي الباجي الأندلسي (المتوفى: 474هـ)	ShamAY	6865	0.53898
		جزء في مرويات ختم القرآن	الواحدي :: بكر أبو زيد	ShamAY	36498	0.53897
		البلدان	أحمد بن أبي يعقوب اسحاق بن جعفر بن وهب بن واضح [ اليعقوبي ]	Rafed	2154	0.53897
		 موسوعة مصطلحات الإمام فخر الدين الرازي 	 سميح دغيم 	ABLibrary	8604	0.53896
		أخبار الحمقى والمغفلين - المكتب التجاري	أبو الفرج عبد الرحمن بن علي بن الجوزي	ShamAY	33774	0.53894
		تذكير القوم بآداب النوم	الواحدي :: عبد الله آل جار الله	ShamAY	34963	0.53894
		إعراب القرآن - ط عالم الكتب	أبو جعفر أحمد بن محمد بن إسماعيل النحاس	ShamAY	34083	0.53891
		 تأسيس الغرب الإسلامي 	 هشام جعيط 	ABLibrary	9018	0.53888
		المثل العليا في الإسلام (ضمن «المحاضرات» المطبوعة بـ «بآثار الشنقيطي»)	محمد الأمين بن محمد المختار الجكني الشنقيطي (1325 - 1393)	ShamAY	38831	0.53887
		 الضوء اللامع لأهل القرن التاسع 	 شمس الدين السخاوي 	ABLibrary	947	0.53887
		بين المسلمين و اليهود	آيت الله العظمي سيد محمد حسيني شيرازي	Ghbook	8126	0.53886
		 مكاتيب الأئمة ( ع ) 	 علي الأحمدي الميانجي 	ABLibrary	7776	0.53885
		حاشيه كتاب المكاسب	مرتضي انصاري (اعظم انصاري)	Ghbook	11287	0.53885
		أحكام انفرد بها النساء عن الرجال	محمد حسن عبد الغفار	ShamelaY19	37687	0.53882
		علم علل الحديث ودوره في حفظ السنة النبوية	وصى الله بن محمد عباس	Sham19Y	11300	0.5388
		السنة النبوية المصدر الثاني للتشريع الإسلامي ومكانتها من حيث الإحتجاج والعمل	محمد بن عبد الله باجمعان	ShamAY	7538	0.53874
		العلاقة المثلى بين الدعاة ووسائل الإتصال الحديثة في ضوء الكتاب والسنة	د. سعيد بن علي بن وهف القحطاني	ShamAY	1818	0.53873
		عون المعبود شرح سنن أبي داود، مع شرح الحافظ ابن قيم الجوزية	ابن قيم الجوزية	ShamAY	33523	0.53871
		المبسوط : في فقه الاماميه	محمد بن حسن شيخ طوسي ( شيخ الطائفه )	Ghbook	12112	0.5387
		تفصيل الشريعه في شرح تحرير الوسيله : كتاب الصلاه	محمد فاضل لنكراني	Ghbook	9822	0.53869
		حرمة ذبائح أهل الكتاب	الشيخ البهائي	Masaha	1159	0.53866
		سلم الوصول إلى علم الأصول	حافظ بن أحمد حكمي	ShamAY	37591	0.53863
		غريب الحديث للقاسم بن سلام	أبو عُبيد القاسم بن سلاّم بن عبد الله الهروي البغدادي (المتوفى: 224هـ)	ShamAY	1309	0.53858
		 القانون في الطب ( طبع بيروت ) 	 أبو علي سينا 	ABLibrary	9854	0.53858
		الشرح الكبير للشيخ الدردير وحاشية الدسوقي	محمد بن أحمد بن عرفة الدسوقي المالكي (المتوفى: 1230ه)	ShamelaY19	21604	0.53854
		تعليق لطيف على آخر حديث في رياض الصالحين - لقاء العشر الأواخر بالمسجد الحرام (5)	قاسم بن صالح بن إِسماعيل بن أبي بكر الشهير القاسمي الدِّمشقي (المتوفى: 1284 هـ)	ShamAY	32391	0.53853
		تخريج الدلالات السمعية	علي بن محمد الخزاعي‏	Masaha	1953	0.53852
		ثلاثون عملا تُطيل في العُمرِ	أمير بن محمَّد المدَريّ	ShamAY	1069	0.53849
		المصطلحات الأصولية في مباحث الأحكام وعلاقتها بالفكر الأصولي	عبد الله البشير محمد	ShamAY	34201	0.53848
		ظروف اقامه سيد الشهداء عليه السلام في مكه المكرمه	سيد علي جمال أشرف	Ghbook	16509	0.53847
		 نهاية الإيجاز في سيرة ساكن الحجاز 	 الشيخ رفاعه رافع الطهطاوى 	ABLibrary	7878	0.53841
		 مع الركب الحسيني 	 مجموعة مؤلفين 	ABLibrary	7745	0.5384
		فقه السنة	سيد سابق (المتوفى: 1420هـ)	ShamAY	9486	0.53839
		مفتاح الأصول [ج ٤]	آية الله الشيخ إسماعيل الصالحي المازندراني	Rafed	3811	0.53838
		بماذا نعتقد؟	محمد باقر علم الهدي	Ghbook	12496	0.53837
		نوادر المعجزات في مناقب الأئمة الهداة(ع)	محمد بن جرير الطبري‏ الصغير	Masaha	3034	0.53837
		 شمس العلوم ودواء كلام العرب من الكلوم 	 نشوان بن سعيد الحميري 	ABLibrary	9796	0.53835
		القواعد الأساسيّة للّغة العربيّة	السيد أحمد الهاشمي	Rafed	2951	0.53834
		مجموعة الوثائق السياسية للعهد النبوي والخلافة الراشدة	محمد حميد الله الحيدر آبادي الهندي (المتوفى: 1424ه)	ShamelaY19	23667	0.53833
		 البلدان 	 اليعقوبي 	ABLibrary	8970	0.53832
		اجلي البرهان	آيت الله علي حسيني ميلاني	Ghbook	4801	0.53831
		اللؤلؤ المكنون في سيرة النبي المأمون «دراسة محققة للسيرة النبوية»	موسى بن راشد العازمي	ShamelaY19	38114	0.5383
		دراسات في الاصول: تقريرا لابحاث آيت الله العظمي الفاضل النكراني (طبع جديد)	سيد صمدعلي موسوي	Ghbook	15271	0.53828
		الهُولندي الطائر	علي عبد الأمير صالح	ShamAY	34475	0.53827
		الأخبار الطوال	أبو حنيفة أحمد بن داود الدينوري (المتوفى: 282ه)	Sham19Y	9760	0.53827
		وصية شيخ الإسلام ابن تيمية إلى أبي القاسم السبتي، الشهيرة بالوصية الصغرى	شيخ الإسلام أحمد بن عبد الحليم ابن تيمية	ShamAY	34399	0.53826
		 الدروس ( شرح الحلقة الثانية ) 	 تقرير بحث السيد كمال الحيدري لعلاء السالم 	ABLibrary	987	0.53826
		 مصباح الناسك في شرح المناسك 	 السيد تقي الطباطبائي القمي 	ABLibrary	9730	0.53826
		منهج الثقافة الاسلامية	محب الدين الخطيب	ShamAY	34776	0.53825
		بحوث في علم الأصول [ج ٢]	السيّد محمود الهاشمي الشاهرودي	Rafed	655	0.53824
		تفسير نور الثقلين [ج ٥]	الشيخ عبد علي بن جمعة العروسي الحويزي	Rafed	2885	0.53824
		شمس العلوم ودواء كلام العرب من الكلوم	نشوان بن سعيد الحميرى اليمني (المتوفى: 573هـ)	ShamAY	161	0.53823
		أضواء على أدعية النبي الأعظم صلّى الله عليه وآله وسلّم في أيام شهر رمضان المبارك	عامر الحلو	Rafed	2725	0.53823
		المصطلحات الأصولية في مباحث الأحكام وعلاقتها بالفكر الأصولي‏	عبد الله‏ بشير محمد	Masaha	3568	0.53823
		نبذة في العقيدة الإسلامية (مطبوع ضمن كتاب الصيد الثمين في رسائل ابن عثيمين)	محمد بن صالح بن محمد العثيمين (المتوفى: 1421ه)	Sham19Y	21587	0.53822
		المسائل السفرية في النحو	عبد الله بن يوسف بن أحمد بن عبد الله ابن يوسف، أبو محمد، جمال الدين، ابن هشام (المتوفى: 761هـ)	ShamAY	6988	0.53821
		رياضة النفس	محمد بن علي بن الحسن بن بشر، أبو عبد الله، الحكيم الترمذي (المتوفى: نحو 320ه)	ShamelaY19	37033	0.53817
		معجم تصحيح لغة الإعلام العربي	عبد الهادي أبو طالب	ShamAY	2219	0.53816
		السنن الكونية والاجتماعية في القرآن الكريم		ShamAY	36907	0.53816
		أصول الفقه - آيات وأحاديث الأحكام من أمالي الأستاذ الإمام	ابن باديس، عبد الحميد	ShamelaY19	20979	0.53816
		العدة في أصول الفقه	الشيخ الطوسي	Masaha	975	0.53812
		إيضاح الوقف والابتداء	محمد بن القاسم بن محمد بن بشار، أبو بكر الأنباري (المتوفى: 328هـ)	ShamAY	32507	0.53811
		كتاب الأذكياء	جمال الدين أبو الفرج عبد الرحمن بن علي بن محمد الجوزي (المتوفى: 597هـ)	ShamAY	6938	0.53808
		أسئلة وحوارات حول الإمام المهدي	السيد يحيى طالب مشاري	Masaha	47	0.53807
		الهادي والمهتدي	مرزوق بن هياس آل مرزوق الزهراني	ShamelaY19	36102	0.53806
		الامه الواحده	آيت الله العظمي سيد محمد حسيني شيرازي	Ghbook	7968	0.53804
		قصة لشاب جزائري ذهب ضحية عبّاد المسيح		ShamAY	35556	0.53803
		المطَالبُ العَاليَةُ بِزَوَائِدِ المسَانيد الثّمَانِيَةِ	أبو الفضل أحمد بن علي بن محمد بن أحمد بن حجر العسقلاني (المتوفى: 852هـ)	ShamAY	31850	0.53803
		الإشراف على نكت مسائل الخلاف	القاضي أبو محمد عبد الوهاب بن علي بن نصر البغدادي المالكي (422ه)	Sham19Y	14245	0.53802
		المحدّث في الإسلام	الشيخ عبد الحسين الأميني النجفي	Masaha	403	0.53799
		المنهج لمريد العمرة والحج	محمد بن صالح بن محمد العثيمين (المتوفى: 1421هـ)	ShamAY	8958	0.53793
		القواعد الفقهية من بحوث في علم الأصول - الجزء5	السيد محمد باقر الصدر	Masaha	5037	0.53789
		شرح التّسهيل المسمّى تمهيد القواعد بشرح تسهيل الفوائد [ج ١٠]	محمّد بن يوسف بن أحمد [ ناظر الجيش ]	Rafed	1894	0.53787
		مع المهدي المنتظر (عجل الله تعالي فرجه الشريف ) في دراسه منهجيه مقارنه بين الفكر...	مهدي حمد فتلاوي	Ghbook	6684	0.53787
		حتى لا نخسر رمضان	مجدي الهلالي	Sham19Y	36403	0.53785
		قاعدة تتضمن ذكر ملابس النبي صلى الله عليه وسلم وسلاحه ودوابه - القرمانية - جواب فتيا في لبس النبي صلى الله عليه وسلم	تقي الدين أبو العباس أحمد بن عبد الحليم بن عبد السلام بن عبد الله بن أبي القاسم بن محمد ابن تيمية الحراني الحنبلي الدمشقي (المتوفى: 728هـ)	ShamAY	22648	0.53783
		الازريه الشيخ الازري	كاظم ازري	Ghbook	7110	0.53782
		دروس تمهيديّة في الفقه الإستدلالي [ج ١]	الشيخ محمّد باقر الإيرواني	Rafed	646	0.53781
		أخطاء المرأة المتعلقة باللباس والزينة	ندا أبو أحمد	ShamAY	36470	0.5378
		الموسوعة الفقهية الميسرة في فقه الكتاب والسنة المطهرة	حسين بن عودة العوايشة	Sham19Y	35096	0.5378
		 الجامع لمفردات الأدوية والأغذية 	 ابن البيطار 	ABLibrary	9889	0.53779
		معجم المصطلحات والألفاظ الفقهية	د محمود عبد الرحمن عبد المنعم	ShamAY	34674	0.53778
		الدعوة إلى الله وأخلاق الدعاة	عبد العزيز بن عبد الله بن باز (المتوفى: 1420هـ)	ShamAY	22565	0.53778
		الجوال ( مسائل وأحكام )	عبدالله بن عبدالرحمن الجبرين	ShamAY	36495	0.53776
		الحلقة الثّالثة في أسلوبها الثّاني [ج ١]	الشيخ محمّد باقر الإيرواني	Rafed	768	0.53769
		رساله رضاعيه ، حد آب كر ، كافور ، حنوط ، فرسخ و صاع	محمدباقر بن محمدتقي علامه مجلسي	Ghbook	2561	0.53768
		دلالة الاقتران ووجه الاحتجاج بها عند الأصوليين	أبو عاصم الشحات شعبان محمود عبد القادر البركاتي المصري	ShamelaY19	96269	0.53767
		حكاية المناظرة في القرآن مع بعض أهل البدعة	أبو محمد موفق الدين عبد الله بن أحمد بن محمد بن قدامة الجماعيلي المقدسي ثم الدمشقي الحنبلي، الشهير بابن قدامة المقدسي (المتوفى: 620هـ)	ShamAY	5554	0.53764
		مناسك الحج	آيت الله العظمي سيد روح الله موسوي الخميني	Ghbook	10941	0.53764
		الثقافة التي نحتاج إليها	أبو شكيب محمد تقي الدين بن عبد القادر الهلالي (المتوفى: 1407هـ)	ShamAY	10325	0.53763
		إزهاق أباطيل عبد اللطيف باشميل	ربيع بن هادي المدخلي	ShamAY	33017	0.53763
		التوريث الدعويّ	مُحَمَّد بن حَسَن بْن عَقيل مُوسَى الشَّريْف	ShamAY	324	0.53761
		مطالب السوول في مناقب آل الرسول ( صلوات الله عليهم اجمعين )	محمد بن طلحه نصيبي	Ghbook	6083	0.53761
		الفجر المقدس المهدي ارهاصات اليوم الموعود و احداث سنه الظهور	مجتبي الساده	Ghbook	6615	0.5376
		الرسالة البديعة فى الرد على أهل المجلة الخليعة	التويجري، حمود بن عبد الله	ShamAY	37750	0.53758
		وأحسن كما أحسن الله إليك	عبد الملك بن محمد القاسم	Sham19Y	95666	0.53757
		الشعر في خراسان من الفتح إلى نهاية العصر الأموي	حسين عطوان	ShamAY	23138	0.53755
		جمع القرآن - دراسة تحليلية لمروياته	أكرم عبد خليفة حمد الدليمي	ShamelaY19	37676	0.53755
		الوافي في شرح الشاطبية في القراءات السبع	عبد الفتاح بن عبد الغني بن محمد القاضي (المتوفى: 1403ه)	ShamelaY19	38075	0.53754
		الحداثة في ميزان الإسلام	عوض القرني	ShamAY	33435	0.53749
		تبيين الحقائق شرح كنز الدقائق وحاشية الشِّلْبِيِّ	عثمان بن علي بن محجن البارعي، فخر الدين الزيلعي الحنفي (المتوفى: 743 هـ)	ShamAY	31587	0.53749
		تقسيم الحديث إلى صحيح، وحسن، وضعيف بين واقع المحدثين ومغالطات المتعصبين	ربيع بن هادي المدخلي	ShamAY	33034	0.53749
		شرح كتاب الطهارة من عمدة الطالب	خالد المشيقح	ShamAY	36356	0.53746
		مرآة العقول [ج ٢٦]	الشيخ محمّد باقر بن محمّد تقي المجلسي	Rafed	1117	0.53746
		شمس العلوم [ج ١١]	نشوان بن سعيد الحميري	Rafed	1423	0.53741
		تعليقات أصولية حديثية على المرشد المعين على الضروري من علوم الدين	فرج البوسيفي	ShamAY	37561	0.5374
		البلاغة 1 - البيان والبديع - جامعة المدينة	مناهج جامعة المدينة العالمية	ShamAY	1649	0.5374
		استفتائات حول القرآن الكريم و الشعائر الحسينيه	آيت الله العظمي سيد محمد حسيني شيرازي	Ghbook	7872	0.5374
		المطالب العالية من العلم الإلهي [ج ١]	محمّد بن عمر بن الحسن بن الحسين التيمي البكري [ فخر الدين الرازي ]	Rafed	3630	0.53736
		الدرر في إعراب أوائل السور	أحمد السجاعي	ShamAY	37178	0.53734
		رحلة في الجزيرة العربية الوسطى	شارل هوبير	Masaha	3969	0.53734
		مكانه اهل البيت عليهم السلام في القرآن	مجيد معارف	Ghbook	11358	0.53733
		شرح نظم الورقات	أبو عبد الله، أحمد بن عمر بن مساعد الحازمي	ShamAY	538	0.53732
		أضواء على القرآن الكريم (بلاغته وإعجازه)	عبد الفتاح محمد محمد سلامة	ShamAY	11206	0.53731
		شرح القواعد الأربع (للإمام المجدد محمد بن عبد الوهاب رحمه الله)	عبد الرحمن بن ناصر البراك	ShamAY	32357	0.5373
		اعداد الاجيال	آيت الله العظمي سيد محمد حسيني شيرازي	Ghbook	8074	0.5373
		شرح الصدور بشرح حال الموتى والقبور	عبد الرحمن بن أبي بكر، جلال الدين السيوطي (المتوفى: 911هـ)	ShamAY	6485	0.53729
		تسوية الصفوف .. دراسة فقهية حديثية	محمد حامد محمد	ShamAY	36527	0.53728
		الموسوعة القرآنيّة خصائص السور [ج ٩]	الناشر: دار التقريب بين المذاهب الإسلامية	Rafed	3740	0.53725
		الكافية في علم النحو والشافية في علمي التصريف والخط	جمال الدين ابن الحاجب	Rafed	2594	0.53724
		إصلاح غلط أبي عبيد في غريب الحديث	ابن قتيبة عبد الله بن مسلم الدينوري (المتوفى: 276 هـ)	ShamAY	38877	0.53722
		الطرق الحكمية في السياسة الشرعية ط عالم الفوائد	أبو عبد الله محمد بن أبي بكر بن أيوب ابن قيم الجوزية (691 - 751)	ShamAY	38510	0.53722
		عقيدة الدروز عرض ونقض		ShamAY	35308	0.53721
		علم علل الحديث ودوره في حفظ السنة النبوية	وصى الله بن محمد عباس	ShamAY	11300	0.53721
		حجية السنة النبوية ومكانتها في التشريع الإسلامي	عبد القادر بن حبيب الله السندي	ShamAY	10132	0.5372
		خبر إنكار ابن مسعود للذكر الجماعي	أشرف بارقعان	ShamAY	36139	0.53718
		مباهج الزواج في ضوء البيان القرآني	الواحدي	ShamAY	36902	0.53716
		ذكر وتذكير	أ. د صالح بن غانم بن عبد الله بن سليمان بن علي السدلان	Sham19Y	8150	0.53716
		أذكار وآداب الصباح والمساء	محمد أحمد إسماعيل المقدم	Sham19Y	29710	0.53716
		فصول في الصيام والتراويح والزكاة	محمد بن صالح بن محمد العثيمين (المتوفى: 1421هـ)	ShamAY	21818	0.53714
		مرآة العقول [ج ١٥]	الشيخ محمّد باقر بن محمّد تقي المجلسي	Rafed	1037	0.53713
		شرح الملوكي في التصريف	يعيش بن علي ابن يعيش	Ghbook	16312	0.53713
		الفقه على المذاهب الأربعة	عبد الرحمن بن محمد عوض الجزيري (المتوفى: 1360ه)	Sham19Y	9849	0.53709
		 معجم المصطلحات الصوفية 	 أنور فؤاد أبي خزام 	ABLibrary	8898	0.53709
		معجم مقائيس اللغة‌  - الجزء1	ابو الحسين احمد بن فارس بن زكريا‌	Masaha	3703	0.53708
		ضياء الناظر في احكام صلاه المسافر	آيت الله العظمي جعفر سبحاني	Ghbook	9784	0.53706
		كتاب تسهيل المناسم للناسك	سعد الدين رزيقه حسنين	ShamAY	36489	0.53705
		بحار الأنوار [ج ١٠٣]	الشيخ محمّد باقر بن محمّد تقي المجلسي	Rafed	1520	0.53705
		عجاله المعرفه في اصول الدين	قطب الدين سعيد بن هبة الله راوندي	Ghbook	14624	0.53705
		رسالة في فضل الخلفاء الراشدين (طبعت مفردة، ومنها نسخة مختصرة في مجموع الفتاوى)	تقي الدين أبو العباس أحمد بن عبد الحليم بن عبد السلام بن عبد الله بن أبي القاسم بن محمد ابن تيمية الحراني الحنبلي الدمشقي (المتوفى: 728هـ)	ShamAY	1259	0.53701
		 رؤيت هلال ( فارسي ) 	 رضا مختاري / محسن صادقي 	ABLibrary	9760	0.537
		مستند الشّيعة [ج ١٤]	أحمد بن محمّد مهدي النّراقي	Rafed	620	0.537
		التقية في الفكر الاسلامي	مركز الرسالة	Masaha	223	0.53699
		تاريخ الكوفة	حسين البراقي	Masaha	3957	0.53699
		 حكم الأضحية في عصرنا 	 الشيخ ناصر مكارم الشيرازي 	ABLibrary	9682	0.53697
		شرح الصدور بشرح حال الموتى والقبور	عبد الرحمن بن أبي بكر، جلال الدين السيوطي (المتوفى: 911ه)	Sham19Y	6485	0.53696
		الكتاب لسيبويه	عمرو بن عثمان بن قنبر الحارثي بالولاء، أبو بشر، الملقب سيبويه (المتوفى: 180هـ)	ShamAY	23018	0.53694
		الحسين الوسيط. دراسة تحليلية بنيوية لواقعة كربلاء	تورستن هايلين	Ghbook	15399	0.53694
		المنيه (في تحقيق حكم الشارب و اللحيه)	محمد رضا طبسي نجفي	Ghbook	10244	0.53693
		المناهي اللفظية	محمد بن صالح بن محمد العثيمين (المتوفى: 1421هـ)	ShamAY	21801	0.53691
		رسالة في الزيادة التي تدفعها البنوك في البلاد غير الإسلامية	الدكتور عبد الرحمن بن حسن النفيسة	ShamAY	36267	0.5369
		جامع المقاصد في شرح القواعد [ج ٧]	الشيخ عليّ بن الحسين بن عبد العالي الكركي	Rafed	563	0.53689
		الشيعة وفنون الإسلام	السيد حسن الصدر	Masaha	635	0.53689
		شخصية فرعون في القرآن		ShamAY	36944	0.53688
		تحفة الطالب بمعرفة أحاديث مختصر ابن الحاجب	أبو الفداء إسماعيل بن عمر بن كثير القرشي البصري ثم الدمشقي (المتوفى: 774هـ)	ShamAY	9978	0.53687
		حكم تولي المرأة القضاء	إبراهيم بن علي السفياني	ShamAY	33170	0.53686
		يسألونك عن المعاملات المالية المعاصرة	حسام الدين بن موسى محمد بن عفانة	ShamAY	947	0.53684
		 نهاية المرام في علم الكلام 	 العلامة الحلي 	ABLibrary	8674	0.53684
		معجم المصطلحات و الألفاظ الفقهية‌  - الجزء1	محمود عبد الرحمان	Masaha	3700	0.53684
		القواعد والضوابط الأصولية والفقهية المستخرجة من كتاب	أبو عبد الرحمن محمد كربوز	ShamAY	37529	0.53682
		 بلدان الخلافة الشرقية 	 كي لسترنج 	ABLibrary	9032	0.5368
		تقسيم الحديث إلى صحيح، وحسن، وضعيف بين واقع المحدثين ومغالطات المتعصبين "رد على أبي غدة، ومحمد عوامة"	ربيع بن هادي المدخلي	ShamAY	37315	0.53679
		 تاريخ الشحر وأخبار القرن العاشر 	 محمد بن عمر الطيب بافقيه 	ABLibrary	8992	0.53679
		اعتقاد الإمام ابن حنبل	عبد الواحد بن عبد العزيز بن الحارث التميمي	ShamAY	33902	0.53676
		إعلام النبلاء بتاريخ حلب الشهباء [ج ٧]	محمد راغب بن محمود بن هاشم الطبّاخ الحلبي	Rafed	2397	0.53675
		رؤية النبي صلى الله عليه وسلم لربه	محمد بن خليفة بن علي التميمي	ShamAY	11207	0.53673
		فقه الدعوة إلى الله والأمر بالمعروف والنهي عن المنكر	أبو فيصل البدراني	ShamelaY19	96251	0.53668
		القنوت	عدنان محمد عرعور	ShamelaY19	147094	0.53665
		الفقه على المذاهب الأربعة	عبد الرحمن بن محمد عوض الجزيري (المتوفى: 1360هـ)	ShamAY	9849	0.53664
		بحوث في علم الأصول - الجزء1	السيد محمود الهاشمي الشاهرودي	Masaha	3144	0.53664
		بحوث في علم الأصول - الجزء1	السيد محمود الهاشمي الشاهرودي	Masaha	2650	0.53664
		العلاج والرقى	د خالد بن عبد الرحمن بن علي الجريسي	ShamAY	21519	0.53663
		رد شبهات حول عصمة النبى صلى الله عليه وسلم فى ضوء السنة النبوية الشريفة	عماد السيد محمد إسماعيل الشربينى	ShamAY	1824	0.53663
		 العرف الوردي في أخبار المهدي 	 جلال الدين السيوطي 	ABLibrary	7607	0.53663
		 الإحاطة في أخبار غرناطة 	 لسان الدين ابن الخطيب 	ABLibrary	8948	0.53661
		عجائب النباتات والفواكه والحيوانات	ابن الوردي الحفيد، سراج الدين	ShamAY	35937	0.53659
		دور الأدب في مكافحة الخمر بين الجاهلية والإسلام	محمود محمد سالم	ShamAY	10244	0.53658
		شرح التّسهيل المسمّى تمهيد القواعد بشرح تسهيل الفوائد [ج ٣]	محمّد بن يوسف بن أحمد [ ناظر الجيش ]	Rafed	1884	0.53658
		معارج الأنوار في سيرة النبي المختار (( نونية الصرصري ))	الشَّيخ أبي زكريا يحي بن يوسف الصَّرصري (ت 656هـ)	ShamAY	37389	0.53657
		شرح سنن ابن ماجه للسيوطي وغيره	السيوطي	ShamAY	791	0.53657
		كتاب بطلان العمل بالحساب الفلكي في الصوم والإفطار وبيان ما فيه من مفاسد ووجوب العمل بالرؤية الشرعية الثابتة عن خير البرية _ صلى الله عليه وسلم _ من ثلاثين وجهًا .	وائِلُ بن عَليٍّ الدِّسُوقيّ	ShamAY	36433	0.53655
		شرح ارجوزه ابن سينا	ابوعلي حسين بن عبدالله ابن سينا	Ghbook	10063	0.53653
		رسالة الحجاب (مطبوع مع رسالة الدماء الطبيعية للنساء)	محمد بن صالح بن محمد العثيمين (المتوفى: 1421ه)	Sham19Y	21810	0.53649
		فقه السياحه و السفر	آيت الله العظمي حسيني	Ghbook	7996	0.53649
		الاتجاهات الحديثة في تخطيط المناهج الدراسية في ضوء التوجيهات الإسلامية	محمود أحمد شوق	ShamAY	9972	0.53648
		اليهود نشأةً وتاريخاً	صفوت الشوادفي	ShamAY	33480	0.53647
		نضرة البهار في محاورة الليل والنهار (وهو مطبوع ضمن كتاب المفاخرات والمناظرات)	محمد بن محمد بن المبارك الحسني الجزائري ثم الدمشقي (المتوفى: 1330ه)	ShamelaY19	37633	0.53646
		العلل في النحو	محمد بن عبدالله وراق	Ghbook	16344	0.53646
		آداب زيارة المدينة في ضوء الكتاب والسنة	وليد بن صقر الحميدي	ShamAY	36473	0.53645
		بستان العارفين	أبو الليث السمرقندي نصر بن محمد بن أحمد بن إبراهيم الفقيه الحنفي (373 هـ)	ShamAY	33731	0.53644
		فتح الوهاب في حكم اتخاذ المحراب	يحي الحجوري	ShamAY	36194	0.53641
		المنهل العذب المورود شرح سنن الإمام أبي داود	محمود محمد خطاب السبكي	ShamelaY19	20764	0.53641
		الإبداع في بيان كمال الشرع وخطر الابتداع	محمد بن صالح بن محمد العثيمين (المتوفى: 1421ه)	Sham19Y	21797	0.53641
		صفة الصفوة	جمال الدين أبو الفرج عبد الرحمن بن علي بن محمد الجوزي (المتوفى: 597ه)	Sham19Y	12031	0.53641
		مجمع الفائدة والبرهان في شرح إرشاد الأذهان [ج ١٠]	الشيخ أحمد بن محمّد الأردبيلي [ المقدّس الأردبيلي ]	Rafed	1907	0.53641
		منهاج الفقاهه - التعليق علي مكاسب الشيخ الانصاري	آيت الله العظمي سيد محمد صادق روحاني	Ghbook	9666	0.5364
		 الكامل في التاريخ 	 ابن الأثير 	ABLibrary	8249	0.53637
		الدعاء في الحج	سامي بن محمد بن جاد الله :: سامي محمد	ShamAY	35007	0.53636
		المعجم المفصّل في النّحو العربي [ج ٢]	الدكتورة عزيزة فوّال بابستي	Rafed	1811	0.53633
		مسائل في العقائد	آيت الله العظمي سيد محمد حسيني شيرازي	Ghbook	7819	0.53633
		الوصية الجامعة لخير الدنيا والآخرة = الوصية الصغرى	شيخ الإسلام ابن تيمية	ShamAY	34367	0.53632
		مستند الشّيعة [ج ١٥]	أحمد بن محمّد مهدي النّراقي	Rafed	621	0.53632
		خدمه الناس و التقوي	آيت الله العظمي سيد محمد حسيني شيرازي	Ghbook	8151	0.53632
		حول التوسل	خليفه عبيد كلباني عماني	Ghbook	7635	0.53631
		مصباح الهدي في شرح العروة الوثقي	محمد تقي آملي	Ghbook	10128	0.5363
		عيون الرسائل والأجوبة على المسائل	عبد اللطيف بن عبد الرحمن بن حسن بن محمد بن عبد الوهاب آل الشيخ (المتوفى: 1293هـ)	ShamAY	12033	0.53628
		 في رحاب أهل البيت ( ع ) 	 لجنة بحوث المجمع العالمي لأهل البيت ( ع ) 	ABLibrary	8551	0.53628
		العلاقات الدلالية بين ألفاظ الطبيعة في القرآن الكريم		ShamAY	36921	0.53626
		معطية الأمان من حنث الأيمان	عبد الحي بن أحمد بن محمد ابن العماد العَكري الحنبلي، أبو الفلاح (المتوفى: 1089هـ)	ShamAY	12076	0.53622
		المداوي لعلل الجامع الصغير وشرحي المناوي	أحمد بن محمد بن الصدِّيق بن أحمد، أبو الفيض الغُمَارِي الحسني الأزهري (المتوفى: 1380 هـ)	ShamAY	32538	0.53622
		الأخبار الطوال	أبو حنيفة أحمد بن داود الدينوري (المتوفى: 282هـ)	ShamAY	9760	0.53621
		تفسير آيات الغدير الثلاث	علي كوراني	Ghbook	8341	0.53621
		المسجد النبوي عبر التاريخ	محمد السيد الوكيل	ShamAY	38490	0.5362
		فضل الصلاة على النبي صلى الله عليه وسلم وبيان معناها وكيفيتها وشيء مما ألف فيها	عبد المحسن بن حمد بن عبد المحسن بن عبد الله بن حمد العباد البدر	ShamAY	11222	0.53619
		مدارك الأحكام [ج ٦]	السيد محمّد بن علي الموسوي العاملي	Rafed	597	0.53619
		التوحيد عند مذهب  الاماميه	علاء الحسون	Ghbook	10929	0.53619
		مدارك الأحكام [ج ٤]	السيد محمّد بن علي الموسوي العاملي	Rafed	595	0.53617
		شذا العرف في فن الصرف	احمد حملاوي	Ghbook	16313	0.53615
		الإمام البخاري وفقه التراجم في جامعه الصحيح	نور الدين محمد عتر الحلبي	ShamelaY19	36151	0.53614
		اسم الله الصمد	فوزي السعيد	ShamAY	34869	0.53613
		النقد النحوي في فكر النحاة إلى القرن السادس الهجري	سيف الدين البرزنجي	ShamAY	37108	0.53613
		استيفاء الأقوال في تحريم الإسبال على الرجال	محمد بن إسماعيل بن صلاح بن محمد الحسني، الكحلاني ثم الصنعاني، أبو إبراهيم، عز الدين، المعروف كأسلافه بالأمير (المتوفى: 1182ه)	ShamelaY19	29877	0.5361
		 بحار الأنوار 	 العلامة المجلسي 	ABLibrary	740	0.53604
		الإسلام في أفريقيا عبر التاريخ	أبو أحمد محمد أمان بن علي جامي علي (المتوفى: 1415هـ)	ShamAY	8734	0.53603
		البرهان في تفسير القرآن [ج ١]	السيد هاشم الحسيني البحراني	Rafed	1477	0.53603
		البلاغة 1 - البيان والبديع - جامعة المدينة	مناهج جامعة المدينة العالمية	Sham19Y	11200	0.53602
		سلسلة الآثار الصحيحة أو الصحيح المسند من أقوال الصحابة والتابعين	أبو عبد الله الداني بن منير آل زهوي	ShamAY	32422	0.536
		حكم قراءة الجنب للقرآن	الواحدي :: سليمان العلوان	ShamAY	36523	0.53599
		ألفية السيرة النبوية - نظم الدرر السنية الزكية	أبو الفضل زين الدين عبد الرحيم بن الحسين بن عبد الرحمن بن أبي بكر بن إبراهيم العراقي (المتوفى: 806هـ)	ShamAY	23660	0.53598
		تجريد الأصول‏	الشيخ محمد مهدي النراقي	Masaha	2709	0.53596
		تجريد الأصول‏	الشيخ محمد مهدي النراقي	Masaha	3199	0.53596
		ثلاث رسائل في المحبة	عبد الله بن جار الله بن إبراهيم آل جار الله	ShamAY	34916	0.53593
		العلاقة المثلى بين الدعاة ووسائل الإتصال الحديثة في ضوء الكتاب والسنة	د. سعيد بن علي بن وهف القحطاني	Sham19Y	96470	0.53593
		الحكومة العالميّة للإمام المهدي عليه السلام في القرآن والسنّة	الشيخ محمود شريعت زاده الخراساني	Rafed	928	0.53592
		جمع القرآن الكريم في عهد الخلفاء الراشدين - عبد القيوم السندي	د. أبو طاهر عبد القيوم عبد الغفور السندي	Sham19Y	11132	0.53589
		النّجم الثاقب [ج ١]	صلاح بن علي بن محمّد بن أبي القاسم	Rafed	1953	0.53589
		التفسير بالبيان المتصل في القرآن الكريم	بسمة بنت عبد الله الكنهل	ShamelaY19	148082	0.53585
		 كتاب المكاسب ( المحشَّى ) 	 الشيخ الأنصاري 	ABLibrary	9382	0.53582
		شرح كتاب التدليس في الحديث للدميني - محمد حسن عبد الغفار	محمد حسن عبد الغفار	ShamAY	721	0.53581
		مُخْتَصَر صَحِيحُ الإِمَامِ البُخَارِي	أبو عبد الرحمن محمد ناصر الدين، بن الحاج نوح بن نجاتي بن آدم، الأشقودري الألباني (المتوفى: 1420هـ)	ShamAY	31686	0.53581
		صبرا آل ياسر	مجدي الهلالي	ShamelaY19	36406	0.53581
		 دليل تحرير الوسيلة ( فقه الربا ) 	 علي أكبر السيفي المازندراني 	ABLibrary	9757	0.53581
		أقصى الأماني في علم البيان والبديع والمعاني	الأنصاري، زكريا	ShamAY	34489	0.53578
		من فتاوى فضيلة الشيخ العلامة محمد الأمين بن محمد المختار الشنقيطي الجكني -رحمه الله وطيب ثراه، صاحب تفسير أضواء البيان-.	محمد الأمين بن محمد المختار الشنقيطي	ShamelaY19	142186	0.53578
		طل الربوة تربية الأستاذ الداعية لتلميذه	الدكتور عبد الله قادري الأهدل	Sham19Y	1968	0.53576
		المنهج السياسي لاهل البيت عليهم السلام	عبد الستار الجابري	Ghbook	12304	0.53574
		شرح سند الناسكين	محمد السند	Ghbook	15224	0.53572
		أحكام الأحوال الشخصية في الشريعة الإسلامية	عبد الوهاب خلاف (المتوفى: 1375هـ)	ShamAY	8631	0.53571
		حاشية السندي على سنن ابن ماجه = كفاية الحاجة في شرح سنن ابن ماجه	محمد بن عبد الهادي التتوي، أبو الحسن، نور الدين السندي (المتوفى: 1138هـ)	ShamAY	9810	0.5357
		مستدرك الوسائل [ج ٥]	الشيخ حسين النوري الطبرسي [ المحدّث النوري ]	Rafed	1138	0.53569
		تاج العروس [ج ١١]	محبّ الدين أبي فيض السيد محمّد مرتضى الحسيني الواسطي الزبيدي الحنفي	Rafed	1505	0.53568
		العرف الوردي في أخبار المهدي	عبد الرحمن السيوطي	Masaha	2353	0.53568
		الازمات و حلولها	آيت الله العظمي سيد محمد حسيني شيرازي	Ghbook	7794	0.53566
		أصول الفقه [ج ٣]	آية الله الشيخ حسين الحلّي	Rafed	967	0.53565
		مستند الشّيعة [ج ١٦]	أحمد بن محمّد مهدي النّراقي	Rafed	622	0.53565
		معجم أصحاب شيخ الإسلام ابن تيمية	وليدُ بنُ حُسْنِي بنِ بَدَوِي بنِ مُحَمَّدٍ الأُمَوِيِّ	ShamAY	21524	0.53562
		أَحْكَامُ الْجِهَادِ وَفَضَائِلُهُ	الواحدي :: ابن عبد السلام	ShamAY	34275	0.53558
		كتاب اليقين في معرفة رب العالمين	محمد علي محمد إمام	ShamelaY19	36615	0.53558
		الغاية في اختصار النهاية	عز الدين عبد العزيز بن عبد السلام السلمي (المتوفى: 660 ه)	Sham19Y	127703	0.53558
		الاراضي (مجموعه دراسات و بحوث فقهيه اسلاميه)	آيت الله شيخ محمد اسحاق فياض	Ghbook	9164	0.53558
		الشواهد الشعرية في مؤلّفات المحقّق الكركي	الشيخ محمد الحسون	Masaha	322	0.53558
		القول الفاضل في الرد علي مدعي التحريف	آيت الله العظمي سيد شهاب الدين مرعشي نجفي	Ghbook	8740	0.53556
		رسالة في البيع	الواحدي :: ابن عثيمين	ShamAY	36504	0.53554
		وجاء دور المجوس - الأبعاد التاريخية والعقائدية والسياسية للثورة الإيرانية		ShamAY	35321	0.53551
		حكم تارك الصلاة	الواحدي :: علي بن نايف الشحود	ShamAY	36100	0.5355
		الاتجاه العلماني المعاصر في علوم القرآن الكريم .. الجابِري أُنموذجاً	سامي عطا حسن	ShamAY	36994	0.5355
		 موسوعة تاريخ العراق بين احتلالين 	 عباس العزاوي المحامي 	ABLibrary	9257	0.5355
		التجديد الكلامي عند الشهيد الصدر	الأسعد بن علي	Rafed	1200	0.5355
		إمام المسجد مقوماته العلمية والخلقية	سعود بن محمد البشر	ShamelaY19	30874	0.53543
		يوم الحسين ( عليه السلام )	آيت الله العظمي سيد محمد حسيني شيرازي	Ghbook	7909	0.53543
		قواعد اللغة العربية ( الكفاف )	أ. يوسف الصيداوي	ShamAY	37057	0.53542
		البيان في مذهب الإمام الشافعي	أبو الحسين يحيى بن أبي الخير بن سالم العمراني اليمني الشافعي (المتوفى: 558ه)	ShamelaY19	21721	0.53541
		ايصال الطالب الي المكاسب	آيت الله العظمي سيد محمد حسيني شيرازي	Ghbook	10146	0.53541
		 الإسلام والتناسخ 	 السيد حسين يوسف مكي العاملي 	ABLibrary	8330	0.5354
		تحفه لب اللباب في ذكر نسب الساده الانجاب	سيدمهدي رجايي	Ghbook	15618	0.5354
		شرح صحيح ابن حبان - الراجحي	عبد العزيز بن عبد الله بن عبد الرحمن الراجحي	ShamAY	104	0.53539
		تحقيق النصرة بتلخيص معالم دار الهجرة	المراغي، أبو بكر	ShamAY	38413	0.53539
		رياض النفوس في طبقات علماء القيروان وإفريقية وزهادهم ونساكهم وسير من أخبارهم وفضائلهم وأوصافهم	أبو بكر عبد الله بن محمد المالكي	ShamelaY19	148883	0.53539
		 منهاج الصالحين 	 السيد محمد سعيد الحكيم 	ABLibrary	9624	0.53539
		حتى لا نخسر رمضان	مجدي الهلالي	ShamAY	276	0.53538
		الضوء اللامع لأهل القرن التاسع	شمس الدين أبو الخير محمد بن عبد الرحمن بن محمد بن أبي بكر بن عثمان بن محمد السخاوي (المتوفى: 902هـ)	ShamAY	6675	0.53538
		الحوادث الجامعة والتجارب النافعة في المائة السابعة	كمال الدين عبد الرزاق بن أحمد المعروف بابن الفوطي (المتوفى: 723هـ)	ShamAY	37156	0.53538
		تسع رسايك في الحكمه و الطبيعيات	ابوعلي حسين بن عبدالله ابن سينا	Ghbook	7942	0.53537
		الحج منافعه وآثاره	الواحدي :: ابن جبرين	ShamAY	36371	0.53534
		الجراثيم	ينسب لأبي محمد عبد الله بن مسلم بن قتيبة الدينوري (المتوفى: 276هـ)	ShamAY	9228	0.53533
		السنن الأبين والمورد الأمعن في المحاكمة بين الإمامين في السند المعنعن	محمد بن عمر بن محمد، أبو عبد الله، محب الدين ابن رشيد الفهري السبتي (المتوفى: 721هـ)	ShamAY	6011	0.53533
		أخطاء وأوهام في أضخم مشروع تعسفي لهدم السنة	عبد العظيم إبراهيم محمد المطعني (المتوفى: 1429هـ)	ShamAY	1408	0.53532
		كتاب بغداد	أبو الفضل أحمد بن أبي طاهر ابن طيفور (المتوفى: 280هـ)	ShamAY	5880	0.53531
		الوافي في شرح الشاطبية في القراءات السبع	عبد الفتاح بن عبد الغني بن محمد القاضي (المتوفى: 1403هـ)	ShamAY	1213	0.5353
		تراثنا ـ العدد [ 29 ]	مؤسسة آل البيت عليهم السلام لإحياء التراث ـ قم	Rafed	2769	0.53529
		صفة الصفوة	جمال الدين أبو الفرج عبد الرحمن بن علي بن محمد الجوزي (المتوفى: 597هـ)	ShamAY	12031	0.53528
		تاج العروس [ج ١٠]	محبّ الدين أبي فيض السيد محمّد مرتضى الحسيني الواسطي الزبيدي الحنفي	Rafed	1502	0.53528
		في رحاب الامام المهدي(عج)	عبدالرحيم مبارك	Ghbook	14043	0.53528
		حسن البنا - الرجل القرآني	روبيرت جاكسون	ShamelaY19	96609	0.53527
		تفسير الحبري‏	حسين بن حكم الكوفي الحبري‏	Masaha	1957	0.53527
		السنة النبوية وحي - خليل خاطر	خليل بن إبراهيم ملا خاطر	ShamAY	7611	0.53524
		الأذكار للنووي ط ابن حزم	أبو زكريا محيي الدين يحيى بن شرف النووي (المتوفى: 676هـ)	ShamAY	10639	0.53523
		النيات و الخواطر	محمد السند	Ghbook	15174	0.53522
		 الزبدة الفقهية في شرح الروضة البهية 	 السيد محمد حسن الترحيني العاملي 	ABLibrary	9698	0.53519
		بيان التوحيد الذي بعث الله به الرسل جميعا وبعث به خاتمهم محمدا عليه السلام	عبد العزيز بن عبد الله بن باز (المتوفى: 1420ه)	ShamelaY19	30822	0.53518
		 منائح الكرم 	 علي بن تاج الدين السنجاري 	ABLibrary	9225	0.53516
		مفرحه الانام في تاسيس بيت الله الحرام	زين العابدين بن نورالدين حسيني كاشاني	Ghbook	9209	0.53515
		فتوى في تحريم التعليم المختلط (ضمن «المحاضرات» المطبوعة ب «بآثار الشنقيطي»)	محمد الأمين بن محمد المختار الجكني الشنقيطي (1325 - 1393)	ShamelaY19	20771	0.53514
		الفائق في أصول الفقه	صفي الدين محمد بن عبد الرحيم بن محمد الأرموي الهندي الشافعي (المتوفى: 715 ه)	Sham19Y	18281	0.53514
		السنن الأبين والمورد الأمعن في المحاكمة بين الإمامين في السند المعنعن	محمد بن عمر بن محمد، أبو عبد الله، محب الدين ابن رشيد الفهري السبتي (المتوفى: 721ه)	Sham19Y	6011	0.53514
		ضوابط الجرح والتعديل مع دراسة تحليلية لترجمة إسرائيل بن يونس	عبد العزيز بن محمد آل عبد اللطيف	ShamAY	37316	0.53507
		معجم تيمور الكبير في الألفاظ العامية	أحمد بن إسماعيل بن محمد تيمور (المتوفى: 1348 ه)	Sham19Y	150964	0.53506
		العقد الثّمين في تاريخ البلد الأمين [ج ١]	تقي الدين محمّد بن أحمد الحسني الفاسي المكّي	Rafed	2209	0.53503
		إهداء للبرنامج من دار الركائز للنشر والتوزيع - دولة الكويت	د. أنس بن عادل اليتامى، د. عبد العزيز بن عدنان العيدان	ShamelaY19	147663	0.53502
		الأُرْجُوْزَة المُفِيْدَة فِي مَسَائِلِ التَّوحِيْدِ	إسحاق بن عبد الرحمن بن حسن آل الشيخ	ShamAY	35461	0.535
		 بحار الأنوار 	 العلامة المجلسي 	ABLibrary	791	0.53499
		رياض المسائل في تحقيق الأحكام بالدّلائل [ج ٣]	السيد علي بن السيد محمد علي الطباطبائي	Rafed	272	0.53499
		الإمام أبو جعفر الباقر عليه السلام سيرة وتاريخ	علي موسى الكعبي	Rafed	784	0.53499
		انوار الفقاهه - كتاب البيع	حسن بن جعفر بن خضر نجفي كاشف الغطاء	Ghbook	12073	0.53499
		حول علم الائمه بالغيب	خليفه عبيد كلباني عماني	Ghbook	7639	0.53497
		الأسئلة الحديثية للشيخ العلوان	سليمان بن عبد الله العلوان	ShamAY	37253	0.53496
		الخراج وصناعة الكتابة	قدامة بن جعفر بن قدامة بن زياد البغدادي، أبو الفرج (المتوفى: 337هـ)	ShamAY	11767	0.53496
		نخب المناقب لال ابي طالب عليهم  السلام	ابن شهرآشوب مازندراني	Ghbook	15655	0.53496
		منار الهدى في بيان الوقف والابتدا ومعه المقصد لتلخيص ما في المرشد	الأشموني، المقرئ	ShamelaY19	38091	0.53494
		حاشية العدوي على شرح كفاية الطالب الرباني	أبو الحسن, علي بن أحمد بن مكرم الصعيدي العدوي (نسبة إلى بني عدي، بالقرب من منفلوط) (المتوفى: 1189ه)	Sham19Y	21597	0.53494
		مرويات الهجرة	الواحدي :: سلمان العودة	ShamAY	37446	0.53493
		منهاج المحدثين في القرن الأول الهجري وحتى عصرنا الحاضر	على عبد الباسط مزيد	ShamAY	9983	0.53493
		نضرة البهار في محاورة الليل والنهار (وهو مطبوع ضمن كتاب المفاخرات والمناظرات)	محمد بن محمد بن المُبارك الحسني الجزائري ثم الدمشقيّ (المتوفى: 1330هـ)	ShamAY	992	0.53491
		بحار الأنوار [ج ٩٥]	الشيخ محمّد باقر بن محمّد تقي المجلسي	Rafed	1249	0.53489
		بحوث في علم الأصول [ج ٤]	السيّد محمود الهاشمي الشاهرودي	Rafed	665	0.53488
		رياض المسائل في تحقيق الأحكام بالدّلائل [ج ٦]	السيد علي بن السيد محمد علي الطباطبائي	Rafed	313	0.53487
		حكم بناء الكنائس والمعابد الشركية في بلاد المسلمين	إسماعيل بن محمد بن ماحي السعدي الأنصاري (المتوفى: 1417هـ)	ShamAY	30828	0.53486
		آداب المشي إلى الصلاة ط الوزارة	محمد بن عبد الوهاب بن سليمان التميمي النجدي (المتوفى: 1206هـ)	ShamAY	31246	0.53486
		الإرهاب الأسباب والعلاج	عصام بن هاشم الجفري	ShamAY	33363	0.53484
		حول الشعر التعليمي	صالح آدم بيلو	ShamelaY19	23069	0.53484
		 تبيان الصلاة 	 تقرير بحث البروجردي للشيخ علي الصافي 	ABLibrary	9417	0.53484
		كشف الحال في وصف الخال للصفدي	الواحدي :: الصفدي	ShamAY	36062	0.53482
		الصحيح من سيرة النبي الأعظم صلّى الله عليه وآله [ج ٢٨]	السيد جعفر مرتضى العاملي	Rafed	2643	0.53479
		معجم ديوان الأدب	أبو إبراهيم إسحاق بن إبراهيم بن الحسين الفارابي، (المتوفى: 350هـ)	ShamAY	9263	0.53478
		رسالة حقيقة الحجاب والغيرة على الأعراض	الواحدي :: ابن جبرين	ShamAY	36345	0.53478
		أقسام الأرضين في الشريعة الإسلامية وأحكامها وتبيان حكم الإسلام في أرض فلسطين	أمين شومانا	ShamAY	36543	0.53477
		الخلاصة في علوم البلاغة	علي بن نايف الشحود	ShamAY	34453	0.53472
		الإمام الحسن السّبط عليه السلام سيرة وتاريخ	السيد سعيد كاظم العذاري	Rafed	717	0.53472
		منتهى المقال في أحوال الرّجال [ج ١]	الشيخ محمّد بن إسماعيل المازندراني	Rafed	530	0.53472
		آداب المشي إلى الصلاة (مطبوع ضمن مؤلفات الشيخ محمد بن عبد الوهاب، الجزء الثالث)	محمد بن عبد الوهاب بن سليمان التميمي النجدي (المتوفى: 1206هـ)	ShamAY	7495	0.53471
		مسند الإمام الرضا(ع) - الجزء1	عزيز الله عطاردي‏	Masaha	2474	0.53471
		 إتحاف الأخيار بغرايب الأخبار 	 إدريس الجعيدي السلوي 	ABLibrary	8940	0.53469
		الخلاصة في أحكام التترس	علي بن نايف الشحود	ShamAY	1591	0.53466
		جمع القرآن الكريم في عهد الخلفاء الراشدين - عبد القيوم السندي	د. أبو طاهر عبد القيوم عبد الغفور السندي	ShamAY	11132	0.53465
		مشكلة الأفكار في العالم الإسلامي	مالك بن الحاج عمر بن الخضر بن نبي (المتوفى: 1393ه)	ShamelaY19	37588	0.53465
		مفهوم الجهاد و أحكامه من خلال سورة الأنفال	أحمد بوقرين	ShamAY	36177	0.53463
		 الديباج على مسلم 	 جلال الدين السيوطي 	ABLibrary	885	0.53463
		إرواء الغليل في تخريج أحاديث منار السبيل	محمد ناصر الدين الألباني (المتوفى : 1420هـ)	ShamAY	22592	0.53462
		خلاصه عمده الاصول آيه الله خرازي	محسن خرازي	Ghbook	15524	0.53459
		دروس في فقه الشيعه ، القاها السيد ابوالقاسم الموسوي الخوئي - الاجتهاد و التقليد	محمد مهدي موسوي خلخالي	Ghbook	10209	0.53458
		مكانة الإمام أبي حنيفة في الحديث	محمد عبد الرشيد النعماني الباكستاني (المتوفى: 1420ه)	ShamelaY19	96604	0.53457
		شمس العلوم [ج ١٠]	نشوان بن سعيد الحميري	Rafed	1422	0.53457
		الاهداف والمبادي السياسية لنهضة الامام الحسين عليه السلام	قيصر التميمي	Ghbook	15406	0.53456
		بلغة السالك لأقرب المسالك = حاشية الصاوي على الشرح الصغير	الواحدي :: أحمد الصاوي	ShamAY	34222	0.53455
		الاقبال بالاعمال الحسنه	سيد رضي الدين علي بن موسي بن طاووس ابن طاووس	Ghbook	2380	0.53455
		دليل تحرير الوسيلة (الستر و الساتر)	علي اكبر سيفي مازندراني	Ghbook	9149	0.53455
		منهاج المحدثين في القرن الأول الهجري وحتى عصرنا الحاضر	على عبد الباسط مزيد	Sham19Y	9983	0.53452
		مكارم الأخلاق لابن عثيمين	محمد بن صالح بن محمد العثيمين (المتوفى: 1421هـ)	ShamAY	12082	0.53451
		دروس وعبر من غزوة أحد أربعون درساً من غزوة أحد	أمير بن محمد المدري	ShamAY	37399	0.53451
		مِنْ عَجَائِبِ الدُّعاء - الجزء الثاني (قصَصٌ لِقَوْم دعوا اللهَ فَاسْتَجاب لَهُمْ مِن المُتقدِّمينَ والمُعاصِرين)	خالد بن سليمان بن علي الربعي	ShamAY	505	0.53451
		شرح صحيح ابن حبان - الراجحي	عبد العزيز بن عبد الله بن عبد الرحمن الراجحي	ShamelaY19	37009	0.5345
		الأجوبة المرضية فيما سئل السخاوي عنه من الأحاديث النبوية	شمس محمد بن عبد الرحمن السخاوي (المتوفى: 902 ه)	Sham19Y	17878	0.53448
		اصوليه الامامه	خليفه عبيد كلباني عماني	Ghbook	7519	0.53447
		تاريخ الادب في ايران من الفردوسي الي السعدي	ادوارد براون	Ghbook	9565	0.53444
		أحكام صلاة المريض وطهارته	عبد العزيز بن عبد الله بن باز (المتوفى: 1420ه)	Sham19Y	31249	0.53443
		رياضة النفس	محمد بن علي بن الحسن بن بشر، أبو عبد الله، الحكيم الترمذي (المتوفى: نحو 320هـ)	ShamAY	390	0.53439
		منهاج الأصول [ج ٥]	محمّد ابراهيم الكرباسي	Rafed	3685	0.53439
		وصية النبي صلّى الله عليه وآله	علي موسى الكعبي	Rafed	169	0.53439
		بحار الأنوار [ج ٢٧]	الشيخ محمّد باقر بن محمّد تقي المجلسي	Rafed	902	0.53439
		استخراج المرام من استقصاء الافحام	آيت الله علي حسيني ميلاني	Ghbook	4779	0.53438
		ديوان ذي الرمة شرح أبي نصر الباهلي رواية ثعلب	أبو نصر أحمد بن حاتم الباهلي (المتوفى: 231 ه)	Sham19Y	16545	0.53437
		الصحيح من سيرة النبي الأعظم صلّى الله عليه وآله [ج ٢٧]	السيد جعفر مرتضى العاملي	Rafed	2633	0.53434
		كلام السالفين الصالحين فيما يكون عليه المعتكفين	أبو كفاح الدين أحمد بن محمد السعيد سبط الإمام المجدد أبو الفتح القشيرى ابن دقيق العيد	ShamAY	36449	0.53433
		شرح العقيدة الواسطية لشيخ الإسلام ابن تيمية في ضوء الكتاب والسنة	د. سعيد بن علي بن وهف القحطاني	ShamelaY19	96494	0.53432
		قصص لا تثبت عن أئمة المذاهب الأربعة	عبد الله بن زقيل	ShamAY	35880	0.53431
		براهين الحج للفقهاء و الحجج (الحج)	رضا مدني كاشاني	Ghbook	2945	0.53431
		لسان اللسان [ج ٢]	أبي الفضل جمال الدين محمّد بن مكرم ابن منظور	Rafed	2958	0.5343
		الإشراف على نكت مسائل الخلاف	القاضي أبو محمد عبد الوهاب بن علي بن نصر البغدادي المالكي (422هـ)	ShamAY	31818	0.53428
		الكافي في فقه الإمام أحمد	أبو محمد موفق الدين عبد الله بن أحمد بن محمد بن قدامة الجماعيلي المقدسي ثم الدمشقي الحنبلي، الشهير بابن قدامة المقدسي (المتوفى: 620ه)	ShamelaY19	21731	0.53428
		حاشيه علي رساله في القضاء عن الميت	ملا عبد اللّٰه بن محمد حسن مامقاني	Ghbook	11255	0.53428
		تاريخ العرب وحضارتهم في الأندلس	د خليل إبراهيم السامرائي - د عبد الواحد ذنون طه - د ناطق صالح مصلوب	ShamelaY19	29723	0.53426
		 هذا هو بلال 	 الشيخ نبيل قاووق 	ABLibrary	799	0.53426
		وسطية الإسلام وسماحته - محمد الصالح	أ. د. محمد بن أحمد الصالح	ShamAY	1282	0.53421
		 الجامع لمفردات الأدوية والأغذية 	 ابن البيطار 	ABLibrary	9886	0.53421
		أحكام القرآن [ج ٢]	أبي عبد الله محمد بن إدريس الشافعي	Rafed	1534	0.53421
		العلاج بالقرآن ( حقيقته ، أهميته ، حكمه، وضوابطه )	عبد الحق حميش	ShamAY	34895	0.53418
		منتخب الكلام في تفسير الأحلام - الفكر	ابن سيرين	ShamAY	34790	0.53418
		مكانة الإمام أبي حنيفة في الحديث	محمد عبد الرشيد النعماني الباكستاني (المتوفى: 1420هـ)	ShamAY	1944	0.53418
		حِلْيَةُ الحُفَّاظ شرح منظومة الدمياطي في متشابه الآي والألفاظ		ShamAY	37017	0.53417
		قرينة السياق ودورها في التقعيد النحوي والتوجيه الإعرابي في كتاب سيبويه	إيهاب سلامة	ShamelaY19	132406	0.53414
		قرارات مجمع اللغة العربية بالقاهرة	مجمع اللغة العربية بالقاهرة	ShamAY	37214	0.53413
		النشر فى القراءات العشر [ج ٢]	الحافظ أبي الخير محمّد بن محمّد الدمشقي	Rafed	1120	0.53412
		أسباب النّزول القرآني	دكتور غازي عناية	Rafed	3393	0.53408
		 مسالك الممالك ( ط ليدن ) 	 ابراهيم بن محمد الاصطخري ( الكرخي ) 	ABLibrary	9201	0.53407
		مشارق الأنوار على صحاح الآثار	عياض بن موسى بن عياض بن عمرون اليحصبي السبتي، أبو الفضل (المتوفى: 544هـ)	ShamAY	10527	0.53403
		الوهابيه مملكه الفضائح	لجنة البحوث و الدراسات بالطريقة العزمية	Ghbook	7600	0.53398
		العلامة الشيخ عبد الرازق عفيفى ومعالم منهجه الأصولي		ShamAY	35800	0.53395
		التحول الجنسي : دراسة فقهية تبحث عن تغيير الجنس من ذكر لأنثي و العكس	مصطفي الامامي الاهوازي	Ghbook	16320	0.53395
		الحوقلة مفهومها وفضائلها ودلالتها العقدية	عبد الرزاق بن عبد المحسن البدر	ShamAY	10352	0.53394
		شرحان على مراح الأرواح في علم الصرف	شمس الدين أحمد المعروف بديكنقوز أو دنقوز (المتوفى: 855هـ)	ShamAY	23140	0.53391
		 القول السديد في شرح التجريد 	 السيد محمد الحسيني الشيرازي 	ABLibrary	8574	0.53389
		الخراج وصناعة الكتابة	قدامة بن جعفر	Rafed	2399	0.53387
		البكاء علي الحسين عليه السلام في مصادر الفريقين	حسن بن محمد بن جمعه المطوري	Ghbook	12307	0.53385
		عقيدة الحافظ تقي الدين عبد الغني بن عبد الواحد المقدسي	عبد الغني بن عبد الواحد بن علي بن سرور المقدسي الجماعيلي الدمشقي الحنبلي، أبو محمد، تقي الدين (المتوفى: 600هـ)	ShamAY	11279	0.53383
		و سلاحه البكاء ... او : ابك يا ولدي الحبيب ...	كمال السيد	Ghbook	6406	0.53382
		اعجاز القرآن في ما تخفيه الارحام 	كريم نجيب اغر	Ghbook	2767	0.53379
		تفسير الأحلام = منتخب الكلام في تفسير الأحلام (مطبوع بهامش تعطير الأنام في تعبير المنام للنابلسي)	ينسب لمحمد بن سيرين (المتوفى: 110هـ) ولا تصح نسبته له	ShamAY	21615	0.53378
		مشابهة الرافضة الشيعة لليهود		ShamAY	35314	0.53376
		نحو اداره ناجحه	آيت الله العظمي سيد محمد حسيني شيرازي	Ghbook	8166	0.53376
		أحكام الأضحية والذكاة (مطبوع ضمن كتاب الصيد الثمين في رسائل ابن عثيمين)	محمد بن صالح بن محمد العثيمين (المتوفى: 1421هـ)	ShamAY	11529	0.53375
		نور اللمعة في خصائص الجمعة	عبد الرحمن بن أبي بكر، جلال الدين السيوطي (المتوفى: 911هـ)	ShamAY	10747	0.53374
		عقد الدرر في أخبار المنتظر وهو المهدي عليه السلام	يوسف بن يحيى بن علي بن عبد العزيز المقدسي السلمي الشافعي (المتوفى: بعد 658هـ)	ShamAY	9799	0.53373
		تخريج أحاديث فضائل الشام ودمشق لأبي الحسن علي بن محمد الربعي	أبو عبد الرحمن محمد ناصر الدين، بن الحاج نوح بن نجاتي بن آدم، الأشقودري الألباني (المتوفى: 1420هـ)	ShamAY	11737	0.53372
		 منتخب الأثر في أحوال الإمام الثاني عشر ( عج ) 	 الشيخ لطف الله الصافي الگلپايگاني 	ABLibrary	7790	0.53369
		رايات الهدي و الضلال في عصر الظهور	مهدي حمد الفتلاوي	Masaha	4070	0.53369
		هبة السماء رحلتي من المسيحية إلى الإسلام	علي الشيخ	Masaha	476	0.53369
		تاج العروس [ج ٦]	محبّ الدين أبي فيض السيد محمّد مرتضى الحسيني الواسطي الزبيدي الحنفي	Rafed	1498	0.53368
		ضروره التفرغ للعمل في سبيل الله	آيت الله العظمي سيد محمد حسيني شيرازي	Ghbook	7755	0.53368
		 المبدأ والمعاد 	 أبو علي سينا 	ABLibrary	8586	0.53366
		نهج البلاغه (صبحي صالح)	جمعي از راويان	Ghbook	15737	0.53366
		البغال	عمرو بن بحر بن محبوب الكناني بالولاء، الليثي، أبو عثمان، الشهير بالجاحظ (المتوفى: 255ه)	Sham19Y	10506	0.53364
		الأسهم - حكمها وآثارها	أ. د. صالح بن محمد بن سليمان السلطان	ShamAY	32129	0.53363
		مختصر تاريخ دمشق لابن عساكر	محمد بن مكرم بن على، أبو الفضل، جمال الدين ابن منظور الانصاري الرويفعى الإفريقى (المتوفى: 711هـ)	ShamAY	3118	0.53363
		و كانت صديقه : روايه	كمال السيد	Ghbook	3886	0.53362
		المهذب في حق المسلم على المسلم	علي بن نايف الشحود	ShamAY	34840	0.53359
		المولد النبوي ... هل نحتفل؟	شحاتة محمد صقر	ShamelaY19	36153	0.53359
		إعراب القرآن الكريم وبيانه [ج ٧]	محيي الدين الدرويش	Rafed	2041	0.53359
		كتب أحاديث الأحكام جمع ودراسة بلوغ المرام نموذجاً	عبد الله بن سفر عباده العبدلي الغامدي	ShamAY	37352	0.53354
		الدلالة النفسية للألفاظ في القرآن الكريم		ShamAY	36916	0.53351
		نهاية المرام في علم الكلام [ج ٣]	الحسن بن يوسف بن علي المطّهر [ العلامة الحلّي ]	Rafed	3371	0.5335
		صلة تاريخ الطبري	الواحدي :: القرطبي، عريب بن سعد	ShamAY	33813	0.53349
		مشتبهات القرآن	علي بن حمزة بن عبد الله الأسدي بالولاء، الكوفي، أبو الحسن الكسائي (المتوفى: 189ه)	ShamelaY19	29986	0.53345
		الاجتهاد و التقليد	محمد فاضل لنكراني	Ghbook	10239	0.53345
		سند زيارة عاشوراء	السيد ياسين الموسوي	Rafed	4057	0.53343
		ذم الخمر	الواحدي :: ابن رجب الحنبلي	ShamAY	36509	0.53341
		الجيل المثالى	محب الدين الخطيب	ShamAY	34774	0.5334
		الازمنه و الامكنه	احمد بن محمد مرزوقي اصفهاني	Ghbook	11366	0.5334
		الشفاعة حقيقة إسلامية	مركز الرسالة	Masaha	319	0.53337
		التربية الجنسية للطفل	عدنان باحارث	ShamAY	35055	0.53334
		الطبيب الداعية (ملف) دعوي	ندى بنت عبد العزيز محمد اليوسفي	ShamAY	34891	0.5333
		الاستدراك الأصولي دراسة تأصيلية تطبيقية على المصنفات الأصولية من القرن الثالث إلى القرن الرابع عشر هجريا	إيمان بنت سالم قبوس	ShamelaY19	133372	0.53326
		الكافي في فقه ابن حنبل - المكتب الإسلامي	أبو محمد موفق الدين عبد الله بن أحمد بن محمد بن قدامة الجماعيلي المقدسي ثم الدمشقي الحنبلي، الشهير بابن قدامة المقدسي (المتوفى: 620هـ)	ShamAY	34259	0.53325
		ديوان الإمام الشافعي ـ نسخة شبكة مشكاة الإسلامية	أبى عبد الله محمد بن ادريس الشافعى المتوفى عام 204 هـ	ShamAY	37917	0.53325
		الاجابات الواضحات لسوالات القرائات 	احمد محمود عبد السميع شافعي حفيان	Ghbook	2794	0.53325
		فتح الكريم المنان في آداب حملة القرآن	نور الدين علي بن محمد بن حسن بن إبراهيم بن عبد الله المصري الملقب بالضباع (المتوفى: 1380هـ)	ShamAY	211	0.5332
		اسم الله تعالى - اللطيف	الدبيسي، محمد بن مصطفى	ShamAY	34870	0.53318
		المطالب العالية من العلم الإلهي [ج ٧]	محمّد بن عمر بن الحسن بن الحسين التيمي البكري [ فخر الدين الرازي ]	Rafed	3636	0.53318
		إقامة البرهان في الرد على من أنكر خروج المهدي والدجال ونزول المسيح في آخر الزمان	حمود بن عبد الله بن حمود بن عبد الرحمن التويجري (المتوفى: 1413ه)	Sham19Y	17394	0.53316
		الشرح الكبير للشيخ الدردير وحاشية الدسوقي	محمد بن أحمد بن عرفة الدسوقي المالكي (المتوفى: 1230هـ)	ShamAY	21604	0.53313
		اللاعنف في الاسلام	آيت الله العظمي سيد محمد حسيني شيرازي	Ghbook	7798	0.53313
		وصف الفردوس لعبد الملك بن حبيب	عبد الملك بن حبيب الأندلسي	ShamAY	33596	0.53306
		مدارك الأحكام [ج ٥]	السيد محمّد بن علي الموسوي العاملي	Rafed	596	0.53306
		كتاب اليقين في معرفة رب العالمين	محمد علي محمد إمام	ShamAY	1146	0.53303
		نهاية الإيجاز في سيرة ساكن الحجاز	رفاعة رافع الطهطاوي‏	Masaha	3035	0.53302
		المعجم الجغرافي للبلاد العربيّة السعوديّة [ج ٣]	حمد الجاسر	Rafed	2335	0.53301
		منائح الكرم في أخبار مكة والبيت وولاة الحرم [ج ١]	علي بن تاج الدين بن تقي الدين السنجاري	Rafed	2689	0.53298
		أمالي الزجاجي	عبد الرحمن بن إسحاق البغدادي النهاوندي الزجاجي، أبو القاسم (المتوفى: 337هـ)	ShamAY	1336	0.53297
		معجم الأفعال المتداولة	السيد محمد الحيدري	Rafed	1132	0.53297
		المخصّص [ج ١]	أبي الحسن علي بن إسماعيل بن سيده المرسي [ ابن سيده ]	Rafed	3541	0.53297
		الصحيفة الصادقية الجامعة	محمد باقر بن مرتضي موحد ابطحي اصفهاني	Ghbook	9861	0.53297
		الأغصان الندية شرح الخلاصة البهية بترتيب أحداث السيرة النبوية	أبو أسماء محمد بن طه	Sham19Y	122394	0.53296
		وصايا الي الشباب المسلم	آيت الله العظمي سيد محمد حسيني شيرازي	Ghbook	7869	0.53295
		الغرر البهية في شرح البهجة الوردية	زكريا بن محمد بن أحمد بن زكريا الأنصاري، زين الدين أبو يحيى السنيكي (المتوفى: 926ه)	ShamelaY19	21848	0.53294
		العلمانيون العرب وموقفهم من الإسلام	أبو سفيان مصطفى باحو السلاوي المغربي	ShamelaY19	96927	0.53294
		بيان الفقه في شرح العروة الوثقي	آيت الله العظمي حسيني	Ghbook	10427	0.53294
		عقد الدرر في اخبار المنتظر ( عليه السلام )	يوسف بن يحيي بن علي بن عبدالعزيز مقدسي شافعي سلمي	Ghbook	6666	0.5329
		أحاديث الطائفة الظاهرة	حسام الدين بن موسى محمد بن عفانة	ShamAY	967	0.53289
		الصحيفة الباقرية الجامعة	محمد باقر بن مرتضي موحد ابطحي اصفهاني	Ghbook	9860	0.53289
		القطوف الدانية في المسائل الثمانية الجزء الثاني	السيد عبد المحسن السراوي	Masaha	378	0.53288
		تاج العروس [ج ٥]	محبّ الدين أبي فيض السيد محمّد مرتضى الحسيني الواسطي الزبيدي الحنفي	Rafed	1496	0.53287
		استيفاء الأقوال في تحريم الإسبال على الرجال	محمد بن إسماعيل بن صلاح بن محمد الحسني، الكحلاني ثم الصنعاني، أبو إبراهيم، عز الدين، المعروف كأسلافه بالأمير (المتوفى: 1182هـ)	ShamAY	201	0.53285
		فقه الدعوة إلى الله والأمر بالمعروف والنهي عن المنكر	أبو فيصل البدراني	ShamAY	1741	0.53284
		المنطق	محمد رضا مظفر	Ghbook	12299	0.53283
		الأجوبة المرضية فيما سئل السخاوي عنه من الأحاديث النبوية	شمس محمد بن عبد الرحمن السخاوي (المتوفى: 902 هـ)	ShamAY	32663	0.53281
		الموسوعة الميسرة في تراجم أئمة التفسير والإقراء والنحو واللغة «من القرن الأول إلى المعاصرين مع دراسة لعقائدهم وشيء من طرائفهم»	مجموعة من المؤلفين	Sham19Y	130964	0.53281
		كيف تحفظ القرآن - على بادحدح	علي بن عمر بادحدح	ShamAY	36984	0.5328
		المفاخرة بين الماء والهواء (مطبوع ضمن كتاب المفاخرات والمناظرات)	أحمد بن عبد اللطيف بن أحمد البَرْبِير الحسني، أبو الفيض (المتوفى: 1226هـ)	ShamAY	823	0.53279
		كشف الظنون عن أسامي الكتب والفنون	مصطفى بن عبد الله كاتب جلبي القسطنطيني المشهور باسم حاجي خليفة أو الحاج خليفة (المتوفى: 1067هـ)	ShamAY	38843	0.53277
		الحجة على أهل المدينة	أبو عبد الله محمد بن الحسن بن فرقد الشيباني (المتوفى: 189هـ)	ShamAY	6161	0.53275
		زوجات النبي(ص)	سعيد أيوب	Masaha	294	0.53275
		الحجاب الدرع الواقي	آيت الله العظمي سيد محمد حسيني شيرازي	Ghbook	8144	0.53273
		تاج العروس [ج ١٨]	محبّ الدين أبي فيض السيد محمّد مرتضى الحسيني الواسطي الزبيدي الحنفي	Rafed	1591	0.53272
		بيان الأصول - الجزء1	السيد صادق الحسيني الشيرازي	Masaha	3184	0.53272
		بيان الأصول - الجزء1	السيد صادق الحسيني الشيرازي	Masaha	2671	0.53272
		الإحصار والصد	السيد محمد رضا الگلپايگاني	Masaha	5001	0.53272
		أحكام العيدين في السنة المطهرة	أبو الحارث علي بن حسن بن علي بن عبد الحميد الحلبي	ShamAY	26142	0.53271
		إنما بعثت لأتمم مكارم الأخلاق	جمال محمد الزكي	ShamAY	34873	0.5327
		التحديد في الإتقان والتجويد لأبي عمرو الداني	عثمان بن سعيد بن عثمان بن عمر أبو عمرو الداني (المتوفى: 444 ه)	ShamelaY19	26458	0.53269
		نهاية الرتبة الظريفة في طلب الحسبة الشريفة	عبد الرحمن بن نصر بن عبد الله، أبو النجيب، جلال الدين العدوي الشيزري الشافعي (المتوفى: نحو 590هـ)	ShamAY	21584	0.53265
		تعليم الأحب أحاديث النووي وابن رجب	فيصل المبارك	ShamAY	35980	0.53265
		 المعجم الجغرافي للبلاد العربية السعودية 	 حمد الجاسر 	ABLibrary	9210	0.53265
		منتقى الأصول [ج ٤]	السيد عبد الصاحب الحكيم	Rafed	806	0.53262
		 موسوعة العتبات المقدسة 	 جعفر الخليلي 	ABLibrary	9247	0.53261
		فتح الابواب ، بين ذوي الالباب و بين رب الارباب ، في الاستخارة و ما فيها من وجوه ...	سيد رضي الدين علي بن موسي بن طاووس ابن طاووس	Ghbook	2583	0.53258
		تفصيل الشريعه في شرح تحرير الوسيله : الصوم و الاعتكاف	محمد فاضل لنكراني	Ghbook	9821	0.53256
		انسان شناسي فرهنگي با رويكرد تبليغ بين الملل	حسين  عبيد القريشي	Ghbook	15116	0.53256
		معالم بيانية في آيات قرآنية	أبو هاشم صالح بن عواد بن صالح المغامسي	ShamelaY19	37743	0.53255
		الدين المعاملة	منقذ بن محمود السقار	ShamelaY19	38152	0.53253
		 موسوعة مرآة الحرمين الشريفين وجزيرة العرب 	 أيوب صبري باشا 	ABLibrary	9290	0.53252
		هل العهد القديم كلمة الله؟	منقذ بن محمود السقار	ShamelaY19	38190	0.5325
		التربية الإبداعية في منظور التربية الإسلامية	خالد بن حامد الحازمي	ShamAY	10288	0.53249
		معالم منهج تزكية النفوس في سورة المائدة		ShamAY	36989	0.53249
		رسالة في الخمس	محمد علي اراكي	Ghbook	10185	0.53249
		الفصول في السيرة	أبو الفداء إسماعيل بن عمر بن كثير القرشي البصري ثم الدمشقي (المتوفى: 774ه)	Sham19Y	9241	0.53247
		تحقيق الاصول	آيت الله علي حسيني ميلاني	Ghbook	4785	0.53245
		و ازيلت الحرمه ...	آيت الله العظمي حسيني	Ghbook	8025	0.53245
		أبو الحسن علي الحسني الندوي الداعية الحكيم والمربي الجليل	محمد اجتباء الندوي	ShamAY	38585	0.53243
		الإعجاز العلمي في القرآن الكريم	الدكتور حسن حطيط	Rafed	3204	0.53243
		 العقد الثمين في تاريخ البلد الأمين 	 محمد بن أحمد الفاسي 	ABLibrary	9141	0.53241
		 المطالب العالية من العلم الإلهي 	 فخر الدين الرازي 	ABLibrary	8612	0.5324
		لوامع الأسرار = شرح مطالع الأنوار في المنطق	قطب الدين محمد بن محمد الرازي (المتوفى: 766هـ)	ShamAY	34795	0.53238
		آثار تعليم القرآن الكريم على الفرد والمجتمع (الأثر التربوي والأخلاقي)	محمد سبتان	ShamAY	36761	0.53237
		عقائد الأئمة الأربعة في التوحيد	محمد بن عبدالرحمن الخميس	ShamAY	35550	0.53237
		قواعد مهمة في الأمر بالمعروف والنهي عن المنكر على ضوء الكتاب والسنة	د. حمود بن أحمد الرحيلي	ShamAY	1980	0.53234
		نهاية الدّراية في شرح الكفاية [ج ٢]	الشيخ محمّد حسين الإصفهاني	Rafed	818	0.53234
		شرح الفصيح لابن هشام اللخمي	ابن هشام اللخمي (المتوفى 577 ه)	ShamelaY19	20973	0.53231
		الفصول في السيرة	أبو الفداء إسماعيل بن عمر بن كثير القرشي البصري ثم الدمشقي (المتوفى: 774هـ)	ShamAY	9241	0.53228
		تنقيح مباني العروه - كتاب الاجتهاد و التقليد	آيت الله العظمي ميرزا جواد تبريزي	Ghbook	10100	0.53228
		تعليق لطيف على آخر حديث في رياض الصالحين - لقاء العشر الأواخر بالمسجد الحرام (5)	قاسم بن صالح بن إسماعيل بن أبي بكر الشهير القاسمي الدمشقي (المتوفى: 1284 ه)	Sham19Y	17741	0.53226
		الهداية في الأصول [ج ٤]	آية الله الشيخ حسن الصافي الإصفهاني	Rafed	3833	0.53226
		الفقه: من الآداب الطبيه	آيت الله العظمي سيد محمد حسيني شيرازي	Ghbook	7836	0.53224
		العقد الثمين فى تاريخ البلد الأمين	تقي الدين محمد بن أحمد الحسني الفاسى المكي (المتوفى: 832 ه)	ShamelaY19	20989	0.53221
		الحجة الغراء على شهادة الزهراء(ع)	الشيخ جعفر السبحاني	Masaha	228	0.53219
		اعتقاد أئمة الحديث	أبو بكر أحمد بن إبراهيم بن إسماعيل بن العباس بن مرداس الإسماعيلي الجرجاني (المتوفى: 371هـ)	ShamAY	10472	0.53218
		شرح ألفية ابن مالك للحازمي	أبو عبد الله، أحمد بن عمر بن مساعد الحازمي	ShamelaY19	36130	0.53217
		منسك الحج	محمد بن عبد الوهاب بن سليمان التميمي النجدي (المتوفى: 1206هـ)	ShamAY	12092	0.53214
		الخلاف - الجزء1	الشيخ الطوسي	Masaha	692	0.53213
		الإمام الباقر عليه السلام وأثره في التّفسير	الدكتور حكمت عبيد الخفاجي	Rafed	4051	0.53212
		رسالة في بيان أجمع آية في القرآن	سامي وديع عبد الفتاح القدومي	ShamelaY19	37339	0.5321
		الرحلة الورثيلانية	حسين بن محمد ورثيلاني	Ghbook	9635	0.5321
		 سامرا 	 أحمد عبد الباقي 	ABLibrary	9118	0.53209
		الأسئلة والأجوبة الفقهية	أبو محمد عبد العزيز بن محمد بن عبد الرحمن بن عبد المحسن السلمان (المتوفى: 1422ه)	Sham19Y	11192	0.53207
		العباب الزاخر واللباب الفاخر	رضي الدين الحسن بن محمد بن الحسن بن حيدر العدوي العمري القرشي الصغاني الحنفي (المتوفى: 650هـ)	ShamAY	761	0.53203
		 في رحاب أهل البيت ( ع ) 	 لجنة بحوث المجمع العالمي لأهل البيت ( ع ) 	ABLibrary	8556	0.53203
		ندوة الوقف وأثره في الدعوة والتنمية	محسن الحازمي	ShamAY	36531	0.53202
		ذكر وتذكير	أ. د صالح بن غانم بن عبد الله بن سليمان بن علي السدلان	ShamAY	8150	0.532
		دروس في شرح البيقونية - سعد الحميد	سعد بن عبد الله بن عبد العزيز آل حميد	ShamelaY19	95663	0.532
		رسالة في الاجتهاد و التقليد	محمد علي اراكي	Ghbook	10187	0.532
		مذكراتي السياسية (السلطان عبد الحميد الثاني)	عبد الحميد (الثاني) بن عبد المجيد (الأول) (المتوفى: 1336هـ)	ShamAY	9118	0.53199
		وقفه مع الوجوديين دراسه موجهه الي اهل الاختصاص في الفلسفه	آيت الله العظمي سيد محمد حسيني شيرازي	Ghbook	7871	0.53199
		 نظام الطلاق في الشريعة الإسلامية الغراء 	 الشيخ السبحاني 	ABLibrary	9600	0.53197
		 الديباج على مسلم 	 جلال الدين السيوطي 	ABLibrary	886	0.53195
		حاشية العدوي على شرح كفاية الطالب الرباني	أبو الحسن, علي بن أحمد بن مكرم الصعيدي العدوي (نسبة إلى بني عدي، بالقرب من منفلوط) (المتوفى: 1189هـ)	ShamAY	21597	0.53194
		السيف المسلول على بدعة الاحتفال بالرسول	محسن بن عوض القليصي الهاشمي	ShamAY	36613	0.53194
		جراح على طريق الدعوة	الواحدي :: ياسر برهامي	ShamAY	33389	0.53193
		من أخلاق الرسول الكريم صلى الله عليه وسلم	عبد المحسن بن حمد بن عبد المحسن بن عبد الله بن حمد العباد البدر	Sham19Y	12084	0.5319
		تفصيل الشريعه في شرح تحريرالوسيله : المكاسب المحرمة	محمد فاضل لنكراني	Ghbook	9817	0.5319
		تعاليق مبسوطة على العروة الوثقى - الجزء1	الشيخ محمد إسحاق الفياض	Masaha	5007	0.53189
		نفحة عبير من سيرة البشير النذير	يحيى بن إبراهيم اليحيى	ShamAY	37413	0.53188
		التوضيح الأبهر لتذكرة ابن الملقن في علم الأثر	شمس الدين أبو الخير محمد بن عبد الرحمن بن محمد بن أبي بكر بن عثمان بن محمد السخاوي (المتوفى: 902هـ)	ShamAY	8663	0.53188
		ندب العيد	إبراهيم بن عبد الله المديهش	ShamelaY19	145432	0.53188
		متن أبي شجاع المسمى الغاية والتقريب	أحمد بن الحسين بن أحمد، أبو شجاع، شهاب الدين أبو الطيب الأصفهاني (المتوفى: 593هـ)	ShamAY	11370	0.53186
		بحار الأنوار [ج ٣٩]	الشيخ محمّد باقر بن محمّد تقي المجلسي	Rafed	962	0.53184
		قاعدة لا ضرر و لا ضرار	آيت الله العظمي سيد علي حسيني سيستاني	Ghbook	9596	0.53184
		العقد المنظوم في الخصوص والعموم	شهاب الدين أحمد بن إدريس القرافي (626 - 682 هـ)	ShamAY	38840	0.53182
		استقبال المسلمين لرمضان	عطية بن محمد سالم (المتوفى: 1420هـ)	ShamAY	12199	0.53181
		صلاة الجماعة	محمد ضياء الرحمن الأعظمي	ShamelaY19	23074	0.53179
		 الزهور المقتطفة من تاريخ مكة المشرفة 	 محمد بن أحمد الفاسي 	ABLibrary	9116	0.53178
		نتف من حياة الامامين الكاظمين عليهما السلام	محمد السند	Ghbook	15230	0.53174
		منزلة السنة في الإسلام	أبو عبد الرحمن محمد ناصر الدين، بن الحاج نوح بن نجاتي بن آدم، الأشقودري الألباني (المتوفى: 1420هـ)	ShamAY	705	0.53173
		إعلام الورى بأعلام الهدى [ج ٢]	الشيخ أبي علي الفضل بن الحسن الطبرسي	Rafed	543	0.53173
		سبيل الدعوة الإسلامية للوقاية من المسكرات والمخدرات	جمعة علي الخولي	ShamAY	12235	0.53171
		السجود علي التربه الحسينيه عند الشيعه الاماميه	عبدالحسين اميني ( علامه اميني )	Ghbook	5927	0.5317
		دلالة الأسماء الحسنى على التنزيه		ShamAY	35538	0.53168
		الأغصان الندية شرح الخلاصة البهية بترتيب أحداث السيرة النبوية	أبو أسماء محمد بن طه	ShamAY	31718	0.53166
		من عجائب الدعاء - الجزء الثاني (قصص لقوم دعوا الله فاستجاب لهم من المتقدمين والمعاصرين)	خالد بن سليمان بن علي الربعي	ShamelaY19	26531	0.53166
		النسخ عند الاصوليين	علي جمعه	Ghbook	9447	0.53164
		من أنا حتى أكتب عن أحمد	إسلام المازني	ShamAY	37408	0.53163
		مهارات التواصل مع الأولاد - كي تكسب ولدك؟	د. خالد بن سعود بن عبد العزيز الحليبي	ShamelaY19	96855	0.53161
		هدى الطالب في شرح المكاسب‌  - الجزء1	السيد محمد جعفر المروج الجزائري	Masaha	3666	0.53161
		أحكام الصلاة	علي راغب	ShamAY	36469	0.5316
		إرواء الغليل في تخريج أحاديث منار السبيل	ناصر الدين الألباني	ShamelaY19	22592	0.53158
		السنن التاريخيه في القرآن	محمد باقر صدر	Ghbook	8747	0.53158
		التّفسير الحديث [ج ١٠]	محمّد عزّة دروزة	Rafed	3796	0.53157
		الخصال الموجبة لظل العرش	علي بن نايف الشحود	ShamAY	34831	0.53156
		ملاحظات حول كتاب عقيدة السلف والخلف	عبد القادر بن حبيب الله السندي	ShamAY	3785	0.53153
		مشاهداتي في المملكة العربية السعودية	أَبِو عَبد الرَّحمَن مُقْبلُ بنُ هَادِي بنِ مُقْبِلِ بنِ قَائِدَةَ (اسم رجل) الهَمْدَاني الوادعِيُّ (المتوفى: 1422هـ)	ShamAY	2003	0.53151
		أسعد امرأة في العالم	د/ عائض بن عبد الله القرني	ShamAY	35190	0.53148
		كتاب البيع	محمد علي اراكي	Ghbook	10183	0.53148
		الصّحاح [ج ٢]	إسماعيل بن حمّاد الجوهري	Rafed	2874	0.53144
		مجالس ثعلب	أحمد بن يحيى بن زيد بن سيار الشيباني بالولاء، أبو العباس، المعروف بثعلب (المتوفى: 291هـ)	ShamAY	605	0.53141
		إنتاج المستشرقين وأثره في الفكر الإسلامي الحديث	مالك بن الحاج عمر بن الخضر بن نبي (المتوفى: 1393ه)	ShamelaY19	37560	0.53141
		آية المباهلة	السيّد علي الحسيني الميلاني	Rafed	130	0.53139
		أخير المدخرات شرح «أخصر المختصرات»	حازم خنفر	ShamelaY19	131520	0.53137
		 شمس العلوم ودواء كلام العرب من الكلوم 	 نشوان بن سعيد الحميري 	ABLibrary	9791	0.53134
		 المطالب العالية من العلم الإلهي 	 فخر الدين الرازي 	ABLibrary	8608	0.53132
		دليل تحرير الوسيلة (احكام الاسرة)	علي اكبر سيفي مازندراني	Ghbook	9152	0.53132
		البدهيات في القرآن الكريم	أ. د. فهد بن عبد الرحمن بن سليمان الرومي	ShamAY	8792	0.5313
		الألفية	الشهيد الأول	Masaha	630	0.5313
		معجم الألفاظ التاريخية في العصر المملوكي	محمد أحمد دهمان	ShamAY	34675	0.53129
		كتاب النكاح	محمد علي اراكي	Ghbook	10180	0.53125
		أثر تاريخ النص الحديثي في توجيه المعاني عند شراح الحديث دراسة تطبيقية	يوسف بن جودة الداودي	Sham19Y	36115	0.53123
		كتاب الصيام من المحرر لابن عبدالهادي رحمه الله	سليمان بن خالد الحربي	ShamAY	36354	0.53121
		مقاصد الشريعة الإسلامية	-	Sham19Y	1921	0.53121
		حاشية مجمع الفائدة والبرهان	محمّد باقر الوحيد البهبهاني	Rafed	1309	0.53121
		ماذا بعد نحو نصرة حقيقية لفلسطين	مجدي الهلالي	ShamAY	286	0.53119
		أبو البقاء العُكْبَرِيّ صرفيّاً	مجيد الزاملي	ShamAY	37090	0.53115
		الفقه الأكبر (مطبوع مع الشرح الميسر على الفقهين الأبسط والأكبر المنسوبين لأبي حنيفة تأليف محمد بن عبد الرحمن الخميس)	ينسب لأبي حنيفة النعمان بن ثابت بن زوطي بن ماه (المتوفى: 150ه)	Sham19Y	6388	0.53115
		مناسك الحج	آيت الله العظمي ناصرمكارم شيرازي	Ghbook	3298	0.53115
		آيات التقوى في القرآن الكريم	حسين بن خلف الجبورى	ShamAY	35016	0.53114
		آفات اللسان	أبو فيصل البدراني	ShamAY	1739	0.53114
		مستمسك العروة الوثقى [ج ١٢]	آية الله السيد محسن الطباطبائي الحكيم	Rafed	420	0.53114
		 شرح فصول أبقراط 	 ابن النفيس 	ABLibrary	9929	0.53113
		صفوة المنقولات شرح شروط الصلاة	العلامة الحنفي	ShamAY	36192	0.53112
		معالم بيانية في آيات قرآنية	أبو هاشم صالح بن عوّاد بن صالح المغامسي	ShamAY	763	0.53109
		الأسئلة والأجوبة الفقهية	أبو محمد عبد العزيز بن محمد بن عبد الرحمن بن عبد المحسن السلمان (المتوفى: 1422هـ)	ShamAY	11192	0.53106
		 الجواهر الفخرية في شرح الروضة البهية 	 قدرت الله وجداني فخر 	ABLibrary	9455	0.53106
		المعلقات العشر	مجموعة من المؤلفين	ShamAY	34507	0.53105
		العسل المصفي من تهذيب زين الفتي في شرح سورة هل اتي	احمد بن محمد بن علي عاصمي	Ghbook	9637	0.53105
		حكم من لم يحكم بكتاب الله	عطية سالم	ShamAY	36344	0.53104
		ولاية البصرة في ماضيها وحاضرها [ج ٢]	الكسندر أداموف	Rafed	1603	0.53102
		العقيدة	-	ShamAY	30873	0.53097
		 الموسوعة الكبرى عن فاطمة الزهراء ( س ) 	 اسماعيل الأنصاري الزنجاني الخوئيني 	ABLibrary	7822	0.53097
		أصول الفقه - آيات وأحاديث الأحكام من أمالي الأستاذ الإمام	ابن باديس، عبد الحميد	ShamAY	38965	0.53095
		 الدر المختار 	 الحصفكي 	ABLibrary	907	0.53095
		حاشية المختصر النافع	مركز الأبحاث العقائديّة	Rafed	1277	0.53095
		حول الشعر التعليمي	صالح آدم بيلو	ShamAY	23069	0.53094
		تاج العروس [ج ٧]	محبّ الدين أبي فيض السيد محمّد مرتضى الحسيني الواسطي الزبيدي الحنفي	Rafed	1499	0.53093
		الاعتصام بحبل الله بين الواقع والمبشرات (دراسة قرآنية واقعية)	محمود عنبر	ShamAY	33466	0.53092
		الإمام الرضا عليه السلام سيرة وتاريخ	عبّاس الذهبي	Rafed	607	0.53092
		الهدايه و الرشد الفكري	آيت الله العظمي سيد محمد حسيني شيرازي	Ghbook	7873	0.53092
		شمس العلوم [ج ٤]	نشوان بن سعيد الحميري	Rafed	1378	0.53089
		الجمل في النحو للخليل بن أحمد	الخليل بن أحمد الفراهيدي	ShamAY	34704	0.53087
		شبهات حول الحجاب (حوارحول التبرج والحجاب)	إسلام محمود دربالة :: إسلام دربالة	ShamAY	33306	0.53086
		بحار الأنوار [ج ٢١]	الشيخ محمّد باقر بن محمّد تقي المجلسي	Rafed	889	0.53084
		هذه هي المُتعة فاحذروها - دراسة وتحليل- رسالة مفتوحة لعشائر العراق الغيارى	عبد الرحمن الدولة	ShamAY	36324	0.53081
		القول الأقوم في معجزات النبي الأكرم وما أظهره الله على يديه من الآيات وشرفه به من الخصائص والكرامات	أبو يوسف محمد زايد	ShamAY	37435	0.5308
		بيان الفجر الصادق	الواحدي :: محمد تقي الدين الهلالي	ShamAY	36435	0.53079
		البيان في مذهب الإمام الشافعي	أبو الحسين يحيى بن أبي الخير بن سالم العمراني اليمني الشافعي (المتوفى: 558هـ)	ShamAY	21721	0.53078
		ضبط النفس - المنجد	الواحدي :: محمد صالح المنجد	ShamAY	34922	0.53077
		تعطير الأنام في تعبير المنام	عبد الغني بن إسماعيل بن عبد الغني النابلسي (المتوفى: 1143هـ)	ShamAY	1217	0.53076
		 الفتاوى المنتخبة 	 السيد كاظم الحائري 	ABLibrary	9608	0.53072
		مختصر شرح قطر الندى	محمد بن سعد عياد	ShamAY	37070	0.53071
		تنبيه الإخوان على الأخطاء في مسألة خلق القرآن	حمود بن عبد الله بن حمود بن عبد الرحمن التويجري (المتوفى: 1413ه)	Sham19Y	17324	0.53071
		اختصار صحيح البخاري وبيان غريبه	أبو العباس القرطبي ضياء الدين أحمد بن عمر الأنصاري الأندلسي القرطبي (578 ه - 656 ه)	ShamelaY19	127656	0.5307
		العلماء هم الدعاة	د. ناصر بن عبد الكريم العقل	ShamAY	1861	0.53066
		المرتقي الي الفقه الارقي: كتاب الزكاه	آيت الله العظمي سيد محمد صادق روحاني	Ghbook	10167	0.53064
		انوار الفقاهه - كتاب الخمس و الانفال	آيت الله العظمي ناصرمكارم شيرازي	Ghbook	9584	0.53061
		زاد المسير في علم التفسير	جمال الدين أبو الفرج عبد الرحمن بن علي بن محمد الجوزي (المتوفى: 597ه)	ShamelaY19	23619	0.5306
		السقيفة وفدك‏	أحمد بن عبد العزيز الجوهري	Masaha	4550	0.5306
		الرد على فيصل مراد علي رضا فيما كتبه عن شأن الأموات وأحوالهم	صالح الفوزان	ShamAY	33850	0.53058
		أحكام انفرد بها النساء عن الرجال	محمد حسن عبد الغفار	ShamAY	718	0.53057
		إمام المسجد مقوماته العلمية والخلقية	سعود بن محمد البشر	ShamAY	30874	0.53057
		أدب القاضي لابن القاص	أبو العباس أحمد بن أبي أحمد الطبري المعروف بابن القاص (المتوفى: 335 ه)	Sham19Y	18252	0.53057
		جهود العلماء في مقاومة الوضع	أحمد بوقرين	ShamAY	37274	0.53053
		كيف تغسل ميتا؟ دراسة تطبيقية عملية في أحكام الجنائز	أسامة الغامدي	ShamAY	36143	0.53052
		شمس العلوم [ج ٥]	نشوان بن سعيد الحميري	Rafed	1393	0.53052
		الوصايا الجلية للاستفادة من الدروس العلمية	صالح بن عبد العزيز بن محمد بن إبراهيم آل الشيخ	ShamelaY19	30924	0.5305
		تذكرة الفقهاء [ج ٩]	الحسن بن يوسف بن علي المطّهر [ العلامة الحلّي ]	Rafed	392	0.5305
		أطفالنا وحب الله عز وجل	أماني زكريا الرمادي	ShamAY	35198	0.53048
		فصل المقال في إمامة النساء للرجال	الواحدي :: أحمد بن محمد الشرقاوى	ShamAY	36500	0.5304
		جواهر العقدين	علي بن عبدالله حسن سمهودي	Ghbook	9203	0.5304
		آراء المستشرقين حول القرآن الكريم وتفسيره	د. عمر بن إبراهيم رضوان (معاصر)	ShamAY	34075	0.53039
		اعتقاد الأئمة الأربعة	محمد بن عبد الرحمن الخميس	ShamAY	2	0.53039
		مفتاح الأصول [ج ٣]	آية الله الشيخ إسماعيل الصالحي المازندراني	Rafed	3810	0.53039
		تفسير الثعلبي = الكشف والبيان عن تفسير القرآن ط دار التفسير	أبو إسحاق أحمد بن إبراهيم الثعلبي (المتوفى: 427 ه)	ShamelaY19	18686	0.53038
		أوائل المؤلفين في السيرة النبوية	عبد الشافى محمد عبد اللطيف	ShamelaY19	22678	0.53038
		كتاب الحدود و التعزيرات	آيت الله العظمي محمد رحمتي سيرجاني	Ghbook	12792	0.53036
		بحوث في علم الأصول [ج ٣]	السيّد محمود الهاشمي الشاهرودي	Rafed	664	0.53035
		أحاديث المعازف حجيتها وأثرها في الفقه الإسلامي	طارق الطواري	ShamAY	36533	0.53032
		المقدمة الحضرمية (مسائل التعليم)	عبد الله بن عبد الرحمن بن أبي بكر بَافَضل الْحَضْرَمي السعدي المذحجي (المتوفى: 918هـ)	ShamAY	6125	0.53025
		بيان التوحيد الذي بعث الله به الرسل جميعا وبعث به خاتمهم محمدا عليه السلام	عبد العزيز بن عبد الله بن باز (المتوفى: 1420ه)	Sham19Y	30822	0.53022
		المعجم الأصولي‏  - الجزء1	الشيخ محمد صنقور البحراني‏	Masaha	3569	0.53022
		العقد الحسيني - الرسالة الوسواسية	الحسين بن عبد الصمد العاملي	Masaha	1145	0.53021
		أحكام المجاهد بالنفس في سبيل الله عز وجل في الفقه الإسلامي	مرعي بن عبد الله بن مرعي الجبيهي الشهري	ShamAY	1933	0.5302
		 سلسلة المسائل الفقهية 	 الشيخ السبحاني 	ABLibrary	9578	0.5302
		أوراق الملتقى الثاني لجمعيات تحفيظ القرآن	مجموعة من المؤلفين	ShamAY	37012	0.53018
		أداة فلسفة التاريخ	جاسم سلطان	ShamAY	37159	0.53018
		إيضاح الدلائل في الفرق بين المسائل	عبد الرحيم بن عبد الله بن محمد الزريراني الحنبلي رحمه الله (المتوفى: 741 هـ)	ShamAY	38520	0.53018
		الوصية الممنوعة	علي صادق الزبيدي	Masaha	1734	0.53018
		الدين المعاملة	منقذ بن محمود السقار	ShamAY	1257	0.53016
		الترجمة في خدمة الثقافة الجماهيرية - دراسة -	سالم العيس	ShamAY	34524	0.53014
		موعود الاديان : ردا علي شبهات حول امام الزمان (عج)	آيت الله العظمي حسينعلي منتظري	Ghbook	16475	0.53013
		رسالة في بيان أجمع آية في القرآن	سامي وديع عبد الفتاح القدومي	ShamAY	614	0.5301
		من الأحكام الفقهية في الطهارة والصلاة والجنائز	محمد بن صالح بن محمد العثيمين (المتوفى: 1421هـ)	ShamAY	31271	0.53008
		ثلاثون عملا تطيل في العمر	أمير بن محمد المدري	ShamelaY19	36612	0.53008
		محنه العراق	آيت الله العظمي سيد محمد حسيني شيرازي	Ghbook	7809	0.53007
		حكم تارك الصلاة - العثيمين	محمد بن صالح بن محمد العثيمين (المتوفى: 1421هـ)	ShamAY	11166	0.53002
		تذكره الآباء وتسليه الأبناء = الدراري في ذكر الزراري	عمر بن أحمد بن هبة الله بن أبي جرادة العقيلي، كمال الدين ابن العديم (المتوفى: 660هـ)	ShamAY	7326	0.53001
		وصية النبي صلّى الله عليه وآله	علي موسى الكعبي	Masaha	1756	0.53001
		المنيحة بسلسلة الأحاديث الصحيحة	أبو إسحاق الحويني الأثري حجازي محمد شريف	Sham19Y	14316	0.53
		تاج العروس [ج ٤]	محبّ الدين أبي فيض السيد محمّد مرتضى الحسيني الواسطي الزبيدي الحنفي	Rafed	1494	0.52999
		هداية القاري إلى تجويد كلام الباري	عبد الفتاح بن السيد عجمي بن السيد العسس المرصفي المصري الشافعي (المتوفى : 1409هـ)	ShamAY	22869	0.52998
		البنية السردية في كتاب الأغاني للأصفهاني	ميادة العامري	ShamAY	34557	0.52993
		جواهر الدرر في نظم مبادئ أصول ابن باديس الأبر	محمد بن محفوظ بن المختار فال الشنقيطي	ShamelaY19	95661	0.52992
		حكم حول العدل	آيت الله العظمي سيد محمد حسيني شيرازي	Ghbook	8149	0.52989
		نظام الارث في الشريعه الاسلاميه الغراء	آيت الله العظمي جعفر سبحاني	Ghbook	9780	0.52989
		الوصائل الى الرسائل [ج ٩]	آية الله السيد محمد الشيرازي	Rafed	3749	0.52988
		التأويل عند أهل العلم	الحسن الكتاني	ShamAY	37512	0.52986
		 شمس العلوم ودواء كلام العرب من الكلوم 	 نشوان بن سعيد الحميري 	ABLibrary	9790	0.52986
		البيان «مقدمة وخاتمة» لكتاب كشف الشبهات	علي الحمد الصالحي، عبد الرحمن المحمد الدوسري	ShamAY	32281	0.52985
		ديوان ذي الرمة شرح أبي نصر الباهلي رواية ثعلب	أبو نصر أحمد بن حاتم الباهلي (المتوفى: 231 هـ)	ShamAY	32361	0.52985
		المولد النبوي بين المشروعية والبدعية	فهد عبد الله	ShamAY	37420	0.52983
		منتقى الأصول‏ / تقريرات - الجزء1	السيد عبد الصاحب الحكيم	Masaha	4370	0.52981
		الصحيح من سيرة النبي الأعظم صلّى الله عليه وآله [ج ٢٠]	السيد جعفر مرتضى العاملي	Rafed	2522	0.52978
		فضائل القرآن لابن كثير	أبو الفداء إسماعيل بن عمر بن كثير القرشي البصري ثم الدمشقي (المتوفى : 774هـ)	ShamAY	22800	0.52977
		منتهى الإرادات [في جمع المقنع مع التنقيح وزيادات] مع حاشية المنتهى لابن قائد النجدي	عثمان بن أحمد بن سعيد النجدي الشهير بابن قائد (ت: 1097 ه)	Sham19Y	18353	0.52977
		 الدروس ( شرح الحلقة الثانية ) 	 تقرير بحث السيد كمال الحيدري لعلاء السالم 	ABLibrary	986	0.52975
		القبلية في ميزان الشرع وحقيقة تكافؤ النسب في الزواج.	أبو فيصل البدراني	ShamelaY19	96244	0.52974
		 المطالب العالية من العلم الإلهي 	 فخر الدين الرازي 	ABLibrary	8611	0.52974
		المشكاة في أحكام الطهارة والصلاة والزكاة	الدكتور صلاح محمد أبو الحاج	ShamAY	36423	0.52973
		شذا العرف في فن الصرف	أحمد بن محمد الحملاوي (المتوفى: 1351ه)	Sham19Y	11243	0.52971
		الدين المعاملة	منقذ بن محمود السقار	Sham19Y	38152	0.5297
		 الموجز في تاريخ فلسطين السياسي 	 الياس شوفاني 	ABLibrary	9243	0.5297
		مسألة التصوير مُسْتَلَّةٌ من :" العِمَادِ في شَرْحِ الزَّاد"	عبد العزيز البجادي	ShamAY	36363	0.52968
		عوالم الانسان و منازله: العقل العملي و قضاياه	محمد السند	Ghbook	15226	0.52967
		مستند الشّيعة [ج ٢]	أحمد بن محمّد مهدي النّراقي	Rafed	588	0.52965
		الشامل في الصناعة الطبية، الأدوية والأغذية: كتاب الهمزة	علاء الدين ابن النفيس، علي بن أبي الحزم القرشي (المتوفى: 687هـ)	ShamAY	240	0.52964
		المنهل العذب المورود شرح سنن الإمام أبي داود	محمود محمد خطاب السبكي	ShamAY	38785	0.52964
		 الكتاب النافع في كيفية تعليم صناعة الطب 	 علي بن رضوان المصري 	ABLibrary	9861	0.52964
		البحث الأدبي بين النظر والتطبيق	علي علي صبح	ShamAY	23141	0.52961
		دليل الطالب على مذهب الإمام المبجل أحمد بن حنبل	مرعي بن يوسف بن أبى بكر بن أحمد الكرمى المقدسي الحنبلى (المتوفى: 1033هـ)	ShamAY	34260	0.52961
		البلدان	احمد بن اسحاق يعقوبي	Ghbook	11079	0.52961
		صلاة الجماعة	محمد ضياء الرحمن الأعظمي	Sham19Y	23074	0.52959
		الإجابات الجليّة عن الشُّبُهات الرافضية	عبدالرحمن بن عبدالله السحيم	ShamAY	35606	0.52957
		إمتاع الأسماع بما للنبي من الأحوال والأموال والحفدة والمتاع	أحمد بن علي بن عبد القادر، أبو العباس الحسيني العبيدي، تقي الدين المقريزي (المتوفى: 845هـ)	ShamAY	1524	0.52953
		الشيخ أبوبكر محمود جومي: حياته مواقفه وآراؤه	محمد المنصور إبراهيم	ShamAY	35908	0.52952
		أسلوب الاستهزاء في ضوء القرآن الكريم أخطاره و آثاره	حسني محمد العطار	ShamAY	37016	0.52948
		ابتغاء السلامة في بعض أحكام الإمامة	السيد العربي	ShamAY	36458	0.52948
		 منائح الكرم 	 علي بن تاج الدين السنجاري 	ABLibrary	9229	0.52948
		فضائل الثقلين من كتاب توضيح الدلائل على ترجيح الفضائل‏	شهاب الدين أحمد الشافعي الإيجي‏	Masaha	2872	0.52948
		محب الدين الخطيب	ممدوح فخري	ShamAY	4277	0.52947
		رحلة الشام	ابراهيم عبد القادر مازني	Ghbook	9515	0.52947
		مناظرات الامام الصادق ( عليه السلام ) و تصديه لحركه الزندقه	حسين الشاكري	Ghbook	5023	0.52947
		صلاه التراويح بين السنه و البدعه	آيت الله العظمي جعفر سبحاني	Ghbook	5061	0.52944
		مُوْسُوعَة القَواعِدُ الفِقْهِيَّة	محمد صدقي بن أحمد بن محمد آل بورنو أبو الحارث الغزي	ShamAY	32148	0.52943
		العقد المنظوم في الخصوص والعموم	شهاب الدين أحمد بن إدريس القرافي (626 - 682 ه)	ShamelaY19	20860	0.5294
		الأحكام الملمة على الدروس المهمة لعامة الأمة	عبد العزيز بن داود الفايز	ShamAY	10448	0.52937
		اعتقاد الأئمة الأربعة	محمد بن عبد الرحمن الخميس	ShamelaY19	22273	0.52937
		الاعتداء في الدعاء	هيثم حيدر	ShamAY	35049	0.52936
		الإسلام وحقوق الإنسان في ضوء المتغيرات العالمية	محمد كمال الدين بن محمد العزيز جعيط	ShamAY	2047	0.52936
		البديع عند الحريري	محمد بيلو أحمد أبو بكر	ShamAY	8793	0.52932
		المطالب العالية بزوائد المسانيد الثمانية	أبو الفضل أحمد بن علي بن محمد بن أحمد بن حجر العسقلاني (المتوفى: 852ه)	ShamelaY19	37618	0.52932
		الجانب العاطفي في شخصية عمر بن الخطاب رضي الله عنه قبل خلافته	إبراهيم عبد الفتاح المتناوي	ShamAY	35874	0.5293
		 الاستنساخ بين التقنية والتشريع 	 السيد علي بن عبد الأعلى السبزواري 	ABLibrary	9636	0.52929
		 فقه الشيعة ( كتاب الإجارة ) 	 السيد محمد مهدي الموسوي الخلخالي 	ABLibrary	9629	0.52929
		المطالب العالية من العلم الإلهي [ج ٣]	محمّد بن عمر بن الحسن بن الحسين التيمي البكري [ فخر الدين الرازي ]	Rafed	3632	0.52929
		حاشيه مستمسك العروةالوثقي (كتاب النكاح)	محسن خرازي	Ghbook	15488	0.52927
		سعد السعود للنفوس	رضي الدين أبي القاسم	Masaha	300	0.52925
		 السلطان المفرج عن أهل الإيمان 	 السيد بهاء الدين علي النيلي النجفي 	ABLibrary	7546	0.52923
		الرسالة الثالثة في الغيبة	محمّد بن محمّد النعمان العكبري [ الشيخ المفيد ]	Rafed	3212	0.52923
		محمد كرد علي المؤرخ البحاثة والصحافي الأديب	إياد خالد الطباع	ShamAY	38603	0.52917
		المحيط في اللغة	إسماعيل بن عباد بن العباس، أبو القاسم الطالقاني، المشهور بالصاحب بن عباد (المتوفى: 385هـ)	ShamAY	83	0.52916
		 ذخيرة العقبى في شرح العروة الوثقى 	 الشيخ علي الصافي الگلبايگاني 	ABLibrary	9520	0.52915
		دراسات في علم اللغة	كمال بشر	ShamAY	9996	0.52914
		شرح الكافية الشّافية [ج ٢]	أبي عبد الله جمال الدين محمّد بن عبد الله بن محمّد بن مالك الطائي الجياني الشافعي	Rafed	1866	0.52914
		حديث الولاية	السيد علي الحسيني الميلاني	Masaha	235	0.52914
		مسائل الفروع الواردة في مسائل العقيدة - جمعا ودراسة	عبد العزيز بن محمد آل عبد اللطيف	ShamAY	35420	0.52913
		الممتع الكبير في التصريف	علي بن مؤمن بن محمد، الحَضْرَمي الإشبيلي، أبو الحسن المعروف بابن عصفور (المتوفى: 669هـ)	ShamAY	8667	0.52908
		مرويات غزوة الخندق	إبراهيم بن محمد المدخلي	Sham19Y	11395	0.52906
		حاشيه جامع المدارك آيه الله خرازي	محسن خرازي	Ghbook	15527	0.52906
		احكام الله فوق كل شيء	آيت الله العظمي حسيني	Ghbook	7962	0.52905
		إيضاح الدلائل في الفرق بين المسائل	عبد الرحيم بن عبد الله بن محمد الزريراني الحنبلي رحمه الله (المتوفى: 741 ه)	Sham19Y	6534	0.52899
		التحديد في الإتقان والتجويد لأبي عمرو الداني	عثمان بن سعيد بن عثمان بن عمر أبو عمرو الداني (المتوفى: 444هـ)	ShamAY	26458	0.52895
		 كتاب المكاسب ( المحشَّى ) 	 الشيخ الأنصاري 	ABLibrary	9380	0.52895
		شرح الجوهر المكنون في صدف الثلاثة الفنون	أبو عبد الله، أحمد بن عمر بن مساعد الحازمي	ShamAY	835	0.52894
		 قضاء المراة في الفقه الشيعي 	سيدمحمديعقوب موسوي	Ghbook	15075	0.52894
		الوهابيه فرقه للتفرقه بين المسلمين	حامد ابراهيم عبدالله	Ghbook	11219	0.52894
		سبيل الدعوة الإسلامية للوقاية من المسكرات والمخدرات	جمعة علي الخولي	Sham19Y	12235	0.52893
		نظرات في أشرطة قصص من التاريخ للدكتور طارق سويدان	أبو عبد الله الذهبي	ShamAY	35806	0.52891
		 الدروس الشرعية في فقه الإمامية 	 الشهيد الأول 	ABLibrary	985	0.52891
		 إيصال الطالب إلى المكاسب 	 السيد محمد الحسيني الشيرازي 	ABLibrary	9479	0.5289
		جامع المقاصد في شرح القواعد [ج ٩]	الشيخ عليّ بن الحسين بن عبد العالي الكركي	Rafed	566	0.52881
		المسائل الصاغانيه	محمد بن  محمد بن نعمان شيخ مفيد	Ghbook	2463	0.5288
		منهج ابن حزم في دراسة الفرق والعقائد الإسلامية	مجيد خلف منشد	ShamAY	35591	0.52877
		صحيفه عسكريه / الصحيفه العسكريه ( عليه السلام )	جواد محدثي	Ghbook	6223	0.52877
		وبل الغمامة شرح عمدة الفقه لابن قدامة ( من كتاب الطهارة إلى كتاب الصيام )	د. عبد الله بن محمد بن أحمد الطيار	ShamAY	33185	0.52876
		مستدرك الوسائل [ج ٧]	الشيخ حسين النوري الطبرسي [ المحدّث النوري ]	Rafed	1147	0.52873
		كتاب "بداية المجتهد وكفاية المقتصد" لابن رشد ودوره في تربية ملكة الاجتهادـ)	محمد بولوز	ShamAY	34805	0.52872
		تاريخ الإسلام ووفيات المشاهير والأعلام	شمس الدين أبو عبد الله محمد بن أحمد بن عثمان بن قايماز الذهبي (المتوفى: 748ه)	Sham19Y	22771	0.5287
		الشفاعة حقيقة إسلاميّة	محمد هادي الأسدي	Rafed	121	0.52869
		الكافي في فقه الإمام أحمد	أبو محمد موفق الدين عبد الله بن أحمد بن محمد بن قدامة الجماعيلي المقدسي ثم الدمشقي الحنبلي، الشهير بابن قدامة المقدسي (المتوفى: 620هـ)	ShamAY	21731	0.52868
		كشف الستر عن حكم الصلاة بعد الوتر	ابن حجر العسقلاني (852 هـ)	ShamAY	34313	0.52868
		آفات اللسان	أبو فيصل البدراني	ShamelaY19	96241	0.52868
		المصباح المنير في غريب الشرح الكبير للرافعي‌	أحمد بن محمد الفيومي	Masaha	3514	0.52867
		المولد النبوي ... هل نحتفل؟	شحاتة محمد صقر	ShamAY	554	0.52865
		كتاب المواعظ والإعتبار بذكر الخطط والآثار المعروف بالخطط المقريزيّة [ج ٣]	تقي الدين احمد بن علي المقريزي	Rafed	2324	0.52864
		حديث الطير	السيد علي الحسيني الميلاني	Masaha	231	0.52864
		أبوبكر الصديق رضي الله عنه شخصيته وعصره	علي محمد الصلابي	ShamAY	35785	0.52863
		مجموع السيّد حميدان	أبي عبدالله حميدان بن يحيى القاسمي	Rafed	3453	0.52863
		الألفية في فقه الصلاة اليومية	الشهيد الأول	Masaha	1056	0.52863
		حديث الولاية	السيّد علي الحسيني الميلاني	Rafed	1556	0.52862
		الزبد في الفقه الشافعي	شهاب الدين أبو العباس أحمد بن حسين بن حسن بن علي ابن رسلان الشافعي (المتوفى: 844هـ)	ShamAY	22364	0.52861
		 موسوعة الفقه الإسلامي طبقا لمذهب أهل البيت ( ع ) 	 مؤسسة دائرة معارف الفقه الاسلامي 	ABLibrary	9657	0.52861
		تعريب بلدان الخلافة الشرقية‏	غاي لسترينج	Masaha	4490	0.52861
		منهجية القرافي وجهوده في دراسة الفروق في اللغة	كِيان أحمد	ShamAY	37239	0.52859
		مذكرات مالك بن نبي - العفن	مالك بن الحاج عمر بن الخضر بن نبي (المتوفى: 1393 هـ)	ShamAY	32565	0.52857
		هداية العباد - الجزء1	الشيخ لطف الله الصافي الگلپايگاني	Masaha	5145	0.52855
		إعلام الورى بأعلام الهدى - الجزء1	الشيخ ابو علي الفضل بن الحسن الطبرسي	Masaha	673	0.52855
		وسيلة النجاة / مع حواشي الگلپايگاني - الجزء1	السيد أبو الحسن الأصفهاني	Masaha	5118	0.52853
		الآداب الشرعية في المعاشرة الزوجية	عمرو عبد المنعم سليم	ShamAY	34876	0.52852
		فقه اللغة	عبد الملك بن محمد الثعالبي	Masaha	4557	0.52851
		انوار الحقائق الجليه في كشف زندقه الوهابيه	لجنة البحوث و الدراسات بالطريقة العزمية	Ghbook	7607	0.52849
		الخصال المكفرة للذنوب	شمس الدين، محمد بن أحمد الخطيب الشربيني الشافعي (المتوفى: 977هـ)	ShamAY	970	0.52846
		جواب في الإيمان و نواقضه	الواحدي	ShamAY	35529	0.52844
		معجم البلدان - الفكر	ياقوت بن عبد الله الحموي أبو عبد الله	ShamAY	33803	0.52843
		رفع الإصر عن قضاة مصر	أبو الفضل أحمد بن علي بن محمد بن أحمد بن حجر العسقلاني (المتوفى: 852هـ)	ShamAY	12724	0.52842
		تنبيهات على رسالتين للشيخ أبي بكر الجزائري	حمود بن عبد الله بن حمود بن عبد الرحمن التويجري (المتوفى: 1413ه)	Sham19Y	17402	0.5284
		 مدارك تحرير الوسيلة ( الصلاة ) 	 الشيخ مرتضى بني فضل 	ABLibrary	9500	0.52838
		دروس في الحياه	آيت الله العظمي ناصرمكارم شيرازي	Ghbook	11970	0.52837
		 ألف مسألة في بلاد الغرب 	 السيد صادق الحسيني الشيرازي 	ABLibrary	9661	0.52836
		نقض رساله الحبل الوثيق في نصره الصديق للسيوطي	حسن حسيني آل مجدد شيرازي	Ghbook	7730	0.52833
		مسالك الأبصار في ممالك الأمصار	أحمد بن يحيى بن فضل الله القرشي العدوي العمري، شهاب الدين (المتوفى: 749ه)	Sham19Y	11790	0.52832
		طه حسين حياته وأدبه في ميزان الإسلام	إبراهيم محمد سرسيق	ShamAY	12279	0.52831
		آرشيو دروس خارج فقه آيت الله شيخ هادي آل راضي 34-33	آيت الله شيخ هادي آل راضي	Ghbook	14495	0.52831
		الهدي النبوي في تربية الأولاد في ضوء الكتاب والسنة	د. سعيد بن علي بن وهف القحطاني	ShamAY	1828	0.5283
		الخلاصة في أحكام دفع الصائل	علي بن نايف الشحود	ShamAY	1618	0.52829
		الصّحابة	السيّد علي الحسيني الميلاني	Rafed	1559	0.52828
		دعاه التغيير و مستقبل العراق	آيت الله العظمي سيد محمد حسيني شيرازي	Ghbook	8155	0.52827
		منتهى الإرادات [في جمع المقنع مع التنقيح وزيادات] مع حاشية المنتهى لابن قائد النجدي	عثمان بن أحمد بن سعيد النجدي الشهير بابن قائد (ت: 1097 هـ)	ShamAY	38959	0.52825
		شرعية الإخبار عن الله بما لم يأت به قرآن ولا سنة	أبو عبد الله المصري	ShamAY	2012	0.52821
		تنضيد العقود السنيه بتمهيد الدوله الحسنيه	سيدمهدي رجايي	Ghbook	15630	0.52821
		تأسيس الغرب الإسلامي‏	هشام جعيط	Masaha	4567	0.52821
		التمييز في تلخيص تخريج أحاديث شرح الوجيز المشهور ب التلخيص الحبير	أبو الفضل أحمد بن علي بن محمد بن أحمد بن حجر العسقلاني (المتوفى: 852ه)	ShamelaY19	123608	0.52816
		التعريف بمؤلفات الشيخ العلامة بكر بن عبدالله أبو زيد رحمه الله تعالى ..	سليمان بن إبراهيم الأصقه	ShamAY	37635	0.52813
		شرح المقدمة الجزرية	صفوت محمود سالم	ShamAY	36838	0.52813
		ديوان النابغة الشيباني	عبد الله بن المخارق بن سليم بن حضيرة بن قيس الشيباني المتوفى سنة 125هـ	ShamAY	37897	0.52813
		الأغصان الندية شرح الخلاصة البهية بترتيب أحداث السيرة النبوية	أبو أسماء محمد بن طه	ShamelaY19	122394	0.52812
		العين الحاسدة دراسة شرعية	حمدان بن محمد الحمدان	ShamAY	34897	0.52811
		نهاية الأرب في شرح لامية العرب	عطاء الله الأزهري	ShamAY	34488	0.52808
		شرح شافية ابن الحاجب - الرضي الأستراباذي	محمد بن الحسن الرضي الإستراباذي، نجم الدين (المتوفى: 686ه)	ShamelaY19	21567	0.52807
		تحقيق القول في مسألة: عيسى كلمة الله والقرآن كلام الله	تقي الدين أبو العباس أحمد بن عبد الحليم بن عبد السلام بن عبد الله بن أبي القاسم بن محمد ابن تيمية الحراني الحنبلي الدمشقي (المتوفى: 728هـ)	ShamAY	22667	0.52802
		المنيحة بسلسلة الأحاديث الصحيحة	أبو إسحاق الحويني الأثري حجازي محمد شريف	ShamAY	31990	0.52801
		جزء فيه تحرير الجواب عن ضرب الدواب	محمد بن عبد الرحمن بن محمد السخاوي (831 - 902)	ShamAY	36522	0.528
		الجمل في النحو	أبو عبد الرحمن الخليل بن أحمد بن عمرو بن تميم الفراهيدي البصري (المتوفى: 170هـ)	ShamAY	6961	0.52799
		الإعجاز العلمي في القرآن الكريم مع الله في السماء	سعيد صلاح الفيومي	Rafed	3180	0.52798
		الدرة المنيفة على مذهب الإمام أبي حنيفة	عمر بن عمر الزهيري الحنفي	ShamAY	33178	0.52795
		 العوالم ، الإمام علي بن أبي طالب ( ع ) 	 الشيخ عبد الله البحراني 	ABLibrary	7611	0.52795
		ظلامة أبي طالب عليه السلام « تاريخ و دراسة »	السيد جعفر مرتضى العاملي	Rafed	1592	0.52795
		مشكلة الأفكار في العالم الإسلامي	مالك بن الحاج عمر بن الخضر بن نبي (المتوفى: 1393هـ)	ShamAY	1100	0.52793
		 الزبدة الفقهية في شرح الروضة البهية 	 السيد محمد حسن الترحيني العاملي 	ABLibrary	9696	0.52792
		 خزانة التواريخ النجدية 	 عبد الله بن عبد الرحمن آل بسام 	ABLibrary	9048	0.52792
		السقيفة وفدك	أبي بكر أحمد بن عبد العزيز الجوهري البصري البغدادي	Rafed	1350	0.52792
		حاشية الدسوقي [ج ٢]	محمّد بن عرفة الدسوقي	Rafed	2094	0.52791
		صلاة الجماعة	محمد ضياء الرحمن الأعظمي	ShamAY	23074	0.52789
		نزهة الأنظار في عجائب التواريخ والأخبار	محمود مقديش	Sham19Y	17048	0.52788
		الغرر البهية في شرح البهجة الوردية	زكريا بن محمد بن أحمد بن زكريا الأنصاري، زين الدين أبو يحيى السنيكي (المتوفى: 926ه)	Sham19Y	21848	0.52787
		الإلمام بشرح عمدة الأحكام	الشيخ إسماعيل الأنصاري	Sham19Y	151007	0.52786
		سامرا عاصمة الدولة العربية في عهد العباسيين [ج ١]	أحمد عبد الباقي	Rafed	2439	0.52786
		الصحابه في حجمهم الحقيقي	بن علي هاشمي	Ghbook	4543	0.52785
		شرح الترمذي «النفح الشذي شرح جامع الترمذي»	محمد بن محمد بن محمد بن أحمد، ابن سيد الناس، اليعمري الربعي، أبو الفتح، فتح الدين (المتوفى: 734 ه)	Sham19Y	16599	0.52784
		فلسفتنا	السيد محمد باقر الصدر	Masaha	574	0.52784
		المعجم الأصولي [ج ٢]	الشيخ محمّد صنقور علي البحراني	Rafed	1049	0.52783
		اعتقاد الأئمة الأربعة	محمد بن عبد الرحمن الخميس	Sham19Y	22273	0.52782
		مصباح الناسك في شرح المناسك	آيت الله العظمي سيد تقي طباطبايي قمي	Ghbook	9669	0.52781
		رياض المسائل في تحقيق الأحكام بالدّلائل [ج ١١]	السيد علي بن السيد محمد علي الطباطبائي	Rafed	321	0.5278
		رد الجميل في الذب عن إرواء الغليل وهو رد على كتاب (مستدرك التعليل)	أبو عبد الرحمن عبد الله بن صالح العبيلان	ShamelaY19	96928	0.52778
		جلاء الأفهام (دار ابن كثير)	الواحدي :: ابن القيم	ShamAY	34424	0.52777
		للزهراء شذى الكلمات	الناشر: المكتبة الأدبيّة المختصّة	Rafed	198	0.52776
		البارقه الحيدريه في الاسرار العلويه	عادل علوي	Ghbook	4532	0.52775
		تحسين القبيح وتقبيح الحسن	عبد الملك بن محمد بن إسماعيل أبو منصور الثعالبي (المتوفى: 429ه)	Sham19Y	6040	0.52774
		أشراط الساعة الصغرى من موقع المنبر	مجموعة من المؤلفين	ShamAY	35205	0.52773
		المصادر المرفوضة عند أهل الظاهر	الشيخ محمد بن عمر العقيل المعروف بابن عقيل الظاهري	ShamAY	37501	0.52772
		مفتاح الوصول شرح ثلاثة الأصول		ShamAY	35585	0.52771
		الكواكب السيّارة في ترتيب الزيارة	شمس الدين أبو عبد الله محمّد بن ناصر الأنصاري [ ابن الزيّات ]	Rafed	2464	0.52771
		تاريخ الإسلام ووفيات المشاهير والأعلام	شمس الدين أبو عبد الله محمد بن أحمد بن عثمان بن قَايْماز الذهبي (المتوفى: 748هـ)	ShamAY	22771	0.52769
		كيفية دعوة الملحدين إلى اللَّه تعالى في ضوء الكتاب والسنة	د. سعيد بن علي بن وهف القحطاني	ShamAY	1872	0.52766
		أعلام مالقة	أبو عبد الله بن عسكر، وأبو بكر بن خميس	ShamAY	38519	0.52766
		المُقَدِّمَةُ الزّهْرا في إيضَاحِ الإمامَةِ الكُبرى	شمس الدين أبو عبد الله محمد بن أحمد بن عثمان بن قَايْماز الذهبي (المتوفى: 748هـ)	ShamAY	36	0.52766
		قياده الامام الصادق ( عليه السلام )	آيت الله العظمي سيد علي خامنه اي	Ghbook	5018	0.52765
		المطالب العالية من العلم الإلهي [ج ٦]	محمّد بن عمر بن الحسن بن الحسين التيمي البكري [ فخر الدين الرازي ]	Rafed	3635	0.52759
		حديث الطير	السيّد علي الحسيني الميلاني	Rafed	190	0.52758
		مصباح الاصول: تقريرا لابحاث سماحه آيه الله العظمي السيد ابوالقاسم الموسوي الخوئي...	محمد سرور واعظ الحسيني	Ghbook	15152	0.52756
		القواعد الفقهية و الاجتهاد و التقليد (المحكم في اصول الفقه)	محمد سعيد طباطبائي حكيم	Ghbook	9567	0.52755
		إبراهيم أنيس والدرس اللغوي	مجموعة من المؤلفين	ShamAY	37180	0.52754
		الفوائد الضيائية شرح كافية ابن الحاجب	نور الدين عبد الرحمن الجامي	ShamAY	37081	0.52753
		الأحاديث التي ظاهرها التعارض في فتح الباري من بداية كتاب المناقب إلى كتاب التفسير باب {ربنا اكشف عنا العذاب إنا مؤمنون} (حم الدخان)	أحمد سالم عبد العزيز	ShamAY	38639	0.52753
		أصول الشاشي	نظام الدين أبو علي أحمد بن محمد بن إسحاق الشاشي (المتوفى: 344هـ)	ShamAY	6302	0.52751
		رسالة رد الروافض	أحمد بن عبد الأحد بن زين العابدين، العمري الفاروقي نسبا، السرهندي مولدا ووطنا، الحنفي مذهبا (المتوفى: 1034ه)	ShamelaY19	36475	0.52748
		لحن القرآن		ShamAY	36858	0.52746
		تفصيل الشريعه في شرح تحرير الوسيله : النكاح	محمد فاضل لنكراني	Ghbook	9815	0.52746
		الرافد في علم الأصول‏	السيد منير الخباز	Masaha	3450	0.52746
		بحار الأنوار [ج ٩٦]	الشيخ محمّد باقر بن محمّد تقي المجلسي	Rafed	1279	0.52741
		خصائص ومقومات الاقتصاد الإسلامي	محمد إبراهيم برناوي	Sham19Y	10192	0.5274
		في رحاب الزياره الجامعه الكبيره	محمد السند	Ghbook	8408	0.52739
		البلاغة الواضحة - ت: الشحود	علي الجارم	ShamAY	34455	0.52738
		مرآة العقول [ج ٢٣]	الشيخ محمّد باقر بن محمّد تقي المجلسي	Rafed	1076	0.52735
		الرسائل الفقهيه	آيت الله العظمي حسينعلي منتظري	Ghbook	9806	0.52735
		جامع المقاصد في شرح القواعد [ج ١٣]	الشيخ عليّ بن الحسين بن عبد العالي الكركي	Rafed	581	0.52734
		ندوة القضاء الشرعي في العصر الحاضر الواقع والمؤمول الفترة الواقعة بين 12 - 13 - 14 ربيع الأول 1427هـ.	مجموعة من العلماء والباحثين.	ShamAY	33168	0.52733
		الزبدة الفقهيّة [ج ٧]	السيّد محمّد حسن ترحيني العاملي	Rafed	2525	0.52733
		الروضة في فضائل أمير المؤمنين علي بن أبي طالب (عليهما السلام)	شاذان بن جبرئيل القمي‏	Masaha	2035	0.52733
		مشكلة الثقافة	مالك بن الحاج عمر بن الخضر بن نبي (المتوفى: 1393ه)	ShamelaY19	19298	0.52732
		كشف المخبوء في تخريج حديث التسمية عند الوضوء	الواحدي :: أبو إسحق الحويني	ShamAY	36063	0.52731
		مناقب الشافعي للبيهقي	أبو بكر أحمد بن الحسين البيهقي (384 - 458 هـ)	ShamAY	37997	0.52731
		الي حكومه شيعيه في العراق	آيت الله العظمي سيد محمد حسيني شيرازي	Ghbook	7896	0.5273
		تنزيه القران عن المطاعن	عماد الدين أبي الحسن عبد الجبّار بن أحمد	Rafed	761	0.52729
		خطبة الحاجة التي كان رسول الله صلى الله عليه وسلم يعلمها أصحابه	أبو عبد الرحمن محمد ناصر الدين، بن الحاج نوح بن نجاتي بن آدم، الأشقودري الألباني (المتوفى: 1420هـ)	ShamAY	11175	0.52728
		كيفيه العمل لله تعالي	آيت الله العظمي حسيني	Ghbook	8049	0.52728
		العبادة حدّها ومفهومها	الشيخ جعفر السبحاني	Masaha	333	0.52727
		العدة شرح العمدة	عبد الرحمن بن إبراهيم بن أحمد، أبو محمد بهاء الدين المقدسي (المتوفى: 624هـ)	ShamAY	10908	0.52726
		التفسير بالماثور و تطويره عند الشيعه	احسان امين	Ghbook	485	0.52724
		 تشريح بدن الإنسان 	 ابو سهل عيسى المسيحي 	ABLibrary	9859	0.52722
		الجامع المفردات الأدوية والأغذية [ج ٤]	ضياء الدين عبد الله بن أحمد الأندلسي المالقي [ ابن بيطار ]	Rafed	1383	0.52722
		حسن البنا - الرجل القرآني	روبيرت جاكسون	Sham19Y	96609	0.52721
		الجامع المفردات الأدوية والأغذية [ج ٢]	ضياء الدين عبد الله بن أحمد الأندلسي المالقي [ ابن بيطار ]	Rafed	1362	0.52721
		 دليل تحرير الوسيلة ( الصيد ) 	 علي أكبر السيفي المازندراني 	ABLibrary	893	0.5272
		المجاز عند الإمام ابن تيمية وتلاميذه بين الإنكار والإقرار	عبد العظيم إبراهيم محمد المطعني (المتوفى: 1429ه)	Sham19Y	1410	0.52718
		الفراء وأثره في المدرسة الكوفية	جميل عبد الله عويضة	ShamAY	37042	0.52717
		الامام الرضا(ع) سيرة وتاريخ	عباس الذهبي	Masaha	1665	0.52715
		الديمقراطية و حكم الاسلام فيها	حافظ صالح	ShamAY	36582	0.52714
		 بهجة الفقيه 	 الشيخ محمد تقي بهجت 	ABLibrary	9522	0.52713
		السبحة تاريخها وحكمها	بكر بن عبد الله أبو زيد بن محمد بن عبد الله بن بكر بن عثمان بن يحيى بن غيهب بن محمد (المتوفى: 1429ه)	ShamelaY19	96768	0.5271
		المساعد على تسهيل الفوائد	بهاء الدين بن عقيل	ShamelaY19	133358	0.52709
		مباني الفقه الفعال في القواعد الفقهية الاساسية	علي اكبر سيفي مازندراني	Ghbook	9072	0.52709
		الشيخ طاهر الجزائري رائد التجديد الديني في بلاد الشام في العصر الحديث	حازم زكريا محي الدين	ShamAY	38587	0.52708
		افتراءات المنصرين على القرآن الكريم أنه يؤيد زعم ألوهية المسيح عليه السلام	الدكتور علي بن عتيق الحربي	ShamAY	7515	0.52708
		لبيك: حج الفقراء (رواية)	مالك بن الحاج عمر بن الخضر بن نبي (المتوفى: 1393 هـ)	ShamAY	32559	0.52705
		عدد المخرجين لحرب الامام الحسين عليه السلام	حسن صدر	Ghbook	15405	0.52702
		المباحث العقدية في كتاب بصائر ذوي التمييز في لطائف الكتاب العزيز للفيروزآبادي	جاسم السامرائي	ShamAY	35771	0.52701
		الدعاء حقيقته وآدابه وآثاره	علي موسى الكعبي	Rafed	751	0.52695
		معجم مقاييس اللغة [ج ٥]	أبي الحسين أحمد بن فارس بن زكريّا	Rafed	2898	0.52692
		مرويات غزوة الخندق	إبراهيم بن محمد المدخلي	ShamAY	11395	0.52691
		المقدمة الزهرا في إيضاح الإمامة الكبرى	شمس الدين أبو عبد الله محمد بن أحمد بن عثمان بن قايماز الذهبي (المتوفى: 748ه)	ShamelaY19	36949	0.52691
		المقدمة الزهرا في إيضاح الإمامة الكبرى	شمس الدين أبو عبد الله محمد بن أحمد بن عثمان بن قايماز الذهبي (المتوفى: 748ه)	Sham19Y	36949	0.5269
		الْمُخْتَصَرُ النَّصِيحُ فِي تَهْذِيبِ الْكِتَابِ الْجَامِعِ الْصَّحِيحِ	المُهَلَّبُ بنُ أَحْمَدَ بنِ أَبِي صُفْرَةَ أَسِيْدِ بنِ عَبْدِ اللهِ الأَسَدِيُّ الأَنْدَلُسِيُّ، المَرِيِيُّ (المتوفى: 435هـ)	ShamAY	1180	0.52687
		الخلق الحسن في ضوء الكتاب والسنة	د. سعيد بن علي بن وهف القحطاني	ShamelaY19	96464	0.52684
		منتقى الأصول [ج ٣]	السيد عبد الصاحب الحكيم	Rafed	803	0.52684
		 الكحالة ( طب العيون ) 	 علي بن العباس الأهوازي ( المجوسي ) 	ABLibrary	9844	0.52683
		تبرئة السلف من تفويض الخلف	محمد بن إبراهيم اللحيدان	ShamAY	33862	0.52677
		ديوان ابن الفارض	ابن الفارض	Masaha	2322	0.52674
		رسائل فقهيه صاحب جواهر (ره)	محمد حسن بن باقر نجفي ( صاحب جواهر )	Ghbook	7090	0.52673
		كيف نحمي أولادنا من رفاق السوء والمخدرات	الدكتور : خالد أحمد الشنتوت	ShamAY	34996	0.52672
		تنزيه الأصحاب عن تنقص أبي تراب	حمود بن عبد الله بن حمود بن عبد الرحمن التويجري (المتوفى: 1413ه)	ShamelaY19	23067	0.52671
		الجهود التفسيرية عند الامام الحسين عليه السلام	عبدالحسين راشد معارج	Ghbook	15672	0.52671
		مناورات الأشقياء لقتل خاتم الأنبياء	أبو يوسف محمد زايد	ShamAY	37410	0.5267
		الهدايه (في الاصول و الفروع)	محمد بن علي بن بابويه شيخ صدوق	Ghbook	14796	0.5267
		أسباب الشفاء من الأسقام والأهواء	أبو إسحق العراقي	ShamAY	35029	0.52669
		حسن العشرة	فؤاد الشلهوب	ShamAY	34918	0.52668
		مقتضب الأثر	أحمد بن عبيد الله بن عيّاش الجوهري	Rafed	1771	0.52668
		و استقر بي النوي	محمد بن محمود عمدي	Ghbook	4606	0.52667
		المعجم الأصولي [ج ١]	الشيخ محمّد صنقور علي البحراني	Rafed	1048	0.52663
		مصابيح الانوار قبسات من انوارالنبي و اهل بيته الاطهار عليه السلام ويليه قبسات من...	ايوب حائري	Ghbook	16058	0.52661
		تفسير مقاتل بن سليمان - العلمية	أبو الحسن مقاتل بن سليمان بن بشير الأزدي بالولاء البلخي	ShamAY	34072	0.52659
		بلاد العرب‏	حسن بن عبد الله الأصفهاني	Masaha	4355	0.52659
		البلغة الى أصول اللغة	أبو الطيب محمد صديق خان بن حسن بن علي ابن لطف الله الحسيني البخاري القِنَّوجي (المتوفى: 1307هـ)	ShamAY	217	0.52656
		مكة المكرمة السمات والقسمات قراءة في عبقرية المكان	ردة الله الطلحي	ShamAY	37115	0.52652
		رسائل المقريزي	أحمد بن علي بن عبد القادر، أبو العباس الحسيني العبيدي، تقي الدين المقريزي (المتوفى: 845ه)	Sham19Y	10710	0.52652
		الفقر وموقف الشريعة الإسلامية منه	مصطفى نوارج	ShamAY	36657	0.52651
		تنزيه القرآن عن المطاعن - معتزلي	القاضى عبد الجبار بن أحمد بن عبد الجبار الهمذاني الأسد أبادي، أبو الحسين المعتزلي (المتوفى: 415هـ)	ShamAY	36757	0.5265
		المفاتيح الجديده	آيت الله العظمي ناصرمكارم شيرازي	Ghbook	11969	0.52648
		التفسير الموضوعي لسورة الطلاق	أحمد بن محمد الشرقاوى	ShamAY	33131	0.52645
		من معارك الإسلام الفاصلة = موسوعة الغزوات الكبرى	محمد بن أحمد باشميل	ShamelaY19	145203	0.52645
		الفقه المنسوب للامام الرضا (عليه السلام) و المشتهر ب: فقه الرضا (عليه السلام)	علي بن موسي عليه السلام	Ghbook	2596	0.52645
		المرقصات والمطربات	أبو الحسن على بن موسى بن سعيد المغربي الأندلسي (المتوفى: 685هـ)	ShamAY	665	0.52643
		نبذة في العقيدة الإسلامية (مطبوع ضمن كتاب الصيد الثمين في رسائل ابن عثيمين)	محمد بن صالح بن محمد العثيمين (المتوفى: 1421هـ)	ShamAY	21587	0.52642
		العقد الثمين فى تاريخ البلد الأمين	تقي الدين محمد بن أحمد الحسني الفاسى المكي (المتوفى: 832 هـ)	ShamAY	38892	0.5264
		المجالس السنيه في مناقب و مصائب العتره النبويه ( الامام الجواد عليه السلام )	محسن امين عاملي	Ghbook	6489	0.5264
		 مجموعة الوثائق السياسية للعهد النبوي والخلافة الراشدة 	 محمد حميد الله 	ABLibrary	7696	0.52638
		المصباح المنير في غريب الشرح الكبير	أحمد بن محمد بن علي الفيومي ثم الحموي، أبو العباس (المتوفى: نحو 770هـ)	ShamAY	12145	0.52637
		بيان المختصر شرح مختصر ابن الحاجب	محمود بن عبد الرحمن (أبي القاسم) ابن أحمد بن محمد، أبو الثناء، شمس الدين الأصفهاني (المتوفى: 749هـ)	ShamAY	8156	0.52636
		المجاز عند الإمام ابن تيمية وتلاميذه بين الإنكار والإقرار	عبد العظيم إبراهيم محمد المطعني (المتوفى: 1429هـ)	ShamAY	1410	0.52635
		المفاخرة بين الماء والهواء (مطبوع ضمن كتاب المفاخرات والمناظرات)	أحمد بن عبد اللطيف بن أحمد البربير الحسني، أبو الفيض (المتوفى: 1226ه)	ShamelaY19	36079	0.52634
		تنزيه القرآن عن المطاعن	القاضى عبد الجبار بن أحمد بن عبد الجبار الهمذاني المعتزلي (المتوفى: 415هـ)	ShamAY	34106	0.52633
		شرح الفصيح لابن هشام اللخمي	ابن هشام اللخمي (المتوفى 577 هـ)	ShamAY	38964	0.5263
		الكفر الذي لا يعذر صاحبه بالجهل	عبد الله بن عبد الرحمن بن أبا بطين	ShamAY	33875	0.52629
		رسائل مفيدة في الصلاة والحج	الواحدي :: ابن جبرين	ShamAY	36497	0.52628
		المنور في راجح المحرر	تقي الدين أحمد بن محمّد بن عليّ البغدادي، المقرئ الأَدَمي الحنبلي (المتوفى: حوالي 749 هـ)	ShamAY	32441	0.52628
		تعليقات الفصول في الأصول [ج ١]	محمّد حسين بن عبد الرحيم الحائري الإصفهاني	Rafed	3873	0.52628
		علم الرجال وأهميته	عبد الرحمن بن يحيى المعلمي اليماني (المتوفى : 1386هـ)	ShamAY	35872	0.52627
		المستشرقون لنجيب العقيقي	نجيب العقيقي (المتوفى: 1402 ه)	ShamelaY19	150937	0.52627
		الباقيات الصالحات	آيت الله العظمي حسيني	Ghbook	8039	0.52626
		الأسرة	-	ShamAY	1906	0.52624
		مناظرات ابن تيمية لأهل الملل والنحل	عبد العزيز بن محمد آل عبد اللطيف	ShamAY	12837	0.52624
		المقدمة الجزولية في النحو	عيسى بن عبد العزيز بن يَلَلْبَخْت الجزولي البربري المراكشي، أبو موسى (المتوفى: 607هـ)	ShamAY	31949	0.52623
		مصابيح الظلام [ج ١٠]	محمّد باقر الوحيد البهبهاني	Rafed	1727	0.52623
		تاريخ دولة آل سلجوق	عماد الدين الكاتب الأصبهاني، محمد بن محمد صفي الدين بن نفيس الدين حامد بن أله، أبو عبد الله (المتوفى: 597هـ)	ShamAY	33830	0.52622
		الموجز في تاريخ فلسطين السياسي	إلياس شوفاني	Rafed	2369	0.52622
		حقيقه علم آل محمد ( صلوات الله عليهم ) و جهاته	سيد علي عاشور	Ghbook	7634	0.52621
		دية المرأة في الشريعة الإسلامية	حسني محمد العطار	ShamAY	36708	0.52618
		المختصر المفيد لأشراط الساعة وأحداث يوم الوعيد	حسني محمد العطار	ShamAY	35773	0.52617
		سيد البطحاء ابوطالب ( عليه السلام )	المجمع العالمي لاهل البيت عليهم السلام	Ghbook	7660	0.52617
		الفوائدُ اللطيفةُ بأَخبارِ ما جاءَ في الصحيفةِ	محمد بن غازي القرشي البغدادي	ShamAY	37343	0.52615
		موقف الإمام والمأموم	عبد الله بن يوسف بن محمد بن حيّويه الجويني، أبو محمد (المتوفى: 438هـ)	ShamAY	12106	0.52614
		الفقيه عمارة وشعره في الغدير	الشيخ عبد الحسين الأميني النجفي	Masaha	349	0.52614
		الفساد والإصلاح -دراسة	عماد صلاح عبد الرزاق	ShamAY	36189	0.52613
		نور الإسلام وظلمات الكفر في ضوء الكتاب والسنة	د. سعيد بن علي بن وهف القحطاني	ShamelaY19	96535	0.52613
		معجم مقاييس اللغة [ج ٣]	أبي الحسين أحمد بن فارس بن زكريّا	Rafed	2895	0.52613
		الحوار في القرآن الكريم دراسةً - ونموذجاً	حسني محمد العطار	ShamAY	36724	0.52611
		التوسل في كتاب الله عز وجل	طلال بن مصطفى عرقسوس	ShamAY	10320	0.52611
		 تفصيل الشريعة في شرح تحرير الوسيلة ( المضاربة ، الشركة ، المزارعة ، المساقاة ، الدين والقرض ، الرهن ، الحجر ، الضمان ، الحوالة والكفالة ، الوكالة ، الإقرار ، الهبة ) 	 الشيخ فاضل اللنكراني 	ABLibrary	9506	0.52611
		معجم البلدان [ج ٥]	شهاب الدين أبي عبدالله ياقوت بن عبدالله الحموي الرومي البغدادي	Rafed	3202	0.52611
		مستدرك الوسائل [ج ٩]	الشيخ حسين النوري الطبرسي [ المحدّث النوري ]	Rafed	1151	0.5261
		(تأصيل البُنَى في تعليل البِنَا) للإمام بدر الدين محمد بن عبد الله الزركشي دراسةً وتحقيقًا	الإمام بدر الدين محمد بن عبد الله الزركشي (المتوفى سنة 794هـ)	ShamAY	37101	0.52608
		التنصير عبر الخدمات التفاعلية لشبكة المعلومات العالمية - دراسة عقدية (رسالة ماجستير)	محمد بن موسى المجممي	ShamelaY19	96160	0.52606
		شرح الترمذي «النفح الشذي شرح جامع الترمذي»	محمد بن محمد بن محمد بن أحمد، ابن سيد الناس، اليعمري الربعي، أبو الفتح، فتح الدين (المتوفى: 734 هـ)	ShamAY	32425	0.52605
		قدسيه الحرم و امنه	عبدالله جوادي آملي	Ghbook	10554	0.52604
		سبيل المستبصرين	الدكتور السيد صلاح الدين الحسيني	Rafed	1242	0.52603
		روضة الزاهدين	عبد الملك علي الكليب	ShamAY	31688	0.52602
		المهدي الموعود المنتظر عند علماء أهل السنة و الامامية - الجزء1	نجم الدين العسكري	Masaha	2511	0.52602
		قضاء حقوق المؤمنين	الشيخ أبو علي بن طاهر الصوري	Rafed	229	0.52601
		كتاب الكنّاش في فنّي النّحو والصّرف [ج ١]	عماد الدين أبي الفداء إسماعيل بن الأفضل علي الأيّوبي [ صاحب الحماة ]	Rafed	2712	0.526
		رسائل المقريزي	أحمد بن علي بن عبد القادر، أبو العباس الحسيني العبيدي، تقي الدين المقريزي (المتوفى: 845هـ)	ShamAY	10710	0.52598
		الصحيح من سيرة النبي الأعظم صلّى الله عليه وآله [ج ٢٢]	السيد جعفر مرتضى العاملي	Rafed	2524	0.52597
		مجالس في رحاب الإمام المعذّب في قعر السجون	الشيخ عبدالأمير عبدالزهره « أبو علي البصري »	Rafed	2567	0.52596
		تلقي النبي (ص) الفاظ القرآن	عبدالسلام مقبل مجيدي	Ghbook	4826	0.52596
		شرح شافية ابن الحاجب	سلطان محمد بن حسن استرآبادي	Ghbook	16289	0.52596
		الكواكب الدرّية على المنظومة البيقونية	سليمان بن خالد الحربي	ShamAY	126	0.52593
		أحكام التعامل مع غير المسلمين	خالد بن محمد الماجد	ShamAY	36121	0.52592
		الخلاصة في أحكام الانتحار	علي بن نايف الشحود	ShamAY	1588	0.52592
		علل النحو	محمد بن عبد الله بن العباس، أبو الحسن، ابن الوراق (المتوفى: 381هـ)	ShamAY	7003	0.52592
		الروضة الفيحاء في أعلام النساء	ياسين بن خير الله بن محمود بن موسى الخطيب العمري (المتوفى: بعد 1232هـ)	ShamAY	5455	0.5259
		توصيات مرجعيه	آيت الله العظمي حسيني	Ghbook	7954	0.5259
		مصابيح الظلام [ج ٥]	محمّد باقر الوحيد البهبهاني	Rafed	1693	0.52589
		الاقوال المختاره في احكام الطهاره	آيت الله العظمي سيد شهاب الدين مرعشي نجفي	Ghbook	16162	0.52589
		البغال	عمرو بن بحر بن محبوب الكناني بالولاء، الليثي، أبو عثمان، الشهير بالجاحظ (المتوفى: 255هـ)	ShamAY	10506	0.52588
		 حاشية الشيخ المظفر على المكاسب 	 الشيخ محمد رضا المظفر 	ABLibrary	9425	0.52588
		منتخب الأحكام لابن أبي زمنين	أبو عبد الله محمد بن عبد الله بن عيسى بن محمد بن إبراهيم ابن أبي زمنين (324 - 399 ه)	ShamelaY19	133419	0.52586
		المرآة	حمدان بن عثمان خوجة (المتوفى: 1255هـ)	ShamAY	31837	0.52585
		الأصول الشرعية عند حلول الشبهات	صالح بن عبد العزيز بن محمد بن إبراهيم آل الشيخ	ShamelaY19	30898	0.52583
		فضائل الأشهر الثلاثة	أبي جعفر محمّد بن علي بن الحسين بن بابويه القمّي [ الشيخ الصدوق ]	Rafed	92	0.52583
		المصالح المرسلة	محمد الأمين بن محمد المختار بن عبد القادر الجكني الشنقيطي (المتوفى: 1393هـ)	ShamAY	8937	0.52582
		 بحار الأنوار 	 العلامة المجلسي 	ABLibrary	746	0.52579
		مآثر الإنافة في معالم الخلافة	أحمد بن علي بن أحمد الفزاري القلقشندي ثم القاهري (المتوفى: 821هـ)	ShamAY	8460	0.52577
		سورة القصص دراسة تحليلية	الدكتور محمد مطني	ShamAY	2125	0.52575
		الوسيله	عماد الدين ابي جعفر محمدبن علي طوسي ابن حمزه	Ghbook	2474	0.52575
		المراه في ظل الاسلام	آيت الله العظمي سيد محمد حسيني شيرازي	Ghbook	7811	0.52574
		رسائل البشرى في السياحة بألمانيا وسويسرا (وهو مطبوع ضمن كتاب رحلة حسن أفندي توفيق العدل 1887 - 1892)	حسن توفيق بن عبد الرحمن العدل (المتوفى: 1322ه)	ShamelaY19	37007	0.52571
		دروس في علم الاصول	محمد باقر صدر	Ghbook	15689	0.52571
		تاج العروس [ج ٢]	محبّ الدين أبي فيض السيد محمّد مرتضى الحسيني الواسطي الزبيدي الحنفي	Rafed	1488	0.5257
		الاسلام محمدي الوجود ... حسيني البقاء	السيد مصطفى المزيدي	Masaha	671	0.52569
		إجلاء الحقيقة في سيرة عائشة الصِّدِّيقة	ياسين الخليفة الطيب المحجوب	ShamAY	518	0.52564
		منهاج الصالحين	آيت الله العظمي سيد محمد صادق روحاني	Ghbook	9667	0.52564
		الإلمام بشرح عمدة الأحكام	الشيخ إسماعيل الأنصاري	ShamelaY19	151007	0.52562
		تسبيح الله ذاته العلية في آيات كتابه السنية	عماد بن زهير حافظ	ShamAY	10064	0.52556
		مجموع بلدان اليمن وقبائلها [ج ٢]	محمّد بن أحمد الحجري اليماني	Rafed	2491	0.52555
		ملامح المنهج التربوي عند أهل البيت(ع)	السيد شهاب الدين العذاري	Masaha	576	0.52555
		الوثائق الرسميه لثوره الامام الحسين عليه السلام 	عبد الكريم الحسيني القزويني	Ghbook	12347	0.52554
		 موسوعة تاريخ العراق بين احتلالين 	 عباس العزاوي المحامي 	ABLibrary	9261	0.52553
		ديوان الراعي النميري	الراعي عُبَيد بن حُصين بن معاوية بن جندل، النميري، أبو جندل	ShamAY	37882	0.52552
		مُضمرات النصِّ والخطاب-دراسة في عالم جبرا إبراهيم جبرا الروائي	سليمان حسين	ShamAY	37185	0.52551
		موقف الأمة من منكر الحكام في ظل التحديات المعاصرة	أ. خالد تربان - أ. محمود عجور	ShamAY	36644	0.5255
		القصيدة النونية للقحطاني	لعله أبو عبد الله محمد بن صالح القحطاني، المعافري الأندلسي المالكي (المتوفى: 378هـ)	ShamAY	7533	0.52548
		التحذير من تعظيم الآثار غير المشروعة	عبد المحسن بن حمد بن عبد المحسن بن عبد الله بن حمد العباد البدر	ShamAY	7574	0.52547
		الإيمان وعلاقته بالصحة النفسية	حسني محمد العطار	ShamAY	35776	0.52545
		الإمامة والنص	فيصل نور	ShamAY	35637	0.52544
		 اولياء عقدالنكاح عندالمذاهب الاسلامية	حمودي حسن عباس الصيقل	Ghbook	14968	0.52544
		دلائل النبوة - السقار	منقذ بن محمود السقار	ShamelaY19	38185	0.52542
		سلم الوصول إلى طبقات الفحول	مصطفى بن عبد الله القسطنطيني العثماني المعروف ب «كاتب جلبي» وب «حاجي خليفة» (المتوفى 1067 ه)	Sham19Y	19199	0.52539
		مفاتيح الجنان	الشيخ عباس القمي	Rafed	1731	0.52538
		الصوفية وطرقها	ممدوح الحربي	ShamAY	35385	0.52536
		زيد بن علي عليه السلام	الشيخ محمد رضا كاشف الغطاء	Masaha	4084	0.52535
		الصّحاح [ج ١]	إسماعيل بن حمّاد الجوهري	Rafed	2873	0.52533
		موجز عن الفتوحات الإسلامية	د طه عبد المقصود عبد الحميد أبو عُبيَّة	ShamAY	9990	0.52532
		 القانون في الطب ( طبع بيروت ) 	 أبو علي سينا 	ABLibrary	9853	0.52532
		صبرا آل ياسر	مجدي الهلالي	ShamAY	281	0.5253
		التعليقات علي شرائع الاسلام	آيت الله العظمي حسيني	Ghbook	9625	0.52529
		خصائص الائمة عليهم السلام ( خصائص امير المؤمنين عليه السلام )	أبي الحسن محمّد بن الحسين بن موسى الموسوي البغدادي	Rafed	236	0.52527
		قواعد تناول الإعجاز العلمي والطبي في السنة وضوابطه	الدكتور / عبد الله بن عبد العزيز المصلح	ShamAY	11303	0.52526
		الموسوعة في صحيح السيرة النبوية - العهد المكي	أبو إبراهيم، محمد إلياس عبد الرحمن الفالوذة	ShamAY	31748	0.52526
		مستدرك الوسائل [ج ٨]	الشيخ حسين النوري الطبرسي [ المحدّث النوري ]	Rafed	1150	0.52523
		إتحاف الأحباب بما ثبت في مسألة الحجاب	عبد القادر بن حبيب الله السندي	ShamAY	4349	0.52519
		تحديد النسل فكره غربيه	آيت الله العظمي سيد محمد حسيني شيرازي	Ghbook	8128	0.52517
		الأيام النضرة في السيرة العطرة	أبو هاشم صالح بن عواد بن صالح المغامسي	ShamelaY19	37741	0.52516
		روائع الأمالي في فروع العلم الإجمالي‏	الشيخ آقا ضياء الدين العراقي	Masaha	3832	0.52516
		التراث العقائدي لعلي بن ابراهيم القمي	محمد جواد مروجي طبسي	Ghbook	16059	0.52515
		فضل المدينة وآداب سكناها وزيارتها	عبد المحسن بن حمد بن عبد المحسن بن عبد الله بن حمد العباد البدر	ShamAY	11232	0.52514
		شرح حديث عبد الله بن مسعود رضي الله عنه	محمد بن صالح العثيمين	ShamAY	35967	0.5251
		نهاية الحكمة [ج ١]	آية الله السيد محمد حسين الطباطبائي	Rafed	3108	0.5251
		من هو الافضل بعد الرسول ( صلي الله عليه و آله و سلم ) ؟	خليفه عبيد كلباني عماني	Ghbook	7719	0.5251
		وجهة العالم الإسلامي - الجزء الثاني (المسألة اليهودية)	مالك بن الحاج عمر بن الخضر بن نبي (المتوفى: 1393 هـ)	ShamAY	32561	0.52504
		أهداف دعوة الشيخ محمد بن عبد الوهاب	إبراهيم بن عثمان الفارس	ShamAY	10847	0.52504
		الاعتدال في الدعوة	محمد بن صالح بن محمد العثيمين (المتوفى: 1421هـ)	ShamAY	1866	0.52503
		نظم المسائل الجاهلية		ShamAY	35596	0.52503
		تذكره الفقهاء	حسن بن يوسف بن مطهر علامه حلي	Ghbook	3352	0.52502
		شرح كتاب الفرق بين عبادات أهل الإسلام والإيمان وعبادات أهل الشرك والنفاق لابن تيمية - محمد حسن عبد الغفار	محمد حسن عبد الغفار	ShamelaY19	37699	0.52501
		مستدرك الوسائل و مستنبط المسائل - الجزء1	المحدث الشيخ حسين النوري	Masaha	1604	0.52501
		الإنصاف في حكم الاعتكاف، ومعه الإسعاف بتحشية الإنصاف - سلسلة لقاء العشر الأواخر بالمسجد الحرام (6)	محمد عبد الحي بن محمد عبد الحليم الأنصاري اللكنوي الهندي، أبو الحسنات (المتوفى: 1304 هـ)	ShamAY	32392	0.525
		الغرر البهية في شرح البهجة الوردية	زكريا بن محمد بن أحمد بن زكريا الأنصاري، زين الدين أبو يحيى السنيكي (المتوفى: 926هـ)	ShamAY	21848	0.52499
		منقذ الاخوان من فتن واخطار آخر الزمان	وسام البلداوي	Ghbook	12324	0.52495
		 حقائق أسرار الطب 	 مسعود بن محمد السجزي 	ABLibrary	9935	0.52492
		بحار الأنوار [ج ٤٠]	الشيخ محمّد باقر بن محمّد تقي المجلسي	Rafed	964	0.52489
		البرصان و العرجان و العميان و الحولان	عمرو بن بحر الجاحظ	Masaha	2333	0.52489
		المجتمع والتاريخ	الشيخ مرتضى المطهري	Masaha	563	0.52487
		وسطية الإسلام وسماحته - محمد الصالح	أ. د. محمد بن أحمد الصالح	Sham19Y	1282	0.52485
		 المختار في أحكام الخيار 	 الشيخ السبحاني 	ABLibrary	9597	0.52482
		 الذريعة 	 آقا بزرگ الطهراني 	ABLibrary	865	0.52481
		 البرصان والعرجان والعميان والحولان 	 الجاحظ 	ABLibrary	821	0.52477
		مستند الشّيعة [ج ٧]	أحمد بن محمّد مهدي النّراقي	Rafed	603	0.52477
		قصتنا مع اليهود	علي بن مصطفى الطنطاوي (المتوفى: 1420 ه)	Sham19Y	17502	0.52475
		 الكواكب السيارة في ترتيب الزيارة 	 ابن الزيات 	ABLibrary	9169	0.52474
		 كتاب المكاسب ( المحشَّى ) 	 الشيخ الأنصاري 	ABLibrary	9381	0.52471
		معجم مقاييس اللغة [ج ٢]	أبي الحسين أحمد بن فارس بن زكريّا	Rafed	2891	0.52471
		تسلية الأعمى عن بلية العمى	علي بن (سلطان) محمد، أبو الحسن نور الدين الملا الهروي القاري (المتوفى: 1014هـ)	ShamAY	11092	0.5247
		موسوعة الإمام الخوئي [ج ٩]	الشيخ علي الغروي	Rafed	868	0.52469
		البداية في توضيح الكفاية [ج ٢]	علي العارفي الپشي	Rafed	3979	0.52467
		شعر الكميت بن زيد الاسدي - الجزء1	داود سلوم	Masaha	3397	0.52467
		الفِقهُ الميَسَّر	أ. د. عَبد الله بن محمد الطيّار، أ. د. عبد الله بن محمّد المطلق، د. محمَّد بن إبراهيم الموسَى	ShamAY	32297	0.52466
		ما يتناقله العوام مما هو منسوب لخير الأنام	خالد سعيفان	ShamAY	33071	0.52465
		فضل الكلاب على كثير ممن لبس الثياب - الكتب المصرية	محمد بن خلف بن المرزبان	ShamAY	33791	0.52465
		حياة الامام علي الهادي عليه السلام: دراسة تاريخية	ثائر هادي العقيلي	Ghbook	15675	0.52465
		حقوق الإنسان في الإسلام للتركي	عبد الله بن عبد المحسن بن عبد الرحمن التركي	Sham19Y	31489	0.52464
		النقص من النص حقيقته وحكمه وأثر ذلك في الاحتجاج بالسنة الآحادية	عمر بن عبد العزيز بن عثمان	ShamAY	8973	0.52463
		حوار الحضارات (دراسة عقدية في ضوء الكتاب والسنة))	فهد بن عبد العزيز بن عبد الله السنيدي	ShamAY	35896	0.52462
		رَدُّ الجَمِيلِ فِي الذَّبِّ عَن إرواء الغليل وَهُوَ رَدٌّ عَلَى كِتَابِ (مُسْتَدْرك التَّعْلِيل)	أبو عبد الرحمن عبد الله بن صالح العبيلان	ShamAY	2044	0.52461
		العلمانية وموقف الإسلام منها	حمود بن أحمد بن فرج الرحيلي	ShamAY	8823	0.5246
		درر الحكام شرح مجلة الأحكام - العلمية	علي حيدر خواجه أمين أفندي (المتوفى: 1353هـ)	ShamAY	34344	0.52459
		المرقصات والمطربات	أبو الحسن على بن موسى بن سعيد المغربي الأندلسي (المتوفى: 685ه)	Sham19Y	665	0.52458
		المنار المنيف في الصحيح والضعيف - ط عالم الفوائد	ابن القيم	ShamAY	38386	0.52456
		 موسوعة الفقه الإسلامي طبقا لمذهب أهل البيت ( ع ) 	 مؤسسة دائرة معارف الفقه الاسلامي 	ABLibrary	9659	0.52456
		الدر المنظوم من كلام المصطفى المعصوم صلى الله عليه وسلم	علاء الدين مغلطاي البكجري الحنفي (المولود سنة 689 ه، والمتوفى سنة 762 ه)	ShamelaY19	32381	0.52455
		 النشاط والقوة والشفاء في الأغذية ( كتاب الأغذية ) 	 عبد الملك بن زهر الأندلسي 	ABLibrary	9866	0.52455
		إجلاء الحقيقة في سيرة عائشة الصديقة	ياسين الخليفة الطيب المحجوب	Sham19Y	36047	0.52452
		بشاره النبي صلي الله عليه و آله بالائمه الاثني عشرعليهم السلام في خطب حجه الوداع	علي كوراني	Ghbook	15136	0.52451
		كشف اليقين في فضائل أمير المؤمنين(ع)	العلامة الحلي	Masaha	385	0.52451
		رد الجميل في الذب عن إرواء الغليل وهو رد على كتاب (مستدرك التعليل)	أبو عبد الرحمن عبد الله بن صالح العبيلان	Sham19Y	96928	0.52449
		لماذا الاختلاف في الوضوء	السيد علي الشهرستاني	Rafed	1381	0.52449
		حقوق الإنسان والقضايا الكبرى (بحث بقلم: معالي الأستاذ كامل إسماعيل الشريف، قدم في الندوة العالمية لحقوق الانسان في الاسلام المنعقدة في روما بإيطاليا بتاريخ: 19/11/1420هـ الموافق 25/2/2000م)	كامل إسماعيل الشريف (المتوفى: 1429هـ)	ShamAY	11753	0.52448
		مسالك الأبصار في ممالك الأمصار	أحمد بن يحيى بن فضل الله القرشي العدوي العمري، شهاب الدين (المتوفى: 749هـ)	ShamAY	11790	0.52448
		جامع التحصيل في أحكام المراسيل	صلاح الدين أبو سعيد خليل بن كيكلدي بن عبد الله الدمشقي العلائي (المتوفى: 761ه)	ShamelaY19	25864	0.52448
		الخصال المكفرة للذنوب	شمس الدين، محمد بن أحمد الخطيب الشربيني الشافعي (المتوفى: 977ه)	Sham19Y	9279	0.52448
		الحباء في الإيصاء	العلامة الفقيه السيّد نعمان خير الدين بن أبي الثناء السيد محمود الآلوسي	ShamAY	36128	0.52446
		أحكام صلاة المريض وطهارته	عبد العزيز بن عبد الله بن باز (المتوفى: 1420هـ)	ShamAY	31249	0.52444
		 إيضاح ترددات الشرائع 	 نجم الدين جعفر الحلي 	ABLibrary	9330	0.52444
		الكلام والعقائد (التوحيد والعدل)	رضا برنجكار	Ghbook	14947	0.52444
		الأمالي، فيها مراث و أشعار أخرى وأخبار ولغة وغيرها	أبو عبد الله محمد بن العباس بن محمد بن أبي محمد بن المبارك اليزيدى (المتوفى: 310هـ)	ShamAY	8196	0.52443
		حكم إمامة وأذان المجاهر بالمعصية	عبد الرحمن بن سعد الشثري	ShamAY	36341	0.52439
		 مناسك الحج وأحكام العمرة 	 الشيخ السبحاني 	ABLibrary	9598	0.52437
		اللباب في الجمع بين السنة والكتاب	جمال الدين أبو محمد علي بن أبي يحيى زكريا بن مسعود الأنصاري الخزرجي المنبجي (المتوفى: 686هـ)	ShamAY	6226	0.52432
		مسألة وجوب تخميس الغنيمة وقسم باقيها	النووي (676 هـ)	ShamAY	34318	0.52428
		إنتاجُ المستشرقينْ وأثَره في الفِكر الإسلاميّ الحَدِيث	مالك بن الحاج عمر بن الخضر بن نبي (المتوفى: 1393هـ)	ShamAY	1072	0.52424
		مجمع الأفكار ومطرح الأنظار [ج ٣]	محمد علي الإسماعيل پور الشهرضائي	Rafed	3789	0.52423
		نزهة الأنظار في عجائب التواريخ والأخبار	محمود مقديش	ShamAY	32217	0.52422
		شذا العرف في فن الصرف	أحمد بن محمد الحملاوي (المتوفى: 1351هـ)	ShamAY	11243	0.52422
		الذهب المسبوك في تحقيق روايات غزوة تبوك	أبو محمد عبد القادر بن حبيب الله بن كورو عبد القادر بن حبيب اللَّه بن كورو، بن سجن، بن سبر السندى (المتوفى: 1418 هـ)	ShamAY	32448	0.52422
		شرح ألفية ابن مالك للحازمي	أبو عبد الله، أحمد بن عمر بن مساعد الحازمي	ShamAY	841	0.5242
		رساله في معني المولي	محمد بن  محمد بن نعمان شيخ مفيد	Ghbook	2571	0.5242
		البرهان على تحريم التناكح بين الإنس والجان	محمد بن عبد الله الإمام	ShamAY	36482	0.52418
		حياه اولي النهي : الامام التاسع محمد الجواد عليه السلام 	محمد رضا حكيمي حائري	Ghbook	6486	0.52418
		أسباب ظاهرة الإرهاب	عبد الله بن محمد العمرو	ShamAY	33361	0.52417
		التبرج وخطر مشاركة المرأة للرجل في ميدان عمله	عبد العزيز بن عبد الله بن باز (المتوفى: 1420هـ)	ShamAY	31324	0.52414
		الذهب المسبوك في وعظ الملوك	أبو عبد الله محمد بن أبي نصر الحميدي (488 هـ)	ShamAY	33560	0.52414
		بصائر ذوي التمييز في لطائف الكتاب العزيز [ج ٤]	مجد الدين محمد بن يعقوب الفيروزآبادي	Rafed	3843	0.52412
		الرافد في علم الأصول	السيد منير الخباز	Masaha	1699	0.52412
		المنظومة النحويّة	الخليل بن أحمد الفراهيدي	Rafed	2061	0.52411
		كشف الستور في نهي النساء عن زيارة القبور	حماد بن محمد الأنصاري الخزرجي السعدي (المتوفى: 1418هـ)	ShamAY	5046	0.52408
		منتهى الدّراية في توضيح الكفاية [ج ٨]	السيّد محمّد جعفر الجزائري المروّج	Rafed	2075	0.52406
		المرآة	حمدان بن عثمان خوجة (المتوفى: 1255ه)	Sham19Y	14329	0.52405
		مستند الشّيعة [ج ٨]	أحمد بن محمّد مهدي النّراقي	Rafed	604	0.52405
		كتاب المكاسب [ج ٥]	الشيخ مرتضى الأنصاري	Rafed	2685	0.52403
		جامع الافكار وناقد الانظار [ج ١]	محمد مهدي بن أبي ذر النراقي [ المولى مهدي النراقي ]	Rafed	728	0.52402
		معجم آيات القرآن (فهرس تفصيلي مرتب على حروف الهجاء)	الدكتور حسين نصار	ShamAY	1065	0.52401
		أوائل المؤلفين في السيرة النبوية	عبد الشافى محمد عبد اللطيف	ShamAY	22678	0.524
		كشف الشبهات	محمد بن عبد الوهاب بن سليمان التميمي النجدي (المتوفى: 1206هـ)	ShamAY	30850	0.52397
		تطبيق المعايير العلمية	السيد ثامر هاشم حبيب العميدي	Masaha	200	0.52397
		تفسير الإمام الشافعي	الشافعي أبو عبد الله محمد بن إدريس بن العباس بن عثمان بن شافع بن عبد المطلب بن عبد مناف المطلبي القرشي المكي (المتوفى: 204هـ)	ShamAY	9182	0.52393
		 المنازل المحاسنية في الرحلة الطرابلسية 	 ابن محاسن 	ABLibrary	9231	0.52392
		 الزبدة الفقهية في شرح الروضة البهية 	 السيد محمد حسن الترحيني العاملي 	ABLibrary	9699	0.5239
		فن المقالة	محمد يوسف نجم (المتوفى: 1430ه)	Sham19Y	8497	0.52387
		القول الفصل في فتنه العصر : البهائيه	مسلم موحد	Ghbook	7033	0.52387
		الأسهم المختلطة في ميزان الشريعة	صالح العصيمي	ShamAY	36184	0.52386
		رياض المسائل في تحقيق الاحكام بالدّلائل [ج ١٦]	السيد علي بن السيد محمد علي الطباطبائي	Rafed	329	0.52386
		أسرار التنزيل	صالح بن عواد المغامسي	ShamAY	33126	0.52383
		البرصان والعرجان والعميان والحولان	عمرو بن بحر بن محبوب الكناني بالولاء، الليثي، أبو عثمان، الشهير بالجاحظ (المتوفى: 255هـ)	ShamAY	10538	0.52382
		فضائل القرآن لابن كثير	ابن كثير	ShamelaY19	22800	0.52382
		مختصر شعب الإيمان للبيهقي	عمر بن عبد الرحمن بن عمر بن أحمد، إمام الدين، أبو القاسم الكرخي التميمي القزويني الشافعيّ (المتوفى: 699هـ)	ShamAY	6850	0.52378
		من هو المهدي لعثمان الخميس	عثمان بن محمد الخميس	ShamAY	37758	0.52377
		موارد السجن في النصوص و الفتاوي	نجم الدين طبسي	Ghbook	9566	0.52372
		نزهة الانام في محاسن الشام	عبدالله بن محمد بدري	Ghbook	8988	0.52371
		تفسير الثعلبي = الكشف والبيان عن تفسير القرآن ط دار التفسير	أبو إسحاق أحمد بن إبراهيم الثعلبي (المتوفى: 427 ه)	Sham19Y	18686	0.5237
		هيويات فقهيه : اشتراط وحده الافق في ثبوت الهلال ...	محمد السند	Ghbook	9788	0.5237
		مجموع رسائل الحافظ العلائي	صلاح الدين أبو سعيد خليل بن كيكلدي بن عبد الله الدمشقي العلائي (المتوفى: 761 ه)	Sham19Y	16928	0.52368
		إملاء ما من به الرحمن من وجوه الإعراب والقراءات في جميع القرآن	العكبري، أبو البقاء	ShamAY	34088	0.52367
		الشرح الميسر على الفقهين الأبسط والاكبر المنسوبين لأبي حنيفة	أبو حنيفة النعمان بن ثابت بن زطي الخزاز الكوفي	ShamAY	33854	0.52367
		جلاء الأفهام في فضل الصلاة على محمد خير الأنام	محمد بن أبي بكر بن أيوب بن سعد شمس الدين ابن قيم الجوزية (المتوفى: 751هـ)	ShamAY	6829	0.52367
		بيان التوحيد الذي بعث الله به الرسل جميعا وبعث به خاتمهم محمدا عليه السلام	عبد العزيز بن عبد الله بن باز (المتوفى: 1420هـ)	ShamAY	30822	0.52366
		الاصفي في تفسيرالقرآن	ملا محسن فيض كاشاني	Ghbook	3627	0.52366
		الأسباب التي يعتصم بها العبد من الشيطان	عبد الله بن جار الله آل جار الله	ShamAY	34959	0.52364
		السيده زينب (سلام الله عليها) عقيله الوحي	ربيبه وحي	Ghbook	808	0.52362
		الزهريات في شعر القرنين الثالث والرابع للهجرة (دراسة فنية)	رئاب عبد الصاحب خفي	ShamAY	34562	0.52358
		 ثلاث رسائل طبية لداود الأنطاكي 	 الشيخ داود الأنطاكي 	ABLibrary	9958	0.52358
		رد الشبهات عن تاريخ الام الحسن عليه السلام و الثوره الحسينيه	الدكتور هادي التميمي	Ghbook	15397	0.52358
		المباحث الاصوليه (محمد اسحاق فياض كابلي)	آيت الله شيخ محمد اسحاق فياض	Ghbook	15338	0.52356
		الأعلام للزركلي	خير الدين بن محمود بن محمد بن علي بن فارس، الزركلي الدمشقي (المتوفى: 1396ه)	Sham19Y	12286	0.52355
		جمال الاسبوع 	سيد رضي الدين علي بن موسي بن طاووس ابن طاووس	Ghbook	2495	0.52352
		عقيدة الخطيئة الأولى وفداء الصليب		ShamAY	35555	0.52351
		حقوق الإنسان في الإسلام للتركي	عبد الله بن عبد المحسن بن عبد الرحمن التركي	ShamAY	31489	0.52349
		ايضاح ترددات الشرائع	نجم الدين جعفر زهدري حلي	Ghbook	10429	0.52349
		السيف البتار في نحر الشيطان نزارومن وراءه من المرتدين الفجار	ممدوح الحربي	ShamAY	33859	0.52347
		أسلوب خطبة الجمعة	عبد الله بن ضيف الله الرحيلي	ShamelaY19	31064	0.52347
		المشروع والممنوع في المسجد - فالح الصغير	فالح بن محمد بن فالح الصغير	ShamelaY19	31274	0.52347
		 شمس العلوم ودواء كلام العرب من الكلوم 	 نشوان بن سعيد الحميري 	ABLibrary	9795	0.52342
		المجالس المعصومية كريمة أهل البيت السيدة فاطمة بنت موسي بن جعفر عليها السلام	مهدي تاج الدين	Ghbook	16466	0.52338
		البشارة برسول الله بين الإشكال و الجحود	الشريف بن حمزة الجبوري الجزائري	ShamAY	37460	0.52336
		آل البيت عليهم السلام وحقوقهم الشرعية	الشيخ صالح بن عبد الله الدرويش	ShamAY	37787	0.52335
		الوهابيه و اصول الاعتقاد	محمد جواد بلاغي	Ghbook	7601	0.52335
		فضل أهل البيت وعلو مكانتهم عند أهل السنة والجماعة	عبد المحسن بن حمد بن عبد المحسن بن عبد الله بن حمد العباد البدر	ShamAY	11233	0.52332
		إحسان خلق الإنسان	أبو محمد عبد الكريم بن صالح بن عبد الكريم الحميد	ShamAY	1085	0.52331
		الاسلام و شهر رمضان	آيت الله العظمي سيد محمد حسيني شيرازي	Ghbook	7823	0.5233
		بداية العابد وكفاية الزاهد (في الفقه على مذهب الإمام أحمد بن حنبل)	عبد الرحمن بن عبد الله بن أحمد البعلي الخلوتي الحنبلي (المتوفى: 1192ه) (صاحب كتاب «كشف المخدرات في شرح أخصر المختصرات»)	ShamelaY19	29796	0.52327
		 المنهل الروي في الطب النبوي ( ص ) 	 محمد بن طولون الصالحي 	ABLibrary	9956	0.52323
		آثار الربا الإقتصادية والإجتماعية	فهد بن مبارك الحربي	ShamAY	36456	0.52322
		إيثار الإنصاف في آثار الخلاف	يوسف بن قزأوغلي - أو قزغلي - ابن عبد الله، أبو المظفر، شمس الدين، سبط أبي الفرج ابن الجوزي (المتوفى: 654هـ)	ShamAY	6349	0.52319
		رسالة لشيخ الإسلام تقي الدين ابن تيمية أجاب فيها عن أسئلة في علم القراءات = فتوى في علم القراءات	شيخ الإسلام أبو العباس أحمد ابن تيمية	ShamAY	34398	0.52319
		ديوان الباخرزي	علي بن الحسن بن علي بن أبي الطيب الباخرزي أبو الحسن المتوفى سنة 460 هـ	ShamAY	37843	0.52319
		قبسات من هدي النبي محمد صلى الله عليه وسلم في رمضان	ناصر بن عبد الله بن محمد آل متعب	ShamelaY19	96276	0.52317
		الحكمه المتعاليه في الاسفار العقليه الاربعه	محمد بن ابراهيم صدرالدين شيرازي	Ghbook	12174	0.52317
		 المنصوري في الطب 	 محمد بن زكريا الرازي 	ABLibrary	9832	0.52316
		مقتضب الاثر في النص علي الائمه الاثني عشر ( عليهم السلام )	احمد بن محمد بن عبدالله بن عياش جوهري	Ghbook	9682	0.52316
		الزواج	محمد بن صالح بن محمد العثيمين (المتوفى: 1421هـ)	ShamAY	7639	0.52315
		قواعد تناول الإعجاز العلمي والطبي في السنة وضوابطه	الدكتور / عبد الله بن عبد العزيز المصلح	Sham19Y	11303	0.52315
		الدلالة المحكمة لآيات الحجاب على وجوب غطاء وجه "المرأة"	لطف الله خوجه	ShamAY	36581	0.52313
		الغناء والمعازف في ضوء الكتاب والسنة وآثار الصحابة - رضي الله عنهم -	د. سعيد بن علي بن وهف القحطاني	ShamelaY19	96473	0.52313
		تراثنا ـ العددان [ 7 و 8 ]	مؤسسة آل البيت عليهم السلام لإحياء التراث ـ قم	Rafed	2637	0.52311
		سبيل المستبصرين إلى الصراط المستقيم	د. صلاح الدين الحسيني	Masaha	520	0.52309
		أبو محمد العوني وشعره في الغدير	الشيخ عبد الحسين الأميني النجفي	Masaha	23	0.52308
		 الصحابي وعدالته 	 السيد مرتضى العسكري 	ABLibrary	8486	0.52301
		 بحار الأنوار 	 العلامة المجلسي 	ABLibrary	795	0.52299
		منتهى الإرادات	تقي الدين محمد بن أحمد الفتوحي الحنبلي الشهير بابن النجار (972ه)	Sham19Y	13664	0.52298
		الإمام المهدي عليه السلام	السيّد علي الحسيني الميلاني	Rafed	6	0.52298
		المرأة العالمة في عهد النبوة تأصيل وتميز	أميرة الصاعدي	ShamAY	33496	0.52297
		 الخراج وصناعة الكتابة 	 قدامة بن جعفر الكاتب البغدادي 	ABLibrary	9041	0.52297
		أهمية الاستغفار وفوائده	علي بن نايف الشحود	ShamAY	34835	0.52296
		تنبيه اللاهي على تحريم الملاهي	الأنصاري، إسماعيل	ShamAY	36241	0.52294
		نظم علوم الحديث المسماة: «أقصى الأمل والسول في علم حديث الرسول صلى الله عليه وسلم»	شهاب الدين محمد بن أحمد الخويي الشافعي (المتوفى 693 ه)	ShamelaY19	32181	0.52293
		أحكام البينات	أحمد الداعور	ShamAY	36463	0.52288
		حقائق حول الكتاب المقدس		ShamAY	35359	0.52287
		البيان	الشهيد الأول	Masaha	615	0.52286
		شرح البيقونية - أسامة سليمان	أسامة علي محمد سليمان	ShamelaY19	36576	0.52285
		رسالة إلى المدرسين والمدرسات	أبو بكر أحمد السيد	ShamAY	10609	0.52282
		موسوعة الإمام الخوئي [ج ٧]	الشيخ علي الغروي	Rafed	853	0.52282
		الازدهار في ما عقده الشعراء من الأحاديث و الآثار	عبد الرحمن بن أبي بكر، جلال الدين السيوطي (المتوفى: 911هـ)	ShamAY	733	0.52281
		كامل الصناعه الطبيه	علي بن عباس مجوسي	Ghbook	10393	0.52279
		الوصية الممنوعة	علي صادق الزبيدي	Rafed	129	0.52278
		عقيدة أهل السنة والجماعة في الصحابة الكرام رضي الله عنهم وأرضاهم	عبد المحسن بن حمد بن عبد المحسن بن عبد الله بن حمد العباد البدر	ShamAY	11291	0.52273
		الحجاب أدلة الموجبين وشبه المخالفين	مصطفى العدوي	ShamAY	36187	0.52272
		التعريف بعلم العلل	هشام بن عبد العزيز الحلاف.	ShamAY	9557	0.52271
		دور الفلك في حكم الماء المستعمل في البرك	ابن طولون (953 هـ)	ShamAY	34303	0.52269
		فتوى في تحريم التعليم المختلط (ضمن «المحاضرات» المطبوعة بـ «بآثار الشنقيطي»)	محمد الأمين بن محمد المختار الجكني الشنقيطي (1325 - 1393)	ShamAY	38835	0.52268
		الزحام وأثره في أحكام النسك	الواحدي :: خالد المصلح	ShamAY	36385	0.52267
		المنتحل	عبد الملك بن محمد بن إسماعيل أبو منصور الثعالبي (المتوفى: 429ه)	ShamelaY19	21105	0.52267
		أصول الدين الإسلامي مع قواعده الأربع	محمد بن عبد الوهاب بن سليمان التميمي النجدي (المتوفى: 1206ه)	Sham19Y	350	0.52264
		شمس العلوم [ج ٩]	نشوان بن سعيد الحميري	Rafed	1412	0.52263
		أدب المجالسة وحمد اللسان وفضل البيان وذم العي وتعليم الإعراب	أبو عمر يوسف بن عبد الله بن محمد بن عبد البر بن عاصم النمري القرطبي (المتوفى: 463ه)	Sham19Y	6780	0.52259
		المصباح المنير في غريب الشرح الكبير (ط العصرية)	الواحدي	ShamAY	34679	0.52258
		الإمام المهدي(ع)	السيد علي الحسيني الميلاني	Masaha	80	0.52257
		الثبات علي المبدا	آيت الله العظمي سيد محمد حسيني شيرازي	Ghbook	8139	0.52256
		ضعيف موارد الظمآن إلى زوائد ابن حبان	أبو عبد الرحمن محمد ناصر الدين، بن الحاج نوح بن نجاتي بن آدم، الأشقودري الألباني (المتوفى: 1420 هـ)	ShamAY	32336	0.52254
		الغرة المنيفة في تحقيق بعض مسائل الإمام أبي حنيفة	عمر بن إسحق بن أحمد الهندي الغزنوي، سراج الدين، أبو حفص الحنفي (المتوفى: 773هـ)	ShamAY	7534	0.5225
		مناهج المستشرقين البحثية في دراسة القرآن الكريم		ShamAY	36950	0.52249
		كتاب المولد المنقح		ShamAY	37419	0.52248
		أثر الوقف في تشييد بنية الحضارة الإسلامية	محمد الخطراوي	ShamAY	36678	0.52244
		ديوان أبي الأسود الدؤلي	أبو سعيد السكري	Sham19Y	148539	0.52242
		 العروة الوثقى مع تعاليق الإمام الخميني 	 السيد اليزدي 	ABLibrary	9401	0.52239
		أسباب الإرهاب والعنف والتطرف	الواحدي :: صالح السدلان	ShamAY	33360	0.52238
		علي ابواب شهر رمضان المبارك	عادل علوي	Ghbook	4626	0.52238
		تاج العروس [ج ١٤]	محبّ الدين أبي فيض السيد محمّد مرتضى الحسيني الواسطي الزبيدي الحنفي	Rafed	1523	0.52234
		معالم أصول الدين	أبو عبد الله محمد بن عمر بن الحسن بن الحسين التيمي الرازي الملقب بفخر الدين الرازي خطيب الري (المتوفى: 606هـ)	ShamAY	6372	0.52233
		معالم أصول الدين	أبو عبد الله محمد بن عمر بن الحسن بن الحسين التيمي الرازي الملقب بفخر الدين الرازي خطيب الري (المتوفى: 606ه)	Sham19Y	6372	0.52232
		 مناحل الشفا ومناهل الصفا بتحقيق كتاب شرف المصطفى ( ص ) 	 عبد الملك الخركوشي النيسابوري 	ABLibrary	7590	0.5223
		بحار الأنوار [ج ٢]	الشيخ محمّد باقر بن محمّد تقي المجلسي	Rafed	501	0.5223
		القصاص علي ضوآ القرآن و السنه	آيت الله العظمي سيد شهاب الدين مرعشي نجفي	Ghbook	10220	0.52229
		إرشاد الحائر إلى علم الكبائر	يوسف بن عبد الهادي (909 هـ)	ShamAY	34342	0.52228
		مجموع رسائل الحافظ العلائي	صلاح الدين أبو سعيد خليل بن كيكلدي بن عبد الله الدمشقي العلائي (المتوفى: 761 هـ)	ShamAY	32484	0.52228
		ابك فانك علي حق	وسام البلداوي	Ghbook	12310	0.52224
		تقريرات ثلاثه : الوصيه و منجزات المريض - ميراث الازواج - الغصب	آيت الله العظمي سيد حسين طباطبايي بروجردي	Ghbook	10090	0.52223
		زواج المتعة - الجزء1	السيد جعفر مرتضى العاملي	Masaha	289	0.52222
		العلاقة الحميمة بين الصحابة وآل البيت (رضي الله عنهم أجمعين)	الواحدي :: سليمان الخراشي	ShamAY	36683	0.52221
		الفصول المهمه في معرفه الائمه (الامام الحسن عليه السلام)	ابن صباغ علي بن محمد	Ghbook	6096	0.52221
		طالب العلم بين أمانة التحمل ومسؤولية الأداء	محمد بن خليفة بن علي التميمي	ShamAY	11246	0.52218
		تحقيق في مسألة اللباس المشكوك	السيد محمد علي الحجة الكوهكمري	Masaha	5063	0.52218
		أبو فراس الحمداني وشعره في الغدير	الشيخ عبد الحسين الأميني النجفي	Masaha	26	0.52217
		الألفاظ المعبرة عن الكلام في التعبير القراني - دراسة دلالية		ShamAY	36970	0.52215
		الإمام أبو الحسن الدارقطني وآثاره العلمية	عبد الله بن ضيف الله الرحيلي	ShamAY	7548	0.52214
		البيوع المحرمة والمنهي عنها	عبد الناصر بن خضر ميلاد	ShamAY	7571	0.52212
		دلائل النبوة - السقار	منقذ بن محمود السقار	ShamAY	1280	0.52212
		تعليم الإناث وتربيتهن	أبو شكيب محمد تقي الدين بن عبد القادر الهلالي (المتوفى: 1407هـ)	ShamAY	10085	0.5221
		 المواعظ والإعتبار في ذكر الخطط والآثار ( ط لندن ) 	 المقريزي 	ABLibrary	9238	0.52209
		هداية الأمة إلى أحكام الأئمة - منتخب المسائل - الجزء1	الحر العاملي	Masaha	1318	0.52209
		مذكرات في المدخل لعلم أصول الفقه		ShamAY	37579	0.52207
		منجم العمران في المستدرك علي معجم البلدان	ياقوت بن عبدالله ياقوت حموي	Ghbook	11365	0.52207
		الحاشية على أصول الكافي	محمد أمين الاسترابادي	Masaha	4684	0.52207
		مسند الإمام الجواد أبي جعفر محمد بن علي الرضا(ع)	عزيز الله عطاردي‏	Masaha	2476	0.52204
		الكافي [ج ٣]	أبو جعفر محمّد بن يعقوب الكليني الرازي	Rafed	981	0.52202
		مجمع الأنهر في شرح ملتقى الأبحر	إبراهيم بن محمد بن إبراهيم الحَلَبي الحنفي (المتوفى: 956هـ)	ShamAY	6185	0.52201
		حقائق عن الامام المهدي عليه السلام	آيت الله العظمي سيد محمد حسيني شيرازي	Ghbook	7888	0.522
		مقدمات النكاح (دراسة مقارنة)	محمد بن عبد العزيز السديس	ShamAY	12152	0.52194
		المسارعة والمسابقة إلى الخيرات في القرآن الكريم	محمد علي الزغول	ShamAY	37006	0.52194
		المولد النبوي	ناصر بن يحيى الحنيني	ShamAY	36426	0.52191
		الإسلام والتناسخ	السيّد حسين يوسف مكّي	Rafed	3335	0.52191
		بين الطليعة والتهافت	د. ماهر ياسين الفحل	ShamAY	37268	0.5219
		هؤلاء هم خصماؤك غدا	عبد الملك بن محمد القاسم	ShamelaY19	36560	0.5219
		محبة النبي صلى الله عليه وسلم وتعظيمه	فهد الحبيشي	ShamAY	37424	0.52189
		 النكت الإعتقادية 	 الشيخ المفيد 	ABLibrary	7901	0.52189
		رسالة ضمن «مجموع في السياسة»	الحسين بن عبد الله بن سينا، أبو علي، شرف الملك: الفيلسوف الرئيس (المتوفى: 428هـ)	ShamAY	7227	0.52188
		الصحيح من سيرة النبي الأعظم صلّى الله عليه وآله [ج ١١]	السيد جعفر مرتضى العاملي	Rafed	2501	0.52188
		من هو؟	لبيب السعدي	Ghbook	12290	0.52187
		من علم الفلك القرآني	الدكتور عدنان شريف	Rafed	900	0.52186
		أجوبة الشيخ المحدث عبد الله بن عبد الرحمن السعد] على أسئلة دروس الموقظة	عبد الله السعد	ShamAY	37359	0.52185
		ارشاد الاذهان - الجزء1	العلامة الحلي	Masaha	612	0.52183
		ديوان ابن مقبل	تميم بن أبي بن مقبل	ShamAY	37879	0.52182
		ضياء السالكين في أحكام المسافرين	يحي الحجوري	ShamAY	36589	0.52179
		مخالفات تقع فيها بعض النساء	محمد حسن عبد الغفار	ShamelaY19	37679	0.52179
		تفسير القرآن العظيم [ج ٤]	أبي الفداء اسماعيل بن عمر ابن كثير الدمشقي	Rafed	3410	0.52176
		الموسوعة الفقهية - الدرر السنية	مجموعة من المؤلفين	ShamAY	1516	0.52172
		 المغني في أبواب التوحيد والعدل 	 القاضي عبد الجبار الهمذاني 	ABLibrary	8624	0.52171
		موسوعة طبقات الفقهاء‌  - الجزء1	الشيخ جعفر السبحاني	Masaha	3651	0.52171
		شرح الشّواهد الشعريّة في أمّات الكتب النحويّة [ج ٢]	محمّد محمّد حسن شرّاب	Rafed	1889	0.52167
		إبصار العين في أنصار الحسين(ع)‏	الشيخ محمد السماوي	Masaha	1823	0.52166
		اللؤلؤ المرصوع فيما لا أصل له أو بأصله موضوع	محمد بن خليل بن إبراهيم، أبو المحاسن القاوقجي الطرابلسي الحنفي (المتوفى: 1305هـ)	ShamAY	6063	0.52162
		الكلمه الغراء في تفضيل الزهراء ( سلام الله عليها )	آيت الله العظمي سيد محمد حسيني شيرازي	Ghbook	3879	0.52157
		رسالة الحجاب (مطبوع مع رسالة الدماء الطبيعية للنساء)	محمد بن صالح بن محمد العثيمين (المتوفى: 1421هـ)	ShamAY	21810	0.52156
		 الرسالة العلوية في فضل أمير المؤمنين ( ع ) على سائر البرية ( التفضيل ) 	 أبي الفتح الكراجكي 	ABLibrary	7532	0.52154
		إجابة الدعوة وشروطها	إبراهيم بن علي بن عبيد العبيد	ShamAY	32140	0.52153
		الأيام النضرة في السيرة العطرة	أبو هاشم صالح بن عواد بن صالح المغامسي	Sham19Y	37741	0.52153
		منتهى الدّراية في توضيح الكفاية [ج ٧]	السيّد محمّد جعفر الجزائري المروّج	Rafed	2055	0.5215
		الإمام ابن خزيمة ومنهجه في مختلف الحديث في صحيحه	هاني الجليس	ShamAY	37335	0.52149
		التحريف فى كتابهم المقدس		ShamAY	35335	0.52148
		المنازل المحاسنيّة في الرحلة الطرابلسيّة	يحيى بن أبي الصفا بن أحمد [ ابن محاسن ]	Rafed	2287	0.52147
		سلم الوصول إلى طبقات الفحول	مصطفى بن عبد الله القسطنطيني العثماني المعروف بـ «كاتب جلبي» وبـ «حاجي خليفة» (المتوفى 1067 هـ)	ShamAY	38787	0.52146
		تفسير الإمام الشافعي	الإمام / أبو عبد الله محمد بن إدريس الْمُطَّلَبِي	ShamAY	34050	0.52145
		شرح سنن النسائي - الراجحي	عبد العزيز بن عبد الله بن عبد الرحمن الراجحي	ShamelaY19	37016	0.52144
		التنبيهات على رسالة الألباني في الصلاة	حمود بن عبد الله بن حمود بن عبد الرحمن التويجري (المتوفى: 1413 هـ)	ShamAY	32550	0.52139
		الحاجة إلى الرسل	-	ShamAY	1910	0.52138
		المهذب في الآداب الإسلامية	علي بن نايف الشحود	ShamAY	34839	0.52138
		الكشف والبيان [ج ٩]	أبو إسحاق أحمد [ الثّعلبي ]	Rafed	1672	0.52138
		 بلاد العرب 	 الحسن بن عبد الله الأصفهاني 	ABLibrary	8969	0.52136
		الرسالة الوافية لمذهب أهل السنة في الاعتقادات وأصول الديانات	عثمان بن سعيد بن عثمان بن عمر أبو عمرو الداني (المتوفى: 444هـ)	ShamAY	26713	0.52135
		دراسات في تميز الأمة الإسلامية وموقف المستشرقين منه	إسحاق بن عبد الله السعدي	ShamAY	32452	0.52134
		منهاج الرسول - صلى الله عليه وسلم - في تصحيح الأخطاء	علي بن نايف الشحود	ShamAY	34851	0.52133
		هداية الاعلام الي مدارك شرائع الاحكام	آيت الله العظمي سيد تقي طباطبايي قمي	Ghbook	9552	0.52133
		أثر تعلم القرآن الكريم في اكتساب الملكات اللسانية - يوسف العليوي	يوسف العليوي	ShamAY	36764	0.52132
		المسائل النحوية في كتاب (التوضيح لشرح الجامع الصحيح) لابن الملقن	داود بن سليمان الهويمل	ShamelaY19	36113	0.5213
		الامام علي الهادي ( عليه السلام ) مع مروق القصر و قضاه العصر سيره	كامل سليمان	Ghbook	4031	0.5213
		تهذيب اللغة	محمد بن أحمد بن الأزهري الهروي، أبو منصور (المتوفى: 370هـ)	ShamAY	7031	0.52129
		دلالة الاقتران ووجه الاحتجاج بها عند الأصوليين	أبو عاصم الشحات شعبان محمود عبد القادر البركاتي المصري	Sham19Y	96269	0.52127
		تلخيص الكون والفساد	أبي الوليد محمد بن رشد الحفيد	Rafed	1722	0.52126
		مع الشاطبي في مباحث من علوم القرآن	شايع الأسمري	ShamAY	36817	0.52124
		مستخرج أبي عوانة ط الجامعة الإسلامية	أبو عوانة يعقوب بن إسحاق الإسفراييني (المتوفى 316 ه)	Sham19Y	18144	0.52122
		الوصائل إلى الرسائل [ج ١٣]	آية الله السيد محمد الشيرازي	Rafed	3753	0.52121
		موسوعة تاريخ العراق بين احتلالين [ج ٧]	عباس العزاوي المحامي	Rafed	1925	0.52121
		حليه الابرار في احوال محمد و آله الاطهار عليهم السلام	هاشم بن سليمان بحراني	Ghbook	9259	0.52118
		الشيوعية في الميزان	محمد علي عبد السميع	ShamAY	10412	0.52117
		المختار في أحكام الخيار	الشيخ جعفر السبحاني	Masaha	4955	0.52112
		الدلالة المركزية والدلالة الهامشية بين اللغويين والبلاغيين	رنا طه رؤوف	ShamAY	34549	0.52111
		قبسات من هدي النبي محمد صلى الله عليه وسلم في رمضان	ناصر بن عبد الله بن محمد آل متعب	ShamAY	1758	0.5211
		الجامع المفردات الأدوية والأغذية [ج ١]	ضياء الدين عبد الله بن أحمد الأندلسي المالقي [ ابن بيطار ]	Rafed	1354	0.5211
		رسالة في القضاء والقدر	محمد بن صالح بن محمد العثيمين (المتوفى: 1421ه)	Sham19Y	11223	0.52107
		نفحات الأزهار في خلاصة عبقات الأنوار [ج ١٤]	السيّد علي الحسيني الميلاني	Rafed	464	0.52106
		رحلة الإيطالي كاسبارو بالبي	كاسبارو بالبي	Masaha	4381	0.52106
		عداله الامام اميرالمومنين ( عليه السلام )	آيت الله العظمي سيد محمد حسيني شيرازي	Ghbook	7901	0.52105
		كشف أكاذيب وتحريفات وخيانات فوزي البحريني الموصوف زورا بالأثري	ربيع بن هادي المدخلي	ShamAY	33030	0.52102
		هل العهد القديم كلمة الله؟	منقذ بن محمود السقار	ShamAY	1287	0.52101
		الخطابات القانونية : روية مبتكرة عندالامام الخميني قدس سره دراسة تحليلية نقدية	محمد جواد فاضل لنكراني	Ghbook	15211	0.52101
		رسالة في فضل الأندلس وذكر رجالها - ت: إحسان عباس	أبو محمد علي بن أحمد بن سعيد بن حزم الأندلسي	ShamAY	33827	0.521
		إني أعظكم بواحدة	خالد الراشد	ShamAY	35171	0.52097
		حاشية العدوي على شرح كفاية الطالب الرباني	علي الصعيدي العدوي المالكي	ShamAY	34224	0.52096
		الصاحبي في فقه اللغة العربية ومسائلها وسنن العرب في كلامها	أحمد بن فارس بن زكرياء القزويني الرازي، أبو الحسين (المتوفى: 395هـ)	ShamAY	9977	0.52094
		أحاديث الإسراء والمعراج عرض وتحليل	نزار ريان	ShamAY	37463	0.52093
		الشافية في علم التصريف (ومعها الوافية نظم الشافية للنيساري - المتوفى في القرن 12)	عثمان بن عمر بن أبي بكر بن يونس، أبو عمرو جمال الدين ابن الحاجب الكردي المالكي (المتوفى: 646ه)	ShamelaY19	22391	0.52093
		رحلة الإيطالي كاسبارو بالبي	الناشر: الدار العربيّة للموسوعات	Rafed	2758	0.52093
		وجهة العالم الإسلامي - الجزء الثاني (المسألة اليهودية)	مالك بن الحاج عمر بن الخضر بن نبي (المتوفى: 1393 ه)	Sham19Y	13925	0.52092
		التعليم في بلاد المسلمين	عبد الفتاح بن سليمان عشماوي	ShamAY	10306	0.52091
		كتاب الله عز وجل ومكانته العظيمة	عبد العزيز بن عبد الله بن محمد بن عبد اللطيف بن عبد الرحمن بن حسن بن الشيخ محمد بن عبد الوهاب	ShamelaY19	21767	0.52091
		المدارس العالمية الأجنبية	الواحدي :: بكر أبو زيد	ShamAY	36499	0.5209
		ملء العيبة بما جُمع بطول الغَيبة في الوجهة الوجيهة إلى الحرمين مكة وطَيبة	محمد بن عمر بن محمد، أبو عبد الله، محب الدين ابن رشيد الفهري السبتي (المتوفى: 721هـ)	ShamAY	12532	0.5209
		خلاصة السير الجامعة لعجائب أخبار الملوك التبابعة (شرح لقصيدة نشوان الحميري: ملوك حمير وأقيال اليمن)	نشوان بن سعيد الحميرى اليمني (المتوفى: 573هـ)	ShamAY	413	0.52089
		الإسلام والمسيحية سفينتان ترسيان على شاطئ الحق	الشيخ محمد جان وهبي أبو جودة	Masaha	308	0.52088
		التاريخ و حركه التقدم البشري و نظره الاسلام	محمد مهدي شمس الدين	Ghbook	7096	0.52086
		الحجاب للمنفلوطي	مصطفى لطفي بن محمد لطفي بن محمد حسن لطفي المَنْفَلُوطي (المتوفى: 1343هـ)	ShamAY	22274	0.52085
		شيخ المجاهدين أحمد ياسين صفحات من	صالح الرقب	ShamAY	35864	0.52085
		الإمام البخاري وفقه التراجم في جامعه الصحيح	نور الدين محمد عتر الحلبي	ShamAY	553	0.52084
		السبحة تاريخها وحكمها	بكر بن عبد الله أبو زيد بن محمد بن عبد الله بن بكر بن عثمان بن يحيى بن غيهب بن محمد (المتوفى: 1429ه)	Sham19Y	96768	0.52082
		منهج في إعداد خطبة الجمعة	د صالح بن عبد الله بن حميد	ShamelaY19	31068	0.52079
		عصر الخلافة الراشدة محاولة لنقد الرواية التاريخية وفق منهج المحدثين	أكرم بن ضياء العمري	ShamAY	31726	0.52077
		اللباب في الفقه الشافعي	أحمد بن محمد بن أحمد بن القاسم الضبي، أبو الحسن ابن المحاملي الشافعيّ (المتوفى: 415هـ)	ShamAY	8534	0.52076
		الخيل	أبو عبيدة معمر بن المثنى التيمى (المتوفى: 209هـ)	ShamAY	790	0.52076
		الناهية عن طعن أمير المؤمنين معاوية	عبد العزيز بن أحمد بن الحامد القرشي الفريهاري الملتاني أبو عبد الرحمن (المتوفى: بعد 1239ه)	ShamelaY19	36080	0.52075
		الذيل والتكملة لكتابي الموصول والصلة	أبو عبد الله محمد بن محمد بن عبد الملك الأنصاري الأوسي المراكشي (المتوفى: 703 هـ)	ShamAY	32576	0.52072
		معجم مقاييس اللغة [ج ١]	أبي الحسين أحمد بن فارس بن زكريّا	Rafed	2889	0.52069
		شرح العقيدة الطحاوية - صالح آل الشيخ	صالح آل الشيخ	ShamAY	34734	0.52068
		الاستشراق والمستشرقون ما لهم وما عليهم	مصطفى بن حسني السباعي (المتوفى: 1384ه)	ShamelaY19	37417	0.52068
		الأعلام للزركلي	خير الدين بن محمود بن محمد بن علي بن فارس، الزركلي الدمشقي (المتوفى: 1396هـ)	ShamAY	12286	0.52067
		بيع الأقراص الكومبيوترية [ السيدي ] في ضوء أحكام الفقه الإسلامي	محمد محروس المدرس الأعظمي	ShamAY	36255	0.52066
		فتوحات الوهاب بتوضيح شرح منهج الطلاب المعروف بحاشية الجمل (منهج الطلاب اختصره زكريا الأنصاري من منهاج الطالبين للنووي ثم شرحه في شرح منهج الطلاب)	سليمان بن عمر بن منصور العجيلي الأزهري، المعروف بالجمل (المتوفى: 1204ه)	ShamelaY19	21598	0.52065
		معجم أسر بريدة	محمد بن ناصر العبودي	ShamelaY19	147374	0.52065
		وصية نافعة لعموم أهل العلم والتبيان	الواحدي :: فيصل المبارك	ShamAY	35012	0.52062
		اللمحة اللطيفة في ذكر أحوال كسوة الكعبة الشريفة	ابن حجر العسقلاني (852 هـ)	ShamAY	34329	0.5206
		فكرة كمنويلث إسلامي	مالك بن الحاج عمر بن الخضر بن نبي (المتوفى: 1393ه)	ShamelaY19	37596	0.5206
		إمامة بقية الائمة(ع)	السيد علي الحسيني الميلاني	Masaha	93	0.5206
		رسالة الاجتهاد والتقليد	الشيخ محمد تقي بن محمد باقر الأصفهاني النجفي	Masaha	3829	0.52057
		دراسه حول الجبر والتفويض القضاء و القدر	مرتضي عسكري	Ghbook	3503	0.52056
		الفئات الاجتماعيه بين الحق و الباطل	آيت الله العظمي سيد محمد حسيني شيرازي	Ghbook	8058	0.52054
		أسنى المطالب في أحاديث مختلفة المراتب	محمد بن محمد درويش، أبو عبد الرحمن الحوت الشافعي (المتوفى: 1277هـ)	ShamAY	6076	0.52052
		حقائق السقيفة في دراسة رواية أبي مخنف	جليل تاري	Rafed	795	0.52052
		 كتاب اليقين 	 ابن عربي 	ABLibrary	8739	0.5205
		 مجموع بلدان اليمن وقبائلها 	 محمد بن أحمد الحجري اليماني 	ABLibrary	9178	0.5205
		تفريغ «فتاوى جدة» للشيخ الألباني - الإصدار الرابع	الواحدي :: ناصر الدين الألباني	ShamAY	33162	0.52046
		الروضة في فضائل امير المؤمنين علي بن أبي طالب عليهما السلام	شاذان بن جبرئيل قمي	Ghbook	9568	0.52045
		خلق الإنسان بين الطب والقرآن	محمد علي البار	ShamAY	34803	0.52042
		صحيح القصص النبوي (من 1 - 50)	أبو إسحاق الحويني الأثري حجازي محمد شريف	ShamelaY19	96237	0.52041
		رسائل البشرى في السياحة بألمانيا وسويسرا (وهو مطبوع ضمن كتاب رحلة حسن أفندي توفيق العدل 1887 - 1892)	حسن توفيق بن عبد الرحمن العدل (المتوفى: 1322هـ)	ShamAY	379	0.52031
		خزانة التّواريخ النجديّة [ج ٦]	عبد الله بن عبد الرحمن بن صالح آل بسام	Rafed	2168	0.52031
		حاشيه علي رساله لا ضرر	ملا عبد اللّٰه بن محمد حسن مامقاني	Ghbook	11252	0.52031
		العباده حدها و مفهومها	آيت الله العظمي جعفر سبحاني	Ghbook	7576	0.52028
		طوق الحمامة للسيوطي	عبد الرحمن بن أبي بكر، جلال الدين السيوطي (المتوفى: 911هـ)	ShamAY	5396	0.52027
		شبهات شيعية والرد عليها	عثمان بن محمد آل خميس الناصري أبو محمد التميمي	ShamAY	37805	0.52024
		رسالة في حكم السحر والكهانة مع بعض الفتاوى المهمة	عبد العزيز بن عبد الله بن باز (المتوفى: 1420هـ)	ShamAY	8599	0.52023
		دراسات موجزه في الخيارات و الشروط دراسه موضوعيه ميسره علي ضوآ الكتاب والسنه	آيت الله العظمي جعفر سبحاني	Ghbook	15022	0.52023
		السنة النبوية المصدر الثاني للتشريع الإسلامي ومكانتها من حيث الاحتجاج والمرتبة والبيان والعمل	رقية بنت نصر الله نياز	ShamAY	7587	0.52022
		 نظرة في كتاب الوشيعة ( من فيض الغدير ) 	 الشيخ الأميني 	ABLibrary	8665	0.52016
		حمد الجاسر جغرافي الجزيرة العربية ومؤرخها ونسابتها	عبد الله محمود الطنطاوي	ShamAY	38588	0.52015
		الفقه الأكبر (مطبوع مع الشرح الميسر على الفقهين الأبسط والأكبر المنسوبين لأبي حنيفة تأليف محمد بن عبد الرحمن الخميس)	ينسب لأبي حنيفة النعمان بن ثابت بن زوطي بن ماه (المتوفى: 150هـ)	ShamAY	6388	0.52015
		التجلي الاعظم	فاخر موسوي	Ghbook	7125	0.52014
		تفسير الامام الحسين عليه السلام	محمد علي الحلو	Ghbook	15679	0.52014
		الشعر العربي في بلاد العجم في القرن السادس للهجرة من خلال خريدة القصر وجريدة العصر للعماد الأصفهاني المتوفى سنة 597 للهجرة	جنان قحطان فرحان	ShamAY	34559	0.52011
		 تشحيذ الأذهان بسيرة بلاد العرب والسودان 	 محمد بن عمر التونسي 	ABLibrary	9027	0.52011
		دراسات في علم الأصول [ج ٤]	آية الله السيّد علي الشاهرودي	Rafed	3675	0.52011
		النحو المعقول	جميل عبد الله عويضة	ShamAY	37044	0.5201
		مشكلة الأفكار في العالم الإسلامي	مالك بن الحاج عمر بن الخضر بن نبي (المتوفى: 1393ه)	Sham19Y	37588	0.52009
		اختصاص الشيعة في التمسّك بالقرآن الكريم	الشيخ حسين غيب غلامي الهرساوي	Rafed	1180	0.52009
		الغدير	ايوب حائري	Ghbook	15497	0.52007
		المعجم الوسيط	مجمع اللغة العربية بالقاهرة	Sham19Y	7028	0.52005
		فضل الامام علي ( عليه السلام ) علي الصحابه	المجمع العالمي لاهل البيت عليهم السلام	Ghbook	7682	0.52004
		الأمور الميسرة لقيام الليل	وحيد بن عبد السلام بالي	ShamAY	1131	0.52002
		الأيام النضرة في السيرة العطرة	أبو هاشم صالح بن عوّاد بن صالح المغامسي	ShamAY	31909	0.52002
		منتهى الإرادات	تقي الدين محمد بن أحمد الفتوحي الحنبلي الشهير بابن النجار (972هـ)	ShamAY	31929	0.52
		 كتاب المكاسب ( المحشَّى ) 	 الشيخ الأنصاري 	ABLibrary	9385	0.52
		بيانات و توجيهات	آيت الله شيخ محمد اسحاق فياض	Ghbook	15334	0.52
		المسنَد الصَّحيح المُخَرّج عَلى صَحِيح مُسلم	أبو عَوانة يَعقُوب بن إسحَاق الإسفرَايينيّ (المتوفى 316 هـ)	ShamAY	32665	0.51999
		تحرير الأقوال في صوم الست من شوال - سلسلة لقاء العشر الأواخر بالمسجد الحرام (26)	أبو الفداء زين الدين قاسم بن قُطْلُوْبَغَا السُّوْدُوْنِي الجمالي الحنفي (المتوفى: 879 هـ)	ShamAY	32497	0.51998
		وجوب التثبت من الأخبار واحترام العلماء	الواحدي :: صالح الفوزان	ShamAY	35086	0.51998
		أحكام السوق أو النظر والأحكام في جميع أحوال السوق	أبو زكريا الكناني	ShamAY	36466	0.51998
		رسالة منازل الحروف	علي بن عيسى بن علي بن عبد الله، أبو الحسن الرماني المعتزلي (المتوفى: 384هـ)	ShamAY	6997	0.51993
		حلية الأبرار في أحوال محمد و آله الأطهار(ع) - الجزء1	السيد هاشم البحراني	Masaha	1990	0.51992
		تصحيح لسان العرب	أحمد بن إسماعيل بن محمد تيمور (المتوفى: 1348هـ)	ShamAY	7063	0.51991
		إعجاز آيات القرآن في بيان خلق الإنسان	د. محمّد فيّاض	Rafed	3155	0.5199
		اخلاق النبي ( صلي الله عليه و آله )	سامي خضره	Ghbook	5272	0.51989
		افتراءات المنصرين على القرآن الكريم أنه يؤيد زعم ألوهية المسيح عليه السلام	الدكتور علي بن عتيق الحربي	Sham19Y	7515	0.51986
		 الدر المختار 	 الحصفكي 	ABLibrary	906	0.51986
		 حاشية الدسوقي على الشرح الكبير 	 الشيخ محمد الدسوقي 	ABLibrary	873	0.51986
		اثبات الهداه بالنصوص و المعجزات 	محمد بن حسن حر عاملي	Ghbook	6566	0.51985
		شاطىء الحق		ShamAY	35541	0.51983
		الآثار التربوية لدراسة اللغة العربية	خالد بن حامد الحازمي	ShamAY	8709	0.51976
		إسعاف المؤمنين بنصرة خاتم المرسلين	الواحدي :: وسيم فتح الله	ShamAY	37416	0.51969
		ذم الموسوسين	أبو محمد الموفق عبد الله بن أحمد بن محمد بن قدامة المقدسي (620 هـ)	ShamAY	34304	0.51966
		الجوهرة في نسب الإمام علي وآله	محمّد بن أبي بكر الأنصاري التلمساني [ البرّي ]	Rafed	1730	0.51966
		الفقه: النظافه	آيت الله العظمي سيد محمد حسيني شيرازي	Ghbook	8019	0.51964
		أبو الحسن الأشعري	حماد بن محمد الأنصاري الخزرجي السعدي (المتوفى: 1418هـ)	ShamAY	12159	0.51961
		شرح سنن النسائي - الراجحي	عبد العزيز بن عبد الله بن عبد الرحمن الراجحي	ShamAY	106	0.51959
		خراسان ومدرسة المعارف الالهية: حوار مع آيةالله العلامة السيدجعفر سيدان دام ظله	علي ملكي ميانجي	Ghbook	11623	0.51955
		دروس في شرح البيقونية - سعد الحميد	سعد بن عبد الله بن عبد العزيز آل حميد	Sham19Y	95663	0.51953
		التعليق على الدرة المضيئة في السيرة النبوية للمقدسي	أبو هاشم صالح بن عواد بن صالح المغامسي	ShamelaY19	37731	0.51952
		المعجم الوسيط	مجمع اللغة العربية بالقاهرة	ShamAY	7028	0.51951
		الكليات الفقهية للمقري	الإمام أبو عبد الله محمد المقري ت 759 هـ	ShamAY	37498	0.51948
		الحقيقه كماهي	جعفر هادي	Ghbook	10646	0.51948
		اللباب في الفقه الشافعي	أحمد بن محمد بن أحمد بن القاسم الضبي، أبو الحسن ابن المحاملي الشافعي (المتوفى: 415ه)	Sham19Y	8534	0.51947
		بيان الوهم والإيهام في كتاب الأحكام	علي بن محمد بن عبد الملك الكتامي الحميري الفاسي، أبو الحسن ابن القطان (المتوفى : 628هـ)	ShamAY	5923	0.51946
		آراء المستشرقين حول القرآن الكريم وتفسيره [ج ١]	د. عمر بن إبراهيم رضوان	Rafed	3087	0.51946
		شمس العلوم [ج ٨]	نشوان بن سعيد الحميري	Rafed	1411	0.51946
		بحوث في آيات الأحكام ، الخمس	محمد جواد فاضل لنكراني	Ghbook	15204	0.51944
		الرافد في علم الأصول	السيد منير السيد عدنان القطيفي	Rafed	35	0.5194
		الزواج بنية الطلاق من خلال أدلة الكتاب والسنة ومقاصد الشريعة الإسلامية	صالح بن عبد العزيز بن إبراهيم آل منصور (المتوفى: 1429ه)	ShamelaY19	36511	0.51937
		الخُلق الحسن في ضوء الكتاب والسنة	د. سعيد بن علي بن وهف القحطاني	ShamAY	1812	0.51933
		مسند الإمام أحمد بن حنبل	أبو عبد الله أحمد بن محمد بن حنبل بن هلال بن أسد الشيباني (المتوفى: 241ه)	Sham19Y	98139	0.51932
		تطهير الفواد من دنس الاعتقاد	محمد بخيت حنفي	Ghbook	7620	0.5193
		النضج و سمو النفس	آيت الله العظمي سيد محمد حسيني شيرازي	Ghbook	7855	0.51927
		معجم ما استعجم من أسماء البلاد والمواضع [ج ١]	أبي عبيد عبد الله بن عبد العزيز البكري الأندلسي	Rafed	2530	0.51924
		فاتح القسطنطينية السلطان محمد الفاتح	عَلي محمد محمد الصَّلاَّبي	ShamAY	300	0.51923
		تفسير القرآن العظيم [ج ١٠]	عبد الرحمن بن محمّد ابن إدريس الرازي ابن أبي حاتم	Rafed	1840	0.51923
		تنقيح مباني الأحكام - كتاب الديات	الميرزا جواد التبريزي	Masaha	5036	0.51921
		الموسوعة الفقهية - الدرر السنية	مجموعة من المؤلفين	Sham19Y	38056	0.51916
		العقيله زينب و الفواطم	حسين الشاكري	Ghbook	5931	0.51916
		الرقية الشرعية دراسة تحليلية	رميتة عبد الحميد	ShamAY	34887	0.51913
		الوجيز من عقيدة السلف الصالح		ShamAY	35507	0.51913
		 الحاوي في الطب 	 محمد بن زكريا الرازي 	ABLibrary	9818	0.5191
		 موسوعة طب الأئمة ( ع ) 	 باسم الأنصاري 	ABLibrary	9999	0.5191
		شرح شافية ابن الحاجب [ج ٣]	الشيخ رضي الدين محمّد بن الحسن الاستراباذي النحوي	Rafed	1853	0.51909
		مفهوم البدو الأعراب من السنة والكتاب		ShamAY	36990	0.51908
		فتن هذا الزمان وكيفية مقاومتها	ابن جبرين	ShamAY	35085	0.51905
		القطرات و الذرات	آيت الله العظمي سيد محمد حسيني شيرازي	Ghbook	7777	0.51904
		الفتاوي الميسره	آيت الله العظمي سيد علي حسيني سيستاني	Ghbook	9597	0.51903
		غيث القلوب ذكر الله تعالى	أزهري أحمد محمود	ShamelaY19	37543	0.51901
		الطبّ محراب للإيمان [ج ١]	الدكتور خالص جلبي كنجو	Rafed	424	0.519
		الدولة العُثمانية - عَوَامل النهُوض وأسباب السُّقوط	عَلي محمد محمد الصَّلاَّبي	ShamAY	252	0.51899
		معرفة الصحابة عند المحدثين (دراسة توثيقية مقارنة)	أحمد بن عبد الله الباتلي	ShamAY	34033	0.51898
		التربية في عصور ما قبل الإسلام وبعده	عباس محجوب	ShamAY	10291	0.51893
		ختم جامع الترمذي	المحدث العلامة الشيخ عبد الله بن سالم البصري (1134 هـ)	ShamAY	33645	0.51893
		تعليقات الفصول في الأصول‏ - الجزء1	أحمد الشيرازي	Masaha	3259	0.5188
		الجمعة .. آداب وأحكام - دراسة فقهية مقارنة	سامي الساعدي	ShamAY	36551	0.51879
		انتشار الإسلام الفتوحات الإسلامية زمن الراشدين	جميل عبد الله محمد المصري	ShamAY	9013	0.51878
		الدولة العثمانية عوامل النهوض وأسباب السقوط	علي محمد محمد الصلابي :: علي محمد الصلابي	ShamAY	37123	0.51877
		متن موطأة الفصيح نظم فصيح ثعلب	مالك بن عبد الرحمن بن فرج ابن أزرق بن منين بن سالم بن فرج، أبو الحكم، ابن المرحل (المتوفى: 699ه)	ShamelaY19	37482	0.51873
		 مسند الإمام الجواد ( ع ) 	 الشيخ عزيز الله عطاردي 	ABLibrary	7740	0.51873
		تذكير البشر بأحكام السفر	عبد الله آل جار الله	ShamAY	36209	0.51872
		العروه الوثقي في الدين	عباس بن حسن بن جعفر نجفي ( آل كاشف الغطاء )	Ghbook	11664	0.51869
		ديوان أبي الأسود الدؤلي	أبو سعيد السكري	ShamelaY19	148539	0.51866
		المسائل الست الكرام المتعلقة بجمع أحاديث الإحرام والبيت الحرام وتفضيل البلد الحرام على المدينة المنورة على ساكنها الصلاة والسلام	مرعي بن يوسف المقدسي الحنبلي (1132هـ)	ShamAY	34295	0.51862
		بحوث في شرح العروة الوثقى - الجزء1	السيد محمد باقر الصدر	Masaha	5021	0.51862
		تحريم كتابة القرآن الكريم بحروف غير عربية أعجمية أو لاتينية	أبو سهل صالح علي العَوْد	ShamAY	620	0.51859
		أريد أن أتحدث إلى الإخوان	علي أبو الحسن بن عبد الحي بن فخر الدين الندوي (المتوفى: 1420هـ)	ShamAY	1387	0.51858
		فوائد الأصول [ج ٤]	الشيخ محمّد علي الكاظمي الخراساني	Rafed	585	0.51857
		جواهر الاصول: تقريرات بحث محمد باقر الصدر	محمد باقر صدر	Ghbook	12018	0.51857
		الكلم النوابغ (مطبوع مع النعم السوابغ في شرح الكلم النوابغ لسعد الدين التفتازاني)	أبو القاسم محمود بن عمرو بن أحمد، الزمخشري جار الله (المتوفى: 538ه)	ShamelaY19	21500	0.51855
		تحسين القبيح وتقبيح الحسن	عبد الملك بن محمد بن إسماعيل أبو منصور الثعالبي (المتوفى: 429هـ)	ShamAY	6040	0.51853
		الإبداع في بيان كمال الشرع وخطر الابتداع	محمد بن صالح بن محمد العثيمين (المتوفى: 1421هـ)	ShamAY	21797	0.51852
		تعليم الصلاة	عبد الله بن أحمد بن علي الزيد	ShamelaY19	31221	0.51852
		بحار الأنوار [ج ٦٨]	الشيخ محمّد باقر بن محمّد تقي المجلسي	Rafed	1078	0.51849
		التهذيب في اختصار المدونة	خلف بن أبي القاسم محمد، الأزدي القيرواني، أبو سعيد ابن البراذعي المالكي (المتوفى: 372هـ)	ShamAY	8487	0.51846
		انطلق بنا	عبد الملك بن محمد القاسم	ShamelaY19	95683	0.51846
		أصول الفقه [ج ١١]	آية الله الشيخ حسين الحلّي	Rafed	990	0.51845
		الحجاب للمنفلوطي	مصطفى لطفي بن محمد لطفي بن محمد حسن لطفي المنفلوطي (المتوفى: 1343ه)	ShamelaY19	22274	0.51844
		شرح كتاب الفرق بين عبادات أهل الإسلام والإيمان وعبادات أهل الشرك والنفاق لابن تيمية - محمد حسن عبد الغفار	محمد حسن عبد الغفار	Sham19Y	37699	0.51843
		من المساجد و المزارات في الحرمين الشريفين	آيت الله العظمي سيد محمد حسيني شيرازي	Ghbook	8022	0.51843
		نور الإيمان وظلمات النفاق في ضوء الكتاب والسنة	د. سعيد بن علي بن وهف القحطاني	ShamelaY19	96536	0.51841
		جزء في مسح الوجه بعد الدعاء	بكر بن عبد الله أبو زيد	ShamAY	34323	0.5184
		تخريج أحاديث إحياء علوم الدين	الزبيدي، مرتضى	ShamelaY19	38171	0.51838
		 القلائد الجوهرية في تاريخ الصالحية 	 محمد بن طولون الصالحي 	ABLibrary	9159	0.51835
		منتقى الأصول [ج ٢]	السيد عبد الصاحب الحكيم	Rafed	800	0.51834
		الخُلاصَةُ في أحكام الجُمُعَة	الواحدي :: علي بن نايف الشحود	ShamAY	36071	0.51828
		معجم آيات القرآن (فهرس تفصيلي مرتب على حروف الهجاء)	الدكتور حسين نصار	Sham19Y	1065	0.51825
		الدراية في بيان ضوابط نقد الرواية عند الصحابة	أبو ذر عبد القادر بن مصطفى بن عبد الرزاق المحمدي	ShamAY	31816	0.51821
		العقود المضافة إلى مثلها	عبد الله بن عمر بن حسين بن طاهر	ShamAY	32428	0.5182
		الذكر الثمين	محمد بن صالح بن محمد العثيمين (المتوفى: 1421ه)	ShamelaY19	21800	0.51817
		تذكرة الفقهاء [ج ٧]	الحسن بن يوسف بن علي المطّهر [ العلامة الحلّي ]	Rafed	369	0.51815
		إقامة الدليل على علو رتبة إرواء الغليل والرد على مستدرك التعليل	أبو عبد الله أحمد بن إبراهيم بن أبي العينين	ShamelaY19	96930	0.51814
		ما روي في سهو النبي ( صلي الله عليه و آله ) و نومه عن الصلاه	علي كوراني	Ghbook	7696	0.51814
		منهج الإمام تاج الدين السبكي في أصول الفقه	أحمد إبراهيم حسن الحسنات	ShamelaY19	35356	0.5181
		تهذيب اللغة [ج ١]	محمّد بن أحمد الأزهري	Rafed	1937	0.5181
		مناسك الحج وأحكام العمرة	الشيخ جعفر السبحاني	Masaha	5101	0.51809
		الخشوع في الصلاة - الصباغ	أبو لطفي، محمد بن لطفي، بن عبد اللطيف، بن عمر الصباغ	ShamelaY19	36359	0.51807
		دلالة الاقتران ووجه الاحتجاج بها عند الأصوليين	أبو عاصم الشحات شعبان محمود عبد القادر البركاتي المصري	ShamAY	1750	0.51806
		الكوكب الزهري نظم مختصر الأخضري	أبو عبد الله محمد عبد القادر بن محمد بن المختار بن أحمد العالم القبلوي الجزائري المالكي الشهير بالشيخ باي بلعالم (المتوفى: 1430هـ)	ShamAY	1634	0.51804
		الإستراتيجية الشاملة لمناصرة الرسول صلى الله عليه وسلم	عَلي محمد محمد الصَّلاَّبي	ShamAY	234	0.51804
		قصائد الاستنهاض بالإمام الحجة عجل الله تعالي فرجه الشريف في الشعر العراقي للحقبة	حسن هادي مجيد العوادي	Ghbook	15674	0.51804
		رسالة في الاحاديث المقلوبة في مناقب الصحابة	السيّد علي الحسيني الميلاني	Rafed	221	0.51803
		الاستفاده من عاشوراء	آيت الله العظمي سيد محمد حسيني شيرازي	Ghbook	8056	0.51801
		محمد بن عبد الوهاب وأئمة الدعوة النجدية وموقفهم من آل البيت عليهم السلام		ShamAY	35584	0.518
		أَرْكَانُ الإِسْلامِ وَدَعَائِمُهُ عِنْدَ الرَّافِضَةِ الإِمَامِيَّةِ	أحمد شحاتة السكندري	ShamAY	35664	0.51799
		أولئك الأخيار	عبد الملك بن محمد القاسم	ShamelaY19	36557	0.51795
		الخُلاصَةُ في خَصَائِصِ الجُمُعَةِ	الواحدي :: علي بن نايف الشحود	ShamAY	36084	0.51793
		 بيان الفقه في شرح العروة الوثقى ( الاجتهاد والتقليد ) 	 السيد صادق الحسيني الشيرازي 	ABLibrary	9663	0.51791
		حديث الولايه	آيت الله علي حسيني ميلاني	Ghbook	7631	0.5179
		المجازر والتعصبات الطائفية في عهد الشيخ المفيد	الشيخ فارس الحسون	Masaha	398	0.5179
		من ادعية الحبيب المصطفي (صلي الله عليه و آله وسلم ) 	علي كوراني	Ghbook	15143	0.51788
		نظرة في كتاب الوشيعة لموسى جار الله	العلامة الأميني	Rafed	3499	0.51784
		التوحيد وأثره في حياة المسلم	حمد بن إبراهيم الحريقي	Sham19Y	17053	0.51783
		نهايه المقال في تكمله غايه الامال	ملا عبد اللّٰه بن محمد حسن مامقاني	Ghbook	11250	0.51783
		مهارات التواصل مع الأولاد - كي تكسب ولدك؟	د. خالد بن سعود بن عبد العزيز الحليبي	ShamAY	2016	0.51782
		أدب المفتي والمستفتي	عثمان بن عبد الرحمن، أبو عمرو، تقي الدين المعروف بابن الصلاح (المتوفى: 643هـ)	ShamAY	10720	0.51782
		النجوم الزاهره في ملوك مصر والقاهره	جمال الدين ابوالمحاسن يوسف بن تغري بردي اتابكي	Ghbook	9047	0.51782
		التوحيد وأثره في حياة المسلم	حمد بن إبراهيم الحريقي	ShamAY	32280	0.51778
		تاريخ الطبري = تاريخ الرسل والملوك، وصلة تاريخ الطبري	محمد بن جرير بن يزيد بن كثير بن غالب الآملي، أبو جعفر الطبري (المتوفى: 310هـ)	ShamAY	9783	0.51777
		 موسوعة الإمام أمير المؤمنين على بن أبى طالب ( ع ) 	 الشيخ باقر شريف القرشي 	ABLibrary	7809	0.51776
		الافتراق مفهومه أسبابه سبل الوقاية منه	ناصر بن عبد الكريم العقل	ShamAY	38895	0.51775
		الأمصار ذوات الآثار	شمس الدين محمّد بن أحمد بن عثمان الذّهبي	Rafed	2180	0.51774
		المثلثات اللغوية للمهلبي = شرح نظم مثلث قطرب	سديد الدين أبي القاسم عبد الوهاب بن الحسن بن بركات المهلبي	ShamAY	37030	0.51768
		شذرات الذهب في أخبار من ذهب - ابن العماد	ابن العِماد الحنبلي	ShamAY	34625	0.51768
		شرح كتاب الفرق بين عبادات أهل الإسلام والإيمان وعبادات أهل الشرك والنفاق لابن تيمية - محمد حسن عبد الغفار	محمد حسن عبد الغفار	ShamAY	730	0.51766
		مسند الإمام أحمد بن حنبل	أبو عبد الله أحمد بن محمد بن حنبل بن هلال بن أسد الشيباني (المتوفى: 241هـ)	ShamAY	31623	0.51762
		مدارك الأحكام [ج ٢]	السيد محمّد بن علي الموسوي العاملي	Rafed	592	0.51762
		جواهر الدرر في نظم مبادئ أصول ابن باديس الأبر	محمد بن محفوظ بن المختار فال الشنقيطي	ShamAY	1573	0.5176
		تحفة الأحوذي بشرح جامع الترمذي	أبو العلا محمد عبد الرحمن بن عبد الرحيم المباركفورى (المتوفى: 1353هـ)	ShamAY	1163	0.5176
		دعبل الخزاعي وشعره في الغدير	الشيخ عبد الحسين الأميني النجفي	Masaha	252	0.51758
		فكرة كمنويلث إسلامي	مالك بن الحاج عمر بن الخضر بن نبي (المتوفى: 1393هـ)	ShamAY	1108	0.51755
		القاعدة الذهبية في المعاملات الإسلامية لا ضرر ولا ضرار	زين الدين عبد الرحمن بن أحمد بن رجب بن الحسن، السَلامي، البغدادي، ثم الدمشقي، الحنبلي (المتوفى: 795هـ)	ShamAY	10910	0.51754
		 شمس العلوم ودواء كلام العرب من الكلوم 	 نشوان بن سعيد الحميري 	ABLibrary	9794	0.51754
		 المطالب العالية من العلم الإلهي 	 فخر الدين الرازي 	ABLibrary	8610	0.51753
		لماذا أهل البيت وليس غيرهم؟!	حسين المدرسي	Masaha	391	0.5175
		الفصول العشره في الغيبه	ابن صباغ علي بن محمد	Ghbook	6067	0.51749
		الاعتصام بالله سبيل النجاة	أنور بن أهل الله	ShamelaY19	37584	0.51748
		الإشارة في معرفة الأصول والوجازة في معنى الدليل	أبو الوليد سليمان بن خلف الباجي الأندلسي (المتوفى: سنة 474 ه)	ShamelaY19	20983	0.51747
		ثاره الترغيب و التشويق الي مساجد الثلاثه و البيت العتيق	رسول جعفريان	Ghbook	10426	0.51747
		ليحج خمسون مليونا كل عام !	آيت الله العظمي سيد محمد حسيني شيرازي	Ghbook	7805	0.51746
		الضرورة الشعرية ومفهومها لدى النحويين دراسة على ألفية بن مالك	إبراهيم بن صالح الحندود	ShamAY	10424	0.51745
		الأزمة العقيدية بين الأشاعرة و أهل الحديث - خلال القرنين:5-6 الهجريين-		ShamAY	35462	0.51743
		تاريخ الغزو الفكري والتعريب خلال مرحلة ما بين الحربين العالميتين 1920/ 1940	أحمد أنور سيد أحمد الجندي (المتوفى: 1422 ه)	ShamelaY19	148530	0.51742
		 ذخيرة العقبى في شرح العروة الوثقى 	 الشيخ علي الصافي الگلبايگاني 	ABLibrary	9519	0.5174
		الإمام الحسن العسكري عليه السلام سيرة وتاريخ	علي موسى الكعبي	Rafed	263	0.5174
		فتاوى عاجلة لمنسوبي الصحة	عبد العزيز بن عبد الله بن باز (المتوفى: 1420ه)	ShamelaY19	31225	0.51739
		أثر القراءات القرآنية في الصناعة المعجمية تاج العروس نموذجا	الدكتور عبد الرازق بن حمودة القادوسي	ShamAY	444	0.51728
		صلاة التوبة والأحكام المتعلقة بها في الفقه الإسلامي	عبد الله بن عبد العزيز بن حمادة الجبرين	ShamAY	4144	0.51727
		تحفة الأحوذي بشرح جامع الترمذي	أبو العلا محمد عبد الرحمن بن عبد الرحيم المباركفورى (المتوفى: 1353ه)	ShamelaY19	21662	0.51726
		الامان من اخطار الاسفار و الازمان	سيد رضي الدين علي بن موسي بن طاووس ابن طاووس	Ghbook	2385	0.51723
		الغاية القصوي في التعليق علي العروة - الاجتهاد و التقليد	آيت الله العظمي سيد تقي طباطبايي قمي	Ghbook	9543	0.51714
		عدم سهو النبي صلي الله عليه و آله	محمد بن  محمد بن نعمان شيخ مفيد	Ghbook	2580	0.51714
		تاريخ النجف الأشرف - الجزء1	عبد الزراق حرز الدين	Masaha	3386	0.51713
		المطالب العالية من العلم الإلهي [ج ٥]	محمّد بن عمر بن الحسن بن الحسين التيمي البكري [ فخر الدين الرازي ]	Rafed	3634	0.51712
		الصحابي و عدالته	السيد مرتضى العسكري	Masaha	326	0.51712
		إنكار التكبير الجماعي وغيره	حمود بن عبد الله بن حمود بن عبد الرحمن التويجري (المتوفى: 1413هـ)	ShamAY	32263	0.51711
		 سلسلة المسائل الفقهية 	 الشيخ السبحاني 	ABLibrary	9580	0.51711
		الانتظار الموجه: دراسه في علاقه الانتظار بالحركه و في علاقتها به 	محمد مهدي آصفي	Ghbook	6593	0.5171
		معاجم مفردات القرآن (موازنات ومقترحات)	أ. د. أحمد حسن فرحات	ShamAY	12072	0.51706
		المفردة القرآنية .. المراحل التي تمرُّ بها حال تفسيرها		ShamAY	36909	0.51706
		الأحاديث الضعيفة والموضوعة التي حكم عليها الحافظ ابن كثير في تفسيره	أبو عبد الرحمن محمود بن محمد الملاح	ShamAY	32009	0.51705
		من أعلام السلف	أحمد فريد	ShamAY	631	0.51699
		الذّريعة إلى تصانيف الشّيعة [ج ٥]	الشيخ آقا بزرك الطهراني	Rafed	444	0.51699
		 المطالب العالية من العلم الإلهي 	 فخر الدين الرازي 	ABLibrary	8607	0.51697
		 بحار الأنوار 	 العلامة المجلسي 	ABLibrary	761	0.51697
		المعجم الموسوعي لألفاظ القرآن الكريم وقراءاته	د أحمد مختار عبد الحميد عمر	ShamAY	8560	0.51696
		عمر الامام المهدي ( عليه السلام )	علي سبزواري	Ghbook	4572	0.51692
		الإباضية في ميزان أهل السنة	عبد الله بن مسعود السني	ShamelaY19	96264	0.5169
		زاد المسير - المكتب الإسلامي	عبد الرحمن بن علي بن محمد الجوزي	ShamAY	34060	0.51689
		منهج ابن الأثير الجزري في مصنفه «النهاية في غريب الحديث والأثر»	أ. د. أحمد بن محمد الخراط، أبو بلال	ShamAY	12098	0.51688
		الصحيح من سيرة النبي الأعظم صلّى الله عليه وآله [ج ٢١]	السيد جعفر مرتضى العاملي	Rafed	2523	0.51688
		تفسير سورة القارعة	عبد الكريم الخضير	ShamAY	33104	0.51686
		تعليقه علي كفايه الاصول (السيد محسن الخرازي)	محسن خرازي	Ghbook	15489	0.51685
		أخيراً أشرقت الروح	لمياء حمادة	Masaha	46	0.51685
		الحدائق في المطالب العالية الفلسفية العويصة	أبو محمد عبد الله بن محمد بن السيد البطليوسي (المتوفى: 521هـ)	ShamAY	6461	0.51683
		الفوائد المصطفاة بمذاهب العلماء في حكم تارك الصلاة	محمد مصطفى الشنقيطي	ShamAY	36623	0.51682
		الشيخ الجليل عمر المختار - رحمه الله - نشأته، وأعماله، واستشهاده	الدكتور عَلي مَحَّمد محمد الصَّلاَّبي	ShamAY	246	0.51681
		المفَصَّلُ في أحاديث الملاحِم	الواحدي :: علي بن نايف الشحود	ShamAY	36095	0.51681
		مناظرة بين الإسلام والنصرانية	مثل الجانب الإسلامي في المناظرة كل من الشيخ الدكتور محمد جميل غازي والأستاذ إبراهيم خليل أحمد واللواء المهندس أحمد عبد الوهاب	ShamelaY19	22397	0.51679
		مستدرك الوسائل [ج ١٧]	الشيخ حسين النوري الطبرسي [ المحدّث النوري ]	Rafed	1227	0.51677
		سند الاصول بحوث في اصول القانون و مباني الدلاله	محمد السند	Ghbook	15223	0.51676
		مكارم الاخلاق	رضي الدين أبي نصر الحسن بن الفضل الطبرسي	Rafed	166	0.51675
		شرح على رسالة أصول التفسير للسيوطي	عبد الكريم الخضير	ShamAY	36813	0.51674
		الاعتقاد لابن أبي يعلى	ابن أبي يعلى	ShamelaY19	22852	0.51673
		تاريخ معالم المدينة المنورة قديماً وحديثاً	أحمد ياسين الخياري	ShamAY	38411	0.51672
		تاريخ الخلفاء	عبد الرحمن بن أبي بكر، جلال الدين السيوطي (المتوفى: 911هـ)	ShamAY	11997	0.5167
		جمع الفوائد من جامع الأصول ومجمع الزوائد	محمد بن محمد بن سليمان بن الفاسي بن طاهر السوسي الردواني المغربي المالكي (المتوفى: 1094ه)	ShamelaY19	36446	0.51669
		 إيصال الطالب إلى المكاسب 	 السيد محمد الحسيني الشيرازي 	ABLibrary	9484	0.51669
		المدينة بين الماضي والحاضر	إبراهيم العياشي	ShamAY	38447	0.51668
		مناسك الحج و بهامشها أجوبة المسائل الشرعية علي فروع المناسك	آيت الله شيخ محمد اسحاق فياض	Ghbook	15343	0.51666
		تلخيص المرام في معرفة الأحكام	العلامة الحلي	Masaha	759	0.51666
		مصادقة الإخوان‏	الشيخ الصدوق	Masaha	4673	0.51663
		تصديق القرآن للكتب السماوية وهيمنته عليها	إبراهيم عبد الحميد سلامة	ShamAY	10066	0.51661
		آثار تعليم القرآن الكريم على الفرد -د. خالد باجحزر	خالد باجحزر	ShamAY	36759	0.5166
		الإسراء والمعراج - ت القاضي	الواحدي :: السيوطي	ShamAY	37386	0.5166
		معجم البلدان [ج ٢]	شهاب الدين أبي عبدالله ياقوت بن عبدالله الحموي الرومي البغدادي	Rafed	2620	0.51654
		خطبة الحاجة التي كان رسول الله صلى الله عليه وسلم يعلمها أصحابه	الواحدي :: ناصر الدين الألباني	ShamAY	34135	0.51653
		منهاج الصالحين	محمد سعيد طباطبائي حكيم	Ghbook	9631	0.5165
		مشكلة الثقافة	مالك بن الحاج عمر بن الخضر بن نبي (المتوفى: 1393هـ)	ShamAY	1061	0.51648
		 شرح الاربعين 	 القاضي سعيد القمي 	ABLibrary	8852	0.51646
		زوجات النبي		ShamAY	34593	0.51645
		الحركة الوهابية (رد على مقال لمحمد البهى في نقد الوهابية)	محمد بن خليل حسن هرّاس (المتوفى: 1395هـ)	ShamAY	7608	0.51644
		 بحار الأنوار 	 العلامة المجلسي 	ABLibrary	773	0.5164
		مجمع الفائدة والبرهان في شرح إرشاد الأذهان [ج ٧]	الشيخ أحمد بن محمّد الأردبيلي [ المقدّس الأردبيلي ]	Rafed	1904	0.5164
		القلائد الجوهريّة في تاريخ الصالحيّة	أبي عبد الله شمس الدين محمّد بن علي بن طولون الدمشقي الصالحي [ ابن طولون ]	Rafed	2313	0.51638
		دور علي و تلاميذه في الفتوحات	علي كوراني	Ghbook	7647	0.51637
		ملامح المنهج التربوي عند أهل البيت عليهم السلام	السيد شهاب الدين الحسيني العذاري	Rafed	196	0.51635
		دعاء الندبه و توثيقه من الكتاب و السنه	موسسه پيام امام هادي عليه السلام	Ghbook	14797	0.51633
		رجال خاقاني	علي خاقاني	Ghbook	7068	0.51632
		الْإِجَابَةُ لِإِيْرَادِ مَا اسْتَدْرَكَتْهُ عَائِشَةُ عَلَى الصَّحَابَةِ	أبو عبد الله بدر الدين محمد بن عبد الله بن بهادر الزركشي الشافعي (المتوفى: 794هـ)	ShamAY	12703	0.51631
		 أمراض العين وعلاجاتها 	 أبو علي سينا 	ABLibrary	9856	0.5163
		نهاية المرام في علم الكلام [ج ١]	الحسن بن يوسف بن علي المطّهر [ العلامة الحلّي ]	Rafed	3369	0.5163
		الغيبة	الشيخ محمد رضا الجعفري	Rafed	16	0.51628
		لماذا الاختلاف في الوضوء و من هووراآ الكواليس؟	علي شهرستاني	Ghbook	10939	0.51628
		أحكام الجنائز	عبد الله آل جار الله	ShamAY	36207	0.51626
		اللغة العربية التحديات والمواجهة	سالم مبارك الفلق	ShamAY	37194	0.51626
		تهذيب الأحكام [ج ٣]	أبي جعفر محمّد بن الحسن بن علي بن الحسن الطّوسي [ شيخ الطائفة ]	Rafed	734	0.51624
		دور الخطاب الديني في تغيير البنيه الفكريه بين الاصلاح والافساد	نبيل قدوري الحسني	Ghbook	12309	0.51623
		أوراق حلم	ماري رشو	ShamAY	34526	0.51619
		موسوعة حديث الثقلين [ج ١]	مركز الأبحاث العقائديّة	Rafed	1417	0.51619
		الدر النثير والعذب النمير «في شرح مشكلات وحل مقفلات اشتمل عليها كتاب التيسير لأبي عمرو عثمان بن سعيد الداني (المتوفى 444 هـ)»	عبد الواحد بن محمد بن علي ابن أبي السداد الأموي المالقي (المتوفى: 705 هـ)	ShamAY	32449	0.51618
		الوسائل المفيدة للحياة السعيدة	أبو عبد الله، عبد الرحمن بن ناصر بن عبد الله بن ناصر بن حمد آل سعدي (المتوفى: 1376هـ)	ShamAY	9089	0.51617
		غريب القرآن للسجستاني	السجستاني، ابن عزير	ShamelaY19	22910	0.51614
		منهج الرواية وميزان الدراية في الحديث الشريف لمعرفة الصحيح والحسن والضعيف	أ . توفيق عمر سيّدي	ShamAY	37329	0.51613
		المفصل في أحاديث الفتن	الواحدي :: علي بن نايف الشحود	ShamAY	36094	0.51609
		مستدرك الوسائل [ج ٦]	الشيخ حسين النوري الطبرسي [ المحدّث النوري ]	Rafed	1146	0.51608
		كتاب الغيبه في الامام الثاني عشر القائم الحجه (سلام الله عليه)	محمد باقربن محمدنقي شفتي بيدآبادي	Ghbook	13085	0.51606
		النصيحة بالتحذير من تخريب «ابن عبد المنان» لكتب الأئمة الرجيحة وتضعيفه لمئات الأحاديث الصحيحة	محمد ناصر الدين الألباني	ShamelaY19	150846	0.51605
		أحاديث ومرويات في الميزان 2 - حديث الفينة	محمد عمرو بن عبد اللطيف بن محمد بن عبد القادر بن رضوان بن سليمان بن مفتاح بن شاهين الشنقيطي (المتوفى: 1429هـ)	ShamAY	12713	0.516
		 الأمصار ذوات الآثار 	 الذهبي 	ABLibrary	8938	0.51599
		من ثمار الدعوة	عبد الملك بن محمد القاسم	ShamelaY19	95672	0.51598
		تتمة الأعلام للزركلي [وفيات (1396 - 1415 ه) = (1976 - 1995 م)	محمد خير رمضان يوسف	ShamelaY19	133395	0.51597
		الزام النواصب بامامة علي بن ابي طالب عليه السلام	الشيخ مفلح بن الحسين (الحسن) بن راشد (رشيد) ابن صلاح البحراني	Rafed	111	0.51592
		صفات المعلم الرسالي المنشود	علي بن نايف الشحود	ShamAY	34846	0.51591
		حكم زواج المسلم بالكتابية	عبد الله قادري الأهدل	ShamAY	33218	0.5159
		منتهى الدّراية في توضيح الكفاية [ج ٤]	السيّد محمّد جعفر الجزائري المروّج	Rafed	2044	0.51589
		منهج ودراسات لآيات الأسماء والصفات (ضمن «المحاضرات» المطبوعة ب «بآثار الشنقيطي»)	محمد الأمين بن محمد المختار الجكني الشنقيطي (1325 - 1393)	ShamelaY19	20772	0.51588
		تفضيل الكلاب لابن المرزبان - دار التضامن	أبو بكر محمد بن خلف	ShamAY	33790	0.51585
		كتاب الكنّاش في فنّي النّحو والصّرف [ج ٢]	عماد الدين أبي الفداء إسماعيل بن الأفضل علي الأيّوبي [ صاحب الحماة ]	Rafed	2727	0.51583
		 رسالة النصر في ذكر وقت صلاة العصر 	 أحمد زيني دحلان 	ABLibrary	898	0.51581
		بلوغ الأمل في فن الزجل	ابن حجة الحموي، تقي الدين أبو بكر بن علي بن عبد الله الحموي الأزراري (المتوفى: 837هـ)	ShamAY	567	0.5158
		تاريخ بغداد أو مدينة السّلام [ج ٢٣]	مصطفى عبد القادر عطا	Rafed	2984	0.51579
		الرسالة العلوية في فضل أمير المؤمنين(ع) على سائر البرية	الشيخ القاضي أبي الفتح محمد بن علي الكراجكي	Masaha	2027	0.51579
		 الصناعة الصغيرة 	 جالينوس ( مترجم : حنين بن اسحاق ) 	ABLibrary	9802	0.51576
		آرشيو دروس خارج فقه آيت الله شيخ محمداسحاق فياض 34	آيت الله شيخ محمد اسحاق فياض	Ghbook	14502	0.51576
		أسباب النزول في ضوء روايات أهل البيت	السيد مجيب الرفيعي	Masaha	141	0.51575
		منائح الكرم في أخبار مكة والبيت وولاة الحرم [ج ٥]	علي بن تاج الدين بن تقي الدين السنجاري	Rafed	2699	0.51573
		النصيحة بالتحذير من تخريب «ابن عبد المنان» لكتب الأئمة الرجيحة وتضعيفه لمئات الأحاديث الصحيحة	محمد ناصر الدين الألباني	Sham19Y	150846	0.51571
		الحيره في عصر الغيبه الصغري	ياسين موسوي	Ghbook	12280	0.5157
		الجملة التفسيرية في القرآن الكريم .. دراسة نحوية دلالية		ShamAY	36915	0.51569
		 المواقف ( شرح الجرجاني ) ( مع حاشيتي السيالكوتي والحلبي ) 	 الإيجي 	ABLibrary	8470	0.51567
		الصحيح من سيرة النبي الأعظم صلّى الله عليه وآله [ج ١٤]	السيد جعفر مرتضى العاملي	Rafed	2504	0.51567
		أعياد الكفار وحكم المشاركة فيها	إبراهيم الحقيل	ShamAY	36542	0.51565
		تاريخ المدينة	محمد بن أحمد النهرواني	Masaha	4776	0.51565
		نور الإخلاص وظلمات إرادة الدنيا بعمل الآخرة في ضوء الكتاب والسنة	د. سعيد بن علي بن وهف القحطاني	ShamelaY19	96534	0.51562
		الرد على من قال بإختلاف الأهلة و احتج بحديث كريب	الشريف أبي محمد الحسن بن علي الكتاني الأثري	ShamAY	36384	0.51561
		وصية الإمام الأعظم ابي حنيفة	أبو حنيفة النعمان	ShamAY	35261	0.51559
		الحلقة (1) الحديث الصحيح لذاته	أ. توفيق عمر سيّدي	ShamAY	37342	0.51558
		رسالتان في الصلاة	عبد العزيز بن عبد الله بن باز (المتوفى: 1420ه)	ShamelaY19	31261	0.51558
		الوجل والتوثق بالعمل لابن أبي الدنيا - ط أطلس الخضراء = مقابل	أبو بكر عبد الله بن محمد ابن أبي الدنيا	ShamAY	38158	0.51556
		فتيا في حكم القيام والانحناء والألقاب	شيخ الإسلام أحمد ابن تيمية	ShamAY	34354	0.51554
		إقَامَةُ الدَّليل عَلى عُلو رتبَة إرْوَاءِ الغَليل وَالرَّد عَلى مُستَدَرك التعليل	أبو عبد الله أحمد بن إبراهيم بن أبي العينين	ShamAY	2045	0.51553
		الورع لأحمد - العلمية	أحمد بن محمد بن حنبل الشيباني أبو عبدالله	ShamAY	33617	0.51552
		ديوان الطرماح	الطرماح بن حكيم بن الحكم بن نفر بن قيس الطائي	ShamAY	37894	0.51552
		الجهاد بين عقيدة المسلمين وشبه المستشرقين	عوض عبد الهادي العطا	ShamAY	10333	0.51551
		من قتل الحسين رضي الله عنه ؟	عبد الله بن عبد العزيز	ShamAY	35690	0.5155
		رحلة ابن بطوطة [ج ١]	شمس الدين أبي عبد الله محمد بن عبد الله اللواتي الطنجي	Rafed	2357	0.5155
		الحكم بقطع يد السارق في الشريعة الإسلامية	أحمد عبيد الكبيسي	ShamAY	10347	0.51546
		نفحات الأزهار في خلاصة عبقات الأنوار [ج ١٥]	السيّد علي الحسيني الميلاني	Rafed	465	0.51546
		الموازنة بين «الفائق» للزمخشري (ت 538 ه) و «النهاية» لابن الأثير (ت 606 ه)	إبراهيم بن عبد الله المديهش	ShamelaY19	145425	0.51545
		 تاريخ معرة النعمان 	 محمد سليم الجندي 	ABLibrary	9004	0.51542
		القبلية في ميزان الشرع وحقيقة تكافؤ النسب في الزواج.	أبو فيصل البدراني	ShamAY	1715	0.51541
		مغازي الواقدي	محمد بن عمر بن واقد السهمي الأسلمي بالولاء، المدني، أبو عبد الله، الواقدي (المتوفى: 207هـ)	ShamAY	23680	0.51539
		خطبة الجمعة وأحكامها الفقهية	عبد العزيز بن محمد بن عبد الله الحجيلان	ShamelaY19	31259	0.51539
		أحكام النساء	السيد صادق الحسيني الشيرازي	Masaha	4885	0.51538
		شرح أصول اعتقاد أهل السنة للالكائي - محمد حسن عبد الغفار	محمد حسن عبد الغفار	ShamelaY19	37435	0.51537
		تقنين الشريعة أضراره ومفاسده	عبد الله البسام	ShamAY	36442	0.51534
		موائد الحيس في فوائد القيس	سليمان بن عبد القوي بن الكريم الطوفي الصرصري، أبو الربيع، نجم الدين (المتوفى: 716 ه)	ShamelaY19	148534	0.51533
		 أقوم المسالك في معرفة أحوال الممالك 	 خير الدين التونسي 	ABLibrary	8935	0.51532
		اختصاص الشيعة في التمسك بالقرآن الكريم	الشيخ حسين غلامي الهرساوي	Masaha	48	0.51531
		أوجز الخطاب في بيان موقف الشيعة من الأصحاب		ShamAY	35660	0.51529
		موضح القوانين‏	مصطفى الاعتمادي	Masaha	4618	0.51529
		جواهر الفقه - العقائد الجعفرية	القاضي ابن البراج	Masaha	1052	0.51523
		شرح أصول اعتقاد أهل السنة للالكائي - محمد حسن عبد الغفار	محمد حسن عبد الغفار	ShamAY	645	0.51521
		وجوب العمل بسنة الرسول صلى الله عليه وسلم وكفر من أنكرها	عبد العزيز بن عبد الله بن باز (المتوفى: 1420ه)	ShamelaY19	30889	0.51519
		 رحلة الإيطالي كاسبارو بالبي 	 كاسبارو بالبي 	ABLibrary	9089	0.51519
		تاج العروس [ج ١٥]	محبّ الدين أبي فيض السيد محمّد مرتضى الحسيني الواسطي الزبيدي الحنفي	Rafed	1524	0.51519
		إعانة المحتار بين النقاب والخمار	أحمد رجب آل حسان	ShamAY	36316	0.51516
		الظاهرة العاطفية الانسانية في سيرة الرسول صلي الله عليه و آله	محمد علي تسخيري	Ghbook	10516	0.51516
		جمال القراء وكمال الإقراء ت عبد الحق	علي بن محمد بن عبد الصمد الهمداني المصري الشافعي، أبو الحسن، علم الدين السخاوي (المتوفى: 643هـ)	ShamAY	1052	0.51515
		غيث القلوب ذكر الله تعالى	أزهري أحمد محمود	Sham19Y	37543	0.51515
		سيرتنا وسنتنا	الشيخ عبد الحسين الأميني النجفي	Masaha	305	0.51514
		البلوغ، حقيقته، علامته وأحكامه - الجزء1	الشيخ جعفر السبحاني	Masaha	4948	0.5151
		تاريخ الطبري - ط العلمية	محمد بن جرير الطبري أبو جعفر	ShamAY	33812	0.51509
		التخريج ودراسة الأسانيد (د. الخشوعي)	الخشوعي محمد الخشوعي	ShamAY	37257	0.51507
		العلمانية وثمارها الخبيثة	محمد بن شاكر الشريف	ShamAY	33299	0.51502
		ألفية أم المؤمنين عائشة المسماة «الروضة الأنيقة في نصرة العفيفة الصديقة»	أبو مالك يحيى بن عطية بن يحيى الصامولي الأزهري	ShamAY	2017	0.515
		المنمق في أخبار قريش	محمد بن حبيب بن أمية بن عمرو الهاشمي، بالولاء، أبو جعفر البغدادي (المتوفى: 245هـ)	ShamAY	12212	0.515
		سبل السلام من صحيح سيرة خير الأنام عليه الصلاة والسلام	صالح بن طه عبد الواحد	ShamelaY19	97933	0.51499
		إلقاء الضوء القرآني على كتابة الدكتور علوي حول النبهاني	عبد القادر بن حبيب الله السندي	ShamAY	8856	0.51498
		من فتاوى شيخ الإسلام ابن تيمية - ت الجار الله	ابن تيمية	ShamAY	34389	0.51497
		آثار الظلم في الدنيا و الاخره	آيت الله العظمي سيد محمد حسيني شيرازي	Ghbook	2302	0.51497
		 العوالم ، الإمام علي بن الحسين ( ع ) 	 الشيخ عبد الله البحراني 	ABLibrary	7615	0.51495
		اختيار معرفه الرجال	محمد بن حسن شيخ طوسي ( شيخ الطائفه )	Ghbook	7172	0.51494
		شرح الصيام من دليل الطالب	أنيس المصعبي	ShamAY	36352	0.51491
		المراه في حياه الامام الحسين عليه السلام	علي الفتلاوي	Ghbook	12325	0.5149
		 الكوثر في أحوال فاطمة بنت النبي الأعظم ( ع ) 	 السيد محمد باقر الموسوي 	ABLibrary	7690	0.51488
		الإمام على عليه السلام في آراء الخلفاء	الشيخ مهدي فقيه إيماني	Rafed	1753	0.51488
		تنبيه الأنام على مسألة القيام	العلاَّمة المحدِّث محمد ناصر الدين الألباني (1332-1420هـ) رحمه الله تعالى	ShamAY	33151	0.51487
		فتوحات الوهاب بتوضيح شرح منهج الطلاب المعروف بحاشية الجمل (منهج الطلاب اختصره زكريا الأنصاري من منهاج الطالبين للنووي ثم شرحه في شرح منهج الطلاب)	سليمان بن عمر بن منصور العجيلي الأزهري، المعروف بالجمل (المتوفى: 1204هـ)	ShamAY	21598	0.51486
		أَطْوَاقُ الحمَامَة في حَمل الصَّحابةِ عَلى السَّلامة	أبو إدريس يحيى بن حمزة بن علي بن إبراهيم، الزيدي الحسيني العلويّ الطالبي الملقب بالمؤيد باللَّه (المتوفى: 745هـ)	ShamAY	1057	0.51486
		من وسائل الدعوة	د. محمد بن عبد العزيز الثويني	ShamAY	1995	0.51485
		كتاب الخمس	آيت الله العظمي حسينعلي منتظري	Ghbook	9800	0.51483
		أحاديث حياة البرزخ في الكتب التسعة .. جمعاً وتخريجاً ودراسة	محمد بن حيدر بن مهدي بن حسن	ShamAY	35024	0.51481
		المحكم في أصول الفقه [ج ٥]	السيّد محمّد سعيد الطباطبائي الحكيم	Rafed	2988	0.51478
		الإهتمام بالسيرة النبوية باللغة الروسية	إلمير بن روفائيل كولييف	ShamAY	7560	0.51477
		في الفضاء الإعلامي	فهد الحزمي	ShamAY	33485	0.51474
		التدرج في دعوة النبي	إبراهيم بن عبد الله المطلق	ShamelaY19	30918	0.51469
		السبحة تاريخها وحكمها	بكر بن عبد الله أبو زيد بن محمد بن عبد الله بن بكر بن عثمان بن يحيى بن غيهب بن محمد (المتوفى: 1429هـ)	ShamAY	1993	0.51468
		الأيوبيون بعد صلاح الدين	عَلي محمد محمد الصَّلاَّبي	ShamAY	253	0.51467
		الصحابه	آيت الله علي حسيني ميلاني	Ghbook	4544	0.51467
		رسالة في الوصايا	الشيخ مرتضى الأنصاري	Masaha	1602	0.51466
		خمسون سؤالاً وجواباً في العقيدة	محمد بن عبد الوهاب	ShamAY	35530	0.51465
		مخالفات تقع فيها بعض النساء	محمد حسن عبد الغفار	ShamAY	716	0.51461
		زواج ام كلثوم ( الزواج اللغز ) : قراءه في نصوص زواج عمر من ام كلثوم بنت علي عليه...	علي شهرستاني	Ghbook	16156	0.51461
		الإيضاح في القراءات	أحمد الأندرابي	ShamAY	36795	0.51458
		وسائل الشيعة [ج ٨]	محمد بن الحسن الحرّ العاملي [ العلامة الشيخ حرّ العاملي ]	Rafed	297	0.51457
		الأعداد والنسب في القرآن		ShamAY	36863	0.51456
		الصحيح من سيرة النبي الأعظم صلّى الله عليه وآله [ج ٣٢]	السيد جعفر مرتضى العاملي	Rafed	2647	0.51451
		رسالة ضمن «مجموع في السياسة»	الحسين بن علي بن الحسين، أبو القاسم الوزير المغربي (المتوفى: 418هـ)	ShamAY	7229	0.5145
		الغريبين في القرآن والحديث	أبو عبيد أحمد بن محمد الهروي (المتوفى 401 ه)	Sham19Y	16782	0.51449
		 في رحاب أهل البيت ( ع ) 	 لجنة بحوث المجمع العالمي لأهل البيت ( ع ) 	ABLibrary	8554	0.51446
		المجالس السنيه في مناقب و مصائب العتره النبويه ( الامام العسكري عليه السلام )	محسن امين عاملي	Ghbook	6225	0.51446
		 أحكام النساء 	 الشيخ ناصر مكارم الشيرازي 	ABLibrary	9675	0.51444
		المطالب العالية من العلم الإلهي [ج ٢]	محمّد بن عمر بن الحسن بن الحسين التيمي البكري [ فخر الدين الرازي ]	Rafed	3631	0.51441
		الانسان و المحبه الاجتماعيه	آيت الله العظمي سيد محمد حسيني شيرازي	Ghbook	7998	0.51441
		الاستيعاب في بيان الأسباب «أول موسوعة علمية حديثية محققة في أسباب نزول آي القرآن الكريم»	سليم بن عيد الهلالي (و) محمد بن موسى آل نصر	Sham19Y	14582	0.5144
		 سلسلة المسائل الفقهية 	 الشيخ السبحاني 	ABLibrary	9573	0.51439
		شرح العقيدة الواسطية لشيخ الإسلام ابن تيمية في ضوء الكتاب والسُّنَّة	د. سعيد بن علي بن وهف القحطاني	ShamAY	1847	0.51434
		الوسائل المفيدة للحياة السعيدة	أبو عبد الله، عبد الرحمن بن ناصر بن عبد الله بن ناصر بن حمد آل سعدي (المتوفى: 1376ه)	Sham19Y	9089	0.51433
		حجية خبر الآحاد في العقائد والأحكام - فرحانة بنت علي شويتة	فرحانة بنت علي شويتة	ShamAY	11154	0.51432
		همع الهوامع [ج ٢]	جلال الدين عبد الرحمن بن أبي بكر السيوطي	Rafed	2159	0.5143
		بحار الأنوار [ج ٣٦]	الشيخ محمّد باقر بن محمّد تقي المجلسي	Rafed	956	0.5143
		البيان المغرب في أخبار الأندلس والمغرب	ابن عذاري المراكشي، أبو عبد الله محمد بن محمد (المتوفى: نحو 695هـ)	ShamAY	11782	0.51427
		المقنعه	محمد بن  محمد بن نعمان شيخ مفيد	Ghbook	2469	0.51426
		أصول الدين الإسلامي مع قواعده الأربع	محمد بن عبد الوهاب بن سليمان التميمي النجدي (المتوفى: 1206هـ)	ShamAY	350	0.51425
		الزبدة الفقهيّة [ج ٥]	السيّد محمّد حسن ترحيني العاملي	Rafed	2483	0.51425
		تاريخ عمان المقتبس من كتاب كشف الغمة الجامع لأخبار الأمة	سرحان بن سعيد الأزكوي	Masaha	4139	0.51424
		القس عبد المسيح بسيط أبو الخير		ShamAY	35343	0.51423
		بحار الأنوار [ج ٤٦]	الشيخ محمّد باقر بن محمّد تقي المجلسي	Rafed	979	0.51423
		إيضاح تردّدات الشرائع [ج ٢]	نجم الدين جعفر بن الزهدري الحلي	Rafed	1324	0.51422
		شعر الفرسان في العصر الجاهلي الوظائف والدلالات	رحيق صالح فنجان الصالح	ShamAY	34558	0.51417
		 أبصار العين في أنصار الحسين ( ع ) 	 الشيخ محمد السماوي 	ABLibrary	96	0.51417
		مستدرك الكافي	علي عبد الزهرة الفحام	Ghbook	15731	0.51416
		السّلطان المفرّج عن أهل الإيمان	السيد بهاء الدين علي بن عبد الكريم النيلي النجفي	Rafed	750	0.51415
		حاشية المختصر النافع	الشهيد الثاني	Masaha	1157	0.51415
		 منهاج الصالحين ( ط . ج ) 	 السيد محمد صادق الروحاني 	ABLibrary	9733	0.51412
		فتاوى الشيخ عبدالعزيز الراجحي	الواحدي :: عبد العزيز الراجحي	ShamAY	37662	0.51406
		الاعتقاد لابن أبي يعلى	أبو الحسين ابن أبي يعلى ، محمد بن محمد (المتوفى : 526هـ)	ShamAY	22852	0.51404
		علي الاكبر سليل الحسين ( عليهما السلام )	آيت الله العظمي سيد محمد تقي مدرسي	Ghbook	5971	0.51404
		الصحيح من سيرة النبي الأعظم صلّى الله عليه وآله [ج ١٩]	السيد جعفر مرتضى العاملي	Rafed	2514	0.514
		مقالتان في الغدير	آيت الله علي حسيني ميلاني	Ghbook	13964	0.514
		العروة الوثقى - الجزء1	السيد محمد كاظم اليزدي	Masaha	681	0.51399
		الجديد في شرح كتاب التوحيد	محمد بن عبد العزيز السليمان القرعاوي	ShamAY	9947	0.51398
		آداب العمرة وأحكامها - حطيبة	الشيخ الطبيب أحمد حطيبة	ShamAY	364	0.51398
		ملكيه الدوله	محمد السند	Ghbook	8406	0.51396
		الحسين ريحانة النبي (ص)	الشيخ كمال معاش	Rafed	1532	0.51391
		متن موطأة الفصيح نظم فصيح ثعلب	مالك بن عبد الرحمن بن فرج ابن أزرق بن منين بن سالم بن فرج، أَبُو الحَكَم، ابن المُرَحَّل (المتوفى: 699هـ)	ShamAY	687	0.51388
		مرويات السيرة النبوية بين قواعد المحدثين وروايات الأخباريين	أكرم بن ضياء العمري	ShamAY	11392	0.5138
		الاشتقاق	أبو بكر محمد بن الحسن بن دريد الأزدي (المتوفى: 321هـ)	ShamAY	9211	0.51379
		المهدي (عجل الله تعالي فرجه الشريف) في السنه	آيت الله العظمي حسيني	Ghbook	6636	0.51377
		 رحلة ابن بطوطة ( تحفة النظار في غرائب الأمصار وعجائب الأسفار ) 	 ابن بطوطة 	ABLibrary	9073	0.51375
		بحر الفوائد المسمى بمعاني الأخبار للكلاباذي	أبو بكر محمد بن أبي إسحاق بن إبراهيم بن يعقوب الكلاباذي البخاري الحنفي (المتوفى: 380هـ)	ShamAY	13084	0.51374
		جمال القراء وكمال الإقراء ت عبد الحق	علي بن محمد بن عبد الصمد الهمداني المصري الشافعي، أبو الحسن، علم الدين السخاوي (المتوفى: 643ه)	Sham19Y	37653	0.51372
		السلطان المفرج عن أهل الإيمان فيمن رأى صاحب الزمان(عج)	علي بن علي بن محمد الفقعاني	Masaha	2040	0.51369
		معجم ما استعجم من اسماء البلاد والمواضع	أبو عبيد عبد الله بن عبد العزيز بن محمد البكري الأندلسي (المتوفى: 487هـ)	ShamAY	11802	0.51366
		تدارك بقية العمر في تدبير سورة النصر	سليمان بن إبراهيم بن عبد الله اللاحم	ShamAY	10055	0.51364
		ألفية أم المؤمنين عائشة المسماة «الروضة الأنيقة في نصرة العفيفة الصديقة»	أبو مالك يحيى بن عطية بن يحيى الصامولي الأزهري	Sham19Y	96856	0.51364
		 مبادي الطب ( شرح الموجز ) 	 ابن النفيس 	ABLibrary	9991	0.51364
		حديث الغدير و شبهه شكوي جيش اليمن	محمد حسيني قزويني	Ghbook	11221	0.51364
		عبرات تسكب على التوحيد	ممدوح الحربي	ShamAY	35553	0.51361
		 تاريخ أطباء العيون العرب 	 نشأت الحمارنة 	ABLibrary	9997	0.51361
		العقل يري هذه القوانين	آيت الله العظمي سيد محمد حسيني شيرازي	Ghbook	9433	0.51361
		الافطار في السفر	آيت الله العظمي جعفر سبحاني	Ghbook	5030	0.5136
		كشف النقاب عن مؤلفات الأصحاب	سليمان بن عبد الرحمن بن حمدان (1322 - 1397 ه)	ShamelaY19	147066	0.51359
		فتح رب البرية في شرح نظم الآجرومية (نظم الآجرومية لمحمد بن أب القلاوي الشنقيطي)	أحمد بن عمر الحازمي	ShamelaY19	36087	0.51358
		إيضاح طرق الإستقامة في بيان أحكام الولاية والإمامة (مطبوع ضمن مجموع رسائل ابن عبد الهادي)	يوسف بن حسن بن أحمد بن حسن ابن عبد الهادي الصالحي، جمال الدين، ابن المِبْرَد الحنبلي (المتوفى: 909 هـ)	ShamAY	32314	0.51354
		خاتمة مستدرك الوسائل [ج ٤]	الشيخ حسين النوري الطبرسي [ المحدّث النوري ]	Rafed	1467	0.51353
		الرد على سير الأوزاعي	أبو يوسف يعقوب بن إبراهيم بن حبيب بن سعد بن حبتة الأنصاري (المتوفى: 182هـ)	ShamAY	7225	0.51349
		شرح حكم نهج البلاغة	الشيخ عباس القمي	Masaha	2341	0.51347
		رساله في تاثير الزمان و المكان علي استنباط الاحكام	آيت الله العظمي جعفر سبحاني	Ghbook	9786	0.51346
		دعاء القنوت	الواحدي :: بكر أبو زيد	ShamAY	36372	0.51345
		المفيد في مجالس شهر رمضان من كلام الإمام ابن باز	بندر المطيري	ShamAY	35192	0.51345
		إكرام الموتى	عبد الرحمن الأحمد	ShamAY	36319	0.51344
		الغدير في رحاب الكتاب والسنه	مجيد معارف	Ghbook	11351	0.51343
		التعليقات الحسان على صحيح ابن حبان وتمييز سقيمه من صحيحه، وشاذه من محفوظه	ناصر الدين الألباني	ShamAY	118	0.5134
		حجية خبر الآحاد في العقائد والأحكام - محمد جميل مبارك	محمد بن جميل مبارك	ShamAY	11155	0.51338
		شرح ألفيّة ابن مالك	عمر بن مظفّر بن الوردي	Rafed	1983	0.51335
		الانوار الباهره بفضائل اهل البيت النبوي و الذريه الطاهره	عبدالله بن عبدالقادر تليدي مغربي	Ghbook	9180	0.51333
		البحث المسفر عن تحريم كل مسكر ومفتر	محمد بن علي بن محمد بن عبد الله الشوكاني اليمني (المتوفى: 1250هـ)	ShamAY	7566	0.51331
		بهجه الخاطر و نزهه الناظر في الفروق اللغويه والاصطلاحيه	يحيي بن حسين بحراني	Ghbook	13982	0.51331
		الغاية القصوي في التعليق علي العروة الوثقي - كتاب الصوم	آيت الله العظمي ميرزا جواد تبريزي	Ghbook	9541	0.51329
		البرهان السديد في الاجتهاد والتقليد: رشحات دروسنا خارج الفقه	آيت الله العظمي محمد باقر موحدي نجفي	Ghbook	13861	0.51326
		رساله ابن فضلان = رحلة ابن فضلان الى بلاد الترك والروس والصقالبة	أحمد بن فضلان بن العباس بن راشد ابن حماد (المتوفى: بعد 310هـ)	ShamAY	11772	0.51324
		كتاب الحدود في مباحث الزنا و اللواط و السحق و القياده	آيت الله العظمي حسينعلي منتظري	Ghbook	9801	0.51322
		الخشوع في الصلاة في ضوء الكتاب والسنة - مفهوم، وفروق، وفضائل، وعلم، وعمل، وفوائد، وأسباب، وآداب، وأحكام	د. سعيد بن علي بن وهف القحطاني	ShamAY	1810	0.51321
		لمحات تاريخية من حياة ابن تيمية	صالح بن سعيد بن هلابي	ShamelaY19	23079	0.5132
		العقد الثّمين في تاريخ البلد الأمين [ج ٢]	تقي الدين محمّد بن أحمد الحسني الفاسي المكّي	Rafed	2212	0.51316
		إيضاح طرق الإستقامة في بيان أحكام الولاية والإمامة (مطبوع ضمن مجموع رسائل ابن عبد الهادي)	يوسف بن حسن بن أحمد بن حسن ابن عبد الهادي الصالحي، جمال الدين، ابن المبرد الحنبلي (المتوفى: 909 ه)	Sham19Y	17533	0.51314
		البيان المفيد في شرح الحلقة الثالثة - الجزء1	الشيخ أياد المنصوري	Masaha	3328	0.51314
		عقد الجمان في تاريخ أهل الزمان - الجزء1	محمد محمد أمين	Masaha	4056	0.51312
		المظاهرات السِّلميَّة من أوجب الواجبات الشرعية - لماذا؟ ... وكيف؟ ((دراسة فقهية تأصيلية مبنية على الأدلة الصحيحة من الكتاب العظيم والسُّنَّة النبوية الشريفة))	أبو شجاع الأزهري	ShamAY	1045	0.51311
		سنة الجمعة	تقي الدين أبو العباس أحمد بن عبد الحليم بن عبد السلام بن عبد الله بن أبي القاسم بن محمد ابن تيمية الحراني الحنبلي الدمشقي (المتوفى: 728هـ)	ShamAY	11240	0.5131
		إجابة السؤال في زكاة الأموال	محمد بن عبد العزيز السديس	ShamAY	12136	0.51306
		القواعد الفقهية وتطبيقاتها في المذاهب الأربعة	د. محمد مصطفى الزحيلي.	ShamelaY19	21786	0.51298
		دراسات موجزة في الخيارات والشروط	الشيخ جعفر السبحاني	Rafed	96	0.51292
		بحار الأنوار [ج ٥٤]	الشيخ محمّد باقر بن محمّد تقي المجلسي	Rafed	1039	0.51292
		دراسات فقهية في مسائل خلافية	نجم الدين طبسي	Ghbook	9550	0.51292
		التقية عند الشيعة الإمامية	مجيد الخليفة	ShamAY	37785	0.5129
		 دعائم الإسلام 	 القاضي النعمان المغربي 	ABLibrary	827	0.51289
		همع الهوامع [ج ٣]	جلال الدين عبد الرحمن بن أبي بكر السيوطي	Rafed	2160	0.51289
		شرح التّسهيل المسمّى تمهيد القواعد بشرح تسهيل الفوائد [ج ٥]	محمّد بن يوسف بن أحمد [ ناظر الجيش ]	Rafed	1887	0.51289
		المهدي المنتظر من ولد الامام الحسن ام الامام الحسين؟ صلوات الله عليهم جميعا	مهدي حمد الفتلاوي	Masaha	3389	0.51288
		دررالنحو: تجريد شرح قطر الندي لابن هشام الانصاري	علي كوراني	Ghbook	15118	0.51287
		 الدرر الغوالي في فروع العلم الإجمالي 	 تقرير بحث السيد الخوئي لرضا التبريزي 	ABLibrary	990	0.51286
		جامع التحصيل في أحكام المراسيل	صلاح الدين أبو سعيد خليل بن كيكلدي بن عبد الله الدمشقي العلائي (المتوفى: 761هـ)	ShamAY	25864	0.51285
		الرجال لابن الغضائري	احمد بن حسين بن غضائري	Ghbook	12942	0.51285
		الاستيعاب في بيان الأسباب «أول موسوعة علمية حديثية محققة في أسباب نزول آي القرآن الكريم»	سليم بن عيد الهلالي (و) محمد بن موسى آل نصر	ShamAY	32141	0.51284
		تحفه الكرام في تاريخ مكه و بيت الله الحرام	محمد مهدي بحرالعلوم	Ghbook	10653	0.51284
		آراء الإمام أبي الحسن الأشعري في رسالته إلى أهل الثغر	موسى بن محمد هجاد :: موسى هجاد	ShamAY	35712	0.51283
		أصول الفقه [ج ٢]	آية الله الشيخ حسين الحلّي	Rafed	950	0.51283
		 تاريخ الخميس في أحوال أنفس النفيس 	 الشيخ حسين بن الحسن الريار بكري 	ABLibrary	7447	0.5128
		دروس في علم الأصول(خلاصة الحلقة الثانية) - الجزء1	محمد حسين‏ الأشكناني	Masaha	3803	0.51277
		فقه الإسلام «شرح بلوغ المرام من جمع أدلة الأحكام»	عبد القادر شيبة الحمد	ShamelaY19	143640	0.51276
		 السيرة النبوية وأخبار الخلفاء 	 أبي حاتم التميمي البستي 	ABLibrary	7581	0.51271
		هل بشر الكتاب المقدس بمحمد صلى الله عليه وسلم؟	منقذ بن محمود السقار	ShamelaY19	38191	0.51266
		السير الصغير ت خدوري	أبو عبد الله محمد بن الحسن بن فرقد الشيباني (المتوفى: 189ه)	Sham19Y	7231	0.51266
		 لبنان في عهد الأمراء الشهابين 	 حيدر أحمد الشهابي 	ABLibrary	9172	0.51266
		قادة الغرب يقولون «دمروا الإسلام أبيدوا أهله».	جلال العالم = عبد الودود يوسف الدمشقي (المتوفى: 1403ه)	ShamelaY19	37595	0.51257
		دروس تمهيديّة في الفقه الإستدلالي [ج ٢]	الشيخ محمّد باقر الإيرواني	Rafed	652	0.51256
		إرشاد العقول إلى مباحث الأصول [ج ٤]	الشيخ جعفر السبحاني	Rafed	454	0.51255
		الرسالة الأولى في الغيبة	محمّد بن محمّد النعمان العكبري [ الشيخ المفيد ]	Rafed	3210	0.51254
		أحكام الإحداد في الإسلام	الواحدي :: خالد المصلح	ShamAY	36455	0.51253
		نهج البيان عن كشف معاني القرآن [ج ٥]	محمّد بن الحسن الشيباني	Rafed	1641	0.51253
		كتاب الإجهاض	الدكتور محمد محروس آل علاقه	ShamAY	36374	0.51251
		اسئله و اجوبه شرعيه	آيت الله العظمي سيد محمد حسيني شيرازي	Ghbook	2317	0.5125
		حديث سد الابواب الا باب علي عليه السلام	الشيخ ماجد بن احمد العطيه	Ghbook	12317	0.5125
		عيون المسائل للقاضي عبد الوهاب المالكي	أبو محمد عبد الوهاب بن علي بن نصر الثعلبي البغدادي المالكي (المتوفى: 422هـ)	ShamAY	32157	0.51248
		الرسالة الوافية لمذهب أهل السنة في الاعتقادات وأصول الديانات	عثمان بن سعيد بن عثمان بن عمر أبو عمرو الداني (المتوفى: 444ه)	ShamelaY19	26713	0.51244
		حقوق دعت إليها الفطرة وقررتها الشريعة	الواحدي :: ابن عثيمين	ShamAY	34994	0.51243
		ينابيع المودة لذو القربى‏ - الجزء1	سليمان بن ابراهيم القندوزي	Masaha	3223	0.51243
		آثار الافتراق على الأمة الإسلامية	عثمان علي حسن	ShamAY	33521	0.51242
		جزء في زيارة النساء للقبور	بكر بن عبد الله أبو زيد	ShamAY	34322	0.51242
		كتاب إعراب ثلاثين سورة من القرآن الكريم	الحسين بن أحمد بن خالويه، أبو عبد الله (المتوفى: 370هـ)	ShamAY	31756	0.51241
		الاخوه الاسلاميه	آيت الله العظمي سيد محمد حسيني شيرازي	Ghbook	7891	0.5124
		البخاري وصحيحه	الشيخ حسين غلامي الهرساوي	Masaha	89	0.5124
		تقريظ للحافظ ابن حجر العسقلاني على الرد الوافر	محمد بن أحمد بن محمد بن خير الله، أبو الفضل، صفيّ الدين الحنفي الأثري الحسيني البخاري (المتوفى: 1200هـ)	ShamAY	6662	0.51235
		هداية الأصول في شرح كفاية الأصول [ج ٣]	حيدر علي المدرّسي البهسودي	Rafed	3647	0.51235
		الغريبين في القرآن والحديث	أبو عبيد أحمد بن محمد الهروي (المتوفى 401 هـ)	ShamAY	38828	0.51234
		 مسالك الأبصار في ممالك الأمصار 	 أحمد بن يحيى العمري 	ABLibrary	9191	0.51232
		معجم نواصب المحدثين	عبدالرحمن العقيلي	Ghbook	12323	0.51229
		دروس في علم الدراية (علم الحديث : پژوهشي در مصطلح الحديث يا علم الدرايه)	رضا مودب	Ghbook	15056	0.51228
		الصاحب والخليفة أبو بكر الصديق	راغب السرجاني	ShamelaY19	37379	0.51226
		إعراب القرآن الكريم وبيانه [ج ٨]	محيي الدين الدرويش	Rafed	2052	0.51224
		الإمام الحسن العسكري عليه السلام سيرة وتاريخ	علي موسى الكعبي	Masaha	1664	0.51224
		موجز مبسط عن النظام ا لمالي الذي جاء به محمد عليه الصلاة والسلام	م. عبد الله بن علي صغير	ShamAY	36280	0.51223
		ثلاث رسائل: 1- قاعده نفي الحرج 2- الفجر في الليالي المقمره 3 - عده المراه التي ا...	محمد فاضل لنكراني	Ghbook	9813	0.51222
		أنت وفلسطين	د. راغب السرجاني	ShamAY	37726	0.51221
		آية التطهير	السيّد علي الحسيني الميلاني	Rafed	146	0.5122
		الامام علي ( عليه السلام ) في آراء الخلفاء	مهدي فقيه ايماني	Ghbook	7122	0.51219
		انتشار الإسلام الفتوحات الإسلامية زمن الراشدين	جميل عبد الله محمد المصري	Sham19Y	9013	0.51218
		الشهادة بالولاية في الاذان	السيد علي الحسيني الميلاني	Masaha	321	0.51218
		رسالة في الدماء الطبيعية للنساء	محمد بن صالح بن محمد العثيمين (المتوفى: 1421ه)	ShamelaY19	31341	0.51217
		المحكم والمحيط الأعظم [ج ١]	أبي الحسن علي بن إسماعيل بن سيده المرسي [ ابن سيده ]	Rafed	1424	0.51217
		الجزء الأول من مشكل الصحيحين	عبد العزيز العصاري	ShamAY	35971	0.51214
		المدائح و المراثي للمعصومين الاربعه عشر ( عليهم السلام )	آيت الله العظمي سيد محمد حسيني شيرازي	Ghbook	7826	0.51214
		التَّنْبيهَاتُ المُسْتَنْبَطةُ على الكُتُبِ المُدَوَّنَةِ والمُخْتَلَطَةِ	عياض بن موسى بن عياض بن عمرون اليحصبي السبتي، أبو الفضل (المتوفى: 544هـ)	ShamAY	31967	0.51213
		رسالة ابن القيم إلى أحد إخوانه - ت المديفر ط عالم الفوائد	ابن القيم	ShamAY	38350	0.51212
		مستند الشّيعة [ج ٦]	أحمد بن محمّد مهدي النّراقي	Rafed	602	0.51207
		 الرسالة الهارونية 	 مسيح بن حكم الدمشقي 	ABLibrary	9806	0.51206
		تجاربي في المنبر	آيت الله العظمي سيد محمد حسيني شيرازي	Ghbook	7879	0.51206
		دروس في أصول الفقه(الحلقة الثالثة)	محمد حسين‏ الأشكناني	Masaha	3786	0.51204
		محنة الذات بين السلطة والقبيلة	محمد رضوان	ShamAY	34531	0.51203
		المسلم في عالم الإقتصاد	مالك بن الحاج عمر بن الخضر بن نبي (المتوفى: 1393ه)	ShamelaY19	37647	0.51202
		قيم تربوية مستنبطة من قصص سورة الكهف	حسني محمد العطار	ShamAY	37015	0.51198
		تاريخ اربل [ج ١]	شرف الدين  أبي البركات المبارك بن أحمد اللخمي الأربلي [ ابن المستوفي ]	Rafed	2314	0.51198
		حكم الصلاة في المحراب بين الجواز والارتياب	فرج البوسيفي	ShamAY	36337	0.51196
		تهذيب اللغه	ابي منصور محمدبن احمد الازهري	Ghbook	16225	0.51196
		دروس الاستذكار في معاني بعض الأذكار	أبو أحمد ريام	ShamAY	34920	0.51194
		 التعليقة على العروة الوثقى ( المنتظري ) 	 السيد اليزدي 	ABLibrary	9403	0.51193
		 الجواهر الفخرية في شرح الروضة البهية 	 قدرت الله وجداني فخر 	ABLibrary	9461	0.51193
		خاتمة مستدرك الوسائل [ج ٣]	الشيخ حسين النوري الطبرسي [ المحدّث النوري ]	Rafed	1465	0.51193
		الإرهاب والعنف والتطرف في الكتاب والسنة	رقية بنت محمد المحارب	ShamAY	33367	0.51191
		الصّحاح [ج ٣]	إسماعيل بن حمّاد الجوهري	Rafed	2875	0.51191
		فقه الإمامية، قسم الخيارات	الميرزا حبيب الله الرشتي	Masaha	1590	0.51189
		الفوائد الرجاليه	محمد باقر بن محمداكمل ( وحيد بهبهاني )	Ghbook	7065	0.51188
		نافذة على الفلسفة	صادق الساعدي	Rafed	1563	0.51187
		تخريج أحاديث إحياء علوم الدين	الزبيدي، مرتضى	ShamAY	1276	0.51185
		تسعون مليار نسمه	آيت الله العظمي سيد محمد حسيني شيرازي	Ghbook	8133	0.51185
		الأصول الشرعية عند حلول الشبهات	صالح بن عبد العزيز بن محمد بن إبراهيم آل الشيخ	Sham19Y	30898	0.51179
		المناشدة والاحتجاج بحديث الغدير	الشيخ عبد الحسين الأميني النجفي	Masaha	431	0.51178
		فتاوى في الطهارة الشرعية وموجباتها	الواحدي :: ابن جبرين	ShamAY	37646	0.51177
		تفريغ «الفتاوى الإماراتية» للشيخ الألباني	الواحدي :: ناصر الدين الألباني	ShamAY	33144	0.51174
		تنوير الحوالك شرح موطأ مالك	عبد الرحمن بن أبي بكر، جلال الدين السيوطي (المتوفى: 911هـ)	ShamAY	33522	0.51174
		شرح سنن أبي داود - الراجحي	عبد العزيز بن عبد الله بن عبد الرحمن الراجحي	ShamelaY19	37015	0.51174
		مساله المهدي المنتظر برويه حضاريه	محمد علي آذرشب	Ghbook	16367	0.51171
		الناهية عن طعن أمير المؤمنين معاوية	عبد العزيز بن أحمد بن الحامد القرشي الفريهاري الملتاني أبو عبد الرحمن (المتوفى: بعد 1239هـ)	ShamAY	526	0.51169
		تاريخ القرآن	ابراهيم ابياري	Ghbook	2897	0.51167
		فتاوى الطب والمرضى	مجموعة من المؤلفين	ShamelaY19	21760	0.51164
		موجز علم السيره النبويه	نبيل قدوري الحسني	Ghbook	12328	0.51163
		المحبة بين الجنيد والتستري	موسى بن هجاد الزهراني	ShamAY	35189	0.5116
		مختصر مناسك الحج	آيت الله شيخ محمد اسحاق فياض	Ghbook	15347	0.5116
		الرجعه	نجم الدين طبسي	Ghbook	6603	0.51157
		الشافية في علم التصريف (ومعها الوافية نظم الشافية للنيساري - المتوفى في القرن 12)	عثمان بن عمر بن أبي بكر بن يونس، أبو عمرو جمال الدين ابن الحاجب الكردي المالكي (المتوفى: 646هـ)	ShamAY	22391	0.51156
		دراسات فنيه في القرآن	محمود بستاني	Ghbook	13983	0.51154
		الخراج في  الفقه  الامامي	عبدالمطلب رضا هادي	Ghbook	14940	0.51154
		المعونة في الجدل	أبو اسحاق إبراهيم بن علي بن يوسف الشيرازي (المتوفى: 476هـ)	ShamAY	6320	0.51153
		الاطفال ومشاعر الخوف والقلق	د. علي القائمي	Masaha	668	0.51153
		إيجاز البيان عن معاني القرآن	محمود بن أبى الحسن بن الحسين النيسابوري أبو القاسم، نجم الدين (المتوفى: نحو 550ه)	ShamelaY19	23593	0.51152
		رسالة في الغناء	الحر العاملي	Masaha	1271	0.51152
		مواقف الصحابة - رضي الله عنهم - في الدعوة إلى الله تعالى	د. سعيد بن علي بن وهف القحطاني	ShamelaY19	96530	0.5115
		الوصائل إلى الرسائل [ج ١١]	آية الله السيد محمد الشيرازي	Rafed	3751	0.51149
		أهمية دراسة السيرة النبوية والعناية بها في حياة المسلمين	محمد بن محمد العواجي	ShamAY	10899	0.51143
		اضواء علي دوله الامام المهدي عليه السلام	ياسين موسوي	Ghbook	4527	0.51142
		الصاحب والخليفة أبو بكر الصديق	راغب السرجاني	ShamAY	635	0.51138
		الوصايا الجلية للاستفادة من الدروس العلمية	صالح بن عبد العزيز بن محمد بن إبراهيم آل الشيخ	Sham19Y	30924	0.51133
		الخلفاء الإثنا عشر	د. الشيخ جعفر الباقري	Masaha	249	0.51133
		وسطية الإسلام وسماحته - وهبة الزحيلي	د وهبة بن مصطفى الزحيلي	ShamAY	1281	0.51132
		تبيين القرآن	آيت الله العظمي سيد محمد حسيني شيرازي	Ghbook	5517	0.51131
		بر الوالدين وصلة الأرحام	الواحدي :: عبد الله آل جار الله	ShamAY	34960	0.5113
		محمود الطناحي عالم العربية وعاشق التراث	أحمد العلاونة	ShamAY	38593	0.51129
		عيد الغدير في الاسلام	الشيخ عبد الحسين الأميني النجفي	Masaha	357	0.51129
		الزاهر في معاني كلمات الناس	محمد بن القاسم بن محمد بن بشار، أبو بكر الأنباري (المتوفى: 328هـ)	ShamAY	5644	0.51127
		الدعوة إلى الله في ميادينها الثلاثة	حمد بن حامد آل عثمان الغامدي	ShamAY	33438	0.51126
		كتاب الحج	آيت الله العظمي سيد محمد رضا گلپايگاني	Ghbook	11309	0.51122
		 ديوان دعبل الخزاعي 	 دعبل الخزاعي 	ABLibrary	927	0.5112
		الطلاق الانفرادي .. تدابير الحد منه	أحمد بخيت الغزالي	ShamAY	36614	0.51117
		حكومه الاكثريه	آيت الله العظمي سيد محمد حسيني شيرازي	Ghbook	8150	0.51117
		رسالة رد الروافض	أحمد بن عبد الأحد بن زين العابدين، العمري الفاروقي نسبا، السِّرْهِنْدِي مولدا ووطنا، الحنفي مذهبا (المتوفى: 1034هـ)	ShamAY	578	0.51115
		الصفات الإلهية تعريفها، أقسامها	محمد بن خليفة بن علي التميمي	ShamAY	7660	0.51115
		مصابيح الظلام [ج ٦]	محمّد باقر الوحيد البهبهاني	Rafed	1700	0.51113
		البهجة التوفيقية في تاريخ مؤسس العائلة الخديوية	محمد فريد بك	ShamAY	33824	0.51112
		الحكايات في مخالفات المعتزلة من العدلية والفرق بينهم وبين الشيعة الإمامية	الشيخ المفيد	Masaha	4544	0.51111
		 مصباح الفقاهة ( ط أنصاريان ) 	 تقرير بحث السيد الخوئي للتبريزي 	ABLibrary	9438	0.5111
		مجموعة الأحكام الفقهية المختصرة في أحكام أهل الأعذار في أركان الإسلام وأحكام الحيض والاستحاضة وأحكام الأيمان والنذور	عبد السلام العضيب	ShamAY	36359	0.51109
		تعاليق مبسوطه علي مناسك الحج	محمد اسحاق فياض كابلي	Ghbook	3356	0.51109
		المجالس السنيه في مناقب و مصائب العتره النبويه ( الامام الباقر عليه السلام )	محسن امين عاملي	Ghbook	6280	0.51106
		حكم التمثيل	بكر بن عبد الله أبو زيد بن محمد بن عبد الله بن بكر بن عثمان بن يحيى بن غيهب بن محمد (المتوفى: 1429هـ)	ShamAY	9844	0.51105
		مقرر التوحيد .. كتاب تعليمي للناشئة و المبتدئين	عبد العزيز بن محمد آل عبد اللطيف	ShamAY	35572	0.51105
		 الدر المختار 	 الحصفكي 	ABLibrary	909	0.51104
		المسائل الفقهية من كتاب الروايتين والوجهين	القاضي أبو يعلى، محمد بن الحسين بن محمد بن خلف المعروف بـ ابن الفراء (المتوفى: 458هـ)	ShamAY	31761	0.51103
		علم التخريج ودوره في خدمة السنة النبوية - عبد الغفور البوشلي	عبد الغفور بن عبد الحق حسين بر البلوشي	Sham19Y	11296	0.51103
		التحاكم إلى العادات والأعراف القبلية .. حكمه وخطره	فرحان القحطاني	ShamAY	36064	0.511
		زيارة المراقد عند الشيعة	طه الدليمي	ShamAY	35681	0.51099
		الرسائل الثلاث	مرتضي المرتضوي الحسيني النگرودي	Ghbook	10363	0.51099
		الإجابة لإيراد ما استدركته عائشة على الصحابة ط الخانجي	أبو عبد الله بدر الدين محمد بن عبد الله بن بهادر الزركشي الشافعي (المتوفى: 794هـ)	ShamAY	8490	0.51095
		فاطمه الزهراء ( سلام الله عليها ) افضل اسوه للنساء	آيت الله العظمي سيد محمد حسيني شيرازي	Ghbook	7768	0.51095
		الزاهر في معاني كلمات الناس	محمد بن القاسم بن محمد بن بشار، أبو بكر الأنباري (المتوفى: 328ه)	Sham19Y	5644	0.51093
		بقايا حضاره الاسلام كما رايت	آيت الله العظمي سيد محمد حسيني شيرازي	Ghbook	8137	0.5109
		اسرار زياره كربلاء	آيت الله العظمي حسيني	Ghbook	7997	0.51088
		فقه الدعوة الإسلامية في الغرب ووجوب تجديدها على الحكمة والوسطية والاعتدال	أ. علي بن أحمد بن الأمين الريسوني	ShamAY	1203	0.51086
		مجمع الفائدة والبرهان في شرح إرشاد الأذهان [ج ١٣]	الشيخ أحمد بن محمّد الأردبيلي [ المقدّس الأردبيلي ]	Rafed	1911	0.51086
		الصحيح من سيرة النبي الأعظم صلّى الله عليه وآله [ج ٢٦]	السيد جعفر مرتضى العاملي	Rafed	2631	0.51086
		قواعد الأصول ومعاقد الفصول مختصر تحقيق الأمل في علمي الأصول والجدل	صفي الدين عبد المؤمن بن عبد الحق القطيعي البغدادي الحنبلي (ت: 739 ه)	ShamelaY19	147662	0.51085
		 معتصم الشيعة في أحكام الشريعة 	 الفيض الكاشاني 	ABLibrary	9339	0.51085
		تفصيل الشريعه في شرح تحرير الوسيله : الحدود	محمد فاضل لنكراني	Ghbook	9825	0.51084
		 تاريخ اليميني ( تاريخ العتبي ) 	 أبي النصر محمد بن عبد الجبار العتبي 	ABLibrary	8302	0.51081
		قبائح اليهود	أبو محمد عبد الحق الهاشمي	ShamAY	33311	0.51079
		اللباب «شرح فصول الآداب»	أبو محمد عبد الله بن مانع بن غلاب الغبيوي الروقي العتيبي	ShamAY	32123	0.51079
		فقه الإسلام «شرح بلوغ المرام من جمع أدلة الأحكام»	عبد القادر شيبة الحمد	Sham19Y	143640	0.51077
		 سلسلة المسائل الفقهية 	 الشيخ السبحاني 	ABLibrary	9576	0.51077
		تنزيه القرآن عن المطاعن	عبدالجبار بن احمد همداني	Ghbook	4831	0.51074
		الأدلة الشرعية في إثبات صرع الشيطان للإنسان والرد على المنكرين	صالح الرقب	ShamAY	36505	0.51072
		كتاب الفروع ومعه تصحيح الفروع لعلاء الدين علي بن سليمان المرداوي	محمد بن مفلح بن محمد بن مفرج، أبو عبد الله، شمس الدين المقدسي الرامينى ثم الصالحي الحنبلي (المتوفى: 763هـ)	ShamAY	12052	0.51072
		شرح البيقونية - أسامة سليمان	أسامة علي محمد سليمان	ShamAY	599	0.51071
		بحر الفوائد المسمى بمعاني الأخبار للكلاباذي	أبو بكر محمد بن أبي إسحاق بن إبراهيم بن يعقوب الكلاباذي البخاري الحنفي (المتوفى: 380ه)	Sham19Y	13084	0.51071
		بحار الأنوار [ج ٩٩]	الشيخ محمّد باقر بن محمّد تقي المجلسي	Rafed	1405	0.51068
		تاج العروس [ج ١٦]	محبّ الدين أبي فيض السيد محمّد مرتضى الحسيني الواسطي الزبيدي الحنفي	Rafed	1525	0.51065
		 إثنا عشر رسالة 	 السيد محمد باقر الداماد ( الميرداماد ) 	ABLibrary	837	0.51064
		قرارات المجمع الفقهي الإسلامي للرابطة ـ مكة	مجموعة من المؤلفين	ShamAY	36603	0.51063
		الخشوع في الصلاة - الصباغ	أبو لطفي، محمَّد بن لطفي، بن عبد اللطيف، بن عمر الصبَّاغ	ShamAY	241	0.51063
		زاد المستقنع (مكتبة النهضة)	موسى بن أحمد بن موسى بن سالم بن عيسى بن سالم الحجاوي المقدسي، ثم الصالحي، شرف الدين، أبو النجا (المتوفى: 968هـ)	ShamAY	34267	0.51063
		موسوعة تاريخ العراق بين احتلالين [ج ٣]	عباس العزاوي المحامي	Rafed	1921	0.51063
		الرقة والبكاء لابن قدامة	أبو محمد موفق الدين عبد الله بن أحمد بن محمد بن قدامة الجماعيلي المقدسي ثم الدمشقي الحنبلي، الشهير بابن قدامة المقدسي (المتوفى: 620هـ)	ShamAY	9384	0.51062
		بحوث فقهيه هامه (الحج)	آيت الله العظمي ناصرمكارم شيرازي	Ghbook	2943	0.51062
		الخلفاء الإثنا عشر	الدكتور الشيخ جعفر الباقري [ سامي صبيح علي ]	Rafed	1322	0.51061
		ثلاثه مليارات من الكتب	آيت الله العظمي سيد محمد حسيني شيرازي	Ghbook	8140	0.5106
		السجود علي الارض علي ضوءالكتاب والسنه	آيت الله العظمي جعفر سبحاني	Ghbook	5046	0.51059
		مجموعة نفيسة في تاريخ الأئمة عليهم السلام‏	جمع من العلماء	Masaha	4676	0.51055
		السراج المنير شرح الجامع الصغير في حديث البشير النذير	الشيخ علي بن الشيخ أحمد بن الشيخ نور الدين بن محمد بن الشيخ إبراهيم الشهير بالعزيزي	Sham19Y	18272	0.51052
		مفاتيح الجنان و تعليقات جديدة	عباس قمي	Ghbook	13721	0.51052
		أضواء وآراء [ج ٢]	السيّد محمود الهاشمي الشاهرودي	Rafed	780	0.51051
		ضوابط تعبير الرؤيا	الواحدي :: عبد الله الطيار	ShamAY	34937	0.5105
		مختصر الفقه الإسلامي في ضوء القرآن والسنة	محمد بن إبراهيم بن عبد الله التويجري	ShamAY	573	0.51049
		تاج العروس [ج ٣]	محبّ الدين أبي فيض السيد محمّد مرتضى الحسيني الواسطي الزبيدي الحنفي	Rafed	1489	0.51049
		فارس الإسلام أبو سليمان خالد بن الوليد	محمد مال الله	ShamAY	35835	0.51048
		مصادقه الاخوان	محمد بن علي بن بابويه شيخ صدوق	Ghbook	11908	0.51047
		الاستنساخ بين التقنية والتشريع	السيد علي السبزواري	Masaha	5020	0.51044
		القول المسدد في الذب عن المسند للإمام أحمد	أبو الفضل أحمد بن علي بن محمد بن أحمد بن حجر العسقلاني (المتوفى: 852ه)	Sham19Y	6035	0.51042
		امامه بقيه الائمه عليهم السلام	آيت الله علي حسيني ميلاني	Ghbook	4605	0.51038
		المبهج في تفسير أسماء شعراء ديوان الحماسة	أبو الفتح عثمان بن جني الموصلي (المتوفى: 392هـ)	ShamAY	9244	0.51034
		من خلق الله ؟	مالك مهدي سويعدي	Ghbook	4597	0.51034
		حقوق الحيوان والرفق به في الشريعة الإسلامية	أحمد عبيد الكبيسي	ShamAY	10153	0.51033
		النعت الأكمل لأصحاب الإمام أحمد بن حنبل [من سنة 901 - 1207 ه]	محمد كمال الدين بن محمد الغزي العامري (ت: 1214 ه)	ShamelaY19	147073	0.51033
		القول المسدد في الذب عن المسند للإمام أحمد	أبو الفضل أحمد بن علي بن محمد بن أحمد بن حجر العسقلاني (المتوفى: 852هـ)	ShamAY	6035	0.51031
		السير الصغير ت خدوري	أبو عبد الله محمد بن الحسن بن فرقد الشيباني (المتوفى: 189هـ)	ShamAY	7231	0.5103
		هل بشر الكتاب المقدس بمحمد صلى الله عليه وسلم؟	منقذ بن محمود السقار	ShamAY	1289	0.51028
		إمامة بقيّة الأئمّة عليهم السلام	السيّد علي الحسيني الميلاني	Rafed	1557	0.51028
		آية التطهير	السيد علي الحسيني الميلاني	Masaha	21	0.51028
		الزكاة في الإسلام في ضوء الكتاب والسنة - مفهوم, ومنزلة, وحِكَمٌ, وفوائد، وأحكام, وشروط, ومسائل	د. سعيد بن علي بن وهف القحطاني	ShamAY	1814	0.51025
		تدبير الحبالي و الاطفال و الصبيان و حفظ صحتهم	احمد بلدي	Ghbook	10069	0.51025
		الامام الباقر ( عليه السلام ) و اثره في التفسير	حكمت عبيد خفاجي	Ghbook	2845	0.51024
		الطهاره	محمد علي اراكي	Ghbook	10181	0.51023
		الصحيح من سيرة النبي الأعظم صلّى الله عليه وآله [ج ١٧]	السيد جعفر مرتضى العاملي	Rafed	2510	0.51022
		تنبيه ذوي العقول السديدة إلى حكم صوم السبت في غير فريضة	أبو حسام الدين الطرفاوي	ShamAY	36443	0.5102
		اذا قام الاسلام في العراق	آيت الله العظمي سيد محمد حسيني شيرازي	Ghbook	2304	0.51019
		شرح سنن أبي داود - الراجحي	عبد العزيز بن عبد الله بن عبد الرحمن الراجحي	ShamAY	105	0.51018
		المسح على الرجلين (للشيخ المفيد)	الشيخ المفيد	Masaha	988	0.51017
		 الموسوعة الكبرى عن فاطمة الزهراء ( س ) 	 اسماعيل الأنصاري الزنجاني الخوئيني 	ABLibrary	7828	0.51015
		تراثنا ـ العددان [ 30 و 31 ]	مؤسسة آل البيت عليهم السلام لإحياء التراث ـ قم	Rafed	2783	0.51008
		منهاج الصالحين ـ المعاملات [ج ٣]	فتاوى آية الله العظمى السيد علي الحسيني السيستاني	Rafed	155	0.51006
		قصة الفتنة	راغب السرجاني	ShamAY	37130	0.51005
		شرح كتاب التوحيد لابن خزيمة - محمد حسن عبد الغفار	محمد حسن عبد الغفار	ShamelaY19	37696	0.51003
		سير الائمه ( عليهم السلام ) - في رحاب ائمه اهل البيت ( عليهم السلام ) - الامام ا...	محسن امين عاملي	Ghbook	6095	0.51001
		كيف يمكن نجاه الغرب ؟	آيت الله العظمي سيد محمد حسيني شيرازي	Ghbook	7795	0.51
		مقدمة إملاء الاستذكار للحافظ أبي عمر ابن عبد البر القرطبي - سلسلة لقاء العشر الأواخر بالمسجد الحرام (31)	صدر الدين، أبو طاهر السِّلَفي أحمد بن محمد بن أحمد بن محمد بن إبراهيم سِلَفَه الأصبهاني (المتوفى: 576 هـ)	ShamAY	32529	0.50996
		معالجة الخطأ ببيان الحكم	الواحدي :: محمد صالح المنجد	ShamAY	35118	0.50992
		الأئمة الاثنا عشر	شمس الدين محمد بن طولون‏	Masaha	1839	0.50991
		قوت المغتذي على جامع الترمذي	عبد الرحمن بن أبي بكر، جلال الدين السيوطي (المتوفى: 911هـ)	ShamAY	7562	0.5099
		المنتحل	عبد الملك بن محمد بن إسماعيل أبو منصور الثعالبي (المتوفى: 429هـ)	ShamAY	21105	0.50989
		من قتله الحسين شيعة الكوفة	آيت الله علي حسيني ميلاني	Ghbook	9557	0.50986
		شرح الأحكام الشرعية في الأحوال الشخصية لقدري باشا	محمد زيد الأبياني	ShamAY	36350	0.50984
		المستشرقون والدّراسات القرآنيّة	الدكتور محمد حسين علي الصّغير	Rafed	863	0.50984
		 بحر الجواهر ( معجم الطب الطبيعي ) 	 محمد بن يوسف الهروي 	ABLibrary	9952	0.50983
		مدارك الأحكام [ج ٣]	السيد محمّد بن علي الموسوي العاملي	Rafed	593	0.50983
		الامام علي عليه السلام قدوه و اسوه	آيت الله العظمي سيد محمد تقي مدرسي	Ghbook	12865	0.50983
		نظم المتناثر من الحديث المتواتر	أبو عبد الله محمد بن أبي الفيض جعفر بن إدريس الحسني الإدريسي الشهير بـ الكتاني (المتوفى: 1345هـ)	ShamAY	7016	0.50982
		أبو هريرة صاحب رسول الله صلى الله عليه وسلم وخادمه دراسة حديثة تاريخية هادفة	حارث الضاري	ShamAY	35808	0.50981
		فضائل الاشهر الثلاثه ( رجب ، شعبان ، رمضان )	محمد بن علي بن بابويه شيخ صدوق	Ghbook	2593	0.5098
		الشوري في الاسلام	آيت الله العظمي سيد محمد حسيني شيرازي	Ghbook	7749	0.50977
		ثلاث رسائل في الحج و العمره	شيخ زين الدين عاملي شهيد ثاني	Ghbook	10451	0.50977
		حياة ابن أبي عقيل و فقهه	ابن أبي عقيل النعماني	Masaha	995	0.50977
		ألفية أم المؤمنين عائشة المسماة «الروضة الأنيقة في نصرة العفيفة الصديقة»	أبو مالك يحيى بن عطية بن يحيى الصامولي الأزهري	ShamelaY19	96856	0.50976
		أهمية دراسة السيرة النبوية والعناية بها في حياة المسلمين	محمد بن محمد العواجي	Sham19Y	10899	0.50975
		الي الحوزات العلميه	آيت الله العظمي سيد محمد حسيني شيرازي	Ghbook	2323	0.50974
		النقد الصحيح لما اعترض من أحاديث المصابيح	صلاح الدين أبو سعيد خليل بن كيكلدي بن عبد الله الدمشقي العلائي (المتوفى: 761هـ)	ShamAY	8602	0.50972
		قادتنا كيف نعرفهم	آيت الله علي حسيني ميلاني	Ghbook	4759	0.50965
		 حلية الأبرار 	 السيد هاشم البحراني 	ABLibrary	95	0.50962
		التاريخ المعتبر في أنباء من غبر «وهو كتاب جامع لتاريخ الأنبياء وتاريخ الإسلام وتراجم أئمته العظام إلى مبتدأ القرن العاشر الهجري»	مجير الدين العليمي عبد الرحمن بن محمد بن عبد الرحمن المقدسي الحنبلي (المولود بالقدس سنة 860 ه والمتوفى بها سنة 928 ه)	ShamelaY19	127698	0.50961
		 تاريخ اربل ( نباهة البلد الخامل بمن ورده من الاماثل ) 	 ابن المستوفي 	ABLibrary	8978	0.50961
		مقامات بديع الزمان الهمذاني - العلمية	أبو الفضل أحمد بن الحسين بن يحيى	ShamAY	33792	0.50958
		شرح نواقض الإسلام - الراجحي	الواحدي	ShamAY	35435	0.50954
		الرسالة الذهبية	منسوب للإمام الرضا(ع)	Masaha	2300	0.50953
		المشروع والممنوع في المسجد - فالح الصغير	فالح بن محمد بن فالح الصغير	ShamAY	31274	0.50952
		 موسوعة كربلاء 	 لبيب بيضون 	ABLibrary	7863	0.50952
		الإرهاب والعنف والتطرف في ميزان الشرع (2)	محمد علي إبراهيم	ShamAY	33369	0.50951
		الأئمة الاثني عشر	أبي عبد الله شمس الدين محمّد بن علي بن طولون الدمشقي الصالحي [ ابن طولون ]	Rafed	700	0.50949
		الإبانة عن معاني القراءات	أبو محمد مكي بن أبي طالب حَمّوش بن محمد بن مختار القيسي القيرواني ثم الأندلسي القرطبي المالكي (المتوفى: 437هـ)	ShamAY	8676	0.50946
		منهاج الصالحين (المعاملات) - الجزء2	السيد محمد سعيد الطباطبائي الحكيم	Masaha	584	0.50945
		مواقف لا تنسى - من سيرة والدتي رحمها الله تعالى (1345 ه - 1428 ه)	د. سعيد بن علي بن وهف القحطاني	ShamelaY19	96533	0.50944
		الاحاديث المقلوبه في مناقب الصحابه	آيت الله علي حسيني ميلاني	Ghbook	7522	0.50943
		مختصر الإنصاف والشرح الكبير (مطبوع ضمن مجموعة مؤلفات الشيخ محمد بن عبد الوهاب، الجزء الثاني)	محمد بن عبد الوهاب بن سليمان التميمي النجدي (المتوفى: 1206هـ)	ShamAY	1685	0.50942
		اسرار الحروف و يليه الحروف المقطعه في القران الكريم	كاظم محمد علي شكر	Ghbook	2391	0.5094
		إذهاب الحزن وشفاء الصدر السقيم	عبد السلام مقبل مجبرى (المتوفي: معاصر)	ShamAY	9764	0.50939
		مسألة في التطوع بالصلوات في أحد المساجد الثلاثة هل فعلها فيها أفضل من فعلها في البيوت؟	صلاح الدين خليل بن كيكلدي العلائي (761 هـ)	ShamAY	34316	0.50936
		وقعة الطف‏	أبو مخنف الكوفي‏	Masaha	3027	0.50936
		التوشيح شرح الجامع الصحيح	عبد الرحمن بن أبي بكر، جلال الدين السيوطي (المتوفى: 911 ه)	Sham19Y	18176	0.50935
		إمامة بقيّة الأئمّة عليهم السلام	السيّد علي الحسيني الميلاني	Rafed	1174	0.50935
		شرح اسم الله الرفيق	الدبيسي، محمد بن مصطفى	ShamAY	34911	0.50934
		تنبيه الساجد إلى أخطاء روَّاد المساجد	علي حسن فراج	ShamAY	36240	0.5093
		الزبدة الفقهيّة [ج ٨]	السيّد محمّد حسن ترحيني العاملي	Rafed	2527	0.5093
		شرح مختصر البعلي لكتاب الصارم المسلول على شاتم الرسول لابن تيمية	محمد حسن عبد الغفار	ShamelaY19	37702	0.50929
		المسلمون يتضررون	آيت الله العظمي سيد محمد حسيني شيرازي	Ghbook	7822	0.50929
		قواعد الأصول ومعاقد الفصول	الإمام العلاّمة عبد المؤمن بن عبد الحقّ، صفي الدّين أبو الفضائل البغدادي الأصوليّ الحنبليّ (ت 739 هـ )	ShamAY	37576	0.50926
		نهايه الحكمه	محمد حسين طباطبايي	Ghbook	12151	0.50926
		ظروف حركه سيد الشهداء عليه السلام بين المدينه و مكه 	سيد علي جمال أشرف	Ghbook	16510	0.50924
		الحماسة للبحتري	أبو عبادة الوليد بن عبيد البحتري (ت 284 ه)	ShamelaY19	148535	0.50923
		تاريخ عمان	سرحان بن سعيد الأزكوي العماني	Rafed	2178	0.50922
		مكفرات الذنوب وموجبات الجنة	عبد الرحمن بن علي بن محمد الشيباني الزبيدي الشافعي، وجيه الدين، المعروف بابن الديبع (المتوفى: 944ه)	ShamelaY19	28114	0.50921
		مستدرك الوسائل [ج ٢]	الشيخ حسين النوري الطبرسي [ المحدّث النوري ]	Rafed	1124	0.50921
		تيسير أحكام الحيض	محمد حسن عبد الغفار	ShamelaY19	37670	0.50918
		ما يفعله الأطباء والداعون بدفع شر الطاعون - سلسلة لقاء العشر الأواخر بالمسجد الحرام (18)	مرعي بن يوسف بن أبى بكر بن أحمد الكرمى المقدسي الحنبلى (المتوفى: 1033 هـ)	ShamAY	32469	0.50917
		علم التخريج ودوره في خدمة السنة النبوية - عبد الغفور البوشلي	عبد الغفور بن عبد الحق حسين بر البلوشي	ShamAY	11296	0.50917
		غريب القرآن المسمى بنزهة القلوب	محمد بن عُزير السجستاني، أبو بكر العُزيري (المتوفى : 330هـ)	ShamAY	22910	0.50914
		دليل الحيران على مورد الظمآن	أبو إسحاق إبراهيم بن أحمد بن سليمان المارغني التونسي المالكي (المتوفى: 1349هـ)	ShamAY	1484	0.50913
		منح الجليل شرح مختصر خليل	محمد بن أحمد بن محمد عليش، أبو عبد الله المالكي (المتوفى: 1299ه)	ShamelaY19	21614	0.50908
		السراج المنير شرح الجامع الصغير في حديث البشير النذير	الشيخ علي بن الشيخ أحمد بن الشيخ نور الدين بن محمد بن الشيخ إبراهيم الشهير بالعزيزي	ShamAY	38982	0.50906
		سلامة الصدر، وخطر الحقد, والحسد, والتباغض, والشحناء, والهجر، والقطيعة - مفهوم، وأسباب، وآداب، وأحكام، وعلاج في ضوء الكتاب والسنة	د. سعيد بن علي بن وهف القحطاني	ShamelaY19	96491	0.50904
		منهج المتقدمين في التدليس	ناصر الفهد	ShamAY	37353	0.50903
		بغية الطلب في تاريخ حلب [ج ١]	كمال الدّين عمر بن أحمد بن أبي جرادة الحلبي [ ابن العديم ]	Rafed	2136	0.50902
		عيد الأم نبذة تاريخية وحكمه عند أهل العلم	مجموعة من المؤلفين	ShamAY	36451	0.50901
		مقدمات في علم القراءات	محمد أحمد مفلح القضاة، أحمد خالد شكرى، محمد خالد منصور (معاصر)	ShamAY	1230	0.509
		بحار الأنوار [ج ٣٨]	الشيخ محمّد باقر بن محمّد تقي المجلسي	Rafed	960	0.509
		فضائل فلسطين وبيت المقدس في الكتاب والسنة	حسني محمد العطار	ShamAY	37119	0.50894
		الحلقة الثالثة؛ أسئلة وأجوبة  - الجزء1	علي حسن‏ المطر	Masaha	3437	0.50894
		إعلام الخلف [ج ٣]	صادق العلائي	Rafed	3060	0.50893
		الإسعاف فى أحكام الأوقاف	إبراهيم بن موسى بن أبي بكر ابن الشيخ علي الطرابلسي، الحنفي (المتوفى: 922ه)	ShamelaY19	96262	0.50891
		علم اللغة مقدمة للقارئ العربي	محمود السعران	ShamAY	10019	0.50888
		ديوان ابن الزقاق البلنسي	ابن الزقاق البلنسي	ShamAY	37839	0.50887
		 تاريخ عمان ( مقتبس من كتاب كشف الغمة الجامع لأخبار الأمة ) 	 سرحان بن سعيد الأزكوي العماني 	ABLibrary	8995	0.50887
		أبشر أيها المريض	محمد الركبان	ShamAY	34862	0.50883
		نظرةُ المستشرقينَ للسنَّةِ النبويَّةِ المطهَّرَةِ (شبهاتٌ وردودٌ)	مثنى الزيدي، المشرف العام على موقع العلم الشرعي	ShamAY	486	0.50882
		كتاب العين [ج ٧]	الخليل بن أحمد الفراهيدي	Rafed	2843	0.50882
		شرح البيقونية - أسامة سليمان	أسامة علي محمد سليمان	Sham19Y	36576	0.50879
		شرح طهاره قواعد الاحكام	حسن بن جعفر بن خضر نجفي كاشف الغطاء	Ghbook	12077	0.50879
		منهج ابن تيميه في التوحيد: قراءه نقديه مقارنه	يحيي عبدالحسن دوخي	Ghbook	10943	0.50877
		مسند الإمام أحمد بن حنبل	أبو عبد الله أحمد بن محمد بن حنبل بن هلال بن أسد الشيباني (المتوفى: 241ه)	ShamelaY19	98139	0.50876
		شرح التّسهيل المسمّى تمهيد القواعد بشرح تسهيل الفوائد [ج ٤]	محمّد بن يوسف بن أحمد [ ناظر الجيش ]	Rafed	1885	0.50875
		القوافي للتنوخي	القاضي أبو يعلي عبد الباقي بن أبي الحصين عبد الله بن المحسن التنوخي (المتوفى: ق 5هـ)	ShamAY	10911	0.50872
		 مسند الإمام الصادق ( ع ) 	 الشيخ عزيز الله عطاردي 	ABLibrary	7720	0.50872
		النوادر والزيادات على ما في المدونة من غيرها من الأمهات	أبو محمد عبد الله بن (أبي زيد) عبد الرحمن النفزي، القيرواني، المالكي (المتوفى: 386ه)	ShamelaY19	96257	0.50871
		الصحيح المسند من أسباب النزول	مُقْبلُ بنُ هَادِي بنِ مُقْبِلِ بنِ قَائِدَةَ الهَمْدَاني الوادعِيُّ (المتوفى: 1422هـ)	ShamAY	11547	0.50869
		الزكاة في الإسلام في ضوء الكتاب والسنة - مفهوم, ومنزلة, وحكم, وفوائد، وأحكام, وشروط, ومسائل	د. سعيد بن علي بن وهف القحطاني	Sham19Y	96466	0.50869
		التطبيقات الفقهية لقاعدة اليسير مغتفر في البيوع	هاكيا كانوريتش	ShamAY	37514	0.50868
		العرب في العصور القديمة	لطفي عبد الوهاب	ShamAY	8384	0.50868
		الكناش في فني النحو والصرف	أبو الفداء عماد الدين إسماعيل بن علي بن محمود بن محمد ابن عمر بن شاهنشاه بن أيوب، الملك المؤيد، صاحب حماة (المتوفى: 732 هـ)	ShamAY	32519	0.50866
		المنجد في اللغة (أقدم معجم شامل للمشترك اللفظي)	علي بن الحسن الهنائي الأزدي، أبو الحسن الملقب ب «كراع النمل» (المتوفى: بعد 309ه)	ShamelaY19	36950	0.50863
		وضوء عبد الله بن عباس	السيد علي الشهرستاني	Rafed	1355	0.50859
		شرح المكودي	أبي زيد عبد الرحمن بن علي بن صالح المكودي	Rafed	2128	0.50856
		تربية الطفل في الإسلام	مركز الرسالة	Masaha	572	0.50852
		بحث في الأحاديث الواردة في صيام التطوع		ShamAY	36057	0.50846
		الإسعاف فى أحكام الأوقاف	إبراهيم بن موسى بن أبي بكر ابن الشيخ علي الطرابلسي، الحنفي (المتوفى: 922هـ)	ShamAY	1745	0.50846
		 444 مسألة فقهية 	 السيد صادق الحسيني الشيرازي 	ABLibrary	9670	0.50842
		 العقد الثمين في تاريخ البلد الأمين 	 محمد بن أحمد الفاسي 	ABLibrary	9142	0.50837
		الجوانب الإعلامية في خطب الرسول صلى الله عليه وسلم	سعيد بن علي ثابت	ShamelaY19	31504	0.50834
		دليل الاماكن المقدسه في سوريه	ايوب حائري	Ghbook	803	0.50834
		الفقه البيئه	آيت الله العظمي سيد محمد حسيني شيرازي	Ghbook	10112	0.50833
		العصرانية قنطرة العلمانية	سليمان الخراشي	ShamAY	33501	0.50832
		منتخب الادعيه	علي حبيب اللهي	Ghbook	10944	0.50832
		تلخيص المرام في معرفة الأحكام	الحسن بن يوسف بن علي المطّهر [ العلامة الحلّي ]	Rafed	1273	0.50831
		ثلاث رسائل في الطب العربي الاسلامي	رازي - ماسوية - ابن سينا	Ghbook	8795	0.5083
		شرح سنن ابن ماجة - الراجحي	عبد العزيز بن عبد الله بن عبد الرحمن الراجحي	ShamAY	103	0.50829
		المفسرون ؛ حياتهم و منهجهم	محمد علي ايازي	Ghbook	8877	0.50826
		الوجيز في فقه السنة والكتاب العزيز	عبد العظيم بن بدوي بن محمد	ShamelaY19	98086	0.50824
		من احاديث سيره الامام الصادق ( عليه السلام ) المدونه في كتب السيره	رسولي محلاتي	Ghbook	5021	0.50824
		آية الولاية وعلاقتها بالإمامة	طه الدليمي	ShamAY	37799	0.50822
		ظاهرة التقارض في النحو العربي	أحمد محمد عبد الله	ShamelaY19	23076	0.50821
		المخصص	أبو الحسن علي بن إسماعيل بن سيده المرسي (المتوفى: 458ه)	Sham19Y	3590	0.50821
		إلقاء الضوء القرآني على كتابة الدكتور علوي حول النبهاني	عبد القادر بن حبيب الله السندي	Sham19Y	8856	0.50821
		افتراق الأمة إلى نيف وسبعين فرقة	محمد بن إسماعيل بن صلاح بن محمد الحسني، الكحلاني ثم الصنعاني، أبو إبراهيم، عز الدين، المعروف كأسلافه بالأمير (المتوفى: 1182هـ)	ShamAY	6456	0.5082
		فضل الكلاب على كثير ممن لبس الثياب	محمد بن خلف بن المرزبان بن بسام، أبو بكر المحولي (المتوفى: 309هـ)	ShamAY	11342	0.5082
		القبلية في ميزان الشرع وحقيقة تكافؤ النسب في الزواج.	أبو فيصل البدراني	Sham19Y	96244	0.5082
		العلم والحكمة في الكتاب والسنه	محمد محمدي ري شهري	Ghbook	15990	0.50819
		مستدرك الوسائل [ج ١٢]	الشيخ حسين النوري الطبرسي [ المحدّث النوري ]	Rafed	1192	0.50815
		الإجارة	الشيخ محمد حسين الأصفهاني	Masaha	4916	0.50815
		مبادئ الأصول	ابن باديس، عبد الحميد	ShamAY	32564	0.50814
		التبشير والاستعمار في البلاد العربية (عرض لجهود المبشرين التي ترمي إلى اخضاع الشرق للاستعمار الغربي)	الدكتور مصطفى خالدي - الدكتور عمر فروخ	ShamelaY19	117361	0.50813
		عصر الظهور	علي كوراني	Ghbook	7136	0.50813
		جامع أحاديث الشيعة - الجزء22	السيد حسين البروجردي	Masaha	4977	0.50809
		بشارات العهد القديم بمحمد صلى الله عليه وسلم		ShamAY	35350	0.50808
		الكافية في علم النحو	ابن الحاجب جمال الدين بن عثمان بن عمر بن أبي بكر المصري الإسنوي المالكي (توفي: 646 ه)	ShamelaY19	122234	0.50806
		تاريخ دمشق [ج ٢]	الناشر: التكوين للتأليف والترجمة والنشر	Rafed	2263	0.50803
		أشراط الساعة الكبرى	عبد الرحمن الكيلاني	ShamAY	35030	0.50802
		تنزيه الأبصار والأفكار في رحلة سلطان زنجبار	زاهر بن سعيد النخلي	Masaha	4662	0.508
		الراغب الأصفهاني وجهوده في اللغة	عمر عبد الرحمن الساريسي	ShamAY	10376	0.50799
		بحار الأنوار [ج ٧٩]	الشيخ محمّد باقر بن محمّد تقي المجلسي	Rafed	1108	0.50798
		التوضيح لمباحث المنظومة المبيقونية في علوم الحديث	الدكتور عبد الله جاسم الجنابي	ShamAY	37337	0.50797
		إتحاف أهل العصر بمسائل الجمع والقصر	عبد الله بن محمد بن أحمد الطيار	ShamAY	36144	0.50796
		احكام النساء	محمد بن  محمد بن نعمان شيخ مفيد	Ghbook	2361	0.50795
		الحدود في علم النحو	أحمد بن محمد بن محمد البجائي الأٌبَّذيٌ، شهاب الدين الأندلسي (المتوفى: 860هـ)	ShamAY	10340	0.50794
		إذهاب الحزن وشفاء الصدر السقيم	عبد السلام مقبل مجبرى (المتوفي: معاصر)	Sham19Y	9764	0.50789
		بحار الأنوار [ج ٥١]	الشيخ محمّد باقر بن محمّد تقي المجلسي	Rafed	1007	0.50789
		كشف الإلتباس عن كثير من مسائل الحيض والنفاس	الواحدي :: وليد السعيدان	ShamAY	36206	0.50783
		بذل المجهود على من حرَّف اسم النصارى واليهود	عبد الرحمن بن سعد الشثري	ShamAY	35348	0.50782
		الزواج بنية الطلاق من خلال أدلة الكتاب والسنة ومقاصد الشريعة الإسلامية	صالح بن عبد العزيز بن إبراهيم آل منصور (المتوفى: 1429هـ)	ShamAY	326	0.50781
		سؤالات أبي الحسن المأربي للعلامة المحدث الألباني	العلامة المحدث محمد بن ناصر الدين الألباني	ShamAY	33148	0.5078
		في رحاب الامام زين العابدين ( عليه السلام )	علي عزيز الابراهيم	Ghbook	6391	0.5078
		تاريخ الأندلس من الفتح حتى السقوط من خلال مخطوط (تاريخ الأندلس)	إسماعيل بن إبراهيم	ShamAY	37137	0.50779
		شرح سنن ابن ماجة - الراجحي	عبد العزيز بن عبد الله بن عبد الرحمن الراجحي	ShamelaY19	36998	0.50779
		احكام العتبات المقدسه	آيت الله العظمي حسيني	Ghbook	7916	0.50779
		الإمام أحمد بن حنبل الشيباني ومسنده	أحمد بن عبدالرحمن بن سليمان الصويان	ShamAY	37336	0.50778
		الصحابي و عدالته	مرتضي عسكري	Ghbook	7571	0.50775
		شرح كتاب الحدود في النحو	عبد الله بن أحمد الفاكهي النحوي المكي (899 - 972 هـ)	ShamAY	38989	0.50773
		صفات المنافقين	محمد بن أبي بكر بن أيوب بن سعد شمس الدين ابن قيم الجوزية (المتوفى: 751ه)	ShamelaY19	30842	0.50772
		التوحيد للناشئة والمبتدئين	عبد العزيز بن محمد بن علي آل عبد اللطيف	ShamelaY19	30800	0.50771
		أسلوب خطبة الجمعة	عبد الله بن ضيف الله الرحيلي	ShamAY	31064	0.5077
		لمحات من حياه الامام الهادي ( عجل الله تعالي فرجه الشريف )	محمد رضا سيبويه	Ghbook	4045	0.50768
		قادة الغرب يقولون «دَمِّرُوا الإِسْلاَمَ أَبِيدُوا أَهْلَهُ».	جلال العالم = عبد الودود يوسف الدمشقي (المتوفى: 1403هـ)	ShamAY	1104	0.50767
		مشروع دائرة المعارف الحسينية الالفبائية	اللجنة العلمية في قسم الرسائل الجامعية	Ghbook	15400	0.50767
		أصول الفقه [ج ٧]	آية الله الشيخ حسين الحلّي	Rafed	982	0.50766
		كتاب الله عز وجل ومكانته العظيمة	عبد العزيز بن عبد الله بن محمد بن عبد اللطيف بن عبد الرحمن بن حسن بن الشيخ محمد بن عبد الوهاب	ShamAY	21767	0.50765
		جمال القراء وكمال الإقراء	علي بن محمد بن عبد الصمد الهمداني المصري الشافعي، أبو الحسن، علم الدين السخاوي (المتوفى: 643هـ)	ShamAY	10460	0.50758
		الفوائد المجموعة في الأحاديث الموضوعة	محمد بن علي بن محمد الشوكاني (المتوفى: 1250هـ)	ShamAY	2671	0.50752
		سفينة النجاة	محمد بن مرتضي فيض كاشاني	Ghbook	10380	0.5075
		صفات الله وآثارها فى إيمان العبد	محمد حسن عبد الغفار	ShamelaY19	37674	0.50749
		التنقيح الرائع لمختصر الشرائع - الحج	مقداد فاضل	Ghbook	3469	0.50746
		قوت المغتذي على جامع الترمذي	عبد الرحمن بن أبي بكر، جلال الدين السيوطي (المتوفى: 911ه)	Sham19Y	7562	0.50739
		رسالة إلى جار المسجد	أزهري أحمد محمود	ShamelaY19	36431	0.50738
		فضائل القرآن (مطبوع ضمن مؤلفات الشيخ محمد بن عبد الوهاب، الجزء الخامس)	محمد بن عبد الوهاب بن سليمان التميمي النجدي (المتوفى: 1206هـ)	ShamAY	11328	0.50737
		شرح كتاب التوحيد لابن خزيمة - محمد حسن عبد الغفار	محمد حسن عبد الغفار	ShamAY	878	0.50737
		التوشيح شرح الجامع الصحيح	عبد الرحمن بن أبي بكر، جلال الدين السيوطي (المتوفى: 911 هـ)	ShamAY	32568	0.50736
		رسالة في السبعة الذين يظلهم الله يوم القيامة يوملا ظلّ إلاّ ظله	الزُّرْقاني، عبد الباقي	ShamAY	36160	0.50735
		في آيتي الشوري و ما يتعلق بنظريه الشوري	خليفه عبيد كلباني عماني	Ghbook	7511	0.50729
		 موسوعة تاريخ العراق بين احتلالين 	 عباس العزاوي المحامي 	ABLibrary	9255	0.50726
		شرح مختصر البعلي لكتاب الصارم المسلول على شاتم الرسول لابن تيمية	محمد حسن عبد الغفار	ShamAY	739	0.50725
		مهارات التواصل مع الأولاد - كي تكسب ولدك؟	د. خالد بن سعود بن عبد العزيز الحليبي	Sham19Y	96855	0.50722
		 خلاصة عبقات الأنوار 	 السيد حامد النقوي 	ABLibrary	90	0.50722
		العقل عند الأصوليين: د. علي الضويحي	علي الضويحي	ShamAY	37522	0.50721
		صور من سماحة الإسلام	الواحدي :: أحمد بن محمد الشرقاوى	ShamAY	34993	0.5072
		النافلة في الأحاديث الضعيفة والباطلة	أبو إسحاق الحويني الأثري حجازي محمد شريف	ShamAY	10024	0.5072
		تطور كتابة المصحف الشريف وطباعته	أ. د/ محمد سالم بن شديد العوفي	ShamAY	5465	0.50716
		رسالة الاكتفاء بالعمل بغلبة الظن في مسائل الفقه	الواحدي :: وليد السعيدان	ShamAY	37487	0.50716
		الأمصار ذوات الآثار	محمد بن أحمد الذهبي	Masaha	4754	0.50715
		السيرة النبوية في دائرة المعارف البريطانية	وليد بن بليهش العمرى	ShamAY	7646	0.50714
		تراثنا ـ العدد [ 11 ]	مؤسسة آل البيت عليهم السلام لإحياء التراث ـ قم	Rafed	2721	0.50714
		 تاريخ معرة النعمان 	 محمد سليم الجندي 	ABLibrary	9003	0.50713
		ديوان أبي الفضل بن الأحنف	أبو الفضل العباس بن الاحنف بن الأسود بن طلحة 192 هـ	ShamAY	37818	0.50712
		موسوعة أحكام الطهارة	أبو عمر دُبْيَانِ بن محمد الدُّبْيَانِ	ShamAY	32122	0.5071
		أدب المجالسة وحمد اللسان وفضل البيان وذم العي وتعليم الإعراب	أبو عمر يوسف بن عبد الله بن محمد بن عبد البر بن عاصم النمري القرطبي (المتوفى: 463هـ)	ShamAY	6780	0.50709
		سيرة ابن إسحاق (المبتدأ والمبعث والمغازي)	محمد بن إسحاق بن يسار [85هـ - 151هـ]	ShamAY	34444	0.50708
		الشيخ عبدالمنعم الفرطوسى حياته وادبه	حيدر المحلاتي	Rafed	101	0.50708
		مشاهير النساء المسلمات	علي بن نايف الشحود	ShamAY	35794	0.50706
		الإباضية في ميزان أهل السنة	عبد الله بن مسعود السني	ShamAY	1746	0.50705
		فضل الكوفة ومساجدها	محمد بن جعفر المشهدي الحائري	Masaha	4088	0.50705
		عقيل بن أبي طالب بين الحقيقة والشّبهة	علي صالح رسن المحمداوي	Rafed	1228	0.50704
		بدايه الحكمه	محمد حسين طباطبايي	Ghbook	12149	0.50704
		الحوافز التجارية التسويقية وأحكامها في الفقه الإسلامي	الواحدي :: خالد المصلح	ShamAY	36578	0.50703
		أحكام العبادات المترتبة على طلوع الفجر الثاني	ناصر بن محمد بن مشري الغامدي	Sham19Y	14526	0.50699
		المخصص	أبو الحسن علي بن إسماعيل بن سيده المرسي (المتوفى: 458هـ)	ShamAY	3590	0.50698
		العقد الثّمين في تاريخ البلد الأمين [ج ٤]	تقي الدين محمّد بن أحمد الحسني الفاسي المكّي	Rafed	2225	0.50696
		تعليم الصلاة	عبد الله بن أحمد بن علي الزيد	Sham19Y	31221	0.50695
		من أساليب التربية في القرآن الكريم		ShamAY	36988	0.50689
		التعليق على الدرة المضيئة في السيرة النبوية للمقدسي	أبو هاشم صالح بن عوّاد بن صالح المغامسي	ShamAY	756	0.50689
		الإشراف في عامّة فرائض أهل الإسلام	الشيخ المفيد	Masaha	976	0.50689
		مختصر الصارم المسلول لابن تيمية - البعلي - ت العمران - ط عالم الفوائد	محمد بن علي بن أحمد بن عمر بن يعلى، أبو عبد الله، بدر الدين البعليّ (المتوفى: 778هـ)	ShamAY	38465	0.50682
		 منتهى المطلب ( ط . ج ) 	 العلامة الحلي 	ABLibrary	9328	0.50681
		غنائم الأيّام في مسائل الحلال والحرام [ج ٣]	الميرزا أبو القاسم القمّي	Rafed	1821	0.5068
		الرقية الشرعية لعلاج السحر والمس والعين	مجموعة من المؤلفين	ShamAY	34888	0.50679
		الحياة البيتية للنبي صلى الله عليه وسلم	خالد عبد الرحمن الشايع	ShamAY	37464	0.50678
		دروس في البلاغة [ج ٤]	الشيخ محمّدي البامياني	Rafed	1982	0.50675
		مستند الشّيعة [ج ١٩]	أحمد بن محمّد مهدي النّراقي	Rafed	627	0.50675
		حكم وإرشادات	الواحدي :: عبد الله آل جار الله	ShamAY	34964	0.50673
		البرهان الساطع لمشروعية سؤال الوسيلة والفضيلة لرسوله- صلى الله عليه وسلم - للمؤذن والسامع	عبد العزيز الجربوع	ShamAY	36544	0.50673
		المختصر في مسائل القضاء والقدر		ShamAY	35503	0.50673
		الحسام الممدود في الرد على اليهود (وهو مطبوع ضمن كتاب رسالتين في الرد على اليهود)	أبو محمد عبد الحق الإسلامي المغربي السبتي (المتوفى: ق 8 ه)	ShamelaY19	37541	0.50672
		عظمة القرآن وتعظيمه وأثره في النفوس في ضوء الكتاب والسنة - مفهوم، وعظمة، وأثر، وتدبر، وفضائل، وعلم، وعمل، وتعاهد، وآداب، وأخلاق	د. سعيد بن علي بن وهف القحطاني	ShamelaY19	96510	0.50671
		عبد الله النديم سيرة عطرة ... وحياة حافلة * دراسة *	نزيه حمزة	ShamAY	35865	0.5067
		الفوائد المجموعة في الأحاديث الموضوعة	محمد بن علي بن محمد الشوكاني (المتوفى: 1250ه)	Sham19Y	2671	0.50667
		مدرسة الحديث في مصر	محمد رشاد خليفة	Sham19Y	9974	0.50667
		ديوان لبيد بن ربيعة العامري	لَبِيد بن ربيعة بن مالك، أبو عقيل العامري الشاعر معدود من الصحابة (المتوفى: 41هـ)	ShamAY	219	0.50665
		دروس في أصول الفقه(الحلقة الثانية) - الجزء1	محمد حسين‏ الأشكناني	Masaha	3787	0.50662
		الشيخ عبد العزيز بن باز رحمه الله نموذج من الرعيل الأول	عبد المحسن بن حمد بن عبد المحسن بن عبد الله بن حمد العباد البدر	ShamAY	7652	0.50661
		حقيقة السحر وحكمه في الكتاب والسنة	د عواد بن عبد الله المعتق	ShamAY	10156	0.5066
		اللباب «شرح فصول الآداب»	أبو محمد عبد الله بن مانع بن غلاب الغبيوي الروقي العتيبي	Sham19Y	17128	0.5066
		موسوعة الإمام أميرالمؤمنين علي بن أبي طالب عليه السلام [ج ٥ و ٦ و ٧ ]	باقر شريف القرشي	Rafed	385	0.50658
		منهاج الصالحين	آيت الله العظمي سيد ابوالقاسم خوئي	Ghbook	10199	0.50654
		عيون المسائل للسمرقندي الحنفي	أبو الليث نصر بن محمد بن أحمد بن إبراهيم السمرقندي (المتوفى: 373هـ)	ShamAY	31838	0.50652
		من أخلاق الرسول الكريم صلى الله عليه وسلم	عبد المحسن بن حمد بن عبد المحسن بن عبد الله بن حمد العباد البدر	ShamAY	12084	0.50651
		نظم المتناثر من الحديث المتواتر مع الحواشي	الكتاني، محمد بن جعفر	ShamAY	33933	0.50651
		كشف الستارة عن صلاة الإستخارة	عبد الله بن محمد الحمادي	ShamAY	36525	0.5065
		بحار الأنوار [ج ٤٩]	الشيخ محمّد باقر بن محمّد تقي المجلسي	Rafed	1003	0.50645
		المسائل التي علل فيها الحنابلة الحكم بـ خروجا من الخلاف في المعاملات المالية وفقه الأسرة جمعاً ودراسة	أنس اليتامي	ShamAY	37604	0.50644
		رسالتان في الامام المهدي عليه السلام	وسام البلداوي	Ghbook	12336	0.50636
		جمال القراء وكمال الإقراء	علي بن محمد بن عبد الصمد الهمداني المصري الشافعي، أبو الحسن، علم الدين السخاوي (المتوفى: 643ه)	Sham19Y	10460	0.50632
		حسن السمت في الصمت	عبد الرحمن بن أبي بكر، جلال الدين السيوطي (المتوفى: 911ه)	ShamelaY19	36951	0.50628
		نكت وتنبيهات في تفسير القرآن المجيد	أبو العباس البسيلي التونسي (المتوفي 830 هـ)	ShamAY	983	0.50626
		تمام الكلام في تخصيص المواظبة على الدعاء بعد السلام	أبو إبراهيم عادل المرشود	ShamAY	33209	0.50624
		تاريخ معرة النعمان‏  - الجزء1	محمد سليم الجندي	Masaha	4435	0.50622
		بداية العابد وكفاية الزاهد (في الفقه على مذهب الإمام أحمد بن حنبل)	عبد الرحمن بن عبد الله بن أحمد البعلي الخلوتي الحنبلي (المتوفى: 1192هـ) (صاحب كتاب «كشف المخدرات في شرح أخصر المختصرات»)	ShamAY	199	0.50621
		تطور كتابة السيرة النبوية	عمار عبودى محمد حسين نصار (المتوفي: معاصر)	ShamAY	9791	0.50621
		مستقبل العراق بين الدعاء و العمل	آيت الله العظمي سيد محمد حسيني شيرازي	Ghbook	7821	0.50621
		وجوب العمل بسنة الرسول صلى الله عليه وسلم وكفر من أنكرها	عبد العزيز بن عبد الله بن باز (المتوفى: 1420هـ)	ShamAY	30889	0.50617
		مدرسة الحديث في مصر	محمد رشاد خليفة	ShamAY	9974	0.50617
		السلفية قواعد وأصول	الواحدي :: أحمد فريد	ShamAY	33426	0.50615
		التعريف بنبي الرحمة صلى الله عليه وآله وسلم	أبو مالك، ثائر سلامة	Sham19Y	36367	0.50614
		مناسك الحجّ وملحقاتها	الناشر: مكتب آية الله العظمى السيد السيستاني	Rafed	1596	0.50612
		طريقة إبداعية لحفظ القرآن الكريم		ShamAY	36983	0.50611
		فريضة الزكاة	الواحدي :: ابن عثيمين	ShamAY	36450	0.50609
		ديوان لبيد بن ربيعة العامري	لبيد بن ربيعة بن مالك، أبو عقيل العامري الشاعر معدود من الصحابة (المتوفى: 41ه)	ShamelaY19	35077	0.50609
		نظره عابره الي نظريه ولاية الفقيه: من بحوث الاستاذ محمدتقي مصباح اليزدي	محمدمهدي نادري قمي	Ghbook	15292	0.50607
		صفة الصفوة - ط المعرفة ت فاخوري وقلعه جي	عبد الرحمن بن علي بن محمد أبو الفرج ابن الجوزي	ShamAY	33757	0.50605
		رسالة المواسعة و المضايقة	السيد علي بن موسى بن طاووس	Masaha	1029	0.50603
		وصف جنات النعيم والطريق الموصل إليها	عبد الله بن جار الله بن إبراهيم آل جار الله	ShamAY	34955	0.50602
		عظمة القرآن وتعظيمه وأثره في النفوس في ضوء الكتاب والسنة - مفهوم، وعظمة، وأثر، وتدبر، وفضائل، وعلم، وعمل، وتعاهد، وآداب، وأخلاق	د. سعيد بن علي بن وهف القحطاني	ShamAY	1862	0.50602
		 الرحلة الآنورية إلى الأصقاع الحجازية والشامية 	 محمد كرد علي 	ABLibrary	9072	0.50602
		المحيط في اللّغة [ج ٢]	إسماعيل بن عبّاد [ كافي الكفاة ]	Rafed	2859	0.50602
		خمسة آلاف سؤال فى النصرانية بلا إجابة		ShamAY	35361	0.506
		الورع لأحمد رواية المروزي	أبو عبد الله أحمد بن محمد بن حنبل بن هلال بن أسد الشيباني (المتوفى: 241هـ)	ShamAY	6785	0.506
		الحدود في علم النحو	أحمد بن محمد بن محمد البجائي الأبذي، شهاب الدين الأندلسي (المتوفى: 860ه)	Sham19Y	10340	0.50598
		فكر الهزيمة خطره وسبل مواجهته	د. محمد بخيت	ShamAY	33454	0.50595
		فوائد حديثية وفيه فوائد في الكلام على حديث الغمامة وحديث الغزالة والضب وغيره - ط ابن الجوزي	ابن قيم الجوزية (751 هـ)	ShamAY	34405	0.50595
		 سامراء 	 صالح أحمد العلي 	ABLibrary	9120	0.50595
		تفضيل الائمّة(ع) على الانبياء(ع)	السيد علي الحسيني الميلاني	Masaha	202	0.50594
		 تاريخ دمشق 	 سهيل زكار 	ABLibrary	8990	0.50593
		أصول الفقه - أسامة سليمان	أسامة علي محمد سليمان	ShamelaY19	36577	0.50592
		فتح رب البرية في شرح نظم الآجرومية (نظم الآجرومية لمحمد بن أبَّ القلاوي الشنقيطي)	أحمد بن عمر الحازمي	ShamAY	827	0.5059
		تفضيل الأئمّة عليهم السلام على الأنبياء عليهم السلام	السيّد علي الحسيني الميلاني	Rafed	1175	0.5059
		بغية المرتاد للنطق بالضاد	ابن غانم	ShamAY	37209	0.50588
		أعشاب وفوائد صحية		ShamAY	35928	0.50587
		عقد الجمان في تاريخ أهل الزمان - ط هيئة الكتاب	محمود بن أحمد بن موسى الحنفى الشهير ببدر الدين العينى (المتوفى: 855هـ)	ShamAY	33840	0.50587
		شفاء السقام في زياره خير الانام	تقي الدين السبكي	Ghbook	5294	0.50586
		خلاصة الجواهر الزكية في فقه المالكية	أحمد بن تركي بن أحمد المنشليلي المالكي (المتوفى: 979ه)	ShamelaY19	37064	0.50585
		العرب في صقلية - دراسة في التاريخ والأدب	دكتور إحسان عباس (المتوفى: 1424ه)	Sham19Y	1020	0.50582
		الفساد في النشاط الاقتصادي (صوره وآثاره وعلاجه)	أ. د. رشاد حسن خليل	ShamAY	36621	0.50581
		ظاهرة التقارض في النحو العربي	أحمد محمد عبد الله	Sham19Y	23076	0.5058
		تاريخ الإسلام و وفيات المشاهير و الأعلام - الجزء1	شمس الدين الذهبي	Masaha	2238	0.50578
		 العوالم ، الإمام الجواد ( ع ) 	 الشيخ عبد الله البحراني 	ABLibrary	7621	0.50577
		تنبيه النائم الغمر على مواسم العمر	جمال الدين أبو الفرج عبد الرحمن بن علي بن محمد الجوزي (المتوفى: 597ه)	Sham19Y	11023	0.50569
		القرعة و الاجتهاد و التقليد (الاصول العامة)	محمد تقي حكيم	Ghbook	10108	0.50569
		الغناء والمعازف في ضوء الكتاب والسنة وآثار الصحابة - رضي الله عنهم -	د. سعيد بن علي بن وهف القحطاني	ShamAY	1822	0.50568
		مصطلحات المذاهب الفقهية وأسرار الفقه المرموز	مريم محمد صالح الظفيري	ShamAY	31807	0.50568
		موسوعة كربلاء - الجزء1	د. لبيب بيضون‏	Masaha	3107	0.50566
		رسالة في شرح قاعدة أهل السنة	وليد بن راشد السعيدان	ShamAY	35619	0.50564
		حكم عقد الهدنة مع العدو للحاجة	عبد الله قادري الأهدل	ShamAY	33219	0.50564
		شخصية المختار الثقفي عند المورخين القدامي	سالم لذيذ والي الغزي	Ghbook	15735	0.5056
		صفات الله وآثارها فى إيمان العبد	محمد حسن عبد الغفار	ShamAY	714	0.50558
		نظريات يوسف في الدين الادارة والحلم والصبر	نجاح الطائي	Ghbook	15870	0.50558
		مصادر الحكم الشرعي والقانون المدني [ج ٢]	الشيخ علي كاشف الغطاء	Rafed	3656	0.50554
		سلسلة اعرف الحق تعرف اهله	آيت الله علي حسيني ميلاني	Ghbook	9633	0.50552
		الاحصار و الصد	آيت الله العظمي سيد محمد رضا گلپايگاني	Ghbook	2914	0.50549
		نور الإسلام وظلمات الكفر في ضوء الكتاب والسنة	د. سعيد بن علي بن وهف القحطاني	ShamAY	1900	0.50546
		مسائل خاصة بالمرأة	رقية بنت محمد المحارب	ShamAY	7793	0.50538
		مناهج البكاء فى فجائع كربلاء	حسين بن الشيخ علي الفرطوسي الحويزي	Rafed	1545	0.50537
		الصحيح من سيرة النبي الأعظم صلّى الله عليه وآله [ج ٣١]	السيد جعفر مرتضى العاملي	Rafed	2646	0.50536
		التّفسير [ج ١]	أبي النضر محمد بن مسعود بن عيّاش السلمي السمرقندي [ العيّاشي ]	Rafed	3384	0.50533
		المفاهيم الصحيحة للجهاد في سبيل الله تعالى في ضوء الكتاب والسنة	د. سعيد بن علي بن وهف القحطاني	ShamelaY19	96476	0.50531
		الاعجاز العلمي في القرآن الكريم	حسن حطيط	Ghbook	2821	0.50531
		فضل الكوفة و مساجدها	محمد سعيد الطريحي	Masaha	3227	0.5053
		صفة صلاة النبي صلى الله عليه وسلم - العثيمين	محمد بن صالح بن محمد العثيمين (المتوفى: 1421ه)	ShamelaY19	21816	0.50529
		نظرية بلاغة الحديث النبوي - حقائق وشبهات	عيد بلبع	ShamAY	34544	0.50528
		تاريخ ابن الوردي	عمر بن مظفر بن عمر بن محمد ابن أبي الفوارس، أبو حفص، زين الدين ابن الوردي المعري الكندي (المتوفى: 749ه)	Sham19Y	6624	0.50528
		تنبيه الأنام إلى المخالفات في المسجدين النبوي والحرام	عبد المجيد الحديثي	ShamAY	36239	0.50527
		المتعة	السيّد علي الحسيني الميلاني	Rafed	19	0.50527
		الاعتصام بالله سبيل النجاة	أنور بن أهل الله	ShamAY	1096	0.50523
		 المحيط في اللغة 	 الصاحب بن عباد 	ABLibrary	9777	0.50523
		المغني عن حمل الأسفار في الأسفار، في تخريج ما في الإحياء من الأخبار (مطبوع بهامش إحياء علوم الدين)	أبو الفضل زين الدين عبد الرحيم بن الحسين بن عبد الرحمن بن أبي بكر بن إبراهيم العراقي (المتوفى: 806ه)	ShamelaY19	21550	0.50519
		بغية الإربة في معرفة أحكام الحسبة لابن الديبع	وجيه الدين عبد الرحمن بن علي الشيباني المعروف ب «ابن الديبع» (866 ه - 944 ه / 1461 م - 1537 م)	ShamelaY19	36128	0.50516
		لنعرف امامنا ..	آيت الله العظمي حسيني	Ghbook	8086	0.50516
		منهج في إعداد خطبة الجمعة	د صالح بن عبد الله بن حميد	ShamAY	31068	0.50513
		مواقف لا تنسى - من سيرة والدتي رحمها الله تعالى (1345 هـ - 1428 هـ)	د. سعيد بن علي بن وهف القحطاني	ShamAY	1898	0.50512
		علم واحد وعشرون نجمة - أحمد الشقيري	أحمد الشقيري	ShamAY	37694	0.5051
		 بحار الأنوار 	 العلامة المجلسي 	ABLibrary	743	0.50509
		 القول المتين في تشيع الشيخ الأكبر 	 الشيخ قاسم الطهراني 	ABLibrary	8904	0.50507
		 إيصال الطالب إلى المكاسب 	 السيد محمد الحسيني الشيرازي 	ABLibrary	9474	0.50505
		مدى حق الولي فيما يتعلق بمرض موليه من منظور الفقه الإسلامي	عبد الفتاح إدريس	ShamAY	36706	0.50501
		الذكر الثمين	محمد بن صالح بن محمد العثيمين (المتوفى: 1421هـ)	ShamAY	21800	0.50499
		تاريخ ابن الوردي	عمر بن مظفر بن عمر بن محمد ابن أبي الفوارس، أبو حفص، زين الدين ابن الوردي المعري الكندي (المتوفى: 749هـ)	ShamAY	6624	0.50495
		تاريخ اربل	المبارك بن أحمد بن المبارك بن موهوب اللخمي الإِربلي، المعروف بابن المستوفي (المتوفى: 637هـ)	ShamAY	11746	0.50493
		التعريف بنبي الرحمة صلى الله عليه وآله وسلم	أبو مالك، ثائر سلامة	ShamelaY19	36367	0.5049
		عذب الكلام فيما يجب على الأنام من حقوق النبي عليه الصلاة والسلام	أبو يوسف محمد زايد	ShamAY	35075	0.50489
		المسائل السرويه	محمد بن  محمد بن نعمان شيخ مفيد	Ghbook	2462	0.50487
		 الصيدلية المجربة ( الموجز في الطب ) 	 ابن النفيس 	ABLibrary	9896	0.50486
		المسائل الاسلاميه	آيت الله العظمي حسيني	Ghbook	2154	0.50484
		قيمه المرء	آيت الله العظمي سيد محمد حسيني شيرازي	Ghbook	7780	0.50479
		تربية الطفل في الاسلام	السيد شهاب الدين الحسيني	Rafed	204	0.50478
		 فقه المرأة المسلمة 	 السيد محمد سعيد الحكيم 	ABLibrary	9616	0.50477
		الأصول الشرعية عند حلول الشبهات	صالح بن عبد العزيز بن محمد بن إبراهيم آل الشيخ	ShamAY	30898	0.50476
		 شرفنامه 	 شرف خان البدليسي 	ABLibrary	9128	0.50476
		مكفرات الذنوب وموجبات الجنة	عبد الرحمن بن علي بن محمد الشيباني الزبيدي الشافعي، وجيه الدين، المعروف بابن الديبع (المتوفى: 944هـ)	ShamAY	28114	0.50475
		تهذيب اللغة [ج ١٥]	محمّد بن أحمد الأزهري	Rafed	1967	0.50475
		وضوء عبد الله بن عباس و دور السياسة في اختلاف النقل عنه	علي شهرستاني	Ghbook	9590	0.50475
		إلى أين!! .. أيها الحبيب الجفري		ShamAY	35393	0.5047
		الأسئلة اليامية عن العقيدة الإسماعيلية	الواحدي	ShamAY	35627	0.50469
		المرشد إلى قواعد اللغة العربيّة [ج ٣]	خالدية محمود البيّاع	Rafed	1934	0.50469
		نمو الإنسان من مرحلة الجنين إلى مرحلة المسنين	آمال صادق - فؤاد أبو حطب	ShamAY	11738	0.50468
		 فرق الشيعة 	 حسن بن موسى النوبختي 	ABLibrary	8523	0.50468
		السيره النبويه في السطور العلويه	عادل علوي	Ghbook	4622	0.50468
		التشريف بالمنن في التعريف بالفتن‏	السيد علي بن موسى بن طاووس	Masaha	1922	0.50466
		حقيقة الإيمان عند أهل السنّة والجماعة والرد على المخالفين	هيا بنت إسماعيل بن عبد العزيز آل الشيخ	ShamAY	35921	0.50457
		اتخاذ القرآن الكريم أساسا لشؤون الحياة والحكم في المملكة العربية السعودية	د. صالح بن عبد الله بن حميد	ShamAY	33396	0.50457
		مُنْيَةُ السُّولِ في تفضيلِ الرَّسُّولِ (صلى الله عليه وسلم)	أبو محمد عز الدين عبد العزيز بن عبد السلام بن أبي القاسم بن الحسن السلمي الدمشقي، الملقب بسلطان العلماء (المتوفى: 660هـ)	ShamAY	214	0.50457
		 في رحاب أهل البيت ( ع ) 	 لجنة بحوث المجمع العالمي لأهل البيت ( ع ) 	ABLibrary	8533	0.50456
		قصيدة عبد الله بن سليمان الأشعث	عبد الله بن سليمان الأشعث أبو بكر	ShamAY	33878	0.5045
		شرح المفصل لابن يعيش	يعيش بن علي بن يعيش ابن أبي السرايا محمد بن علي، أبو البقاء، موفق الدين الأسدي الموصلي، المعروف بابن يعيش وبابن الصانع (المتوفى: 643هـ)	ShamAY	31811	0.50449
		حول نهضه الحسين (ع)	محمد رضا حسيني جلالي	Ghbook	5956	0.50447
		سُبُل السَّلام مِن صَحيح سيرة خَير الأنَامِ عَليه الصَّلاة وَالسَّلام	صالح بن طه عبد الواحد	ShamAY	31586	0.50443
		الوصايا الجلية للاستفادة من الدروس العلمية	صالح بن عبد العزيز بن محمد بن إبراهيم آل الشيخ	ShamAY	30924	0.50442
		البلدان لليعقوبي‏	أحمد بن إسحاق اليعقوبي	Masaha	3714	0.50442
		تفسير ابن كثير ت سلامة	أبو الفداء إسماعيل بن عمر بن كثير القرشي البصري ثم الدمشقي (المتوفى: 774هـ)	ShamAY	8473	0.50441
		 الكامل في التاريخ 	 ابن الأثير 	ABLibrary	8255	0.5044
		 الحاوي في الطب 	 محمد بن زكريا الرازي 	ABLibrary	9821	0.50439
		شرح ابن عقيل	عبدالله بن عبدالرحمن ابن عقيل	Ghbook	12245	0.50438
		متن المنار = منار الأنوار في أصول الفقه	النسفي، أبو البركات	ShamAY	37542	0.50436
		أحاديث الاستفتاح رواية ودراية	عبد الرحمن بن عبد الكريم الزيد	ShamAY	36461	0.50434
		بغية الطلب في تاريخ حلب‏  - الجزء1	ابن العديم عمر بن أحمد بن أبي جرادة	Masaha	4415	0.50433
		الحلية في إعفاء اللحية	عبد اللطيف البلوشي	ShamAY	36577	0.50431
		المعاملات المالية المعاصرة	الواحدي :: خالد المشيقح	ShamAY	36285	0.50428
		المحيط في اللغه	اسماعيل بن عباد صاحب بن عباد	Ghbook	8516	0.50427
		تطور كتابة السيرة النبوية	عمار عبودى محمد حسين نصار (المتوفي: معاصر)	Sham19Y	9791	0.50426
		مع الدكتور السّالوس في آية التطهير	السيّد علي الحسيني الميلاني	Rafed	3621	0.50425
		الحقوق الزوجيه (احكام النشوز و الشقاق)	سوسن علي حسين (دادرس)	Ghbook	14938	0.50425
		المتعة	السيد علي الحسيني الميلاني	Masaha	396	0.50423
		منح الجليل شرح مختصر خليل	محمد بن أحمد بن محمد عليش، أبو عبد الله المالكي (المتوفى: 1299هـ)	ShamAY	21614	0.50422
		شرح تشريح القانون لابن سينا	علاء الدين ابن النفيس، علي بن أبي الحزم القرشي (المتوفى: 687هـ)	ShamAY	802	0.50417
		من أحكام الاستسقاء والجنائز	-	ShamelaY19	31280	0.50413
		رسالتان في الصلاة	عبد العزيز بن عبد الله بن باز (المتوفى: 1420هـ)	ShamAY	31261	0.50412
		أحكام الصلاة على الجنازة في المسجد	أبو الفداء زين الدين قاسم بن قُطْلُوْبَغَا السُّوْدُوْنِي (نسبة إلى معتق أبيه سودون الشيخوني) الجمالي الحنفي (المتوفى: 879هـ)	ShamAY	2008	0.50412
		ثبت مؤلفات الألباني	عبد الله بن محمد الشمراني	ShamAY	2237	0.50411
		من خلق الله	الشيخ مالك مهدي السويعدي	Masaha	438	0.50411
		العلمانية وموقف الإسلام منها	حمود بن أحمد بن فرج الرحيلي	Sham19Y	8823	0.5041
		فكرة كمنويلث إسلامي	مالك بن الحاج عمر بن الخضر بن نبي (المتوفى: 1393ه)	Sham19Y	37596	0.50409
		 أعيان الشيعة 	 السيد محسن الأمين 	ABLibrary	77	0.50407
		 مناحل الشفا ومناهل الصفا بتحقيق كتاب شرف المصطفى ( ص ) 	 عبد الملك الخركوشي النيسابوري 	ABLibrary	7587	0.50405
		الإعلام الملتزم بفضيلة زمزم - سلسلة لقاء العشر الأواخر بالمسجد الحرام (25)	أحمد بن علي الأزهري الشافعي (المتوفى: 1179 هـ)	ShamAY	32480	0.50401
		كيف تنجو من كرب الصراط	د. محمد بن إبراهيم النعيم	ShamAY	34929	0.50399
		الدر الفريد في بيان حكم التقليد	أحمد بن محمد الحموي (ت1098هـ)	ShamAY	37517	0.50398
		العرب في صقلية - دراسة في التاريخ والأدب	دكتور إحسان عباس (المتوفى: 1424هـ)	ShamAY	1020	0.50397
		التبتيل في التجويد و الترتيل	حسن عالمي بكتاش	Ghbook	14955	0.50397
		فيض الحجا على نيل الرجا للحاجيني		ShamAY	37472	0.50395
		أثر الوقف في الحياة العلمية بالمدينة	سحر مفتي	ShamAY	38433	0.50394
		بحوث في علم الأصول [ج ٤]	آية الله السيّد محمّد باقر الصدر	Rafed	3921	0.50392
		عباد الله اسلمو تسلموا	جابر بن موسى بن عبد القادر بن جابر أبو بكر الجزائري	ShamAY	11261	0.50391
		بنو إسرائيل في ضوء الإسلام	محمد أمين سليم	ShamAY	9893	0.50387
		أدوات الاستثمار في المصارف الإسلامية - الجزء الأول	عبد الحميد محمود البعلي	ShamAY	36540	0.50387
		شرح جامع الترمذي - الراجحي	عبد العزيز بن عبد الله بن عبد الرحمن الراجحي	Sham19Y	36976	0.50386
		الشباب والفراغ	الواحدي :: ابن جبرين	ShamAY	35039	0.50385
		كشف الغطا عن وجه الربا	عبدالرسول پيماني	Ghbook	16467	0.50379
		التعزير، أحكامه وحدوده	الشيخ لطف الله الصافي الگلپايگاني	Masaha	4890	0.50378
		تراثنا ـ العدد [ 1 ]	مؤسسة آل البيت عليهم السلام لإحياء التراث ـ قم	Rafed	2432	0.50374
		أوضح المسالك إلى ألفية ابن مالك - الجيل	أبو محمد عبدالله جمال الدين بن يوسف بن أحمد بن عبدالله بن هشام الأنصاري	ShamAY	34698	0.50373
		عاصمه الدوله العربيه في عهد العباسيين سامرا	احمد عبد الباقي	Ghbook	11364	0.50369
		أحكام العبادات المترتبة على طلوع الفجر الثاني	ناصر بن محمد بن مشري الغامدي	ShamAY	32127	0.50368
		آية التطهير وعلاقتها بعصمة الائمة	عبدالهادي الحسيني	ShamAY	35297	0.50364
		شرح جامع الترمذي - الراجحي	عبد العزيز بن عبد الله بن عبد الرحمن الراجحي	ShamelaY19	36976	0.50364
		سجود التلاوة معانيه وأحكامه	تقي الدين أبو العباس أحمد بن عبد الحليم بن عبد السلام بن عبد الله بن أبي القاسم بن محمد ابن تيمية الحراني الحنبلي الدمشقي (المتوفى: 728هـ)	ShamAY	11238	0.50362
		يا مسلمون إحذروا الشيعة الإمامية وما تخفي صدورهم أكبر		ShamAY	35322	0.50361
		ظاهرة التقارض في النحو العربي	أحمد محمد عبد الله	ShamAY	23076	0.50359
		في ظلال تسبيح الزهراء عليها السلام	عامر الحلو	Rafed	2726	0.50358
		شرح جامع الترمذي - الراجحي	عبد العزيز بن عبد الله بن عبد الرحمن الراجحي	ShamAY	100	0.50357
		فقه المعاملات	مجموعة من المؤلفين	ShamAY	968	0.50355
		تفصيل الشريعه في شرح تحرير الوسيله : القضاء و الشهادات	محمد فاضل لنكراني	Ghbook	9818	0.50355
		البحث العلمى أساسياته النظرية وممارسته العملية	رجاء وحيد دويدري	ShamAY	8368	0.50353
		حاشيه العروه الوثقي	آيت الله العظمي حسيني	Ghbook	8023	0.50352
		اللآلئ البهية في كيفية الاستفادة من الكتب الحنبلية		ShamAY	37378	0.50345
		المفَصَّلُ في أصولِ التخريجِ ودراسةُ الأسانيدِ	علي بن نايف الشحود	ShamAY	37265	0.50344
		 مباني منهاج الصالحين 	 السيد تقي الطباطبائي القمي 	ABLibrary	9726	0.50343
		لا تغضب	الواحدي :: فالح بن محمد الصغير	ShamAY	34932	0.50341
		الفصول المهمه في معرفه الائمه (الامام العسكري عليه السلام)	ابن صباغ علي بن محمد	Ghbook	6224	0.50341
		المُنَجَّد في اللغة (أقدم معجم شامل للمشترك اللفظي)	علي بن الحسن الهُنائي الأزدي، أبو الحسن الملقب بـ «كراع النمل» (المتوفى: بعد 309هـ)	ShamAY	361	0.5034
		المحلى ت: أحمد شاكر	الواحدي :: ابن حزم	ShamAY	34276	0.5034
		نحن والآخر " دراسة في بعض الثنائيات المتداولة في الفكر العربي الحديث والمعاصر"	محمد راتب الحلاق	ShamAY	33412	0.50337
		الإشراف على مذاهب العلماء لابن المنذر	أبو بكر محمد بن إبراهيم بن المنذر النيسابوري (المتوفى: 319هـ)	ShamAY	31666	0.50337
		هكذا الزواج في الاسلام	آيت الله العظمي سيد محمد حسيني شيرازي	Ghbook	7862	0.50337
		شهر رمضان ـ استقباله ـ قيامه ـ أصناف الناس فيه	الواحدي :: ابن جبرين	ShamAY	35083	0.50333
		مناسك الحج والعمرة في الإسلام في ضوء الكتاب والسنة - مفهوم، وفضائل، ومنافع، وفوائد، وشروط، وأركان، وواجبات، وآداب، ومسائل، وحِكَمٌ، وأحكامٌ	د. سعيد بن على بن وهف القحطاني	ShamAY	1926	0.50332
		بحث عقدي في لفظ السيد	يوسف بن محمد السعيد	ShamAY	9046	0.50326
		الحبائك في أخبار الملائك	عبد الرحمن بن أبي بكر، جلال الدين السيوطي (المتوفى: 911ه)	ShamelaY19	21944	0.50325
		عز الامه الاسلاميه و كرامتها في اهداف الثوره الحسينيه	محمد مهدي آصفي	Ghbook	5969	0.50325
		حُسْنُ السَّمْتِ فِي الصَّمْتِ	عبد الرحمن بن أبي بكر، جلال الدين السيوطي (المتوفى: 911هـ)	ShamAY	362	0.50324
		القواعد الفقهية (منتقي الاصول)	آيت الله العظمي سيد محمد صادق روحاني	Ghbook	10171	0.50322
		الخمس مشروعيه و احكام في الشريعه الاسلاميه	محمد مهدي نجف	Ghbook	11211	0.50321
		التقريرات السنية شرح المنظومة البيقونية في مصطلح الحديث	حسن بن محمد المشاط المالكي (المتوفى: 1399هـ)	ShamAY	5970	0.50314
		تاريخ الخلفاء - مطبعة السعادة	عبد الرحمن بن أبي بكر السيوطي	ShamAY	33820	0.50314
		سكب الرذاذ على سيرة سعد بن معاذ		ShamAY	35823	0.50305
		أحكام الجنائز	عبد الله الطيار	ShamAY	36145	0.50304
		التذكرة بأسباب المغفرة	الواحدي :: عبد الله آل جار الله	ShamAY	34956	0.50299
		غاية المطلوب وأعظم المنة فيما يغفر الله به الذنوب ويوجب الجنة	الواحدي :: ابن الديبع الشيباني	ShamAY	33741	0.50299
		الأصول الستّة عشر	الناشر: منشورات دار الشبستري للمطبوعات	Rafed	552	0.50298
		عاشوراء دروس و عبر	آيت الله العظمي حسيني	Ghbook	8047	0.50298
		صوم عاشورا	الشيخ نجم الدين الطبسي	Masaha	5130	0.50297
		إبصار العين في أنصار الحسين عليه السلام	الشيخ محمد بن طاهر السماوي	Rafed	697	0.50295
		تاريخ اليمن	عماره بن علي عماره يمني	Ghbook	11113	0.50294
		معالم الاقتصاد الإسلامي	ناصر بن محمد الأحمد :: ناصر الأحمد	ShamAY	36277	0.50292
		أحاديث في الفتن والحوادث ط القاسم	محمد بن عبد الوهاب بن سليمان التميمي النجدي (المتوفى: 1206ه)	Sham19Y	7486	0.50292
		جلال الدين السيوطي عصره و حياته و آثاره و جهوده في الدرس اللغوي	طاهر سليمان حموده	Ghbook	4836	0.5029
		نمو الإنسان من مرحلة الجنين إلى مرحلة المسنين	آمال صادق - فؤاد أبو حطب	Sham19Y	11738	0.50288
		يحبهم ويحبونه	أروى عيسى المسملي	ShamAY	34952	0.50285
		الجامع لمفردات الأدوية والأغذية ـ موافقا للمطبوع	ضياء الدين أبي محمد عبد الله بن أحمد الأندلسي المالقي المعروف بابن البيطار	ShamAY	34792	0.50284
		ديوان ابن دريد	ابوبكر محمد بن الحسن بن دريد بن عتاهيه بن خيثم 223 - 321هـ	ShamAY	37867	0.50274
		تهذيب الأسماء واللغات	أبو زكريا محيي الدين يحيى بن شرف النووي (المتوفى: 676هـ)	ShamAY	9702	0.50274
		مستدرك الوسائل [ج ١٤]	الشيخ حسين النوري الطبرسي [ المحدّث النوري ]	Rafed	1210	0.50274
		الحسين (عليه السلام) مصباح الهدي	آيت الله العظمي سيد محمد حسيني شيرازي	Ghbook	7887	0.50273
		التدرج في دعوة النبي	إبراهيم بن عبد الله المطلق	ShamAY	30918	0.50268
		 تحفة الأحباب وبغية الطلاب 	 علي بن أحمد السخاوي 	ABLibrary	9021	0.50267
		حِكْمَةُ الجهادِ في الإسلامِ	الواحدي :: أحمد بن محمد الشرقاوى	ShamAY	36501	0.50266
		تقريب الوصول إلي علم الأصول (مطبوع مع: الإشارة في أصول الفقه)	أبو القاسم، محمد بن أحمد بن محمد بن عبد الله، ابن جزي الكلبي الغرناطي (المتوفى: 741 هـ)	ShamAY	32524	0.50265
		الإهتمام بالسيرة النبوية باللغة الروسية	إلمير بن روفائيل كولييف	Sham19Y	7560	0.50265
		أمل والمخيمات الفلسطينية	عبد الله محمد الغريب	ShamAY	37727	0.50264
		 الكامل في التاريخ 	 ابن الأثير 	ABLibrary	8257	0.50259
		 وضوء عبد الله بن عباس ودور السياسة في اختلاف النقل عنه 	 السيد علي الشهرستاني 	ABLibrary	9660	0.50259
		 بحار الأنوار 	 العلامة المجلسي 	ABLibrary	769	0.50258
		بهجة الناظرين إلى تراجم المتأخرين من الشافعية البارعين	رضي الدين أبو البركات محمد بن أحمد بن عبد الله الغزي العامري الشافعي (المتوفى: 864 ه)	ShamelaY19	20578	0.50252
		فتاوى الرملي	شهاب الدين أحمد بن حمزة الأنصاري الرملي الشافعي (المتوفى: 957ه)	ShamelaY19	21623	0.50251
		العرف الوردي في الاخبار المهدي	جلال الدين عبدالرحمن بن ابي بكر سيوطي	Ghbook	9448	0.5025
		بحوث في علم الأصول [ج ٣]	آية الله السيّد محمّد باقر الصدر	Rafed	3920	0.50249
		ما شاع ولم يثبت في السيرة النبوية	د محمد بن عبد الله العوشن	ShamAY	31585	0.50248
		المسلم في عالم الإقتصاد	مالك بن الحاج عمر بن الخضر بن نبي (المتوفى: 1393هـ)	ShamAY	1047	0.50242
		توضيح المناسك يا دستور حج	محمد حسيني شاهرودي	Ghbook	2151	0.50242
		جسر الجمرات	عبد الله الشمراني	ShamAY	33212	0.50241
		 الجواهر الفخرية في شرح الروضة البهية 	 قدرت الله وجداني فخر 	ABLibrary	9464	0.50241
		الجوانب الإعلامية في خطب الرسول صلى الله عليه وسلم	سعيد بن علي ثابت	ShamAY	31504	0.5024
		مجمع الآداب في معجم الألقاب	كمال الدين أبو الفضل عبد الرزاق بن أحمد المعروف بابن الفوطي الشيباني (المتوفى: 723 هـ)	ShamAY	32700	0.5024
		النَّوادر والزِّيادات على مَا في المدَوَّنة من غيرها من الأُمهاتِ	أبو محمد عبد الله بن (أبي زيد) عبد الرحمن النفزي، القيرواني، المالكي (المتوفى: 386هـ)	ShamAY	1743	0.5024
		 حلية الأبرار في أحوال محمد وآله الأطهار ( ع ) 	 السيد هاشم البحراني 	ABLibrary	7486	0.50237
		الفتاوى والبيانات التي صدرت من اللجنة الدائمة في التحذير من ظاهرة الإرجاء وبعض الكتب الداعية إليه		ShamAY	35488	0.50235
		مواسم العمر لابن الجوزي	جمال الدين أبو الفرج عبد الرحمن بن علي بن محمد الجوزي (المتوفى: 597ه)	ShamelaY19	26678	0.50234
		إبانة المختار في إرث الزوجة من ثمن العقار	شيخ الشريعة الأصفهاني	Masaha	4855	0.50233
		تلخيص كتاب الشعر	أبو الوليد محمد بن أحمد بن محمد بن أحمد بن رشد القرطبي الشهير بابن رشد الحفيد (المتوفى: 595هـ)	ShamAY	33797	0.50228
		رسالة مختصرة في النصوص الصحيحة على امامة الأئمة الإثنى عشر	الميرزا جواد التبريزي	Masaha	285	0.50226
		 الكوثر في أحوال فاطمة بنت النبي الأعظم ( ع ) 	 السيد محمد باقر الموسوي 	ABLibrary	7689	0.50225
		رياض المسائل في تحقيق الأحكام بالدّلائل [ج ٧]	السيد علي بن السيد محمد علي الطباطبائي	Rafed	314	0.50222
		متعه النساء في الكتاب و السنه	آيت الله العظمي جعفر سبحاني	Ghbook	5066	0.50222
		تاريخ المدينة	قطب الدين الحنفي	Rafed	2192	0.50221
		صراع قريش مع النبي صلي الله عليه و آله	علي كوراني	Ghbook	15144	0.5022
		خواص القرآن و فوائده	ضياءالدين اعلمي	Ghbook	4853	0.50218
		لماذا يحاربون القرآن ؟	آيت الله العظمي سيد محمد حسيني شيرازي	Ghbook	7802	0.50217
		 مجموعه هشت كتاب طبى ( مجموعة ثمانية كتب طبية ) 	 جالينوس ( مترجم : حنين بن اسحاق ) 	ABLibrary	9801	0.50212
		السجود علي الارض 	علي احمدي ميانجي	Ghbook	7557	0.50212
		السُنَّة في مواجهة شُبُهات الاستشراق (ضمن بحوث المؤتمر العالمي الثالث للسيرة والسُنَّة النبوية)	أحمد أنور سيد أحمد الجندي (المتوفى: 1422هـ)	ShamAY	129	0.50211
		اللآلئ المنثورة في الأحاديث المشهورة المعروف ب (التذكرة في الأحاديث المشتهرة)	أبو عبد الله بدر الدين محمد بن عبد الله بن بهادر الزركشي الشافعي (المتوفى: 794ه)	Sham19Y	6061	0.5021
		 خطط الشام 	 محمد كرد علي 	ABLibrary	9059	0.5021
		الأحاديث القدسية	جمال محمد علي الشقيري	ShamAY	87	0.50209
		نهي الصحبة عن النزول بالركبة (ومعه أبحاث أخرى في مسألة السجود بتقديم اليدين أم الركبتين)	أبو إسحاق الحويني الأثري حجازي محمد شريف (بحث نهي الصحبة فقط)	Sham19Y	9495	0.50208
		الدرس الصرفي بين ابن حجر العسقلاني في فتح الباري والعيني في عمدة القاري	هدى العبيدي	ShamAY	37098	0.50205
		مقدمة في أصول البحث العلمي وتحقيق التراث	السيد رزق الطويل	ShamAY	7323	0.50202
		من مكارم الاخلاق	آيت الله العظمي سيد محمد حسيني شيرازي	Ghbook	7844	0.50202
		حديث ردالشمس	آيت الله علي حسيني ميلاني	Ghbook	15922	0.50197
		تاريخ الفقه الاسلامي و ادواره	آيت الله العظمي جعفر سبحاني	Ghbook	8999	0.50197
		السيرة النبوية والدعوة في العهد المدني	أحمد أحمد غلوش	ShamAY	921	0.50193
		سيدي خليل وترجيحاته الفقهية من خلال مختصره دراسة مقارنة	دلشاد الزندي	ShamAY	33231	0.50193
		فتح الجليل للعبد الذليل للسيوطي	السيوطي	ShamAY	36815	0.50192
		لمحات تاريخية من حياة ابن تيمية	صالح بن سعيد بن هلابي	ShamAY	23079	0.50191
		الخلاصة في أحكام هجر المسلم	الواحدي :: علي بن نايف الشحود	ShamAY	36077	0.5019
		موسوعة الإجماع في الفقه الإسلامي	مجموعة من المؤلفين	ShamelaY19	32535	0.5019
		الأحاديث القدسية	جمال محمد علي الشقيري	ShamelaY19	36348	0.5019
		موقف العلماء من الفلسفه و العرفان	محمد باقر علم الهدي	Ghbook	16165	0.5019
		البعثه النبويه الشريفه و الدين الاسلامي	آيت الله العظمي سيد محمد حسيني شيرازي	Ghbook	8070	0.50188
		التبشير والاستعمار في البلاد العربية (عرض لجهود المبشرين التي ترمي إلى اخضاع الشرق للاستعمار الغربي)	الدكتور مصطفى خالدي - الدكتور عمر فروخ	ShamAY	31663	0.50186
		تنزيه الأبصار والأفكار في رحلة سلطان زنجار	زاهر بن سعيد	Rafed	2306	0.50184
		محنه الاكثريه في العراق	ناصر حسين ناصر	Ghbook	8090	0.50183
		طبقات الفقهاء الشافعية	عثمان بن عبد الرحمن، أبو عمرو، تقي الدين المعروف بابن الصلاح (المتوفى: 643ه)	Sham19Y	6741	0.50182
		طرق أهل الباطل في نشر الخرافة		ShamAY	35545	0.50177
		بغية المتطوع في صلاة التطوع	محمد بن عمر بن سالم بازمول	ShamAY	9103	0.50175
		 كتاب جالينوس في الأسطقسات على رأي أبقراط 	 جالينوس ( مترجم : حنين بن اسحاق ) 	ABLibrary	9811	0.50175
		المصارحة في أحكام المصافحة	عبد الناصر بن خضر ميلاد	ShamAY	8553	0.50174
		الغيبة	عبد الملك بن محمد القاسم	ShamelaY19	95686	0.50174
		 تاريخ معالم المدينة المنورة قديما وحديثا 	 أحمد ياسين الخياري الحسيني المدني 	ABLibrary	9002	0.50174
		ميراث الزوجة	آيت الله العظمي لطف اللّه صافي گلپايگاني	Ghbook	9154	0.50174
		المُنْجِياتُ منَ النَّار	علي بن نايف الشحود	ShamAY	586	0.50172
		جواهر الفقه	عبد العزيز بن البرّاج الطرابلسي	Rafed	1244	0.50171
		مقدمة ابن الصلاح ومحاسن الاصطلاح	سراج الدين البلقيني	ShamAY	133	0.5017
		الحبائك في أخبار الملائك	عبد الرحمن بن أبي بكر، جلال الدين السيوطي (المتوفى: 911هـ)	ShamAY	21944	0.50168
		إرشاد الحائر إلى معرفة قبيلة فلان في جنوب الجزائر	أبو عبد الله محمد عبد القادر بن محمد بن المختار بن أحمد العالم القبلوي الجزائري المالكي الشهير بالشيخ باي بلعالم (المتوفى: 1430ه)	ShamelaY19	95861	0.50166
		وظيفة الصورة الفنية في القرآن	عبد السلام أحمد الراغب	ShamelaY19	38131	0.50162
		حجة الوداع	آيت الله العظمي جعفر سبحاني	Ghbook	11230	0.50162
		اللمنوع من الصرف في اللغة العربية	الدكتور عبدالعزيز علي سفر	Ghbook	16255	0.50161
		الاسلام وأحداث الحادي عشر من أيلول 2001	زبير سلطان قدوري	ShamAY	37739	0.5016
		أخبار أبي تمام	أبو بكر محمد بن يحيى بن عبد الله الصولي (المتوفى: 335هـ)	ShamAY	515	0.5016
		حديث المصراة	ذيب بن مصري بن ناصر القحطاني	ShamAY	10136	0.50159
		منهاج الصالحين ـ المعاملات [ج ٢]	فتاوى آية الله العظمى السيد علي الحسيني السيستاني	Rafed	154	0.50159
		الأحاديث النبوية في فضائل معاوية بن أبي سفيان	محمد الأمين الشنقيطي	ShamAY	35834	0.50158
		المرأة المسلمة والمكائد الغربية	صالح الرقب	ShamAY	33394	0.50155
		مع الدكتور السالوس في آيه التطهير	آيت الله علي حسيني ميلاني	Ghbook	4816	0.50154
		 تنزيه الأبصار والأفكار في رحلة سلطان زنجبار 	 زاهر بن سعيد 	ABLibrary	9029	0.50153
		انوار الفقاهه - كتاب الطلاق	حسن بن جعفر بن خضر نجفي كاشف الغطاء	Ghbook	12064	0.50153
		سامراء دراسة في النشأة والبنية السكانية	صالح أحمد علي	Masaha	3971	0.50152
		تحرير الأحكام الشرعيّة على مذهب الإماميّة [ج ٤]	الحسن بن يوسف بن علي المطّهر [ العلامة الحلّي ]	Rafed	1928	0.5015
		وصف المحلى	الشريف أبي محمد بن علي الكتاني الأثري	ShamAY	33195	0.50149
		إعراب القرآن الكريم وبيانه [ج ٤]	محيي الدين الدرويش	Rafed	2033	0.50148
		مجمع بحار الأنوار في غرائب التنزيل ولطائف الأخبار	جمال الدين، محمد طاهر بن علي الصديقي الهندي الفَتَّنِي الكجراتي (المتوفى: 986هـ)	ShamAY	31915	0.50147
		تنزيه الأصحاب عن تنقص أبي تراب	حمود بن عبد الله بن حمود بن عبد الرحمن التويجري (المتوفى: 1413هـ)	ShamAY	23067	0.50146
		البحث الدلالي في نظم الدرر في تناسب الآيات والسور للبقاعي (ت 885 هـ)	عزيز سليم علي القريشي	ShamAY	35903	0.50146
		رسالة إلى جار المسجد	أزهري أحمد محمود	Sham19Y	36431	0.50146
		مشروع الحياة من جديد	أ - أسماء الرويشد	ShamAY	36859	0.50145
		 الفتاوى الجديدة 	 الشيخ ناصر مكارم الشيرازي 	ABLibrary	9686	0.50145
		خطر المخدرات	آيت الله العظمي سيد محمد حسيني شيرازي	Ghbook	8078	0.50144
		رسالة في القضاء والقدر	محمد بن صالح بن محمد العثيمين (المتوفى: 1421هـ)	ShamAY	11223	0.50139
		ما شاع ولم يثبت في السيرة النبوية	د محمد بن عبد الله العوشن	ShamelaY19	97932	0.50137
		الفقه والشريعة	-	ShamAY	1916	0.50135
		تاريخ الزواوة	محمد السعيد، أبو يعلى الزواوي (المتوفى: 1373ه)	ShamelaY19	115130	0.50135
		هداية المرتاب وغاية الحفاظ والطلاب في تبيين متشابه الكتاب	علي بن محمد بن عبد الصمد الهمداني المصري الشافعي، أبو الحسن، علم الدين السخاوي (المتوفى: 643ه)	Sham19Y	9831	0.50135
		رسالة في النفس و بقائها و معادها	ابوعلي حسين بن عبدالله ابن سينا	Ghbook	8797	0.50135
		مسألة في توحيد الفلاسفة	الإمام أحمد بن عبد الحليم ابن تيمية (المتوفى: 728 ه)	ShamelaY19	147670	0.50134
		الاسلام و التناسخ 	حسين يوسف مكي عاملي	Ghbook	2717	0.50134
		شَرْحُ كِتَابِ الصِّيَامِ ،وَالاعتِكَافِ ، وَبَابِ زَكاة الفِطْرِ	الواحدي :: ابن جبرين	ShamAY	36353	0.50133
		مقامات الزمخشري - العلمية	أبو القاسم محمود بن عمر الزمخشري	ShamAY	33788	0.5013
		الآداب والأحكام المتعلقة بدخول الحمام	أبو الفداء إسماعيل بن عمر بن كثير القرشي البصري ثم الدمشقي (المتوفى: 774هـ)	ShamAY	6244	0.5013
		الشهادة بالولاية في الأذان	السيّد علي الحسيني الميلاني	Rafed	1560	0.5013
		 في رحاب أهل البيت ( ع ) 	 لجنة بحوث المجمع العالمي لأهل البيت ( ع ) 	ABLibrary	8537	0.50129
		 الذريعة 	 آقا بزرگ الطهراني 	ABLibrary	868	0.50129
		 الضوء اللامع لأهل القرن التاسع 	 شمس الدين السخاوي 	ABLibrary	949	0.50129
		تحفة المحتاج في شرح المنهاج وحواشي الشرواني والعبادي	أحمد بن محمد بن علي بن حجر الهيتمي	ShamAY	9059	0.50128
		إقامة الحجة على العالمين بنبوة خاتم النبيين	---	ShamAY	37417	0.50128
		الحكومه العالميه للامام المهدي عجل الله تعالي فرجه الشريف	آيت الله العظمي ناصرمكارم شيرازي	Ghbook	3282	0.50127
		مستند الشيعه	احمد بن محمدمهدي ملا احمد نراقي	Ghbook	7151	0.50125
		حقيقة ما يُسمى زبور محمد والمطبوع على هيئة المصحف الشريف وكشف منسوبات أخرى	د. ناصر بن عبد الله القفاري	ShamAY	35678	0.50124
		توجيه وتنبيه إلى هواة الصيد ومحبيه	أ. د / عبد الله بن محمد بن أحمد الطيار	ShamAY	11124	0.50121
		العيون الغامزة على خبايا الرامزة	بدر الدين الدَّمَامِيني	ShamAY	5421	0.50119
		الإمام والمؤذن	فؤاد بن عبد العزيز الشلهوب :: فؤاد الشلهوب	ShamAY	36712	0.50117
		نهج البلاغه مرفا الانسانيه المعذبه	حسن شيرازي	Ghbook	7989	0.50117
		روايات اليماني	نجم الدين طبسي	Ghbook	12899	0.50115
		نفحة للخطباء	محمد السند	Ghbook	15229	0.50113
		كشف الغمه ( الامام الحسن المجتبي عليه السلام )	علي بن عيسي اربلي	Ghbook	6089	0.50112
		أثر الملل والنحل القديمة في بعض الفرق المنتسبة إلى الإسلام	الدكتور عبد القادر بن محمد عطا صوفي	ShamAY	12169	0.50111
		رسالة قاعدة «ما يضمن بصحيحه يضمن بفاسده»	السيد علي الموسوي القزويني	Masaha	1622	0.50111
		اللموع فيما يختلف فيه الرجال والنساء من أحكام البيوع	أحمد بن عبد الله العمري	ShamAY	36624	0.5011
		الصحيفه العلويه الجامعه	محمد باقر بن مرتضي موحد ابطحي اصفهاني	Ghbook	9857	0.50109
		المسلك السهل في شرح توشيح ابن سهل	محمد الإفراني (الصغير)	ShamAY	37065	0.50108
		غاية المريد في علم التجويد	عطية قابل نصر	ShamAY	7311	0.50104
		تعظيم الشعائر الفاطميه ( سلام الله عليها )	آيت الله العظمي حسيني	Ghbook	8004	0.50103
		تاريخ أفريقية والمغرب‏	إبراهيم بن قاسم ابن رقيق	Masaha	4657	0.50102
		عوالم العلوم والمعارف والاحوال (الجزء 23) في احوال الامام محمد بن علي الجواد علي...	محمد باقر بن مرتضي موحد ابطحي اصفهاني	Ghbook	15999	0.50101
		التلخيص الحبير في تخريج أحاديث الرافعي الكبير	أبو الفضل أحمد بن علي بن محمد بن أحمد بن حجر العسقلاني (المتوفى: 852ه)	ShamelaY19	21601	0.501
		مستند الشّيعة [ج ٤]	أحمد بن محمّد مهدي النّراقي	Rafed	594	0.501
		بغية الطلب فى تاريخ حلب	عمر بن أحمد بن هبة الله بن أبي جرادة العقيلي، كمال الدين ابن العديم (المتوفى: 660هـ)	ShamAY	10798	0.50097
		الحكومه العالميه للامام المهدي عجل الله تعالي فرجه الشريف	آيت الله العظمي ناصرمكارم شيرازي	Ghbook	8389	0.50095
		تخريج الكلم الطيب	تقي الدين أبو العباس أحمد بن عبد الحليم بن عبد السلام بن عبد الله بن أبي القاسم بن محمد ابن تيمية الحراني الحنبلي الدمشقي (المتوفى: 728ه)	Sham19Y	327	0.50094
		صفة صلاة النبي صلى الله عليه وسلم - العثيمين	محمد بن صالح بن محمد العثيمين (المتوفى: 1421ه)	Sham19Y	21816	0.5009
		الاثناعشرية في الصلاة اليومية	الشيخ البهائي	Masaha	1137	0.5009
		تاريخ الأندلس من الفتح حتّى السقوط	إسماعيل بن إبراهيم بن أمير المؤمنين	Rafed	2220	0.50088
		الشماريخ في علم التاريخ	عبد الرحمن بن أبي بكر، جلال الدين السيوطي (المتوفى: 911هـ)	ShamAY	7650	0.50087
		ديوان أبي العلاء المعري	أحمد بن عبد الله بن سليمان القضاعي التنوخي المعري (363 - 449 هـ)	ShamAY	37816	0.50084
		تحريم التصوير والرد على من أباحه	التويجري، حمود بن عبد الله	ShamAY	36521	0.50083
		المهذّب البارع [ج ٤]	الشيخ جمال الدين أحمد بن محمد بن فهد الحلّي	Rafed	1812	0.50082
		عبرات الامام المهدي ( عجل الله تعالي فرجه الشريف )	آيت الله العظمي حسيني	Ghbook	8016	0.5008
		كتاب الجيم [ج ٢]	أبي عمرو الشيباني	Rafed	3576	0.50079
		علل الغيبه و فلسفتها	محمد هادي يوسفي غروي	Ghbook	6670	0.50076
		الجرح والتعديل بين النظرية والتطبيق	أيمن محمود مهدي	ShamAY	37311	0.50075
		 الجواهر وصفاتها 	 ابن ماسويه ( يوحنا بن ماسوية ) 	ABLibrary	9808	0.50075
		كتاب الناسخ والمنسوخ في القرآن الكريم	أبي جعفر أحمد بن محمّد بن إسماعيل النحّاس [ ابن النحّاس ]	Rafed	1283	0.50074
		أزمة الفهم في الصحوة الإسلامية (التشخيص والعلاج)	يوسف فرحات	ShamAY	33461	0.50073
		وشائج الصلة المتميزة بين مذهبي الإمامين أبي حنيفة ومالك رحمهما الله	أ . د / محمد محروس المدرس الأعظمي	ShamAY	36248	0.50073
		نهي الصحبة عن النزول بالركبة (ومعه أبحاث أخرى في مسألة السجود بتقديم اليدين أم الركبتين)	أبو إسحاق الحويني الأثري حجازي محمد شريف (بحث نهي الصحبة فقط)	ShamAY	9495	0.50072
		هداية المرتاب وغاية الحفاظ والطلاب في تبيين متشابه الكتاب	علي بن محمد بن عبد الصمد الهمداني المصري الشافعي، أبو الحسن، علم الدين السخاوي (المتوفى: 643هـ)	ShamAY	9831	0.5007
		أصول الفقه - أسامة سليمان	أسامة علي محمد سليمان	ShamAY	600	0.50068
		أسماء الناس في المملكة العربية السعودية	أبو أوس إبراهيم الشمسان	ShamAY	37232	0.50067
		مرويات غزوة حنين وحصار الطائف	إبراهيم بن إبراهيم قريبي	ShamAY	1308	0.50067
		شم النسيم ... هل نحتفل؟	شحاتة محمد صقر	ShamelaY19	36160	0.50063
		تهذيب اللغة [ج ٣]	محمّد بن أحمد الأزهري	Rafed	1939	0.50061
		تهذيب اللغة [ج ١٠]	محمّد بن أحمد الأزهري	Rafed	1961	0.50057
		صَحيح القَصَصِ النَّبَوِيِّ (من 1 - 50)	أبو إسحاق الحويني الأثري حجازي محمد شريف	ShamAY	1735	0.50056
		تاريخ الطبري: تاريخ الامم و الملوك	طبري ، ابوجعفر محمد بن جرير بن يزيد ( قرن 3و4 ق ) ( صاحب تاريخ طبري معروف - سني مذهب )	Ghbook	9678	0.50053
		الرسائل العشر في الاحاديث الموضوعه في كتب السنه	آيت الله علي حسيني ميلاني	Ghbook	4782	0.50053
		المقصور والممدود لأبي علي القالي	أبو علي القالي إسماعيل بن القاسم (280 ه - 356 ه).	ShamelaY19	20949	0.50047
		طبقات الفقهاء الشافعية	عثمان بن عبد الرحمن، أبو عمرو، تقي الدين المعروف بابن الصلاح (المتوفى: 643هـ)	ShamAY	6741	0.50046
		المفصل في أحكام الأضحية	حسام الدين بن موسى محمد بن عفانة	Sham19Y	9281	0.50045
		اختلاف الأئمة العلماء	يحيى بن (هُبَيْرَة بن) محمد بن هبيرة الذهلي الشيبانيّ، أبو المظفر، عون الدين (المتوفى: 560هـ)	ShamAY	6228	0.50044
		تاريخ المدينة لقطب الدين الحنفي	قطب الدين النهرواني	ShamAY	38409	0.50044
		 وفاء الوفاء بأخبار دار المصطفى ( ص ) 	 نورالدين علي بن أحمد السمهودي 	ABLibrary	7886	0.50044
		صلح الحديبيه	عفيف نابلسي	Ghbook	5296	0.50043
		جماعة أنصار السنة المحمدية نشأتها - أهدافها - منهجها - جهودها	أحمد محمد طاهر عمر	ShamAY	38794	0.50042
		خطبة الجمعة في الكتاب والسنة	عبد الرحمن بن محمد الحمد	ShamelaY19	31297	0.50038
		الرسول القائد	محمود شيت خطاب	Ghbook	12005	0.50038
		التشريع الجنائي الإسلامي مقارناً بالقانون الوضعي	عبد القادر عودة	ShamAY	9842	0.50037
		بنو إسرائيل في ضوء الإسلام	محمد أمين سليم	Sham19Y	9893	0.50037
		نفحات الازهار في خلاصه عبقات الانوار	آيت الله علي حسيني ميلاني	Ghbook	4758	0.50037
		الأصمعيات اختيار الأصمعي	الأصمعي أبو سعيد عبد الملك بن قريب بن علي بن أصمع (المتوفى: 216هـ)	ShamAY	6905	0.50036
		الامه الاسلاميه و التحديات الكبيره	محمد مهدي آصفي	Ghbook	11215	0.50034
		اتجاهات فكرية معاصرة - جامعة المدينة	مناهج جامعة المدينة العالمية	ShamAY	1075	0.5003
		التصريح بما تواتر في نزول المسيح	محمد أنور شاه بن معظم شاه الكشميري الهندي (المتوفى: 1353ه)	Sham19Y	8575	0.5003
		اختلاف الأئمة العلماء	يحيى بن (هبيرة بن) محمد بن هبيرة الذهلي الشيباني، أبو المظفر، عون الدين (المتوفى: 560ه)	Sham19Y	6228	0.50029
		المقول من ما ليس بمنقول	الواحدي :: وليد السعيدان	ShamAY	35211	0.50028
		بيان عقيدة أهل السنة والجماعة ولزوم اتباعها في ضوء الكتاب والسنة	د. سعيد بن علي بن وهف القحطاني	ShamelaY19	96481	0.50028
		 المواعظ والإعتبار في ذكر الخطط والآثار ( ط لندن ) 	 المقريزي 	ABLibrary	9239	0.50028
		ما وقع في القرآن بغير لغة العرب	أبو شكيب محمد تقي الدين بن عبد القادر الهلالي (المتوفى: 1407هـ)	ShamAY	5136	0.50027
		الخلاص من المسيحية إلى الإسلام		ShamAY	35339	0.50026
		النظر وأحكامه	د.طارق الطواري	ShamAY	36428	0.50026
		 الديباج على مسلم 	 جلال الدين السيوطي 	ABLibrary	882	0.50025
		سلامة الصدر، وخطر الحقد, والحسد, والتباغض, والشحناء, والهجر، والقطيعة - مفهوم، وأسباب، وآداب، وأحكام، وعلاج في ضوء الكتاب والسنة	د. سعيد بن علي بن وهف القحطاني	ShamAY	1844	0.50022
		المفصل في أحكام الأضحية	حسام الدين بن موسى محمد بن عفانة	ShamAY	971	0.5002
		القواعد الفقهية وتطبيقاتها في المذاهب الأربعة	د. محمد مصطفى الزحيلي.	ShamAY	21786	0.50019
		البراءة من البدع و أهلها من أصول أهل السنة و الجماعة	أحمد عبد الكريم نجيب	ShamAY	35469	0.50019
		أحاديث في الفتن والحوادث ط القاسم	محمد بن عبد الوهاب بن سليمان التميمي النجدي (المتوفى: 1206هـ)	ShamAY	7486	0.50019
		 الرحلات المغربية والأندلسية 	 عواطف محمد يوسف نواب 	ABLibrary	9071	0.50018
		القول الحسن في عدد زوجات الامام الحسن عليه السلام	وسام البلداوي	Ghbook	12278	0.50017
		مسألة في توحيد الفلاسفة	الإمام أحمد بن عبد الحليم ابن تيمية (المتوفى: 728 ه)	Sham19Y	147670	0.50016
		الاعجاز العددي في القرآن الكريم	سعيد صلاح الفيومي	Rafed	3245	0.50016
		شرح دعاء قنوت الوتر	محمد بن صالح بن محمد العثيمين (المتوفى: 1421ه)	ShamelaY19	21815	0.50015
		دور المسلم ورسالته في الثلث الأخير من القرن العشرين	مالك بن الحاج عمر بن الخضر بن نبي (المتوفى: 1393ه)	ShamelaY19	21840	0.50014
		ابحاث عقائدية تفسيرية فقهية: امهات الائمة عليهم السلام وزوجاتهم	نجاح الطائي	Ghbook	15946	0.50011
		زيادة الثقة في كتب مصطلح الحديث - دراسة موضوعية نقدية -	حمزة عبد الله المليباري	ShamAY	37277	0.50008
		إتحاف البريّة بأقوال زكيّة من مجموع فتاوى ابن تيميّة	شريف بن علي الراجحي	ShamAY	37653	0.50006
		تهذيب الأسماء واللغات - ط العلمية = التراجم	أبو زكريا محيي الدين يحيى بن شرف النووي (المتوفى: 676هـ)	ShamAY	38020	0.50006
		الكفارات أحكام وضوابط	د. عبد الرقيب صالح محسن الشامي	ShamelaY19	132388	0.50006
		تعليقات الفصول في الأصول [ج ٣]	محمّد حسين بن عبد الرحيم الحائري الإصفهاني	Rafed	3875	0.50005
		بحار الأنوار [ج ١]	الشيخ محمّد باقر بن محمّد تقي المجلسي	Rafed	493	0.50004
		تيسير أحكام الحيض	محمد حسن عبد الغفار	ShamAY	711	0.50003
		فقه المعاملات المعاصرة	محمد حسن عبد الغفار	ShamelaY19	37700	0.50003
		الآفة القديمة والشبهة الأثيمة (مصادمة النص بالقياس)	وليد السعيدان	ShamAY	37553	0.50001
		تاريخ أفريقية والمغرب	رقيق القيرواني	Rafed	2215	0.50001
		المؤتلف من المختلف بين أئمّة السلف [ج ٢]	فضل بن الحسن الطبرسي	Rafed	1403	0.5
		الموسوعة القرآنيّة خصائص السور [ج ١١]	الناشر: دار التقريب بين المذاهب الإسلامية	Rafed	3742	0.49999
		موسوعة الإمام الخوئي [ج ٢٩]	السيّد محمّد رضا الموسوي الخلخالي	Rafed	1646	0.49998
		التذكرة في الفقه الشافعي لابن الملقن	ابن الملقن سراج الدين أبو حفص عمر بن علي بن أحمد الشافعي المصري (المتوفى: 804ه)	ShamelaY19	21553	0.49997
		التقادم في مسألة وضع اليد	اللجنة الدائمة للبحوث العلمية والإفتاء	ShamAY	36670	0.49994
		كتاب العين [ج ٥]	الخليل بن أحمد الفراهيدي	Rafed	2835	0.49994
		الصحيح من سيرة النبي الأعظم صلّى الله عليه وآله [ج ١٦]	السيد جعفر مرتضى العاملي	Rafed	2508	0.49991
		الصوم في السفر	المجمع العالمي لاهل البيت عليهم السلام	Ghbook	7574	0.49991
		شرح تشريح القانون - موافق للمطبوع	أبو الحسن علاء الدين بن أبي الحزم القرشي المعروف بابن النفيس	ShamAY	34791	0.4999
		منهج الإمام أحمد في إعلال الأحاديث	بشير علي عمر	ShamAY	7254	0.49985
		الحجة على تارك المحجة (وهو شرح عقيدة الإمام الحافظ محمد بن طاهر المقدسي)	الحافظ محمد بن طاهر المقدسي بن القسيراني (507 هـ)	ShamAY	33885	0.49982
		من ماساه بلاد المسلمين	آيت الله العظمي سيد محمد حسيني شيرازي	Ghbook	7842	0.49981
		تفسير فرات الكوفي‏	فرات بن إبراهيم‏ الكوفي	Masaha	4578	0.49981
		عدم تحريف القرآن	السيد علي الحسيني الميلاني	Masaha	339	0.49978
		النقول الصريحة شرح حديث الدين النصيحة	أبو يوسف محمد زايد	ShamAY	35957	0.49977
		معالجه الامراض النفسيه	آيت الله العظمي سيد محمد حسيني شيرازي	Ghbook	7825	0.49977
		مشارق الأنوار الوهاجة ومطالع الأسرار البهاجة في شرح سنن الإمام ابن ماجه	محمد بن علي بن آدم بن موسى	ShamAY	32195	0.49974
		خلاصة الجواهر الزكية في فقه المالكية	أحمد بن تركي بن أحمد المنشليلي المالكي (المتوفى: 979ه)	Sham19Y	37064	0.49974
		تنبيهات على رسالتين للشيخ أبي بكر الجزائري	حمود بن عبد الله بن حمود بن عبد الرحمن التويجري (المتوفى: 1413هـ)	ShamAY	32257	0.49973
		زكاة الحلي في الفقه الإسلامي	الواحدي :: عبد الله الطيار	ShamAY	36157	0.49972
		مرآة الجنان وعبرة اليقظان في معرفة ما يعتبر من حوادث الزمان	أبو محمد عفيف الدين عبد الله بن أسعد بن علي بن سليمان اليافعي (المتوفى: 768هـ)	ShamAY	9091	0.49971
		مجالس العلماء للزجاجي	عبد الرحمن بن إسحاق البغدادي النهاوندي الزجاجي، أبو القاسم (المتوفى: 337ه)	ShamelaY19	26676	0.49971
		الإعلام الملتزم بفضيلة زمزم - سلسلة لقاء العشر الأواخر بالمسجد الحرام (25)	أحمد بن علي الأزهري الشافعي (المتوفى: 1179 ه)	Sham19Y	17806	0.49969
		 رد الشوبري على الوهابية 	 محمد الشوبري 	ABLibrary	899	0.49966
		الاعتصام بالله سبيل النجاة	أنور بن أهل الله	Sham19Y	37584	0.49965
		عظم المنة في رؤية المؤمنين ربهم في الجنة		ShamAY	35554	0.49964
		قاعدة الفراغ والتجاوز	السيد محمود الهاشمي الشاهرودي	Masaha	4033	0.49962
		حياة الصحابة	محمد يوسف بن محمد إلياس بن محمد إسماعيل الكاندهلوي (المتوفى: 1384هـ)	ShamAY	8528	0.49958
		منية السول في تفضيل الرسول (صلى الله عليه وسلم)	أبو محمد عز الدين عبد العزيز بن عبد السلام بن أبي القاسم بن الحسن السلمي الدمشقي، الملقب بسلطان العلماء (المتوفى: 660ه)	ShamelaY19	30051	0.49957
		إمام الأئمة الفقهاء أبو حنيفة النعمان	الدكتور صلاح محمد أبو الحاج	ShamAY	35848	0.49956
		 أوراد الشيخ الاكبر ( جواهر الدور الأعلى الشريف ) 	 ابن عربي 	ABLibrary	8744	0.49955
		سيره الائمه ( عليهم السلام ) باسلوب قصصي ميسر - الامام الباقر ( عليه السلام )	محمد رضا عباس محمد دباغ	Ghbook	6285	0.49955
		الحلقة الثّالثة في أسلوبها الثّاني [ج ٢]	الشيخ محمّد باقر الإيرواني	Rafed	773	0.49954
		فقه اللغة وسر العربية	عبد الملك بن محمد بن إسماعيل أبو منصور الثعالبي (المتوفى: 429هـ)	ShamAY	11235	0.49952
		حقيقة الجهاد في سبيل الله ومحرمة الخروج على حاكم المسلمين	جابر بن موسى بن عبد القادر بن جابر أبو بكر الجزائري	Sham19Y	11163	0.49952
		تاريخ الزواوة	محمد السعيد، أبو يعلى الزواوي (المتوفى: 1373هـ)	ShamAY	31792	0.49951
		الوجيز في الامامه و الولايه	احمد حسين يعقوب اردني	Ghbook	4555	0.49951
		الأمر بالمعروف والنهي عن المنكر في ضوء الكتاب والسنة	سليمان بن عبد الرحمن الحقيل	ShamelaY19	30911	0.49949
		 الشامل في الصناعة الطبية 	 ابن النفيس 	ABLibrary	9915	0.49946
		التغني بالقرآن	لبيب السعيد	ShamAY	34091	0.49944
		تاريخ معالم المدينة المنورة قديماً و حديثاً	احمد ياسين خياري	Masaha	3233	0.49942
		آثار تعليم القرآن على واقع المجتمع ـ طارق الفياض	طارق الفياض	ShamAY	36762	0.49941
		الرحلة التتويجية لعاصمة البلاد الإنجليزية	الحسن بن محمد بن الغسال الطنجي (المتوفى: 1358ه)	ShamelaY19	38159	0.49939
		صرخه النور - حكايه الملحمه التي سطرتها السيده الزهراء ( عليها السلام )	مهدي خداميان آراني	Ghbook	9580	0.49939
		المصباح المنير في غريب الشرح الكبير للرافعي	احمد بن محمد بن علي مقري فيومي	Ghbook	8170	0.49935
		الموطأ لمالك بن أنس رواية عبد الرحمن بن القاسم (أبواب البيوع)	مالك بن أنس الأصبحي	ShamAY	33991	0.49934
		أحاديث الإستمناء رواية ودراية	يوسف ميغا	ShamAY	36651	0.49932
		ابطال ما استدلّ به لإمامة أبي بكر	السيّد علي الحسيني الميلاني	Rafed	179	0.49931
		 العقد الثمين في تاريخ البلد الأمين 	 محمد بن أحمد الفاسي 	ABLibrary	9144	0.4993
		اللآلئ المنثورة في الأحاديث المشهورة المعروف بـ (التذكرة في الأحاديث المشتهرة)	أبو عبد الله بدر الدين محمد بن عبد الله بن بهادر الزركشي الشافعي (المتوفى: 794هـ)	ShamAY	1413	0.49929
		مجلس في فضل يوم عرفة لابن ناصر الدين	ابن ناصر الدين (842 هـ)	ShamAY	33589	0.49926
		تاج العروس [ج ١٩]	محبّ الدين أبي فيض السيد محمّد مرتضى الحسيني الواسطي الزبيدي الحنفي	Rafed	1611	0.49921
		البقيع الغرقد	آيت الله العظمي سيد محمد حسيني شيرازي	Ghbook	8076	0.4992
		مرآة العقول [ج ٢٠]	الشيخ محمّد باقر بن محمّد تقي المجلسي	Rafed	1073	0.49919
		اسس النظام السياسي عند الاماميه	محمد السند	Ghbook	8403	0.49919
		كتاب الأفعال [ج ١]	أبي عثمان سعيد بن محمد المعافري السرقسطي	Rafed	2658	0.49917
		ذم القضاء وتقلد الأحكام	عبد الرحمن بن أبي بكر، جلال الدين السيوطي (المتوفى: 911ه)	ShamelaY19	36040	0.49916
		اللحية لماذا؟	محمد بن أحمد بن إسماعيل المقدم	ShamelaY19	98135	0.49915
		صلاة المؤمن - مفهوم، وفضائل، وآداب، وأنواع، وأحكام، وكيفية في ضوء الكتاب والسنة	د. سعيد بن علي بن وهف القحطاني	ShamelaY19	96550	0.49915
		منهجية التأليف في السيرة عند ابن كثير	عبد الرحمن بن علي السنيدي	ShamAY	12103	0.49912
		حياة الصحابة	محمد يوسف بن محمد إلياس بن محمد إسماعيل الكاندهلوي (المتوفى: 1384ه)	Sham19Y	8528	0.49912
		مستويات السرد الإعجازي في القصة القرآنية		ShamAY	36876	0.49911
		مناظرة بين الإسلام والنصرانية	مثل الجانب الإسلامي في المناظرة كل من الشيخ الدكتور محمد جميل غازي والأستاذ إبراهيم خليل أحمد واللواء المهندس أحمد عبد الوهاب	ShamAY	22397	0.49911
		المغني عن حمل الأسفار في الأسفار، في تخريج ما في الإحياء من الأخبار (مطبوع بهامش إحياء علوم الدين)	أبو الفضل زين الدين عبد الرحيم بن الحسين بن عبد الرحمن بن أبي بكر بن إبراهيم العراقي (المتوفى: 806ه)	Sham19Y	21550	0.49911
		رد اعتبار الجامع الصغير	الامام الحافظ أبي الفضل عبد الله الصديق الغماري	ShamAY	34211	0.4991
		معتمد الشيعة في أحكام الشريعة	الشيخ محمد مهدي النراقي	Masaha	1539	0.49909
		 فقه الأعذار الشرعية والمسائل الطبية من صراط النجاة ( تعليقات ميرزا جواد التبريزي ) 	 السيد الخوئي 	ABLibrary	9431	0.49907
		الامام الصادق ( عليه السلام ) محيي السنه النبويه	مرتضي عسكري	Ghbook	4984	0.49907
		فتح مفرج الكرب	الواحدي :: الأنصاري، زكريا	ShamAY	34500	0.49906
		رسالة إلى الغرب - هذا هو محمد الرسول الذي يعظّمه المسلمون		ShamAY	35539	0.49905
		سعد السعود	سيد رضي الدين علي بن موسي بن طاووس ابن طاووس	Ghbook	2572	0.49904
		مواقف الصحابة - رضي الله عنهم - في الدعوة إلى اللَّه تعالى	د. سعيد بن علي بن وهف القحطاني	ShamAY	1894	0.49903
		التوحيد للناشئة والمبتدئين	عبد العزيز بن محمد بن علي آل عبد اللطيف	Sham19Y	30800	0.49902
		الإنجيل المُحَرَّف يُهين المسيح!!		ShamAY	35332	0.49899
		موارد الظمآن إلى زوائد ابن حبان ت حسين أسد	أبو الحسن نور الدين علي بن أبي بكر بن سليمان الهيثمي (المتوفى: 807هـ)	ShamAY	31618	0.49898
		كتاب الحج من المسائل المتستخرجة من الأسمعة مما ليس في المدونة	محمد بن أحمد بن عبد العزيز الأموي القرطبي الأندلسي، أبو عبد الله المالكي (المتوفى: 255هـ)	ShamAY	26923	0.49897
		مئة دليل ودليل على وقوع الطلاق الثلاث ثلاثاً بالدليل	الدكتور صلاح محمد أبو الحاج	ShamAY	36365	0.49897
		بحوث في علم الأصول [ج ١]	آية الله السيّد محمّد باقر الصدر	Rafed	3918	0.49897
		مستند الشّيعة [ج ١]	أحمد بن محمّد مهدي النّراقي	Rafed	587	0.49897
		كتابة الحديث في عهد النبي صلى الله عليه وسلم بين النهي والإذن	ناصر بن إبراهيم العبودي	ShamAY	11346	0.49896
		 تاريخ أرض الإسلام 	 كزاوييه دو بلانهول 	ABLibrary	8980	0.49895
		الغصن الداني في ترجمة وحياة الشيخ عبد الرحمن التنلاني	أبو عبد الله محمد عبد القادر بن محمد بن المختار بن أحمد العالم القبلوي الجزائري المالكي الشهير بالشيخ باي بلعالم (المتوفى: 1430ه)	ShamelaY19	96179	0.49894
		إتحاف السائل بما لفاطمة من المناقب والفضائل	محمّد بن عبدالله الأكراوي القلشقندي الشافعي	Rafed	2634	0.49894
		خبايا الزوايا	أبو عبد الله بدر الدين محمد بن عبد الله بن بهادر الزركشي الشافعي (المتوفى: 794هـ)	ShamAY	6133	0.49893
		تعليقات الفصول في الاصول	احمد شيرازي	Ghbook	12036	0.4989
		التلخيص الحبير في تخريج أحاديث الرافعي الكبير	أبو الفضل أحمد بن علي بن محمد بن أحمد بن حجر العسقلاني (المتوفى: 852ه)	Sham19Y	21601	0.49889
		المصطفى من أذكار المصطفى صلى الله عليه وسلم	خالد بن محمد الدبيخي	ShamAY	35004	0.49888
		مسند الإمام الكاظم أبي الحسن موسى بن جعفر(ع) - الجزء1	عزيز الله عطاردي‏	Masaha	2470	0.49888
		الأقوال في القرآن		ShamAY	36864	0.49885
		إحقاق الحقّ وإزهاق الباطل [ج ٥]	السيّد نور الله الحسيني المرعشي التستري	Rafed	2715	0.49885
		قادة الغرب يقولون «دمروا الإسلام أبيدوا أهله».	جلال العالم = عبد الودود يوسف الدمشقي (المتوفى: 1403ه)	Sham19Y	37595	0.49881
		إدراك الركعة والجماعة والجمعة	محمد بن إبراهيم الغامدي	ShamAY	12139	0.4988
		الخشوع في الصلاة .. حقيقته وأسبابه	أبو عبد الله الخطيب	ShamAY	35156	0.49878
		الذات الإلهية وفق المفهوم الفلسفي	مالك مهدي خلصان	Masaha	244	0.49878
		سلسلة القبائل العربية في العراق	علي كوراني	Ghbook	15266	0.49877
		رسالة في الشاي والقهوة والدخان	محمد جمال الدين بن محمد سعيد بن قاسم الحلاق القاسمي (المتوفى: 1332ه)	ShamelaY19	37486	0.49875
		ربع قرن مع العلامه الاميني	حسين الشاكري	Ghbook	7081	0.49874
		مقدمات في علم مقالات الفرق	محمد بن خليفة بن علي التميمي	ShamAY	12080	0.49873
		التبشير بالتشيع	مصطفى الأزهري	ShamAY	35289	0.49872
		تاج العروس [ج ٢٠]	محبّ الدين أبي فيض السيد محمّد مرتضى الحسيني الواسطي الزبيدي الحنفي	Rafed	1612	0.49872
		ينبوع الفتن والأحداث الذي ينبغي على الأمة معرفته ثم ردمه	ربيع بن هادي المدخلي	ShamAY	33045	0.4987
		ابانه المختار في ارث الزوجه من ثمن العقار	فتح اللّٰه بن محمد جواد نمازي (شيخ الشريعه)	Ghbook	11274	0.4987
		حكم الاضحيه في عصرنا	آيت الله العظمي ناصرمكارم شيرازي	Ghbook	3281	0.49869
		حزب الله اللبناني في الميزان	علي بن نايف الشحود	ShamAY	33272	0.49868
		تفضيل الائمه عليهم السلام علي الانبياء عليهم السلام	آيت الله علي حسيني ميلاني	Ghbook	4539	0.49867
		الشافي العي على مسند الشافعي للسيوطي - دراسة وتحقيق	السيوطي	ShamAY	35950	0.49866
		التجري	سيد جعفر حسيني شيرازي	Ghbook	16075	0.49866
		تاريخ العرب وحضارتهم في الأندلس	د خليل إبراهيم السامرائي - د عبد الواحد ذنون طه - د ناطق صالح مصلوب	ShamAY	192	0.49864
		تعليقه علي كتاب سبيل النجاه	قاسم علي احمدي	Ghbook	16319	0.49864
		أثر مشكلتي الاختلاط والمنهاج التعليمي على تعليم الفتاة المسلمة في الجامعات الأردنية	فاطمة محمد رجا مناصره	ShamAY	37706	0.49862
		إمتاع الأسماع بما للنبي من الأحوال و الأموال و الحفدة و المتاع‏ - الجزء1	تقي الدين المقريزي‏	Masaha	1864	0.49862
		حكم الإسلام في العملاء والجواسيس	صالح الرقب	ShamAY	36506	0.49861
		معالم الدين في فقه آل ياسين [ج ٢]	شمس الدين محمد بن شجاع القطان الحلّي	Rafed	1349	0.49861
		أسلوب التعليل في اللغة العربية	أحمد خضير عباس	ShamAY	37231	0.49859
		 أخبار نيل مصر 	 شهاب الدين بن العماد الأقفهسي 	ABLibrary	8927	0.49859
		منهج ودراسات لآيات الأسماء والصفات (ضمن «المحاضرات» المطبوعة بـ «بآثار الشنقيطي»)	محمد الأمين بن محمد المختار الجكني الشنقيطي (1325 - 1393)	ShamAY	38836	0.49858
		تفرد الثقة بالحديث	إبراهيم اللاحم	ShamAY	37272	0.49855
		من الهدي النبوي في تربية البنات	محمد بن يوسف عفيفي	ShamAY	3561	0.49853
		تاريخ معالم المدينة المنورة قديماً وحديثاً	أحمد ياسين الخياري	Masaha	4660	0.49853
		المحلى بالآثار	أبو محمد علي بن أحمد بن سعيد بن حزم الأندلسي القرطبي الظاهري (المتوفى: 456ه)	Sham19Y	767	0.49852
		رعاية الرسول - صلى الله عليه وسلم - للضعفاء	محمد مسعد ياقوت	ShamAY	36110	0.49848
		 نهر الذهب في تاريخ حلب 	 الغزي 	ABLibrary	9309	0.49847
		إزالة الشبهة عن حديث التربة	عبد القادر بن حبيب الله السندي	ShamelaY19	22821	0.49845
		أحكام ولد الزنا	إبراهيم القصير	ShamAY	36221	0.49844
		المنهل العذب	آيت الله العظمي سيد محمد حسيني شيرازي	Ghbook	7848	0.49842
		مختصر التبيين لهجاء التنزيل	أبو داود، سليمان بن نجاح بن أبي القاسم الأموي بالولاء، الأندلسي (المتوفى: 496ه)	ShamelaY19	29988	0.4984
		 مصباح الفقاهة ( ط أنصاريان ) 	 تقرير بحث السيد الخوئي للتبريزي 	ABLibrary	9437	0.49839
		تفنيد الشبهات حول ميراث المرأة في الإسلام	أبو عاصم الشحات شعبان محمود عبد القادر البركاتي المصري	ShamelaY19	96270	0.49837
		مذكرات دالكوركي	كنياز دالگوركي	Ghbook	7038	0.49837
		البيان والإعراب عما بأرض مصر من الأعراب	أحمد بن علي بن عبد القادر، أبو العباس الحسيني العبيدي، تقي الدين المقريزي (المتوفى: 845هـ)	ShamAY	9226	0.49836
		 الشامل في الصناعة الطبية 	 ابن النفيس 	ABLibrary	9907	0.49836
		البلدانيّات	شمس الدين محمّد بن عبد الرحمن السخاوي [ السخاوي ]	Rafed	2135	0.49835
		الدّرّة الثّمينة في أخبار المدينة	أبي عبد الله محمّد بن محمود بن النجّار البغدادي	Rafed	2207	0.49835
		الاستشراق والمُسْتَشْرِقُونَ ما لهم وما عليهم	مصطفى بن حسني السباعي (المتوفى: 1384هـ)	ShamAY	642	0.49831
		التعريف بنبي الرحمة صلى الله عليه وآله وسلم	أبو مالك، ثائر سلامة	ShamAY	249	0.49831
		إيضاح ما ورد في قرار المجمع الفقهي الخاص بمواقيت الصلاة في البلدان الواقعة بين خطي عرض 48, 66 شمالاً وجنوباً	حسين حامد	ShamAY	36699	0.49828
		سفرنامه ناصرخسرو	ناصرخسرو	Ghbook	7089	0.49827
		بغية الراوي في ترجمة الإمام النواوي	الإمام كمال الدين أبي عبد الله محمد بن محمد بن عبد الرحمن الشافعي المعروف بابن إمام الكاملية (874 هـ)	ShamAY	34635	0.49822
		 الحج في الشريعة الإسلامية الغراء 	 الشيخ السبحاني 	ABLibrary	9561	0.49822
		رباعيات الخيام	غياث الدين أبو الفتح عمر بن إبراهيم الخيام (المتوفى: 515ه)	Sham19Y	12857	0.49821
		خلاصة الجواهر الزكية في فقه المالكية	أحمد بن تُرْكي بن أحمد المنشليلي المالكي (المتوفى: 979هـ)	ShamAY	453	0.49815
		الموسوعة في صحيح السيرة النبوية - العهد المكي	أبو إبراهيم، محمد إلياس عبد الرحمن الفالوذة	ShamelaY19	123671	0.49814
		المهذّب البارع [ج ٢]	الشيخ جمال الدين أحمد بن محمد بن فهد الحلّي	Rafed	1807	0.49813
		كتابة الحديث بين النهي والإذن	أحمد بن محمد حميد	Sham19Y	11345	0.49809
		الصدف الحاوي لدرر عقيدة الإمام الطحاوي	أبو مريم حمزة بن عثمان الأنصاري	ShamelaY19	133375	0.49807
		بهجة النفوس والأسرار [ج ١]	الشيخ أبي محمّد عفيف الدين عبد الله بن عبد الملك المرجاني	Rafed	2177	0.49805
		منهج ودراسات لآيات الأسماء والصفات	محمد الأمين بن محمد المختار بن عبد القادر الجكني الشنقيطي (المتوفى: 1393هـ)	ShamAY	6452	0.49804
		مرويات الإمام الزهري في المغازي	محمد بن محمد العواجي	ShamAY	2700	0.49802
		مجمع الأفكار ومطرح الأنظار [ج ٤]	محمد علي الإسماعيل پور الشهرضائي	Rafed	3790	0.49802
		المقالات والفرق	سعد بن عبدالله أبي خلف الأشعري القمي	Rafed	3816	0.49802
		العمالة الأجنبية وأثرها الاجتماعي والسياسي على منطقة الخليج العربي	عبد الرحمن باعشن	ShamAY	37736	0.49796
		رحلة الكابتن فلوير	ارنست فلوير	Ghbook	9512	0.49796
		المختصر النصيح في تهذيب الكتاب الجامع الصحيح	المهلب بن أحمد بن أبي صفرة أسيد بن عبد الله الأسدي الأندلسي، المريي (المتوفى: 435ه)	ShamelaY19	37837	0.49795
		كتاب العين [ج ٦]	الخليل بن أحمد الفراهيدي	Rafed	2842	0.49793
		وفاء الوفا بأخبار دار المصطفى [ج ٣]	نور الدين علي بن أحمد السّمهودي	Rafed	2520	0.49787
		أحكام التيمم	يحي الحجوري	ShamAY	36464	0.49786
		 تاريخ افريقية والمغرب 	 الرقيق القيرواني 	ABLibrary	8983	0.49786
		أخطاء يرتكبها بعض الحجاج	محمد بن صالح بن محمد العثيمين (المتوفى: 1421ه)	ShamelaY19	21792	0.49784
		العدل في التعدد بين الزوجات	أبو محمد عبد الله بن محمد بن أحمد الطيار	ShamAY	36151	0.49779
		إفادة الخبر بنصه في زيادة العمر ونقصه	عبد الرحمن بن أبي بكر، جلال الدين السيوطي (المتوفى: 911ه)	ShamelaY19	37466	0.49779
		السّجود	الشيخ داود سلمان الربيعي	Rafed	767	0.49775
		الإقناع في القراءات السبع	أحمد بن علي بن أحمد بن خلف الأنصاري الغرناطي، أبو جعفر، المعروف بابن البَاذِش (المتوفى: 540هـ)	ShamAY	10017	0.49774
		 الموجز في الطب 	 ابن النفيس 	ABLibrary	9944	0.4977
		تنبيه الإخوان على الأخطاء في مسألة خلق القرآن	حمود بن عبد الله بن حمود بن عبد الرحمن التويجري (المتوفى: 1413هـ)	ShamAY	32260	0.49766
		علاقة المعسكر النصراني الصليبي بالمسلمين عبر التاريخ ومنطلقاتها الأساسية	زهير الخالد	ShamAY	4548	0.49765
		 عمدة الطبيب في معرفة النبات 	 أبي الخير الإشبيلي 	ABLibrary	9873	0.49765
		أحكام الجنائز - مفهوم، واغتنام، ومواعظ، وآداب، وحقوق وصبر، واحتساب، وفضائل، وأحكام في ضوء الكتاب والسنة	د. سعيد بن على بن وهف القحطاني	ShamAY	1800	0.49763
		مشكله تعويم الاجتهاد في الفقه والعقائد	علي كوراني	Ghbook	7709	0.49763
		الإعلام بتخيير المصلي بمكان وضع اليدين بعد تكبيرة الإحرام	خالد الشايع	ShamAY	36185	0.4976
		أسباب التعدد في التحليل النحوي	د. محمود حسن الجاسم	ShamAY	35914	0.49757
		التلخيص الحبير في تخريج أحاديث الرافعي الكبير	أبو الفضل أحمد بن علي بن محمد بن أحمد بن حجر العسقلاني (المتوفى: 852هـ)	ShamAY	21601	0.49756
		ملحمة حر «ديوان»	عبد الحميد محمد محمد حسين ضحا	ShamAY	2064	0.49753
		تحريف القرآن عند الشيعة .. تهمة باطلة .. أم حقيقة ثابتة؟	طه الدليمي	ShamAY	37803	0.49748
		خلاصة التأصيل لعلم الجرح والتعديل	حاتم بن عارف بن ناصر الشريف العوني	ShamAY	12829	0.49747
		نخبة الفكر - دراسة عنها وعن منهجها	إبراهيم بن محمد نور سيف	ShamAY	4134	0.49746
		شبهة حول حروب الردة والفتوحات الإسلامية	أبو عبد الله الذهبي	ShamAY	37145	0.49746
		المغني عن حمل الأسفار في الأسفار، في تخريج ما في الإحياء من الأخبار (مطبوع بهامش إحياء علوم الدين)	أبو الفضل زين الدين عبد الرحيم بن الحسين بن عبد الرحمن بن أبي بكر بن إبراهيم العراقي (المتوفى: 806هـ)	ShamAY	21550	0.49742
		الشامل في فقه الإمام مالك	بهرام بن عبد الله الدَّمِيرِيّ (805 هـ)	ShamAY	34233	0.49741
		 كتاب الجيم 	 أَبو عمرو الشيبانى الكوفي 	ABLibrary	7940	0.4974
		القواعد الشرعية في المسائل الطبية	الواحدي :: وليد السعيدان	ShamAY	36135	0.49739
		نشأة الإسناد وشموله	قاسم علي سعد	ShamAY	37357	0.49738
		الخطابة عند العرب	محمد الخضر حسين (المتوفى: 1377 ه)	ShamelaY19	18428	0.49736
		إرشاد الأبرار إلى تخريج أحاديث المختار	حسني محمد العطار	ShamAY	33049	0.49734
		الإفصاح في فقه اللغة	حسين يوسف موسى (المتوفى: .... ) - عبد الفتاح الصّعيدي (المتوفى: 1391 هـ)	ShamAY	34673	0.49734
		العدة شرح العمدة [وهو شرح لكتاب عمدة الفقه، لموفق الدين بن قدامة المقدسي]	عبد الرحمن بن إبراهيم بن أحمد، أبو محمد بهاء الدين المقدسي (المتوفى: 624هـ)	ShamAY	34263	0.49734
		موسوعة تاريخ العراق بين احتلالين‏  - الجزء1	عباس العزاوي	Masaha	3759	0.49734
		نونية القحطاني - مكتبة السوادي	أبو محمد عبدالله بن محمد الأندلسي	ShamAY	33880	0.49731
		الكشف والبيان [ج ١٠]	أبو إسحاق أحمد [ الثّعلبي ]	Rafed	1673	0.49727
		سماحة الإسلام في معاملة غير المسلمين	د. عبد الله بن إبراهيم اللحيدان	ShamAY	1197	0.49725
		تاريخ الأمم و الملوك‏‏‏ - الجزء1	ابن جرير الطبري	Masaha	1963	0.49724
		التاريخ عند ابن أبي شيبة	سليمان بن سليم الله الرحيلي	ShamAY	8801	0.49722
		الاختيارات الفقهية لشيخ الإسلام ابن تيمية لدى تلاميذه	سامي بن جاد الله	ShamelaY19	132619	0.4972
		الرّحلة الآنوريّة إلى الأصقاع الحجازيّة والشاميّة	محمّد كرد علي	Rafed	2291	0.49719
		القاضي عياض ومفهومه للإعجاز القرآني	أحمد جمال العمري	ShamAY	8858	0.49718
		 الكامل في التاريخ 	 ابن الأثير 	ABLibrary	8256	0.49718
		القول الأحمد في أحكام في حرمة المسجد	عبد الله بن معتق السهلي	ShamAY	12143	0.49716
		نظره في كتاب الوشيعه لموسي جارالله	عبدالحسين اميني ( علامه اميني )	Ghbook	10923	0.49716
		موسوعة كشّاف إصطلاحات الفنون والعلوم [ج ٢]	محمّد علي التهانوي	Rafed	3030	0.49715
		الخمس في الكتاب والسنه	آيت الله العظمي جعفر سبحاني	Ghbook	5045	0.49714
		الإسلام بين جهل أبنائه وعجز علمائه	عبد القادر عودة (المتوفى: 1373ه)	ShamelaY19	37613	0.49711
		كشف الحال في وصف الخال	صلاح الدين خليل بن أيبك الصفدي (المتوفى: 764ه)	Sham19Y	5393	0.49706
		آراء علماء السنه في الوهابيه	مرتضي رضوي	Ghbook	7504	0.49706
		إجلاء الحقيقة في سيرة عائشة الصديقة	ياسين الخليفة الطيب المحجوب	ShamelaY19	36047	0.49705
		الإشراف على مذاهب العلماء لابن المنذر	أبو بكر محمد بن إبراهيم بن المنذر النيسابوري (المتوفى: 319ه)	ShamelaY19	119492	0.497
		 مسند الإمام الكاظم ( ع ) 	 الشيخ عزيز الله عطاردي 	ABLibrary	7736	0.497
		علم الامام الحسين ( عليه السلام ) بشهادته	محمد حسين مرتضي عاملي	Ghbook	5970	0.497
		اللامات	عبد الرحمن بن إسحاق البغدادي النهاوندي الزجاجي، أبو القاسم (المتوفى: 337هـ)	ShamAY	6966	0.49699
		أجوبة الدكتور سعدي الهاشمي على اسئلة أعضاء ملتقى اهل الحديث.	سعدي بن مهدي الهاشمي	ShamAY	37250	0.49695
		الغاية القصوي في التعليق علي العروة الوثقي - كتاب الخمس	آيت الله العظمي سيد تقي طباطبايي قمي	Ghbook	9542	0.49693
		الشامل في فقه الإمام مالك	بهرام بن عبد الله بن عبد العزيز بن عمر بن عوض، أبو البقاء، تاج الدين السلمي الدَّمِيرِيّ الدِّمْيَاطِيّ المالكي (المتوفى: 805هـ)	ShamAY	31754	0.49692
		 عيد الغدير في الإسلام والتتويج والقربات يوم الغدير ( من فيض الغدير ) 	 الشيخ الأميني 	ABLibrary	8518	0.49692
		كتابة الحديث بين النهي والإذن	أحمد بن محمد حميد	ShamAY	11345	0.4969
		التعليقة على إختيار معرفة الرّجال [ج ٢]	السيّد محمّد باقر الحسيني الاسترآبادي	Rafed	534	0.49688
		اسرار زيارة الاربعين	محمد السند	Ghbook	15162	0.49687
		العدة في إعراب العمدة	بدر الدين أبو محمد عبد الله ابن الإمام العلامة أبي عبد الله محمد بن فرحون المدني رحمة الله عليه	Sham19Y	150600	0.49682
		موسوعه زيارات المعصومين عليهم السلام	موسسه پيام امام هادي عليه السلام	Ghbook	14754	0.49681
		تفسير نور الثقلين - الجزء1	الشيخ عبد علي العروسي	Masaha	41	0.4968
		مصارف الزكاة في الإسلام - مفهوم, وشروط، وأنواع، وأحكام في ضوء الكتاب والسنة	د. سعيد بن علي بن وهف القحطاني	ShamelaY19	96522	0.49677
		انجال الامام الحسن ( عليه السلام ) في كربلا	آيت الله العظمي سيد محمد تقي مدرسي	Ghbook	6069	0.49674
		اداء المفروض من شرح ارجوزة العروض	هادي نجفي	Ghbook	12888	0.49671
		الامام الجواد ( عليه السلام ) الامامه المبكره ... و تداعيات الصراع العباسي	محمد علي الحلو	Ghbook	6499	0.4967
		الكلم النوابغ (مطبوع مع النعم السوابغ في شرح الكلم النوابغ لسعد الدين التفتازاني)	أبو القاسم محمود بن عمرو بن أحمد، الزمخشري جار الله (المتوفى: 538هـ)	ShamAY	21500	0.49668
		الغارات أو الاستنفار والغارات - الجزء1	إبراهيم بن محمد الثقفي	Masaha	4561	0.49666
		تعدد الزوجات بين حقائق التنزيل وافتراءات التضليل	محمود محمد غريب: من علماء الأزهر الشريف والموجه الديني لشباب جامعة القاهرة	ShamAY	1327	0.49665
		غريب الحديث	أبو عبيد القاسم بن سلام الهروي	ShamelaY19	32196	0.49662
		لؤلؤة البحرين في حكم صوم السبتين	خالد السعدون	ShamAY	36358	0.49661
		المنتظم في تاريخ الملوك والأمم	جمال الدين أبو الفرج عبد الرحمن بن علي بن محمد الجوزي (المتوفى: 597هـ)	ShamAY	12406	0.4966
		التعريف بالقرآن الكريم	مجمع الملك فهد لطباعة المصحف الشريف	ShamAY	2914	0.49653
		 سلسلة المسائل الفقهية 	 الشيخ السبحاني 	ABLibrary	9579	0.49653
		أمراء الكوفة وحكامها	محمد علي آل خليفة	Masaha	3953	0.49653
		جمع القرآن - دراسة تحليلية لمروياته	أكرم عبد خليفة حمد الدليمي	ShamAY	1089	0.49652
		 شرح الأسباب والعلامات ( شرح نفيس الكرماني ) 	 نجيب الدين السمرقندي 	ABLibrary	9945	0.49652
		فقه المصارف و النقود	محمد السند	Ghbook	9789	0.49652
		البداية في توضيح الكفاية [ج ٣]	علي العارفي الپشي	Rafed	3980	0.49651
		رحلة فتح الله الصايغ الحلبي	فتح الله الصايغ الحلبي	Rafed	2437	0.49651
		الجمع بين الصحيحين البخاري ومسلم	محمد بن فتوح بن عبد الله بن فتوح بن حميد الأزدي الميورقي الحَمِيدي أبو عبد الله بن أبي نصر (المتوفى: 488هـ)	ShamAY	5567	0.49648
		رياض المسائل في تحقيق الأحكام بالدّلائل [ج ٢]	السيد علي بن السيد محمد علي الطباطبائي	Rafed	276	0.49644
		تاريخ مصر ليوحنا النقيوسي	يوحنا النقيوسي	Masaha	4357	0.49643
		أنواع الشرك عبدالله بن عبدالحميد الاثري	عبدالله بن عبدالحميد الاثري	ShamAY	35450	0.4964
		فتوى في وقف مجاور للحرم	ابن حجر العسقلاني (852 هـ)	ShamAY	34309	0.49639
		تذكرة مسافر لكل مسافر	عبد الله بن أحمد آل علاف الغامدي	ShamAY	33206	0.49639
		الشفاء في نظم حديث الكساء: ومداركه لدي الفريقين	حسين عبدالسيد النصار	Ghbook	12340	0.49633
		تقرير علمي رد على كتاب "مستعدين للمجاوبة" لـ سمير مرقص)	محمد عمارة مصطفى عمارة	ShamAY	11398	0.49632
		الأصل الجامع لإيضاح الدرر المنظومة في سلك جمع الجوامع	حسن بن عمر بن عبد الله السيناوني المالكي (المتوفى: بعد 1347هـ)	ShamAY	1469	0.49631
		شرح سنن ابن ماجة المسمى «مرشد ذوي الحجا والحاجة إلى سنن ابن ماجه والقول المكتفى على سنن المصطفى»	محمد الأمين بن عبد الله بن يوسف بن حسن الأرمي العلوي الأثيوبي الهرري الكري البويطي	ShamelaY19	148095	0.49629
		خطط الشام [ج ٦]	محمّد كرد علي	Rafed	2288	0.49629
		المحيط في اللّغة [ج ٦]	إسماعيل بن عبّاد [ كافي الكفاة ]	Rafed	2864	0.49627
		بصائر ذوي التمييز في لطائف الكتاب العزيز [ج ٣]	مجد الدين محمد بن يعقوب الفيروزآبادي	Rafed	3838	0.49626
		مساوئ الفرقه	آيت الله العظمي سيد محمد حسيني شيرازي	Ghbook	7820	0.49623
		التشريع الإسلامي صالح للتطبيق في كل زمان ومكان	محمد فهمي علي أبو الصفا	ShamAY	10295	0.49621
		الإدارة في عصر الرسول صلى الله عليه وآله وسلم	أحمد عجاج كرمى (المتوفي: معاصر)	ShamAY	9762	0.49621
		أباطيل و خرافات حول القرآن الكريم و النبي	د. خالد كبير علال	ShamAY	35440	0.4962
		رسالة في تحقيق معنى النظم والصياغة	ابن كَمَال باشا	ShamAY	9891	0.49617
		رسالة ابن عباد في أمثال المتنبي	الصاحب بن عباد	ShamAY	34477	0.49616
		الرحلة التتويجية لعاصمة البلاد الإنجليزية	الحسن بن محمد بن الغَسَّال الطنجي (المتوفى: 1358هـ)	ShamAY	1261	0.49614
		 موسوعة الفقه الإسلامي طبقا لمذهب أهل البيت ( ع ) 	 مؤسسة دائرة معارف الفقه الاسلامي 	ABLibrary	9653	0.49614
		المصباح المضي في كتاب النبي الأمي ورسله إلى ملوك الأرض من عربي وعجمي	محمد (أو عبد الله) بن علي بن أحمد بن عبد الرحمن بن حسن الأنصاري، أبو عبد الله، جمال الدين ابن حديدة (المتوفى: 783هـ)	ShamAY	7233	0.49612
		كتاب الحج من المسائل المتستخرجة من الأسمعة مما ليس في المدونة	محمد بن أحمد بن عبد العزيز الأموي القرطبي الأندلسي، أبو عبد الله المالكي (المتوفى: 255ه)	ShamelaY19	26923	0.49612
		ذيل تاريخ مدينة السلام‏  - الجزء1	محمد بن سعيد ابن الدبيثي	Masaha	4452	0.49612
		تهذيب اللغة [ج ٥]	محمّد بن أحمد الأزهري	Rafed	1945	0.49611
		عقيلة قريش آمنة بنت الحسين عليهما السلام	السيد محمد علي الحلو	Rafed	1364	0.4961
		تذكرة الفقهاء [ج ١٦]	الحسن بن يوسف بن علي المطّهر [ العلامة الحلّي ]	Rafed	412	0.49609
		 إيصال الطالب إلى المكاسب 	 السيد محمد الحسيني الشيرازي 	ABLibrary	9475	0.49607
		بناء القبور و زيارتها: رويه شرعيه	عباسعلي زارعي سبزواري	Ghbook	10924	0.49606
		المصالح المرسلة (ضمن «المحاضرات» المطبوعة ب «بآثار الشنقيطي»)	محمد الأمين بن محمد المختار الجكني الشنقيطي (1325 - 1393)	ShamelaY19	20769	0.49604
		 في رحاب أهل البيت ( ع ) 	 لجنة بحوث المجمع العالمي لأهل البيت ( ع ) 	ABLibrary	8564	0.49599
		 بهجة النفوس والأسرار في تاريخ دار هجرة النبي المختار 	 عبد الله المرجاني 	ABLibrary	8972	0.49598
		جمع القرآن - دراسة تحليلية لمروياته	أكرم عبد خليفة حمد الدليمي	Sham19Y	37676	0.49597
		 البلدانيات 	 شمس الدين السخاوي 	ABLibrary	8971	0.49596
		نثر الامام الحسين عليه السلام	حيدر محمود شاكر الجديع	Ghbook	15257	0.49596
		شرح صحيح ابن خزيمة - الراجحي	عبد العزيز بن عبد الله بن عبد الرحمن الراجحي	ShamelaY19	37017	0.49592
		الأحكام الشرعية الصغرى «الصحيحة»	عبد الحق بن عبد الرحمن بن عبد الله بن الحسين بن سعيد إبراهيم الأزدي، الأندلسي الأشبيلي، المعروف بابن الخراط (المتوفى: 581 هـ)	ShamAY	32348	0.4959
		فن المقالة	محمد يوسف نجم (المتوفى: 1430هـ)	ShamAY	8497	0.4959
		خطبة الجمعة وأحكامها الفقهية	عبد العزيز بن محمد بن عبد الله الحجيلان	ShamAY	31259	0.4959
		الفتاوى الهندية	لجنة علماء برئاسة نظام الدين البلخي	ShamelaY19	21640	0.4959
		التفسير الموضوعي لسورة المنافقون	أحمد بن محمد الشرقاوى	ShamAY	33133	0.49589
		 الدر المختار 	 الحصفكي 	ABLibrary	904	0.49589
		مصابيح الظلام [ج ٨]	محمّد باقر الوحيد البهبهاني	Rafed	1708	0.49589
		موسوعة الكتاب المقدس	شحادة بشير	ShamAY	35379	0.49588
		صحيفة أبي الزبير عن جابر	صالح بن أحمد رضا	ShamAY	37247	0.49582
		إنها النار	فضيلة الشيخ خالد الراشد	ShamAY	35170	0.49579
		حوادث الكونية والكرامات الواقعة بعد مقتل الامام الحسين عليه السلام	د.حكمت الرحمة	Ghbook	15849	0.49577
		مستند الشّيعة [ج ١١]	أحمد بن محمّد مهدي النّراقي	Rafed	617	0.49576
		 تاريخ الأندلس من الفتح حتى السقوط 	 اسماعيل بن ابراهيم 	ABLibrary	8985	0.49575
		تقريرات ابن تيمية في بيان ما يشكل من الرسالة التدمرية	الواحدي	ShamAY	35512	0.49574
		إزالة الشبهة عن حديث التربة	عبد القادر بن حبيب الله السندي	ShamAY	22821	0.49574
		الأثر المحمود لقهر ذوي العهود الجحود	الشرنبلالي	ShamAY	36170	0.49569
		المهدي (عجل الله تعالي فرجه الشريف) في الكتاب و السنه موجزا	محمد هادي معرفت	Ghbook	6635	0.49567
		العميد في علم التجويد	محمود بن علي بسّة المصري (المتوفى: بعد 1367هـ)	ShamAY	31592	0.49566
		حلية المحاضرة	محمد بن الحسن بن المظفر الحاتمي، أبو علي (المتوفى: 388هـ)	ShamAY	5372	0.49564
		 الزبدة الفقهية في شرح الروضة البهية 	 السيد محمد حسن الترحيني العاملي 	ABLibrary	9700	0.49564
		عيد الغدير في الإسلام	الشيخ عبد الحسين أحمد الأميني النجفي	Rafed	3454	0.49564
		حلية المحاضرة	محمد بن الحسن بن المظفر الحاتمي، أبو علي (المتوفى: 388ه)	Sham19Y	5372	0.49563
		وصيه النبي ( صلي الله عليه و آله و سلم )	علي موسي الكعبي	Ghbook	5308	0.49563
		الدرس البلاغي في البصرة الدكتور قصي سالم علوان	الدكتور قصي سالم علوان	ShamAY	34465	0.49559
		الصبر والثبات في مواجهة الحصار	نعيم أسعد الصفدي	ShamAY	37434	0.49556
		أختاه متى الإلتزام	مجموعة من المؤلفين	ShamAY	35141	0.49556
		رسالة في الأمر بالمعروف والنهي عن المنكر	أ.د عبدالله بن محمد بن أحمد الطيار	ShamAY	36156	0.49555
		حمد الله ذاته الكريمه في آيات كتابه الحكيمة	عماد بن زهير حافظ	ShamAY	10174	0.49555
		أخبار الوادي المبارك العقيق	محمد حسن شُرَّاب	ShamAY	38494	0.49555
		مسند الامام النقي الهادي ( عليه السلام )	عزيزالله عطاردي قوچاني	Ghbook	4046	0.49548
		المحلى بالآثار	أبو محمد علي بن أحمد بن سعيد بن حزم الأندلسي القرطبي الظاهري (المتوفى: 456هـ)	ShamAY	767	0.49547
		المنهج الفقهي للإمام اللكنوي	الدكتور صلاح محمد أبو الحاج	ShamAY	35782	0.49543
		أربع قواعد تدور الأحكام عليها ويليها نبذة في اتباع النصوص مع احترام العلماء (مطبوع ضمن مؤلفات الشيخ محمد بن عبد الوهاب، الجزء الثالث)	محمد بن عبد الوهاب بن سليمان التميمي النجدي (المتوفى: 1206ه)	Sham19Y	7499	0.49542
		92 وسيلة دعوية	الشيخ إبراهيم بن عثمان الفارس	ShamAY	33301	0.49539
		 الأربعين في أصول الدين 	 فخر الدين الرازي 	ABLibrary	8325	0.49539
		المزار (للشهيد الأول)	الشهيد الأول	Masaha	1074	0.49538
		الظواهر اللغوية غير المطّردة في شعر ذي الرمة	إبراهيم خليل	ShamAY	37192	0.49537
		منيه السائل - مجموعه فتاواي هامه لآيه الله السيد ابي القاسم الخوئي	جمعه و رتبه موسي مفيد الدين عاصي	Ghbook	10378	0.49535
		الولاء والبراء - الفوزان	الواحدي	ShamAY	35491	0.4953
		أخبار نيل مصر	شهاب الدين بن العماد الأقفهسي	Rafed	2708	0.49529
		السلطان سيف الدين قطز ومعركة عين جالوت	عَلي محمد محمد الصَّلاَّبي	ShamAY	328	0.49528
		مفتاح طريق الأولياء - سلسلة لقاء العشر الأواخر بالمسجد الحرام (1)	أحمد بن إبراهيم بن عبد الرحمن بن مسعود، عماد الدين الواسطي البغدادي ثم الدمشقيّ، المعروف: بابن شيخ الحزامين (المتوفى: 711 هـ)	ShamAY	32387	0.49527
		عقد الجمان في تاريخ أهل الزمان	أبو محمد محمود بن أحمد بن موسى بن أحمد بن حسين الغيتابى الحنفى بدر الدين العينى (المتوفى: 855هـ)	ShamAY	380	0.49527
		طلوع سعد السعود - الجزء1	إسماعيل بن عودة المزاري	Masaha	4204	0.49527
		تذييل سلافة العصر	عبد الله بن علي نور الدين بن نعمة الله الموسوي الجزائري التستري (المتوفى: 1173هـ)	ShamAY	9085	0.49526
		الأناجيل الأربعة ورسائل بولس ويوحنا تنفي ألوهية المسيح كما ينفيها القرآن		ShamAY	35329	0.49525
		 رحلة ابن فضلان 	 ابن فضلان 	ABLibrary	9079	0.49525
		عدم تحريف القرآن	آيت الله علي حسيني ميلاني	Ghbook	7671	0.49524
		جامع الأمهات	عثمان بن عمر بن أبي بكر بن يونس، أبو عمرو جمال الدين ابن الحاجب الكردي المالكي (المتوفى: 646ه)	Sham19Y	6196	0.49523
		أحكام الجنائز - مفهوم، واغتنام، ومواعظ، وآداب، وحقوق وصبر، واحتساب، وفضائل، وأحكام في ضوء الكتاب والسنة	د. سعيد بن على بن وهف القحطاني	Sham19Y	96453	0.4952
		منتهى الدّراية في توضيح الكفاية [ج ٥]	السيّد محمّد جعفر الجزائري المروّج	Rafed	2045	0.49519
		سورة الكهف دراسة نحوية وصرفية	معمر العاني	ShamAY	37110	0.49516
		شرح المنظومة البيقونية ليوسف جودة	يوسف بن جودة يس يوسف الداودي	ShamAY	38517	0.49514
		فتاوى الرملي	شهاب الدين أحمد بن حمزة الأنصاري الرملي الشافعي (المتوفى: 957هـ)	ShamAY	21623	0.49513
		شعب الإيمان للبيهقي - العلمية	أبو بكر أحمد بن الحسين البيهقي	ShamAY	33962	0.49512
		الشرح المختصر للسلم المنورق	أبو عبد الله، أحمد بن عمر بن مساعد الحازمي	ShamelaY19	36056	0.49512
		مواقف النبي - صلى الله عليه وسلم - في الدعوة إلى الله تعالى	د. سعيد بن علي بن وهف القحطاني	ShamelaY19	96532	0.49511
		فتاوي التيارات التكفيرية في جواز قتل المسلمين	سيد محمد يزداني	Ghbook	16053	0.49511
		الرّسالة الذّهبيّة المعروفة ب‍ ( طبّ الإمام الرضا عليه السلام )	الناشر: منشورات مكتبة الإمام الحكيم العامّة	Rafed	554	0.49506
		الطراز المرقوم الطراز المرقوم بشرح الدر المنظوم	سليمان بن حسين بن محمد بن شلبي الجمزورى الشهير بالأفندى (المتوفى: بعد 1208ه)	Sham19Y	13659	0.49498
		بحث في الخمس: دراسه لبيان مساله الخمس ...	حسين رجبي	Ghbook	11357	0.49496
		بغية المستفيد في علم التجويد - سلسلة لقاء العشر الأواخر بالمسجد الحرام (22)	محمّد بن بدر الدين بن عبد الحق ابن بَلْبَان الحنبلي (المتوفى: 1083 هـ)	ShamAY	32478	0.49495
		رياض المسائل في تحقيق الأحكام بالدّلائل [ج ١]	السيد علي بن السيد محمد علي الطباطبائي	Rafed	256	0.49495
		كيف تكسب الناس	مازن بن عبد الكريم الفريح	ShamAY	1987	0.49494
		الأسئلة الفائقة بالأجوبة اللائقة	ابن حجر العسقلاني (852 هـ)	ShamAY	34286	0.49493
		الخشوع في الصلاة وحضور القلب فيها وعلاج الوسوسة	الواحدي :: عبد الله آل جار الله	ShamAY	34883	0.4949
		الحوادث الجامعة والتجارب النافعة في المائة السابعة	كمال الدين أبو الفضل عبد الرزاق بن أحمد بن محمد الصابوني المعروف بابن الفوطي (المتوفى: 723ه)	Sham19Y	400	0.4949
		الشهاده بالولايه في الاذان	آيت الله علي حسيني ميلاني	Ghbook	4540	0.4949
		تاريخ العرب وحضارتهم في الأندلس	د خليل إبراهيم السامرائي - د عبد الواحد ذنون طه - د ناطق صالح مصلوب	Sham19Y	29723	0.49485
		مشتبهات القرآن	علي بن حمزة بن عبد الله الأسدي بالولاء، الكوفي، أبو الحسن الكسائي (المتوفى: 189هـ)	ShamAY	1464	0.49484
		الشوون العباديه	آيت الله العظمي حسيني	Ghbook	7922	0.49484
		الأنوار في سيرة النبي المختار بطريقة سؤال وجواب	سليمان اللهيميد	ShamAY	37391	0.49481
		تاريخ الحياة العلمية في المدينة النبوية خلال القرن الثاني الهجري	سعد بن موسى الموسى	ShamAY	38497	0.49481
		معجم ما استعجم من أسماء البلاد والمواضع [ج ٢]	أبي عبيد عبد الله بن عبد العزيز البكري الأندلسي	Rafed	2533	0.4948
		الإمام أبو العباس ابن سريج المتوفي سنة 306 هـ وآراؤه الأصولية	حسين بن خلف الجبورى	ShamAY	8771	0.49479
		الترتب‏	السيد محمد رضا الشيرازي	Masaha	2420	0.49476
		الإمام المهدي بين التواتر وحساب الاحتمال	الشيخ باقر الإيرواني	Masaha	78	0.49473
		نُورُ الإِيمان وظلمات النِّفَاق في ضوء الكتاب والسنة	د. سعيد بن علي بن وهف القحطاني	ShamAY	1901	0.49471
		 كتاب جالينوس إلى غلوقن في التأتي لشفاء الأمراض 	 جالينوس ( مترجم وشرح : حنين بن اسحاق ) 	ABLibrary	9803	0.4947
		قصتنا مع اليهود	علي بن مصطفى الطنطاوي (المتوفى: 1420 هـ)	ShamAY	32288	0.49469
		الرحلة الأنورية إلي الأصقاع الحجازية والشامية	محمد كرد علي	Masaha	4756	0.49467
		الأزمنة والأنواء	أبي إسحاق إبراهيم بن إسماعيل [ إبن أجدابي ]	Rafed	2223	0.49466
		في السلوك الإسلامي القويم	ابن الشوكاني، أحمد بن محمد بن علي وهو ابن العلامة الشوكاني الكبير (المتوفى: 1281ه)	Sham19Y	31375	0.49465
		مختصر اختلاف العلماء	أبو جعفر أحمد بن محمد بن سلامة بن عبد الملك بن سلمة الأزدي الحجري المصري المعروف بالطحاوي (المتوفى: 321ه)	Sham19Y	6222	0.49465
		تحرير الأحكام الشرعيّة على مذهب الإماميّة [ج ٣]	الحسن بن يوسف بن علي المطّهر [ العلامة الحلّي ]	Rafed	1927	0.49464
		أوضح المسالك إلى معرفة البلدان والممالك	محمّد بن علي البروسوي [ ابن سباهي زاده ]	Rafed	2187	0.49462
		رحلة ابن فضلان إلى بلاد الترك والروس والصقالبة	أحمد ابن فضلان	Masaha	4121	0.49462
		الانحراف العاطفي	يوسف بن عبد الله الأحمد	ShamAY	35050	0.49461
		السلوك لمعرفة دول الملوك	أحمد بن علي بن عبد القادر، أبو العباس الحسيني العبيدي، تقي الدين المقريزي (المتوفى: 845هـ)	ShamAY	6667	0.49454
		لماذا آمن القسيس بالنبى صلى الله عليه وسلم	إبراهيم هلال إبراهيم الشوادفي	ShamAY	35371	0.49451
		البحث الدلالي في كتاب أصول السرخسي (ت490 هـ)	نواس الخفاجي	ShamAY	37095	0.49451
		الراي العام و سبل توجيهه	آيت الله العظمي سيد محمد حسيني شيرازي	Ghbook	8159	0.4945
		الوصايا العشر مع فضائل العشر	الشربيني بن فايق الشربيني	ShamelaY19	147909	0.49449
		السيرة النبوية عند الهيثمي في كتابه مجمع الزوائد ومنبع الفوائد	سليمان بن عبد الله السويكت	ShamAY	7645	0.49448
		القوة الإيمانية ودورها في حسم الصراع بين الحق والباطل (دراسة قرآنية)	عبد السلام حمدان اللوح	ShamAY	33479	0.49441
		فقه النوازل للأقليات المسلمة «تأصيلا وتطبيقا»	الدكتور محمد يسري إبراهيم	ShamAY	37981	0.49441
		الأسماء والصفات نقلا وعقلا	محمد الأمين بن محمد المختار بن عبد القادر الجكني الشنقيطي (المتوفى: 1393هـ)	ShamAY	8753	0.4944
		سَرْد الأمثال - دِرَاسةٌ في البنية السّرديّة لِكتبِ الأمثالِ العربيّةِ مع عنايةٍ بكتابِ المُفضّل بن محمّدٍ الضّبّي (أمثال العرب)	لؤي حمزة عباس	ShamAY	37211	0.49439
		القول العطر في نبوه سيدنا الخضر ( عليه السلام )	حسن بن علي سقاف	Ghbook	7127	0.49438
		روح وريحان في موضوعات القرآن الكريم		ShamAY	36981	0.49437
		 الكامل في التاريخ 	 ابن الأثير 	ABLibrary	8252	0.49437
		في السلوك الإسلامي القويم	ابن الشوكاني، أحمد بن محمد بن علي وهو ابن العلامة الشوكاني الكبير (المتوفى: 1281ه)	ShamelaY19	31375	0.49436
		أثر اليهود والنصارى والمجوس في التشيع		ShamAY	35668	0.49434
		المقصور والممدود لأبي علي القالي	أبو علي القالي إسماعيل بن القاسم (280 هـ - 356 هـ).	ShamAY	38881	0.49431
		ذم القضاء وتقلد الأحكام	عبد الرحمن بن أبي بكر، جلال الدين السيوطي (المتوفى: 911هـ)	ShamAY	1009	0.49429
		تخريج الأحاديث والآثار الواردة في ليلة النصف من شعبان	محمد مصطفى الشنقيطي	ShamAY	33064	0.49428
		حزب الله رؤية مغايرة ـ أصول وجذور	عبد المنعم شفيق	ShamAY	33303	0.49424
		أصول الكرخي	أبو الحسن الكرخي	ShamAY	37496	0.49422
		 جامع الأفكار وناقد الأنظار 	 ملا محمد مهدي النراقي 	ABLibrary	8401	0.49422
		كتابة السنة في عهد النبي صلى الله عليه وسلم والصحابة وأثرها في حفظ السنة النبوية	رفعت بن فوزي عبد المطلب	ShamAY	11349	0.4942
		التنكيت على الموطأ (العبادات)	أبو محمد عبد الله بن مانع بن غلاب الغبيوي الروقي العتيبي	ShamAY	32125	0.4942
		الإستشراق وجهوده وأهدافه في محاربة الإسلام والتشويش على دعوته	عبد المنعم محمد حسنين	ShamAY	8727	0.49419
		التنقيح في حديث التسبيح لابن ناصر الدين	ابن ناصر الدين (842 هـ)	ShamAY	33559	0.49419
		المعجم المفصّل في علم الصّرف	الناشر: دار الكتب العلميّة	Rafed	1798	0.49419
		الرحلات المغربية والأندلسية	عواطف محمّد يونس نواب	Rafed	2258	0.49419
		شم النسيم ... هل نحتفل؟	شحاتة محمد صقر	ShamAY	561	0.49418
		الاعتقاد - صاعد النيسابوري	صاعد بن محمد بن أحمد الأستوائي النيسابوري	ShamAY	35406	0.49418
		روائع الإعجاز الطبي في القرآن والسنَّة	عبد الدائم الكحيل	ShamAY	36941	0.49416
		الجمل في النّحو	الخليل بن أحمد الفراهيدي	Rafed	1788	0.49416
		 المائة في الطب 	 ابو سهل عيسى المسيحي 	ABLibrary	9858	0.49414
		الزّواج الموقّت في الإسلام	السيد جعفر مرتضى العاملي	Rafed	797	0.49414
		شرح صحيح ابن خزيمة - الراجحي	عبد العزيز بن عبد الله بن عبد الرحمن الراجحي	ShamAY	108	0.49413
		صفحات من القضية العربية	أحمد الشقيري	ShamAY	37693	0.49412
		مستدرك الوسائل [ج ٣]	الشيخ حسين النوري الطبرسي [ المحدّث النوري ]	Rafed	1134	0.49409
		العلاج بالقرآن ماهيته.أهميته. ضوابطه.	محمد بن يوسف الجوراني	ShamAY	34894	0.49405
		الصّحاح [ج ٤]	إسماعيل بن حمّاد الجوهري	Rafed	2881	0.49401
		منهاج الطالبين وعمدة المفتين في الفقه - المعرفة	يحيى بن شرف النووي أبو زكريا	ShamAY	34248	0.494
		كنز الدقائق	أبو البركات عبد الله بن أحمد بن محمود حافظ الدين النسفي (المتوفى: 710هـ)	ShamAY	31824	0.49399
		النوادر في اللغة لأبي زيد الأنصاري	أبو زيد الأنصاري	Sham19Y	133417	0.49399
		آيه التطهير	آيت الله علي حسيني ميلاني	Ghbook	7509	0.49399
		 العوالم ، الإمام الكاظم ( ع ) 	 الشيخ عبد الله البحراني 	ABLibrary	7619	0.49398
		رسالة في الشاي والقهوة والدخان	محمد جمال الدين بن محمد سعيد بن قاسم الحلاق القاسمي (المتوفى: 1332هـ)	ShamAY	866	0.49396
		الولاء والبراءه في القرآن الكريم 	موسسه فرهنگي تبيان	Ghbook	5938	0.49395
		مختصر اختلاف العلماء	أبو جعفر أحمد بن محمد بن سلامة بن عبد الملك بن سلمة الأزدي الحجري المصري المعروف بالطحاوي (المتوفى: 321هـ)	ShamAY	6222	0.49394
		 إيصال الطالب إلى المكاسب 	 السيد محمد الحسيني الشيرازي 	ABLibrary	9478	0.49394
		 منهاج الصالحين 	 الميرزا جواد التبريزي 	ABLibrary	9496	0.49394
		نجعة الرائد وشرعة الوارد في المترادف والمتوارد	إبراهيم بن ناصف بن عبد الله بن ناصف بن عبد الله بن ناصف بن جنبلاط بن سعد الْيَازِجِيّ الْحِمْصِيّ نصراني الديانة (المتوفى: 1324هـ)	ShamAY	10426	0.49392
		شرح جمل الزجّاجى [ج ٣]	أبي الحسن علي بن مؤمن بن محمّد بن علي ابن عصفور الحضرمي الإشبيلي « ابن عصفور »	Rafed	2105	0.49392
		التّمحيص	أبي علي محمد بن همام الاسكافي	Rafed	103	0.4939
		الفروق للكرابيسي	أسعد بن محمد بن الحسين، أبو المظفر، جمال الإسلام الكرابيسي النيسابوري الحنفي (المتوفى: 570هـ)	ShamAY	8182	0.49389
		اتحاف السائل بما لفاطمة من المناقب و الفضائل‏	محمد بن عبد الله القلشقندي	Masaha	1824	0.49388
		صفات المنافقين	محمد بن أبي بكر بن أيوب بن سعد شمس الدين ابن قيم الجوزية (المتوفى: 751هـ)	ShamAY	30842	0.49386
		كافي المبتدي من الطلاب	محمد بن بدر الدين بن عبد القادر بن محمد بن بلبان البعلي (ت 1083)	ShamAY	38313	0.49385
		أثر معاملة الرسول - صلى الله عليه وسلم - في نشر الدين الإسلامي	يحي البكري	ShamAY	35023	0.49381
		شرح دعاء قنوت الوتر	محمد بن صالح بن محمد العثيمين (المتوفى: 1421ه)	Sham19Y	21815	0.4938
		الانصاف في مسائل دام فيها الخلاف (الحج)	آيت الله العظمي جعفر سبحاني	Ghbook	2939	0.4938
		المسالك والممالك للاصطخري أو مسالك الممالك - ليدن	أبو اسحاق إبراهيم بن محمد الفارسي الاصطخري، المعروف بالكرخي (المتوفى: 346هـ)	ShamAY	10791	0.49378
		 موسوعة عشائر العراق 	 عباس العزاوي المحامي 	ABLibrary	9266	0.49378
		كتاب لمحات الأنوار ونفحات الأزهار وري الظمآن لمعرفة ما ورد من الآثار في ثواب قارئ القرآن	محمد بن عبد الواحد بن إبراهيم الغافقي (549 - 619 هـ)	ShamAY	34080	0.49375
		كونوا على الخير أعوانا	محمد صالح المنجد	ShamAY	1986	0.49374
		أبجديات صائمة	مرفت بنت كامل بن عبد الله أسرة	ShamAY	35021	0.49371
		آراؤنا في أصول الفقه [ج ٣]	السيّد تقي الطباطبائي القمّي	Rafed	3708	0.49369
		 الفروق بين الاشتباهات في العلل 	 ابن جزار القيرواني 	ABLibrary	9838	0.49368
		دفاع عن العقوبات الإسلامية	محمد بن ناصر السحيباني	ShamAY	10226	0.49367
		من أحكام الاستسقاء والجنائز	-	ShamAY	31280	0.49365
		رسالة عمر بن عثمان بن العباس الجرسيفي في الحسبة [مطبوع ضمن «ثلاث رسائل أندلسية في آداب الحسبة والمحتسب»]	عمر بن عثمان بن العباس الجرسيفي	ShamelaY19	132434	0.4936
		مهمات المسائل في المسح على الخفين وسؤال وجوابه عن الاتباع والتقليد	سليمان العلوان	ShamAY	36711	0.49358
		القول الوافر في صلاة المسافر	قاسم ضاهر	ShamAY	36672	0.49358
		المقام الأسنى في تفسير الأسماء الحسنى	الشيخ تقي الدين ابراهيم بن علي الكفعمي	Rafed	25	0.49358
		تخريج الفروع على الأصول	محمود بن أحمد بن محمود بن بختيار، أبو المناقب شهاب الدين الزَّنْجاني (المتوفى: 656هـ)	ShamAY	6298	0.49357
		ما له حكم الرفع من أقوال الصحابة وأفعالهم	أبو ياسر محمد بن مطر بن عثمان آل مطر الزهراني (المتوفى: 1427ه)	Sham19Y	11367	0.49357
		 مسند الإمام الصادق ( ع ) 	 الشيخ عزيز الله عطاردي 	ABLibrary	7718	0.49357
		اعلام الوري 	طبرسي ( معروف ) ، امين الاسلام ابوعلي فضل بن حسن ( صاحب مجمع البيان و اعلام الوري و... )	Ghbook	2363	0.49356
		 منتهى المطلب ( ط . ج ) 	 العلامة الحلي 	ABLibrary	9327	0.49355
		أريد أن أتوب من الغيبة فما الوسيلة؟	نوال بنت عبد الله	ShamAY	34934	0.49346
		السجود على التربة الحسينية عند الشيعة الإمامية	الشيخ عبد الحسين الأميني النجفي	Masaha	334	0.49346
		منهاج الطالبين وعمدة المفتين في الفقه	أبو زكريا محيي الدين يحيى بن شرف النووي (المتوفى: 676هـ)	ShamAY	12096	0.49344
		الإدارة في عصر الرسول صلى الله عليه وآله وسلم	أحمد عجاج كرمى (المتوفي: معاصر)	Sham19Y	9762	0.49342
		 إبداع الكتابة وكتابة الإبداع ( عين العينية ) 	 سعاد الحكيم 	ABLibrary	8901	0.49342
		الجريمة والعقاب في الإسلام	-	ShamAY	1909	0.49341
		من له كتاب عن يوم الجمل	مشتاق طالب محمد	Masaha	442	0.49339
		ملحمة حر «ديوان»	عبد الحميد محمد محمد حسين ضحا	ShamelaY19	97802	0.49334
		الأخلاق في الإسلام	-	ShamAY	1903	0.49333
		 وقفة مع مقلدي الموتى 	 الشيخ بشير النجفي 	ABLibrary	9767	0.49332
		سعادة الماجد بعمارة المساجد	حسن بن عمار بن علي الشرنبلالي المصري الحنفي (المتوفى: 1069هـ)	ShamAY	2015	0.49329
		أحكام الصلاة على الجنازة في المسجد	أبو الفداء زين الدين قاسم بن قطلوبغا السودوني (نسبة إلى معتق أبيه سودون الشيخوني) الجمالي الحنفي (المتوفى: 879ه)	ShamelaY19	96848	0.49326
		النظام الاقتصادي في الإسلام	مسفر بن علي القحطاني	ShamAY	36313	0.49324
		 الكامل في التاريخ 	 ابن الأثير 	ABLibrary	8247	0.49323
		فنون التحرير الصحفي بين النظرية والتطبيق «المقال الصحفي»	محمود أدهم	ShamAY	10543	0.49321
		الوعد الإلهي نقض مزاعم الكتاب المقدس	حسني محمد العطار	ShamAY	35774	0.49321
		بحار الأنوار [ج ٦٦]	الشيخ محمّد باقر بن محمّد تقي المجلسي	Rafed	1069	0.49319
		شرح مشكل الآثار	أبو جعفر أحمد بن محمد بن سلامة بن عبد الملك بن سلمة الأزدي الحجري المصري المعروف بالطحاوي (المتوفى: 321ه)	ShamelaY19	22547	0.49315
		صلاه التراويح	المجمع العالمي لاهل البيت عليهم السلام	Ghbook	7669	0.49314
		سامرّاء دراسة في النشاة والبنية السكانية	د. صالح أحمد العلي	Rafed	2441	0.49313
		مرآة العقول [ج ١٦]	الشيخ محمّد باقر بن محمّد تقي المجلسي	Rafed	1055	0.49313
		الأصول العامة والقواعد الجامعة للفتاوى الشرعية	حسين بن عبد العزيز آل الشيخ	ShamAY	37552	0.49306
		البيت السعيد وخلاف الزوجين	د صالح بن عبد الله بن حميد	ShamAY	280	0.49305
		اللوامع النورانية في اسماء علي و اهل بيتة القرآنية	هاشم البحراني	Ghbook	16295	0.49304
		رد شبه المجيزين لنقل الاعضاء من الناحيتين الدينية والطبية	محمود محمد عوض سلامة	ShamAY	36401	0.49303
		تخريج الكلم الطيب	تقي الدين أبو العباس أحمد بن عبد الحليم بن عبد السلام بن عبد الله بن أبي القاسم بن محمد ابن تيمية الحراني الحنبلي الدمشقي (المتوفى: 728هـ)	ShamAY	327	0.49303
		عشرة النساء للإمام للنسائي - الطبعة الثالثة	النسائي	ShamAY	35249	0.493
		صِفَةُ نِسَاءِ الْجَنَّة (مشوق الأرواح إلى نساء بلاد الأفراح)	عبد العزيز بن محمد	ShamAY	34921	0.49299
		الامام الهادي (ع) قدوه الثائرين	محمد وصفي	Ghbook	4030	0.49298
		حديث الدار	السيد علي الحسيني الميلاني	Masaha	230	0.49296
		عوامل انهيار الدولة العثمانية	د. علي حسون	ShamAY	37128	0.49295
		شرح العقيدة الواسطية للشيخ صالح آل الشيخ	صالح بن عبد العزيز آل الشيخ	ShamAY	35430	0.49294
		التصاريف لتفسير القرآن مما اشتبهت أسمائه وتصرفت معانيه	يحيى بن سلام بن أبي ثعلبة، التيمي بالولاء، من تيم ربيعة، البصري ثم الإفريقي القيرواني (المتوفى: 200هـ)	ShamAY	11783	0.49293
		تنبيه الرجل العاقل على تمويه الجدل الباطل	شيخ الإسلام أحمد بن عبد الحليم بن عبد السلام ابن تيمية (661 - 728 ه)	ShamelaY19	18645	0.49292
		الزبدة الفقهيّة [ج ٩]	السيّد محمّد حسن ترحيني العاملي	Rafed	2528	0.49291
		اختلاف الفقهاء = اختلاف العلماء للمروزي	أبو عبد الله محمد بن نصر بن الحجاج المَرْوَزِي (المتوفى: 294هـ)	ShamAY	2919	0.49289
		مراقي الجنان بالسخاء وقضاء حوائج الإخوان	الواحدي :: يوسف بن عبد الهادي	ShamAY	33733	0.49285
		المدخل إلى علم الجغرافيا والبيئة	محمد محمود محمدين/ طه عثمان الفراء	ShamAY	7468	0.49279
		النوادر في اللغة لأبي زيد الأنصاري	أبو زيد الأنصاري	ShamelaY19	133417	0.49279
		مكاتبات ابن باز	محمد بن إبراهيم الحمد	ShamAY	33476	0.49276
		التوحيد للناشئة والمبتدئين	عبد العزيز بن محمد بن علي آل عبد اللطيف	ShamAY	30800	0.49275
		مع الامام أبي إسحاق الشاطبي في مباحث من علوم القرآن الكريم وتفسيره	شايع بن عبده بن شايع الأسمري	ShamAY	4545	0.49275
		مدارك الأحكام [ج ٨]	السيد محمّد بن علي الموسوي العاملي	Rafed	599	0.49272
		 الجواهر الفخرية في شرح الروضة البهية 	 قدرت الله وجداني فخر 	ABLibrary	9463	0.49271
		المداخل إلى آثار شيخ الإسلام ابن تيمية وما لحقها - أبو زيد - ط عالم الفوائد	بكر أبو زيد	ShamAY	38467	0.4927
		 أوضح المسالك إلى معرفة البلدان والممالك 	 محمد البروسوي ( ابن سباهي زاده ) 	ABLibrary	8939	0.49269
		كتاب البيع	آيت الله علي حسيني ميلاني	Ghbook	4787	0.49267
		مختصر صحيح الإمام البخاري	أبو عبد الرحمن محمد ناصر الدين، بن الحاج نوح بن نجاتي بن آدم، الأشقودري الألباني (المتوفى: 1420ه)	ShamelaY19	121381	0.49266
		المسلم في عالم الإقتصاد	مالك بن الحاج عمر بن الخضر بن نبي (المتوفى: 1393ه)	Sham19Y	37647	0.49261
		إقامة البرهان في الرد على من أنكر خروج المهدي والدجال ونزول المسيح في آخر الزمان	حمود بن عبد الله بن حمود بن عبد الرحمن التويجري (المتوفى: 1413هـ)	ShamAY	32254	0.49258
		الربا لابن حبيب	عبد الملك بن حبيب الأندلسي (239 هـ)	ShamAY	33706	0.49256
		الأساليب الشرعية في تأديب الأطفال	علي بن نايف الشحود	ShamAY	34823	0.49255
		أحكام الصيام والقيام وزكاة الفطر	أبو ذر القلموني، عبد المنعم بن حسين بن حنفي بن حسن بن الشاهد	ShamAY	935	0.49252
		لمحات من حياة النبي صلى الله عليه وسلم مع بناته	خالد عبد الرحمن الشايع	ShamAY	37380	0.49251
		الطريق إلى الولد الصالح	وحيد بن عبد السلام بالي	ShamAY	1128	0.49247
		الأثر الإيماني لتعليم القرآن الكريم على الفرد والمجتمع	العباس الحازمي	ShamAY	36776	0.49246
		تنبيه النائم الغمر على مواسم العمر	جمال الدين أبو الفرج عبد الرحمن بن علي بن محمد الجوزي (المتوفى: 597هـ)	ShamAY	11023	0.49246
		المبعث والمغازي	إسماعيل بن محمد بن الفضل أبو القاسم التيمي قِوام السُّنة (535 هـ)	ShamAY	34434	0.49246
		 شرائع الإسلام ( تعليق السيد صادق الشيرازي ) 	 المحقق الحلي 	ABLibrary	9667	0.49246
		الموسوعة القرآنيّة [ج ١]	ابراهيم الأبياري	Rafed	3764	0.49245
		فاجعه الطف	آيت الله سيد محمد كاظم قزويني	Ghbook	5973	0.49244
		 صحيفة الإمام الرضا ( ع ) ( فارسي ) 	 المنسوب لإمام الرضا ( ع ) 	ABLibrary	7896	0.49243
		نزهة الألباء في طبقات الأدباء	عبد الرحمن بن محمد بن عبيد الله الأنصاري، أبو البركات، كمال الدين الأنباري (المتوفى: 577هـ)	ShamAY	3583	0.49241
		الدر النظيم في لغات القرآن العظيم	عباس قمي	Ghbook	13980	0.49241
		بحر الفوائد المشهور بمعاني الأخبار	أبو بكر محمد بن أبي إسحاق إبراهيم بن يعقوب الكلاباذي البخاري [ت: 384 هـ]	ShamAY	33932	0.4924
		مدينة معاجز الأئمة الإثني عشر و دلائل الحجج على البشر - الجزء1	السيد هاشم البحراني‏	Masaha	2480	0.49238
		الصحيح من سيرة النبي الأعظم صلّى الله عليه وآله [ج ٢٤]	السيد جعفر مرتضى العاملي	Rafed	2570	0.49233
		الأثر التربوي للمسجد	أ. د صالح بن غانم بن عبد الله بن سليمان بن علي السدلان	ShamelaY19	30901	0.49232
		 البداء 	 السيد مرتضى العسكري 	ABLibrary	8363	0.49232
		مغازي الواقدي	محمد بن عمر بن واقد السهمي الأسلمي بالولاء، المدني، أبو عبد الله، الواقدي (المتوفى: 207ه)	ShamelaY19	23680	0.49231
		خزانة التّواريخ النجديّة [ج ٧]	عبد الله بن عبد الرحمن بن صالح آل بسام	Rafed	2169	0.49231
		تبيين العجب بما ورد في فضل رجب	للحافظ ابن حجر العسقلاني.	ShamAY	35247	0.49228
		مناهج البحث في القرآن الكريم	محمد علي لساني	Ghbook	15101	0.49226
		الممتع في التصريف	علي بن مؤمن ابن عصفور	Ghbook	16257	0.49223
		كيف نستفيد من الكتب الحديثية الستة	عبد المحسن بن حمد بن عبد المحسن بن عبد الله بن حمد العباد البدر	ShamAY	11360	0.49222
		فاطمه الزهراء ( سلام الله عليها ) من المهد الي اللحد	محمد كاظم قزويني	Ghbook	3787	0.49222
		العلمانيون العرب وموقفهم من الإسلام	أبو سفيان مصطفى باحُّو السلاوي المغربي	ShamAY	2043	0.49221
		الجهل وآثاره	الواحدي :: ابن جبرين	ShamAY	35040	0.49219
		تحرير الفتاوى على «التنبيه» و «المنهاج» و «الحاوي» المسمى (النكت على المختصرات الثلاث)	ولي الدين أبو زرعة أحمد بن عبد الرحيم بن الحسين بن عبد الرحمن العراقي الكردي المهراني القاهري الشافعي (762 ه - 826 ه)	ShamelaY19	127671	0.49218
		أهل البيت عليهم السلام في المكتبة العربية	السيّد عبد العزيز الطباطبائي	Rafed	702	0.49218
		الاعتبار وأعقاب السرور لابن أبي الدنيا	أبو بكر عبد الله بن محمد بن عبيد بن سفيان بن قيس البغدادي الأموي القرشي المعروف بابن أبي الدنيا (المتوفى: 281هـ)	ShamAY	12996	0.49217
		أنوار الفقاهة (كتاب الوقف)	الشيخ حسن كاشف الغطاء	Masaha	923	0.49217
		المختار في أصول السنة - ت البدر	أبو علي الحسن بن أحمد بن عبد الله ابن البنا الحنبلي البغدادي (471 هـ)	ShamAY	33873	0.49212
		آرشيو دروس خارج فقه آيت الله شيخ هادي آل راضي 36-35	آيت الله شيخ هادي آل راضي	Ghbook	14504	0.49211
		الإلتزام الأجوف	الواحدي :: ياسر برهامي	ShamAY	34982	0.4921
		 كتاب المكاسب ( المحشَّى ) 	 الشيخ الأنصاري 	ABLibrary	9384	0.4921
		الخصومة بين الطائيين وعمود الشعر العربي	وحيد كبابة	ShamAY	34464	0.49209
		الرقية الشرعية من الكتاب والسنة	علي بن محمد بن ناصر الفقيهي	ShamAY	10391	0.49206
		مجموعة فتاوى ابن بابويه	علي بن بابويه القمي	Masaha	1005	0.49205
		وسائل الشيعة [ج ٦]	محمد بن الحسن الحرّ العاملي [ العلامة الشيخ حرّ العاملي ]	Rafed	295	0.49204
		رسالة في نفقة الزوجة	محمد علي اراكي	Ghbook	10184	0.49204
		المغازي‏ - الجزء1	محمد بن عمر الواقدي‏	Masaha	3023	0.49204
		رسالة في حديث اصحابي كالنجوم	السيّد علي الحسيني الميلاني	Rafed	215	0.49203
		آراء ابن الجوزي التربوية «دراسة وتحليلا وتقويما ومقارنة»	د. ليلى عبد الرشيد عطار	ShamAY	32536	0.49202
		المهدي المنتظر (عجل الله تعالي فرجه الشريف) الامام الذي يملا الارض قسطا و عدلا	مجله حوزه	Ghbook	6626	0.49202
		أربع عبر من مذكرات أحد رموز جماعة الإخوان المسلمين	سليمان الخراشي	ShamAY	33460	0.49196
		السجود علي الارض 	علي احمدي ميانجي	Ghbook	15458	0.49196
		الموطأ كتاب القضاء في البيوع	أبو محمد عبد الله بن وهب بن مسلم المصري القرشي (المتوفى: 197هـ)	ShamAY	30522	0.49192
		بنات النبي ( صلي الله عليه و آله و سلم ) ام ربائبه ؟!	سيد جعفرمرتضي حسيني عاملي	Ghbook	7616	0.49192
		أبو بكر الباقلاني ومفهومه للإعجاز القرآني	أحمد جمال العمري	ShamAY	12162	0.49187
		إفادة المبتدي المستفيد فى حكم إتيان المأموم بالتسميع وجهره به إذا بلغ وإسراره بالتحميد - سلسلة لقاء العشر الأواخر بالمسجد الحرام (29)	إبراهيم بن محمد بن محمود بن بدر، برهان الدين، أبو إسحاق الحلبي القبيباتي الشافعيّ الناجي (المتوفى: 900 هـ)	ShamAY	32495	0.49185
		تحطم الحكومات الاسلاميه بمحاربه العلماء	آيت الله العظمي سيد محمد حسيني شيرازي	Ghbook	8129	0.49185
		منظومة نغمة الأغاني في عشرة الإخوان	ابن معصوم الحسني	ShamAY	34943	0.49183
		أوقات مليئة بالحسنات مع النية الصالحة	سمية السيد عثمان	ShamAY	516	0.49183
		التذكار بشرف أهل الحديث وحفظة الآثار	محمد أحمد شحاته الألفى.	ShamAY	37310	0.49183
		غاية المنتهى في جمع الإقناع والمنتهى	مرعي بن يوسف الكرمي الحنبلي (المتوفى: 1033 ه)	ShamelaY19	20589	0.49183
		مصابيح الظلام [ج ٤]	محمّد باقر الوحيد البهبهاني	Rafed	1692	0.49182
		خلافة أمير المؤمنين عبد الله بن الزبير رضي الله عنه	عَلي محمد محمد الصَّلاَّبي	ShamAY	257	0.49178
		كتاب العين [ج ٣]	الخليل بن أحمد الفراهيدي	Rafed	2828	0.49178
		حاشية شيخ الإسلام زكريا الأنصاري على شرح جمع الجوامع	الأنصاري، زكريا	ShamAY	38201	0.49177
		دليل المعتكف	أحمد بن عبد السلام السكندري	ShamAY	36400	0.49177
		المتعه	آيت الله علي حسيني ميلاني	Ghbook	4552	0.49177
		فضل الإسلام (مطبوع ضمن مؤلفات الشيخ محمد بن عبد الوهاب، الجزءالأول)	محمد بن عبد الوهاب بن سليمان التميمي النجدي (المتوفى: 1206ه)	Sham19Y	11221	0.49176
		العواصم من الشيطان و صحيح الرقية الشرعية	الواحدي :: مصطفى العدوي	ShamAY	34896	0.49175
		عوالم العلوم والمعارف والاحوال (الجزء 15) في احوال اميرالمؤمنين عليه السلام	محمد باقر بن مرتضي موحد ابطحي اصفهاني	Ghbook	15275	0.49174
		المذكر والمؤنث	أبو بكر، محمد بن القاسم بن محمد بن بشار بن الحسن بن بيان بن سماعة بن فَروة بن قَطَن بن دعامة الأنباري (المتوفى: 328 هـ)	ShamAY	32543	0.49172
		معجم البلدان [ج ٣]	شهاب الدين أبي عبدالله ياقوت بن عبدالله الحموي الرومي البغدادي	Rafed	3110	0.49171
		وقفات مع أحاديث تربية النبي صلى الله عليه وسلم لصحابته	عبد الرحمن بن عبد الكريم الزيد	ShamAY	4272	0.4917
		نفحات الأزهار في خلاصة عبقات الأنوار [ج ٤]	السيّد علي الحسيني الميلاني	Rafed	432	0.49169
		وثائق و اعترافات البهائيين	عاطف عبدالغني	Ghbook	7040	0.49168
		فاطمه الزهراء ( سلام الله عليها ) في القرآن	آيت الله العظمي حسيني	Ghbook	7921	0.49168
		مواسم العمر لابن الجوزي	جمال الدين أبو الفرج عبد الرحمن بن علي بن محمد الجوزي (المتوفى: 597هـ)	ShamAY	26678	0.49167
		الأزمنة والأنواء	إبراهيم بن إسماعيل ابن الأجدابي	Masaha	4130	0.49159
		دروس الشيخ حمد الحمد	حمد بن عبد الله بن عبد العزيز الحمد	ShamelaY19	37793	0.49155
		طريقنا الي الحضاره	آيت الله العظمي سيد محمد حسيني شيرازي	Ghbook	7757	0.49154
		الرسالة المستطرفة محققة ومعها والتعليقات المستظرفة	الكتاني، محمد بن جعفر	ShamAY	37613	0.4915
		إيمان أبي طالب	الشيخ المفيد	Masaha	189	0.4915
		يا أبي زوجني	عبد الملك بن محمد القاسم	ShamelaY19	36545	0.49141
		ما وضح واستبان في فضائل شهر شعبان	أبو الخطاب عمر بن حسن الأندلسي الشهير بابن دحية الكلبي (المتوفى: 633هـ)	ShamAY	9593	0.49139
		تعليقات علي آراء المرحوم آيه الله الخويي (حاشيه دروس في فقه  الشيعه)	محسن خرازي	Ghbook	15525	0.49139
		الوصائل إلى الرسائل [ج ١٢]	آية الله السيد محمد الشيرازي	Rafed	3752	0.49137
		 أعيان الشيعة 	 السيد محسن الأمين 	ABLibrary	75	0.49133
		تفسير فرات الكوفي	ابو القاسم فرات بن ابراهيم بن فرات الكوفي	Rafed	360	0.49133
		 تاريخ المدينة 	 قطب الدين الحنفي 	ABLibrary	8997	0.49132
		الهسهسة بنقض الوضوء بالقهقهة	الإمام محمد عبد الحي اللكنوي (ت1304هـ)	ShamAY	36013	0.49131
		الرعايه في علم الدرايه	شيخ زين الدين عاملي شهيد ثاني	Ghbook	7059	0.49131
		لغات الرسل وأصول الرسالات		ShamAY	35613	0.49126
		بلغة الحثيث إلى علم الحديث	جمال الدين أبو المحاسن يوسف بن حسن بن أحمد بن حسن بن عبد الهادي المقدسي الحنبلي (840 - 909 هـ).	ShamAY	34013	0.49125
		الافق او الافاق	آيت الله العظمي حسينعلي منتظري	Ghbook	9802	0.49125
		صلاة المسافر - مفهوم، وأنواع، وآداب، ودرجات، وأحكام في ضوء الكتاب والسنة	د. سعيد بن علي بن وهف القحطاني	ShamelaY19	31236	0.49124
		 الذخيرة في علم الطب ( معالجة الأمراض بالأعشاب ) 	 ثابت بن قرة 	ABLibrary	9813	0.49119
		محمد الطاهر ابن عاشور علامة الفقه وأصوله والتفسير وعلومه	إياد خالد الطباع	ShamAY	38597	0.49118
		الفقه المقارن (العبادات والاحوال الشخصية)	سيد محمد كاظم مصطفوي	Ghbook	14943	0.49117
		أوقات مليئة بالحسنات مع النية الصالحة	سمية السيد عثمان	ShamelaY19	36042	0.49115
		الفتاوى الهندية	لجنة علماء برئاسة نظام الدين البلخي	ShamAY	21640	0.49114
		 الجواهر الفخرية في شرح الروضة البهية 	 قدرت الله وجداني فخر 	ABLibrary	9462	0.49114
		نساء حول الرسول	محمد برهان	ShamAY	35831	0.49113
		المناظرة التقريرية بين الشيخ رحمت الله الهندي والقسيس بفندر	محمد رحمت الله بن خليل الرحمن الكيرانوي العثماني الهندي الحنفي (المتوفى: 1308هـ)	ShamAY	6546	0.49112
		سياحة في كتاب الكافي للشيعة الإثني عشرية	عثمان بن محمد آل خميس الناصري أبو محمد التميمي	ShamAY	35307	0.49112
		 الأزمنه والأنواء 	 ابن الأجدابي 	ABLibrary	8929	0.49112
		حول سماع الميت و ادراكه	خليفه عبيد كلباني عماني	Ghbook	7638	0.49112
		فضائل الخمسة من الصحّاح الستّة [ج ٢]	السيد مرتضى الفيروزآبادي	Rafed	1338	0.4911
		الجامع لعلوم الإمام أحمد - أصول الفقه	خالد الرباط، سيد عزت عيد [بمشاركة الباحثين بدار الفلاح]	ShamAY	38853	0.49108
		فتح رب البرية شرح المقدمة الجزرية في علم التجويد	صفوت محمود سالم	ShamelaY19	21580	0.49106
		 رحلة فتح الله الصائغ الحلبي 	 فتح الله الصائغ الحلبي 	ABLibrary	9102	0.49106
		دولة الموحدين	عَلي محمد محمد الصَّلاَّبي	ShamAY	233	0.49104
		شرح الأصول من الحلقة الثانية [ج ١]	الشيخ محمّد صنقور علي البحراني	Rafed	756	0.49104
		تعليم الصلاة	عبد الله بن أحمد بن علي الزيد	ShamAY	31221	0.49102
		تراثنا ـ العدد [ 22 ]	مؤسسة آل البيت عليهم السلام لإحياء التراث ـ قم	Rafed	2742	0.49102
		الطراز المرقوم الطراز المرقوم بشرح الدر المنظوم	سليمان بن حسين بن محمد بن شلبي الجمزورى الشهير بالأفندى (المتوفى: بعد 1208هـ)	ShamAY	31928	0.49099
		جامع احاديث الشيعة	آيت الله العظمي سيد حسين طباطبايي بروجردي	Ghbook	10135	0.49092
		دراسات في الأصول [ج ٢]	السيد صمد علي الموسوي	Rafed	3692	0.4909
		المفجّع وشعره في الغدير	الشيخ عبد الحسين الأميني النجفي	Masaha	392	0.4909
		عمر بن الخطاب	عبد الرحمن أحمد البكري	ShamAY	34630	0.49089
		نفحات الأزهار في خلاصة عبقات الأنوار [ج ١٠]	السيّد علي الحسيني الميلاني	Rafed	446	0.49083
		الأربعين في أصول الدين [ج ١]	محمّد بن عمر بن الحسن بن الحسين التيمي البكري [ فخر الدين الرازي ]	Rafed	3314	0.49082
		درر الحكام في شرح مجلة الأحكام	علي حيدر خواجه أمين أفندي (المتوفى: 1353ه)	ShamelaY19	21692	0.4908
		الوثائق الرسميّة لثورة الإمام الحسين	عبد الكريم الحسيني القزويني	Rafed	1542	0.4908
		كيمياء السعادة	أبو حامد محمد بن محمد الغزالي الطوسي (المتوفى: 505ه)	Sham19Y	9261	0.49079
		معجم ما استعجم من أسماء البلاد والمواضع [ج ٣]	أبي عبيد عبد الله بن عبد العزيز البكري الأندلسي	Rafed	2537	0.49079
		جامع الأمهات	عثمان بن عمر بن أبي بكر بن يونس، أبو عمرو جمال الدين ابن الحاجب الكردي المالكي (المتوفى: 646هـ)	ShamAY	31994	0.49078
		رسالة في الدماء الطبيعية للنساء	محمد بن صالح بن محمد العثيمين (المتوفى: 1421هـ)	ShamAY	31341	0.49077
		الاحلام من وجهه نظر الاسلام	آيت الله العظمي سيد محمد حسيني شيرازي	Ghbook	2297	0.49074
		القصر في السفر علي ضوء الكتاب و السنه	آيت الله العظمي جعفر سبحاني	Ghbook	5053	0.49071
		 تاريخ مصر ليوحنا النقيوسي 	 يوحنا النقيوسي 	ABLibrary	9017	0.4907
		شرح مشكل الآثار	أبو جعفر أحمد بن محمد بن سلامة بن عبد الملك بن سلمة الأزدي الحجري المصري المعروف بالطحاوي (المتوفى: 321هـ)	ShamAY	22547	0.49069
		أوقات مليئة بالحسنات مع النية الصالحة	سمية السيد عثمان	Sham19Y	36042	0.49069
		تاج العروس [ج ١٧]	محبّ الدين أبي فيض السيد محمّد مرتضى الحسيني الواسطي الزبيدي الحنفي	Rafed	1589	0.49069
		 القلائد الجوهرية في تاريخ الصالحية 	 محمد بن طولون الصالحي 	ABLibrary	9160	0.49068
		قضايا الشعر المعاصر	نازك صادق الملائكة (المتوفى: 1428هـ)	ShamAY	2097	0.49066
		المفاهيم الصحيحة للجهاد في سبيل الله تعالى في ضوء الكتاب والسنة	د. سعيد بن علي بن وهف القحطاني	ShamAY	1826	0.49063
		تذكره الاخبار في تلخيص ربيع الابرار	آيت الله العظمي سيد محمد حسيني شيرازي	Ghbook	8131	0.49063
		 المحيط في اللغة 	 الصاحب بن عباد 	ABLibrary	9781	0.49061
		تاريخ المدينه	محمد بن احمد نهرواني	Ghbook	11109	0.49061
		موقف الشيعة من هجمات الخصوم وخلاصة عن كتاب عبقات الأنوار	السيد عبد العزيز الطباطبائي	Masaha	432	0.4906
		النظام العائلي	د. زهير الأعرجي	Masaha	570	0.4906
		التعجب من فعل المفعول بين المانعين والمجيزين	سليمان بن إبراهيم بن محمد العايد	ShamAY	10301	0.49059
		الدروس شرح الحلقة الثانية - الجزء1	السيد كمال الحيدري	Masaha	3441	0.49053
		سير الائمه ( عليهم السلام ) - في رحاب ائمه اهل البيت ( عليهم السلام ) - الامام ا...	محسن امين عاملي	Ghbook	4044	0.49052
		 الشامل في الصناعة الطبية 	 ابن النفيس 	ABLibrary	9923	0.49051
		تاريخ الشّحر وأخبار القرن العاشر	محمّد بن عمر الطيّب بافقيه	Rafed	2219	0.49051
		الهداية إلى أسرار الكفاية  - الجزء1	مصطفى الاعتمادي	Masaha	3585	0.49047
		جماليات الحركة في التعبير القرآني		ShamAY	36968	0.49042
		عيسى عبد الله		ShamAY	35368	0.49041
		الشيخ محمد بن عثيمين من العلماء الربانيين	عبد المحسن بن حمد بن عبد المحسن بن عبد الله بن حمد العباد البدر	ShamAY	7659	0.49041
		الصحيح من سيرة النبي الأعظم صلّى الله عليه وآله [ج ١٥]	السيد جعفر مرتضى العاملي	Rafed	2505	0.4904
		تكمله أمل الآمل - الجزء1	السيد حسن الصدر	Masaha	3401	0.4904
		 المعتمد في الأدوية المفردة 	 يوسف بن عمر الغساني التركماني 	ABLibrary	9930	0.49038
		 موسوعة الإمام الهادي ( ع ) 	 الشيخ أبو القاسم الخزعلي 	ABLibrary	7844	0.49035
		الموسوعة القرآنية	إبراهيم بن إسماعيل الأبياري (المتوفى: 1414ه)	ShamelaY19	23610	0.49034
		طبقات المحدثين بأصبهان والواردين عليها [ج ١]	أبي محمّد عبدالله بن محمّد بن جعفر بن حيّان [ أبي الشيخ الأنصاري ]	Rafed	2428	0.49034
		تحكيم القوانين	حمود السلامه	ShamAY	36658	0.49033
		الذاكرة التاريخية للأمة	جاسم سلطان	ShamAY	37160	0.49032
		دَوْرُ الْمُسْلِمِ وَرِسَالَتُهُ فِي الثُّلُثِ الْأَخِيرِ مِنَ الْقَرْنِ الْعِشْرِيْن	مالك بن الحاج عمر بن الخضر بن نبي (المتوفى: 1393هـ)	ShamAY	1727	0.49031
		الدعوة إلى الله بالمجادلة مفهومها ومشروعيتها وضوابطها	الدكتور/ إبراهيم بن صالح الحميدان	ShamAY	33507	0.4903
		الموسوعة القرآنية	إبراهيم بن إسماعيل الأبياري (المتوفى: 1414هـ)	ShamAY	23610	0.4903
		ميلاد مجتمع	مالك بن الحاج عمر بن الخضر بن نبي (المتوفى: 1393ه)	ShamelaY19	23415	0.4903
		الأحاديث الثابتة في فضائل سور وآيات القرآن	محمد بن رزق الطرهوني	ShamAY	36842	0.49028
		التلخيص في معرفة أسماء الأشياء	أبو هلال الحسن بن عبد الله بن سهل بن سعيد بن يحيى بن مهران العسكري (المتوفى: نحو 395ه)	ShamelaY19	37471	0.49023
		آراء ابن الجوزي التربوية «دراسة وتحليلا وتقويما ومقارنة»	د. ليلى عبد الرشيد عطار	Sham19Y	17901	0.49021
		أخطاء يرتكبها بعض الحجاج	محمد بن صالح بن محمد العثيمين (المتوفى: 1421ه)	Sham19Y	21792	0.4902
		الغيبة	عبد الملك بن محمد القاسم	Sham19Y	95686	0.49018
		ايجاز التعريف في علم التصريف	محمدبن عبدالله ابن مالك	Ghbook	16309	0.49018
		حول الامام المهدي ( عجل الله تعالي فرجه الشريف )	آيت الله العظمي جعفر سبحاني	Ghbook	6650	0.49018
		ابطال ما استدل به لامامه ابي بكر	آيت الله علي حسيني ميلاني	Ghbook	4531	0.49017
		المنتظم في تاريخ الأمم و الملوك‏ - الجزء1	أبو الفرج ابن الجوزي	Masaha	2923	0.49015
		كتابة الحديث في عهد النبي صلى الله عليه وسلم وصحابته وأثرها في حفظ السنة النبوية	أحمد بن معبد بن عبد الكريم بن سليمان بن حسن كُلَيْبَاتِى	ShamAY	11347	0.49014
		 شرح تشريح القانون 	 ابن النفيس 	ABLibrary	9927	0.49013
		بحار الأنوار [ج ٧٥]	الشيخ محمّد باقر بن محمّد تقي المجلسي	Rafed	1097	0.49013
		شرح الأصول من الحلقة الثانية - الجزء1	الشيخ محمد صنقور البحراني‏	Masaha	3980	0.49013
		العلة عند الأصوليين	مبارك عامر بقنه	ShamAY	37523	0.49009
		غاية السول إلى علم الأصول [على مذهب الإمام المبجل والحبر المفضل أبي عبد الله أحمد بن محمد بن حنبل الشيباني]	يوسف بن حسن بن أحمد بن حسن ابن عبد الهادي الصالحي، جمال الدين، ابن المبرد الحنبلي (المتوفى: 909ه)	ShamelaY19	124754	0.49007
		انقاذ العتبات المقدسه	آيت الله العظمي سيد محمد حسيني شيرازي	Ghbook	7983	0.49006
		 إيقاظ النائمين 	 صدر الدين محمد الشيرازي ( صدر المتألهين ) 	ABLibrary	8848	0.49005
		الحق المبين في معرفة الملائكة المقربين	محمد علي محمد إمام	ShamelaY19	37346	0.49004
		التمكين للدعوة تفسير سورة العلق	أبو عبد الرحمن السلفي المقدسي	ShamAY	33111	0.49001
		 غاية المرام بأخبار سلطنة البلد الحرام 	 عبد العزيز بن عمر ابن فهد 	ABLibrary	9148	0.49001
		 الدرة الثمينة في أخبار المدينة 	 ابن النجار البغدادي 	ABLibrary	9067	0.49
		الصيام في الإسلام في ضوء الكتاب والسنة - مفهومٌ، وفضائلُ، وفوائدُ، وخصائصُ، وشروط، وأركان، ومسائل، وآداب، وحكمٌ، وأحكامٌ	د. سعيد بن علي بن وهف القحطاني	ShamAY	1815	0.48999
		آل الجرباء في التاريخ والأدب	محمد بن عمر بن عبد الرحمن العقيل المعروف بأبي عبد الرحمن ابن عقيل الظاهري	ShamAY	318	0.48998
		الاعتقاد القادري	الخليفة العباسي أبو العباس القادر بالله أبو العباس احمد بن إسحاق بن المقتدر	ShamAY	35722	0.48994
		 الإحاطة في أخبار غرناطة 	 لسان الدين ابن الخطيب 	ABLibrary	8950	0.48994
		الربا - أضراره وآثاره في ضوء الكتاب والسنة	د. سعيد بن علي بن وهف القحطاني	ShamelaY19	96465	0.48993
		 المواعظ والإعتبار في ذكر الخطط والآثار ( ط لندن ) 	 المقريزي 	ABLibrary	9240	0.4899
		شجرة النور الزكية في طبقات المالكية	محمد بن محمد بن عمر بن علي ابن سالم مخلوف (المتوفى: 1360ه)	Sham19Y	7669	0.48989
		منهاج الصالحين	آيت الله العظمي ميرزا جواد تبريزي	Ghbook	10140	0.48987
		شرح المكودي على الألفية في علمي النحو والصرف للإمام جمال الدين محمد بن عبد الله بن مالك الطائي الجياني الأندلسي المالكي (المتوفى: 672 هـ)	أبو زيد عبد الرحمن بن علي بن صالح المكودي (المتوفى: 807 هـ)	ShamAY	38509	0.48986
		دروس في نصوص الحديث و نهج البلاغه(آشنايي با متون حديث و نهج البلاغه)	مهدي  مهريزي	Ghbook	15058	0.48983
		الأربعون الحسان في الاجتماع على الطعام	يحي الحجوري	ShamAY	35048	0.48981
		صوم عاشورا	نجم الدين طبسي	Ghbook	9560	0.48976
		فقه اللغة و سر العربية	ابومنصور عبد الملك بن محمد ثعالبي	Ghbook	16222	0.48975
		منهاج الصالحين	آيت الله العظمي سيد علي حسيني سيستاني	Ghbook	14672	0.48973
		أحاديث الأحكام وأهم الكتب المؤلفة فيها وتناوب الأقطار الإسلامية في الاضطلاع بأعباء علوم السنة	محمَّد زاهِد الكوثري	ShamAY	33187	0.4897
		الرياض النضرة في مناقب العشرة	أبو العباس، أحمد بن عبد الله بن محمد، محب الدين الطبري (المتوفى: 694هـ)	ShamAY	8657	0.48969
		منار الهدى في بيان الوقف والابتدا ومعه المقصد لتلخيص ما في المرشد	الأُشْمُوني، المقرئ	ShamAY	1234	0.48968
		نصب الراية لأحاديث الهداية مع حاشيته بغية الألمعي في تخريج الزيلعي	جمال الدين أبو محمد عبد الله بن يوسف بن محمد الزيلعي (المتوفى: 762هـ)	ShamAY	11428	0.48965
		الرياض النضرة في مناقب العشرة	أبو العباس، أحمد بن عبد الله بن محمد، محب الدين الطبري (المتوفى: 694ه)	Sham19Y	8657	0.48965
		مسند الرضا عليه السلام	داود بن سليمان بن يوسف الغازي	Rafed	1751	0.48964
		غاية المرام وحجّة الخصام [ج ١]	السيّد هاشم البحراني الموسوي التوبلي	Rafed	3606	0.48964
		محاسن الصدق ومساوئ الكذب	الواحدي :: عبد الله آل جار الله	ShamAY	34968	0.48963
		الفوز العظيم والخسران المبين في ضوء الكتاب والسنة	د. سعيد بن علي بن وهف القحطاني	ShamelaY19	96474	0.48963
		 مسند الإمام الباقر ( ع ) 	 الشيخ عزيز الله عطاردي 	ABLibrary	7710	0.48963
		الشفاعة	أَبِو عَبد الرَّحمَن مُقْبلُ بنُ هَادِي بنِ مُقْبِلِ بنِ قَائِدَةَ (اسم رجل) الهَمْدَاني الوادعِيُّ (المتوفى: 1422هـ)	ShamAY	1997	0.48961
		رسالة عمر بن عثمان بن العباس الجرسيفي في الحسبة [مطبوع ضمن «ثلاث رسائل أندلسية في آداب الحسبة والمحتسب»]	عمر بن عثمان بن العباس الجرسيفي	Sham19Y	132434	0.48959
		السيرة النبوية عند الهيثمي في كتابه مجمع الزوائد ومنبع الفوائد	سليمان بن عبد الله السويكت	Sham19Y	7645	0.48959
		وقعة الطّف	لوط بن يحيى الأزدي الغامدي الكوفي [ أبي مخنف ]	Rafed	1605	0.48958
		زيج الصابئ	محمد بن جابر بن سنان الحراني الرقي الصابئ، أبو عبد الله المعروف بالبتاني (المتوفى: 317هـ)	ShamAY	452	0.48957
		 مناحل الشفا ومناهل الصفا بتحقيق كتاب شرف المصطفى ( ص ) 	 عبد الملك الخركوشي النيسابوري 	ABLibrary	7589	0.48957
		اتمام النعمه بتصحيح حديث (علي باب دار الحكمه)	حسن حسيني آل مجدد شيرازي	Ghbook	7514	0.48957
		الكشف والبيان [ج ١]	أبو إسحاق أحمد [ الثّعلبي ]	Rafed	1643	0.48956
		تربه الحسين عليه السلام	علي شهرستاني	Ghbook	13179	0.48953
		تفسير الثعلبي = الكشف والبيان عن تفسير القرآن	أحمد بن محمد بن إبراهيم الثعلبي، أبو إسحاق (المتوفى: 427ه)	ShamelaY19	23578	0.48952
		شرح ألفية ابن مالك	حسين آل علي	ShamAY	37085	0.48951
		من بحوث ماهر الفحل	الدكتور ماهر ياسين الفحل	ShamAY	1767	0.4895
		حديث الدار	السيّد علي الحسيني الميلاني	Rafed	183	0.4895
		الموطأ كتاب القضاء في البيوع	أبو محمد عبد الله بن وهب بن مسلم المصري القرشي (المتوفى: 197ه)	ShamelaY19	30522	0.48949
		مختصر البصائر	حسن بن سليمان بن محمد الحلي‏	Masaha	2479	0.48946
		فتاوى معاصرة - علي جمعة	فضيلة الاستاذ الدكتور/ علي جمعة	ShamAY	37667	0.48944
		التحقيق العجيب في التثويب	الإمام محمد عبد الحي اللكنوي (ت1304هـ)	ShamAY	36005	0.48944
		التأصيل الشرعي للدعوة في المجال الطبي	د. عصام بن عبد المحسن الحميدان	ShamAY	33289	0.48943
		معاني الأخبار للكلاباذي (بحر الفوائد) مشكول	أبو بكر محمد بن أبي إسحاق إبراهيم بن يعقوب الكلاباذي البخاري	ShamAY	38045	0.48943
		تحولات المكان الحسيني في الشعر العراقي: 2010 1990	شذي عبد الكاظم الحلي	Ghbook	15680	0.48942
		من بحوث ماهر الفحل	الدكتور ماهر ياسين الفحل	Sham19Y	1767	0.48941
		 نقض الفتاوى الوهابية 	 الشيخ محمد حسين كاشف الغطاء 	ABLibrary	8669	0.48941
		معجم الفرائد القرآنية		ShamAY	33092	0.48939
		 أعيان الشيعة 	 السيد محسن الأمين 	ABLibrary	76	0.48938
		صلاة المسافر - مفهوم، وأنواع، وآداب، ودرجات، وأحكام في ضوء الكتاب والسنة	د. سعيد بن علي بن وهف القحطاني	Sham19Y	31236	0.48937
		انوار الفقاهه - كتاب الشهادات	حسن بن جعفر بن خضر نجفي كاشف الغطاء	Ghbook	12068	0.48937
		إعراب القرآن الكريم وبيانه [ج ٩]	محيي الدين الدرويش	Rafed	2053	0.48936
		تاريخ أهل عمان	١٨٩ صفحة	Rafed	2181	0.48936
		الجامع المسند الصحيح المختصر من أمور رسول الله صلى الله عليه وسلم وسننه وأيامه = صحيح البخاري	محمد بن إسماعيل أبو عبدالله البخاري الجعفي	ShamAY	32027	0.48935
		موسوعة الإمام أميرالمؤمنين علي بن أبي طالب عليه السلام [ج ٩ و ١٠ و ١]	باقر شريف القرشي	Rafed	389	0.48934
		الرجعه او العوده الي الحيات الدنيا بعد الموت	مركز رساله	Ghbook	6604	0.48922
		قاعدة في المؤرخين (مطبوع مع كتاب «أربع رسائل في علوم الحديث» )	تاج الدين عبد الوهاب بن تقي الدين السبكي (المتوفى: 771هـ)	ShamAY	26114	0.48921
		نور الإخلاص وظلمات إرادة الدنيا بعمل الآخرة في ضوء الكتاب والسنة	د. سعيد بن علي بن وهف القحطاني	Sham19Y	96534	0.4892
		المهذّب البارع [ج ٥]	الشيخ جمال الدين أحمد بن محمد بن فهد الحلّي	Rafed	1846	0.4892
		الظاهره الحسينيه	محمد علي الحلو	Ghbook	12357	0.48919
		في السلوك الإسلامي القويم	ابن الشوكاني، أحمد بن محمد بن علي وهو ابن العلامة الشوكاني الكبير (المتوفى: 1281هـ)	ShamAY	31375	0.48918
		موسوعة الامام الحسين عليه السلام في الكتاب و السنة و التاريخ	محمد محمدي ري شهري	Ghbook	16215	0.48916
		احكام النساء	آيت الله العظمي ناصرمكارم شيرازي	Ghbook	3273	0.48915
		اللطائف في اللغة = معجم أسماء الأشياء	أحمد بن مصطفى اللَّبَابِيدي الدمشقي (المتوفى: 1318هـ)	ShamAY	7057	0.48914
		الجهاد في سبيل الله تعالى - مفهومه، وحكمه، ومراتبه، وضوابطه، وأنواعه، وأهدافه، وفضله، وأسباب النصر على الأعداء في ضوء الكتاب والسنة	د. سعيد بن علي بن وهف القحطاني	ShamelaY19	96462	0.48913
		كتاب الأربعين في صفات رب العالمين	شمس الدين أبو عبد الله محمد بن أحمد بن عثمان بن قَايْماز الذهبي (المتوفى: 748هـ)	ShamAY	12861	0.48912
		كتاب الصلاه	محمد رضا آل كاشف الغطاء	Ghbook	10216	0.48912
		 غنية اللبيب عند غيبة الطبيب 	 محمد بن ابراهيم الأنصاري ( ابن الأكفاني ) 	ABLibrary	9940	0.48909
		نور الابصار في احوال الائمه التسعه الابرار ( عليهم السلام ) - الامام الباقر ( عل...	محمد مهدي مازندراني حائري	Ghbook	6292	0.48908
		زيج الصابئ	محمد بن جابر بن سنان الحراني الرقي الصابئ، أبو عبد الله المعروف بالبتاني (المتوفى: 317ه)	Sham19Y	452	0.48901
		التَّلخِيص في مَعرفَةِ أسمَاءِ الأشياء	أبو هلال الحسن بن عبد الله بن سهل بن سعيد بن يحيى بن مهران العسكري (المتوفى: نحو 395هـ)	ShamAY	675	0.48899
		الفجر الساطع على الصحيح الجامع	محمد الفضيل بن محمد الفاطمي الشبيهي	ShamAY	35955	0.48899
		الآثار الإقتصادية للزكاة	محمد علي سميران	ShamAY	36329	0.48895
		مسألة فيما إذا كان في العبد محبة لما هو خير وحق ومحمود في نفسه	تقي الدين أبو العباس أحمد بن عبد الحليم بن عبد السلام بن عبد الله بن أبي القاسم بن محمد ابن تيمية الحراني الحنبلي الدمشقي (المتوفى: 728ه)	ShamelaY19	22668	0.48894
		مستدرك الوسائل [ج ١٦]	الشيخ حسين النوري الطبرسي [ المحدّث النوري ]	Rafed	1223	0.48893
		جمع الفوائد من جامع الأصول ومجمع الزَّوائِد	محمد بن محمد بن سليمان بن الفاسي بن طاهر السوسي الردواني المغربي المالكي (المتوفى: 1094هـ)	ShamAY	90	0.4889
		تاريخ أهل عمان‏	سعيد عبد الفتاح عاشور	Masaha	4777	0.48887
		مواقف النبي - صلى الله عليه وسلم - في الدعوة إلى الله تعالى	د. سعيد بن علي بن وهف القحطاني	Sham19Y	96532	0.48886
		 خطط الشام 	 محمد كرد علي 	ABLibrary	9055	0.48886
		موسوعة تاريخ العراق بين احتلالين	عباس العزاوي	Ghbook	9239	0.48886
		الملاحم و الفتن في ظهور الغائب المنتظر عجل الله فرجه	السيد علي بن موسى بن طاووس	Masaha	2335	0.48884
		إذهاب الحزن وشفاء الصدر السقيم في تعليم النبي صلّى اللّه عليه وسلّم أصحابه ألفاظ القرآن الكريم = المنهج النبوي في التعليم القرآني		ShamAY	36974	0.48882
		العلاج بالرقى من الكتاب والسنة	د. سعيد بن علي بن وهف القحطاني	ShamelaY19	96469	0.4888
		المقترب في بيان المضطرب	أحمد بن عمر بن سالم بن أحمد بن عبود أبو عمر بازمول السلفي المكي الرحابي	ShamAY	8562	0.48879
		المشروع والممنوع في المسجد - محمد العرفج	محمد بن علي العرفج	ShamelaY19	31245	0.48879
		أحوال الإمام الزاهد أبي عمر محمد بن أحمد بن محمد بن قدامة بن نصر المقدسي رحمه الله تعالى	الضياء المقدسي (643 هـ)	ShamAY	34572	0.48878
		تقريب فقه الطبيب	فهد الحزمي	ShamAY	36238	0.48874
		رسالة في الخراج	الشيخ ماجد بن فلاح [ الفاضل الشيباني ]	Rafed	1260	0.48874
		تنبيه الرجل العاقل على تمويه الجدل الباطل	شيخ الإسلام أحمد بن عبد الحليم بن عبد السلام ابن تيمية (661 - 728 ه)	Sham19Y	18645	0.4887
		الوجيز في الفقه على مذهب الإمام أحمد بن حنبل	سراج الدين أبو عبد الله، الحسين بن يوسف بن أبي السري الدجيلي (664 ه - 732 ه)	ShamelaY19	147064	0.48868
		أحكام تقنية المعلومات "الحاسب الآلي وشبكةالمعلومات (الإنترنت) "	عبد الرحمن بن عبد الله السند	ShamAY	35898	0.48867
		 الطب الجديد الكيميائي 	 صالح نصر الله ابن سلوم الحلبي 	ABLibrary	9971	0.48867
		الي ابنائنا في البلاد الاجنبيه	آيت الله العظمي سيد محمد حسيني شيرازي	Ghbook	7913	0.48862
		الكافية في علم النحو	ابن الحاجب جمال الدين بن عثمان بن عمر بن أبي بكر المصري الإسنوي المالكي (توفي: 646 هـ)	ShamAY	31709	0.48858
		الخوف الذي أبحث عنه	محمد بن عصبي الغامدي	ShamAY	35157	0.48856
		السقيفة و فدك	باسم مجيد الساعدي	Ghbook	12337	0.48855
		الحق المبين في معرفة الملائكة المقربين	محمد علي محمد إمام	ShamAY	1148	0.48851
		خصائص الوحى المبين	شمس الدين يحيى بن الحسن الأسدي الربعي الحلّي [ الحافظ ابن البطريق ]	Rafed	1837	0.48848
		إيجاز التعريف في علم التصريف	محمد بن عبد الله، ابن مالك الطائي الجياني، أبو عبد الله، جمال الدين (المتوفى: 672هـ)	ShamAY	10915	0.48847
		العناية بالقرآن الكريم في العهد النبوي الشريف	يوسف بن عبد الله الحاطي	ShamAY	8515	0.48847
		نظرة في إحياء مراسم عاشوراء	الشيخ مصباح اليزدي	Masaha	468	0.48846
		عوالم العلوم والمعارف والاحوال (الجزء 25) في احوال الامام الحسن بن علي العسكري ع...	محمد باقر بن مرتضي موحد ابطحي اصفهاني	Ghbook	15395	0.48845
		إحقاق الحقّ وإزهاق الباطل [ج ١٢]	السيّد نور الله الحسيني المرعشي التستري	Rafed	2749	0.48844
		 الحاوي في الطب 	 محمد بن زكريا الرازي 	ABLibrary	9823	0.48841
		فتوح اليمن الكبرى المعروف برأس الغول وما جرى له من الكلام	أبو الحسن أحمد بن عبد الله البكري	ShamAY	37153	0.48837
		تطور الصحافة المصرية 1798 - 1981	إبراهيم عبده	ShamAY	31665	0.48834
		دعوة الشيخ محمد بن عبد الوهاب وأثرها في العالم الإسلامي	محمد بن عبد الله بن سليمان السلمان	ShamelaY19	30930	0.48833
		أخصر المختصرات في الفقه على مذهب الإمام أحمد بن حنبل	محمد بن بدر الدين بن عبد الحق ابن بلبان الحنبلي (المتوفى: 1083ه)	Sham19Y	6084	0.48833
		الفروق الفقهية والأصولية، مقوماتها- شروطها- نشأتها- تطورها (دراسة نظرية - وصفية- تاريخية)	يعقوب بن عبد الوهاب بن يوسف الباحسين التميمي	Sham19Y	16876	0.48831
		التمييز في تلخيص تخريج أحاديث شرح الوجيز المشهور بـ التلخيص الحبير	أبو الفضل أحمد بن علي بن محمد بن أحمد بن حجر العسقلاني (المتوفى: 852هـ)	ShamAY	31733	0.4883
		 تحرير الأحكام ( ط . ق ) 	 العلامة الحلي 	ABLibrary	9320	0.4883
		المفيد في تقريب أحكام الأذان	د. محمد بن عبد الرحمن بن ملهي بن محمد العريفي	ShamelaY19	31219	0.48829
		صلاة المسافر	محمد ضياء الرحمن الأعظمي	Sham19Y	12270	0.48829
		تاج العروس [ج ٩]	محبّ الدين أبي فيض السيد محمّد مرتضى الحسيني الواسطي الزبيدي الحنفي	Rafed	1501	0.48826
		 في رحاب أهل البيت ( ع ) 	 لجنة بحوث المجمع العالمي لأهل البيت ( ع ) 	ABLibrary	8550	0.48825
		تأخير نصر الدين لطف بالمؤمنين ومكر بالكافرين والمنافقين	أبو محمد عبد الكريم بن صالح بن عبد الكريم الحميد	ShamAY	1082	0.48822
		الضوابط المنهجية لاتباع الرسول صلى الله عليه وسلم	صلاح سلطان	ShamAY	33294	0.48821
		إحقاق الحقّ وإزهاق الباطل [ج ٨]	السيّد نور الله الحسيني المرعشي التستري	Rafed	2734	0.48821
		المظاهر الصوتية وأثرها في بيان مقاصد التنزيل	الدكتور سليمان بن علي	ShamAY	36936	0.4882
		جزء في التهنئة في الأعياد وغيرها لابن حجر	ابن حجر العسقلاني (852 هـ)	ShamAY	34301	0.4882
		 عبقات الأنوار في إمامة الأئمة الأطهار ( فارسي ) 	 السيد حامد النقوي 	ABLibrary	8496	0.48819
		السيرة النبوية - الجزء1	ابن هشام	Masaha	3361	0.48811
		قضايا الشعر المعاصر	نازك صادق الملائكة (المتوفى: 1428ه)	Sham19Y	2097	0.4881
		بحوث في علم الأصول [ج ٧]	السيّد محمود الهاشمي الشاهرودي	Rafed	668	0.48809
		متن منهاج الوصول إلى علم الأصول	ناصر الدين البيضاوي	ShamAY	37597	0.48804
		عدم تحريف القرآن	السيّد علي الحسيني الميلاني	Rafed	1555	0.48803
		 العوالم ، الإمام الحسين ( ع ) 	 الشيخ عبد الله البحراني 	ABLibrary	7614	0.48802
		تحفة الأحباب وبغية الطلاب‏	علي بن أحمد السخاوي	Masaha	4661	0.48802
		رسالة في بيان وسطية أهل السنة	وليد بن راشد السعيدان	ShamAY	35618	0.488
		تفسير الثعلبي = الكشف والبيان عن تفسير القرآن	أحمد بن محمد بن إبراهيم الثعلبي، أبو إسحاق (المتوفى: 427هـ)	ShamAY	23578	0.488
		إصلاح الأزهر	أ.د محمد المسير	ShamAY	37723	0.48795
		من قصص المعصومين عليهم السلام	آيت الله العظمي سيد محمد حسيني شيرازي	Ghbook	16347	0.48794
		اسس الحدود و التعزيرات	آيت الله العظمي ميرزا جواد تبريزي	Ghbook	10104	0.48792
		الذّريعة إلى تصانيف الشّيعة [ج ٨]	الشيخ آقا بزرك الطهراني	Rafed	449	0.48791
		التحفة اللطيفة في تاريخ المدينة الشريفة [ج ١]	شمس الدين السخاوي	Rafed	2247	0.48791
		ذكرى الشيعة في أحكام الشّريعة [ج ١]	محمّد بن جمال الدّين مكّي العاملي الجزيني [ الشهيد الأول ]	Rafed	537	0.4879
		الجهاد في سبيل الله تعالى - مفهومه، وحكمه، ومراتبه، وضوابطه، وأنواعه، وأهدافه، وفضله، وأسباب النصر على الأعداء في ضوء الكتاب والسنة	د. سعيد بن علي بن وهف القحطاني	Sham19Y	96462	0.48788
		مستند الشّيعة [ج ٣]	أحمد بن محمّد مهدي النّراقي	Rafed	589	0.48788
		يلزم الرافضة	عبد الرحمن دمشقية	ShamAY	35323	0.48787
		 الحلل السندسية في الأخبار والآثار الأندلسية 	 شكيب أرسلان 	ABLibrary	9040	0.48787
		كفاية الأثر في النصّ على الأئمّة الإثني عشر	أبي القاسم علي بن محمد بن علي الخزاز القمي الرازي	Rafed	3568	0.48787
		الرّفق في المنظور الإسلامي	ابو زلفى الخزاعي	Rafed	192	0.48786
		تأخير الظلامة إلى يوم القيامة	عبد الرحمن بن أبي بكر، جلال الدين السيوطي (المتوفى: 911ه)	ShamelaY19	96851	0.48785
		أقوال علماء السنة في قصيدة البردة	نخبة من العلماء	ShamAY	35447	0.48784
		ضعيف أبي داود - الأم	محمد ناصر الدين الألباني (المتوفى : 1420هـ)	ShamAY	5914	0.48784
		أضواء وآراء [ج ٣]	السيّد محمود الهاشمي الشاهرودي	Rafed	781	0.4878
		 معالم الدين في فقه آل ياسين 	 شمس الدين محمد الحلي 	ABLibrary	9332	0.48778
		أحكام جراحة التجميل في الفقه الإسلامي	الدكتور محمد عثمان شبير	ShamAY	36217	0.48775
		كشف الحال في وصف الخال	صلاح الدين خليل بن أيبك الصفدي (المتوفى: 764هـ)	ShamAY	5393	0.48771
		الذين يحبهم الله تعالى في القرآن والسُّنَّةِ ط2	علي بن نايف الشحود	ShamAY	34833	0.48766
		الرياض النضرة في مناقب العشرة - الجزء1	محب الدين الطبري‏	Masaha	2036	0.48766
		الميسر في علم تخريج الحديث النبوي	أبو ذر عبد القادر بن مصطفى بن عبد الرزاق المحمدي	ShamelaY19	96333	0.48765
		جامع الآثار في السير ومولد المختار	الواحدي :: ابن ناصر الدين الدمشقي	ShamAY	34447	0.48763
		فصول ومسائل تتعلق بالمساجد	عبد الله بن عبد الرحمن بن عبد الله بن إبراهيم بن فهد بن حمد بن جبرين (المتوفى: 1430هـ)	ShamAY	31288	0.48761
		ديوان أبي طالب بن عبد المطلب	ابو هفان المهزمي	Masaha	2346	0.48759
		 شرح الشفاء ( شرح ملا علي القاري ) 	 القاضي عياض 	ABLibrary	8457	0.48756
		تنبيه الرجل العاقل على تمويه الجدل الباطل	شيخ الإسلام أحمد بن عبد الحليم بن عبد السلام ابن تيمية (661 - 728 هـ)	ShamAY	38830	0.48747
		النفحات الزكية من المراسلات العلمية	الواحدي :: فيصل المبارك	ShamAY	36528	0.48745
		خطط الشام [ج ٢]	محمّد كرد علي	Rafed	2279	0.48745
		منزلة الزكاة في الإسلام - مفهوم, ومنزلة, وحكم, وأحكام، وفوائد, وشروط, ومسائل في ضوء الكتاب والسنة	د. سعيد بن علي بن وهف القحطاني	ShamelaY19	96527	0.48744
		تنبيه الرجل العاقل على تمويه الجدل الباطل - ط عالم الفوائد	شيخ الإسلام أحمد بن عبد الحليم بن عبد السلام ابن تيمية	ShamAY	34386	0.48743
		مملكة النبات كما يعرضها القرآن ويصفها	حامد صادق قنيبي	ShamAY	4570	0.4874
		اضطراب الناس في مسألة الكلام مع بيان الحق الذي تدل عليه الأدلة وتشهد به الفطر السليمة	عبد الكريم مراد	ShamAY	11193	0.48738
		منهاج الصالحين	آيت الله شيخ محمد اسحاق فياض	Ghbook	9672	0.48738
		 دليل تحرير الوسيلة ( الوصية ) 	 علي أكبر السيفي المازندراني 	ABLibrary	9755	0.48735
		الحوادث الجامعة والتجارب النافعة في المائة السابعة	كمال الدين أبو الفضل عبد الرزاق بن أحمد بن محمد الصابوني المعروف بابن الفوطي (المتوفى: 723هـ)	ShamAY	400	0.48734
		النهاية في الفتن والملاحم	أبو الفداء إسماعيل بن عمر بن كثير القرشي البصري ثم الدمشقي (المتوفى: 774هـ)	ShamAY	11818	0.48733
		مودّة أهل البيت وفضائلهم في الكتاب والسنّة	السيد تقي يوسف الحكيم	Rafed	758	0.48733
		ضعيف أبي داود - الأم	ناصر الدين الألباني	Sham19Y	5914	0.48732
		شجرة النور الزكية في طبقات المالكية	محمد بن محمد بن عمر بن علي ابن سالم مخلوف (المتوفى: 1360هـ)	ShamAY	31725	0.48725
		السيرة النبوية لابن هشام	عبد الملك بن هشام بن أيوب الحميري المعافري، أبو محمد، جمال الدين (المتوفى: 213ه)	Sham19Y	23833	0.48724
		 فقه الشركة على نهج الفقه والقانون ( يليه كتاب التأمين ) 	 السيد عبد الكريم الموسوي الاردبيلي 	ABLibrary	9536	0.48724
		القاضي عياض ومفهومه للإعجاز القرآني	أحمد جمال العمري	Sham19Y	8858	0.48718
		 الذريعة 	 آقا بزرگ الطهراني 	ABLibrary	845	0.48718
		حلية الطبيب المسلم محمد صالح المنجد	محمد صالح المنجد	ShamAY	34727	0.48717
		كتاب الأفعال	سعيد بن محمد المعافري القرطبي ثم السرقسطي، أبو عثمان، ويعرف بابن الحداد (المتوفى: بعد 400 هـ)	ShamAY	32339	0.48717
		صريح السنة للطبري	محمد بن جرير بن يزيد بن كثير بن غالب الآملي، أبو جعفر الطبري (المتوفى: 310ه)	Sham19Y	13127	0.48717
		الفروق الفقهية والأصولية، مُقوّمَاتُها- شرُوطُهَا- نشأتُهَا- تطوّرُهَا (دراسَة نظريَّة - وَصفيَّة- تَاريخيّة)	يعقوب بن عبد الوهاب بن يوسف الباحسين التميمي	ShamAY	32577	0.4871
		موسوعه الامام الهادي ( عليه السلام )	محمد حسيني قزويني	Ghbook	4051	0.48709
		رسالة في تحقيق معنى النظم والصياغة	ابن كمال باشا	Sham19Y	9891	0.48708
		 حلية الأبرار في أحوال محمد وآله الأطهار ( ع ) 	 السيد هاشم البحراني 	ABLibrary	7487	0.48708
		شرح الانموذج	جمال الدين محمد بن عبد الغني اردبيلي	Ghbook	15385	0.48707
		كتاب زواج عمر بن الخطاب من أم كلثوم بنت علي بن أبي طالب	أبو معاذ الإسماعيلي	ShamAY	33225	0.48705
		حملة الأوغاد على خير العباد	شحاتة محمد صقر	ShamelaY19	96720	0.48705
		التصريح بما تواتر في نزول المسيح	محمد أنور شاه بن معظم شاه الكشميري الهندي (المتوفى: 1353هـ)	ShamAY	8575	0.48704
		 بغية الطلب في تاريخ حلب 	 عمر بن أحمد العقيلي الحلبي ( ابن العديم ) 	ABLibrary	810	0.48699
		تنقيح مباني الاحكام في شرح شرايع الاسلام - كتاب الديات	آيت الله العظمي ميرزا جواد تبريزي	Ghbook	10102	0.48699
		مصنفات حذر منها الإمام الذهبي في كتابه سير أعلام النبلاء	محمد أبو غازي	ShamAY	37631	0.48698
		قاعدة في المؤرخين (مطبوع مع كتاب «أربع رسائل في علوم الحديث» )	تاج الدين عبد الوهاب بن تقي الدين السبكي (المتوفى: 771ه)	ShamelaY19	26114	0.48698
		الدرر واللئالي في فروع العلم الإجمالي‏ / تقريرات	الشيخ علي المروجي	Masaha	3440	0.48697
		إرشاد المهتدين إلى نصرة المجتهدين	الواحدي :: السيوطي	ShamAY	37497	0.48695
		الي الهيئات الحسينيه	آيت الله العظمي سيد محمد حسيني شيرازي	Ghbook	2322	0.48695
		الدرر واللآلي في فروع العلم الإجمالي	السيد تقي الطباطبائي القمي	Masaha	5060	0.48694
		أطفالنا وحب الرسول صلى الله عليه وسلم	د.أماني زكريا الرمادي	ShamAY	35197	0.48693
		نزهة الألباء في طبقات الأدباء - ط المنار ت السامرائي = التراجم	عبد الرحمن بن محمد بن عبيد الله الأنصاري، أبو البركات، كمال الدين الأنباري (المتوفى: 577 هـ)	ShamAY	38196	0.48693
		 الكامل في التاريخ 	 ابن الأثير 	ABLibrary	8253	0.48692
		تهذيب اللغة [ج ٢]	محمّد بن أحمد الأزهري	Rafed	1938	0.48692
		الجامع الصحيح المختصر	محمد بن إسماعيل أبو عبدالله البخاري الجعفي	ShamAY	33957	0.4869
		الدعاء المشروع في الحج	عبد الله بن أحمد آل علاف الغامدي	ShamAY	36383	0.48688
		رحلة فتح الله الصائغ الحلبي إلى بادية الشام وصحاري العراق والعجم والجزيرة العربية	فتح الله الصائغ الحلبي	Masaha	4468	0.48685
		ديوان الحطيئة	أبو مُلَيْكة جرول بن أوس بن مالك العبسي المشهور بـ الحطيئة	ShamAY	37850	0.48683
		تيجان الولاء في شرح بعض فقرات زياره عاشوراء	وسام البلداوي	Ghbook	12295	0.48683
		عقيدة العادة عند الأشاعرة	جابر السميري	ShamAY	35557	0.4868
		دولة الإسلام في الأندلس	محمد عبد الله عنان المؤرخ المصري (المتوفى: 1406هـ)	ShamAY	145	0.48678
		بدر الكبرى	عطية بن محمد سالم (المتوفى: 1420ه)	Sham19Y	9955	0.48678
		تحريم المتعة في الكتاب والسنة	يوسف جابر المحمدي	ShamAY	35677	0.48675
		سيرة الإمام أحمد بن حنبل	صالح بن الإمام أحمد بن محمد بن حنبل الشيبانيّ البغدادي، أبو الفضل (المتوفى: 265هـ)	ShamAY	6655	0.48674
		 بحار الأنوار 	 العلامة المجلسي 	ABLibrary	759	0.48674
		أخبار نيل مصر	شهاب الدين بن عماد الأقفهسي	Masaha	4129	0.48671
		 معتصم الشيعة في أحكام الشريعة 	 الفيض الكاشاني 	ABLibrary	9340	0.48665
		تنقيح المناظرة في تصحيح المخابرة	أبو عبد الله، محمد بن إبراهيم بن سعد الله بن جماعة الكناني الحموي الشافعي، بدر الدين (المتوفى: 733هـ)	ShamAY	10103	0.48663
		 سلسلة المسائل الفقهية 	 الشيخ السبحاني 	ABLibrary	9575	0.48663
		تاريخ أرض الإسلام الأسس الجغرافية لتاريخ الإسلام‏	كزاوية دو بلانول	Masaha	4563	0.48662
		التحفة اللطيفة في تاريخ المدينة الشريفة	شمس الدين أبو الخير محمد بن عبد الرحمن بن محمد بن أبي بكر بن عثمان بن محمد السخاوي (المتوفى: 902هـ)	ShamAY	7434	0.48661
		الاقطاب الفقهية علي مذهب الامامية	ابن ابي جمهور احسائي	Ghbook	10353	0.48653
		صلاة المسافر	محمد ضياء الرحمن الأعظمي	ShamAY	12270	0.48651
		المؤمن	الشيخ الحسين بن سعيد الكوفي الأهوازي	Rafed	18	0.48648
		الإسلام والحكم	علي أبو الحسن بن عبد الحي بن فخر الدين الندوي (المتوفى: 1420 ه)	Sham19Y	17439	0.48647
		نبذه عن حياه المعصومين ( عليهم الصلاة و السلام ) - الامام السجاد ( عليه السلام )	آيت الله العظمي سيد محمد حسيني شيرازي	Ghbook	6402	0.48646
		إيمان أبي طالب	محمّد بن محمّد النعمان العكبري [ الشيخ المفيد ]	Rafed	1569	0.48644
		تنقيح مباني الأحكام - كتاب القصاص	الميرزا جواد التبريزي	Masaha	5065	0.48643
		موسوعه كلمات الامام الحسين ( عليه السلام ) 	محمود شريفي	Ghbook	5993	0.48641
		أباطيل الريمي		ShamAY	33423	0.48638
		التوسل المشروع والممنوع	-	ShamAY	1118	0.48636
		ديوان الفرزدق	همام بن غالب بن صعصعة التميمي الدارمي وكنيته أبو فراس (38هـ/658م - 110هـ/728م).	ShamAY	37829	0.48635
		الامام الحسن بن علي عليه السلام	محمد السند	Ghbook	15157	0.48635
		القول المبين عن وجوب مسح الرجلين	أبي الفتح محمّد بن علي الكراجكي	Rafed	17	0.48634
		إقامة البرهان في الرد على من أنكر خروج المهدي والدجال ونزول المسيح في آخر الزمان للتويجري	التويجري، حمود بن عبد الله	ShamAY	35412	0.48624
		كلمه الامام العسكري ( عليه السلام )	حسن شيرازي	Ghbook	7982	0.48624
		الاخ الشهيد آيه الله السيد حسن الشيرازي 	آيت الله العظمي سيد محمد حسيني شيرازي	Ghbook	2298	0.48621
		كيف و لماذا اسلموا ؟	آيت الله العظمي سيد محمد حسيني شيرازي	Ghbook	7793	0.48619
		صلاح الدين الأيوبي وجهوده في القضاء على الدولة الفاطمية وتحرير بيت المقدس	عَلي محمد محمد الصَّلاَّبي	ShamAY	151	0.4861
		مجموعة فتاوى ابن أبي عقيل	ابن أبي عقيل النعماني	Masaha	1004	0.48609
		ما له حكم الرفع من أقوال الصحابة وأفعالهم	أبو ياسر محمد بن مطر بن عثمان آل مطر الزهراني (المتوفى: 1427هـ)	ShamAY	11367	0.48608
		تسهيل الوصول إلى معرفة أسباب النزول	الناشر: دار المعرفة للطباعة والنشر والتوزيع	Rafed	3744	0.48608
		إعلام ذوي العقول بأن الخلوة بالمعقود عليها دخول	محمد عوض السكندري	ShamAY	36714	0.48607
		تمام المنة ببعض ما اتفق عليه أهل السنة	الواحدي	ShamAY	35616	0.48606
		أصول الفقه [ج ١٠]	آية الله الشيخ حسين الحلّي	Rafed	989	0.48606
		تيسير وتكميل شرح ابن عقيل على ألفيّة ابن مالك [ج ٥]	الدكتور محمّد علي سلطاني	Rafed	2817	0.48606
		الشيعة والمتعة	محمد مال الله	ShamAY	35674	0.48603
		التمحيص	محمد بن همام الاسكافي	Masaha	1669	0.48603
		أخصر المختصرات في الفقه على مذهب الإمام أحمد بن حنبل	محمّد بن بدر الدين بن عبد الحق ابن بلبان الحنبلي (المتوفى: 1083هـ)	ShamAY	6084	0.48602
		أثر سلامة القلب على سعادة المرء في الدنيا والآخرة	الواحدي :: مصطفى العدوي	ShamAY	35178	0.48602
		احكام فقهيه حول الشخصيه الحسينيه	عبدالمجيد نجفي	Ghbook	5893	0.48601
		القول المبين عن وجوب مسح الرجلين	محمد بن علي كراجكي	Ghbook	7583	0.486
		ديوان حسان بن ثابت	حسان بن ثابت الأنصاري	ShamAY	37912	0.48598
		 حدود العالم من المشرق الى المغرب 	 مؤلف مجهول 	ABLibrary	9034	0.48598
		فضائل الصحابة - محمد حسن عبد الغفار	محمد حسن عبد الغفار	ShamelaY19	37678	0.48597
		نفحات الأزهار في خلاصة عبقات الأنوار [ج ١٦]	السيّد علي الحسيني الميلاني	Rafed	469	0.48592
		موجز تاريخ اليهود والرد على بعض مزاعمهم الباطلة	محمود بن عبد الرحمن قدح	ShamAY	3823	0.48591
		الله جل جلاله واحد أم ثلاثة؟	د. منقذ بن محمود السقار	ShamelaY19	95570	0.48589
		لا إله إلا الله مفتاح الجنة		ShamAY	35546	0.48585
		العلمانيون العرب وموقفهم من الإسلام	أبو سفيان مصطفى باحو السلاوي المغربي	Sham19Y	96927	0.48584
		طيبة وذكريات الأحبة	أحمد أمين صالح مرشد	ShamAY	38417	0.48583
		 مصنفات مير داماد 	 السيد محمد باقر الداماد ( الميرداماد ) 	ABLibrary	8605	0.48583
		القرآن يتحدى	محمد سيد طنطاوي (المتوفى: 1431هـ)	ShamAY	8871	0.48581
		 الغاية القصوى في التعليق على العروة الوثقى ( كتاب الإجارة ) 	 السيد تقي الطباطبائي القمي 	ABLibrary	9714	0.4858
		 الذريعة 	 آقا بزرگ الطهراني 	ABLibrary	860	0.48577
		القرآن وعودة المجد	مجدي الهلالي	ShamelaY19	36398	0.48569
		التحفة اللطيفة في تاريخ المدينة الشريفة  - الجزء1	محمد بن عبد الرحمن السخاوي	Masaha	4395	0.48569
		الغريب المصنف	أبو عُبيد القاسم بن سلاّم بن عبد الله الهروي البغدادي (المتوفى: 224هـ)	ShamAY	1536	0.48567
		تفسير فرات كوفي	ابوالقاسم فرات ابراهيم بن فرات كوفي	Ghbook	2485	0.48566
		صحيح الأدب المفرد للإمام البخاري	محمد بن إسماعيل بن إبراهيم بن المغيرة البخاري، أبو عبد الله (المتوفى: 256هـ)	ShamAY	1341	0.4856
		التجلية لحكم الجلوس للتعزية	ظافر آل جبعان	ShamAY	36232	0.48558
		حسرة العالم بوفاة سيد العالم	الإمام محمد عبد الحي اللكنوي (ت1304هـ)	ShamAY	35783	0.48556
		مستدرك الوسائل [ج ١٠]	الشيخ حسين النوري الطبرسي [ المحدّث النوري ]	Rafed	1152	0.48556
		نداءات الرحمن للنبي المختار في كلام العزيز الغفار	علي عبد العزيز الراجحي	ShamAY	33120	0.48551
		المختصر في أخبار البشر	أبو الفداء عماد الدين إسماعيل بن علي بن محمود بن محمد ابن عمر بن شاهنشاه بن أيوب، الملك المؤيد، صاحب حماة (المتوفى: 732هـ)	ShamAY	12715	0.4855
		عيون الغرر في فضائل الآيات والسور	مشتاق مظفر	Masaha	1742	0.48547
		 الشامل في الصناعة الطبية 	 ابن النفيس 	ABLibrary	9906	0.48546
		ذخائر العقبى في مناقب ذوي القربى(ع) - الجزء1	أحمد بن عبد الله الطبري‏	Masaha	2195	0.48546
		 في رحاب أهل البيت ( ع ) 	 لجنة بحوث المجمع العالمي لأهل البيت ( ع ) 	ABLibrary	8540	0.48545
		زكاة أجور الموظفين	الشيخ الدكتور اليزيد الراضي حفظه الله	ShamAY	36347	0.4854
		قطيعة الرحم: المظاهر - الأسباب - سبل العلاج	محمد بن إبراهيم الحمد	ShamelaY19	31349	0.48538
		البنية الإيقاعية في شعر الجواهري	مقداد محمد شكر قاسم	ShamAY	34534	0.48537
		 العوالم ، الإمام محمد الباقر ( ع ) 	 الشيخ عبد الله البحراني 	ABLibrary	7616	0.48536
		أحكام حضور المسجد	عبد الله العسكر	ShamAY	36220	0.48532
		التقيه ، مفهومها مدها، دليلها	آيت الله العظمي جعفر سبحاني	Ghbook	5042	0.48526
		الحق والميزان في عقيدة مكارمة نجران	ابن باز	ShamAY	35338	0.48522
		تحذير الخواص من أكاذيب القصاص	عبد الرحمن بن أبي بكر، جلال الدين السيوطي (المتوفى: 911هـ)	ShamAY	6073	0.48522
		دليل البلاغة الواضحة	علي الحازم ومصطفى أمين	Rafed	2039	0.4852
		الفتاوى المضيئات	زيد بن محمد المدخلي	ShamAY	32976	0.48518
		المنهل القدسي في فضل آية الكرسي	الواحدي	ShamAY	36899	0.48518
		مختصر الانتخاب من كتاب من صبر ظفر لأبي بكر المطوعي - مخطوط	أبو بكر محمد بن علي بن محمد بن عمر المطوعي الغازي النيسابوري	ShamAY	32949	0.48517
		احكام السرقه علي ضوء القرآن و السنه - شرح و تعليق علي كتاب شرائع الاسلام	عادل علوي	Ghbook	10222	0.48517
		عظات وعبر من أحاديث سيد البشر صلى الله عليه وسلم	جابر بن موسى بن عبد القادر بن جابر أبو بكر الجزائري	ShamAY	11277	0.48516
		وظيفة الصورة الفنية في القرآن	عبد السلام أحمد الراغب	ShamAY	1193	0.48515
		إفادة المبتدي المستفيد فى حكم إتيان المأموم بالتسميع وجهره به إذا بلغ وإسراره بالتحميد - سلسلة لقاء العشر الأواخر بالمسجد الحرام (29)	إبراهيم بن محمد بن محمود بن بدر، برهان الدين، أبو إسحاق الحلبي القبيباتي الشافعي الناجي (المتوفى: 900 ه)	Sham19Y	17845	0.48512
		العسجد المسبوك والجوهر المحكوك في طبقات الخلفاء والملوك		ShamAY	34638	0.48511
		صناعة الصورة باليد مع بيان أحكام التصوير الفوتوغرافي	الواحدي :: عبد الله الطيار	ShamAY	36158	0.48509
		 إيصال الطالب إلى المكاسب 	 السيد محمد الحسيني الشيرازي 	ABLibrary	9480	0.48507
		المفيد في تقريب أحكام الأذان	د. محمد بن عبد الرحمن بن ملهي بن محمد العريفي	Sham19Y	31219	0.48505
		هذه حياتي سيرتي ومسيرتي	أحمد ديدات.	ShamAY	33280	0.48503
		تاج العروس [ج ١٣]	محبّ الدين أبي فيض السيد محمّد مرتضى الحسيني الواسطي الزبيدي الحنفي	Rafed	1522	0.48502
		استفتائات حول السياسه الاسلاميه	آيت الله العظمي سيد محمد حسيني شيرازي	Ghbook	7875	0.485
		ديوان النابغة الذبياني	هو زياد بن معاوية بن ضباب بن جابر بن يربوع بن مرّة بن عوف بن سعد، الذبياني، الغطفاني (605 م)	ShamAY	37896	0.48499
		تاريخ الشيعه السياسي	محمد علي الحلو	Ghbook	12346	0.48495
		إعفاء اللحية على ضوء الكتاب والسنة وأقوال أهل العلم		ShamAY	36317	0.48494
		تبريد حرارة المصيبة عند موت الأحباب وفقد ثمرات الأفئدة وفلذات الأكباد في ضوء الكتاب والسنة	د. سعيد بن علي بن وهف القحطاني	ShamelaY19	96482	0.48494
		العلاج المعرفى بالقرآن يدعم الكفاءة الذاتية لمريض الإدمان	أسامة توكل عثمان	ShamAY	34892	0.48493
		صلاة المسافر - مفهوم، وأنواع، وآداب، ودرجات، وأحكام في ضوء الكتاب والسنة	د. سعيد بن علي بن وهف القحطاني	ShamAY	1794	0.48493
		غزوات النبي صلى الله عليه وآله وسلم	السيد الجميلى	ShamelaY19	23654	0.48492
		ادوار الفقه الامامي	آيت الله العظمي جعفر سبحاني	Ghbook	9000	0.48492
		ماذا تعرف عن «حزب الله» اللبناني	علي الصادق	ShamAY	33313	0.48482
		المصالح المرسلة (ضمن «المحاضرات» المطبوعة بـ «بآثار الشنقيطي»)	محمد الأمين بن محمد المختار الجكني الشنقيطي (1325 - 1393)	ShamAY	38833	0.48477
		 رسائل طبي محمد بن زكرياى رازى 	 محمد بن زكريا الرازي 	ABLibrary	9827	0.48477
		الانصاف في حكم الاعتكاف	الإمام محمد عبد الحي اللكنوي (ت1304هـ)	ShamAY	36004	0.48476
		السيرة النبوية لابن هشام	عبد الملك بن هشام بن أيوب الحميري المعافري، أبو محمد، جمال الدين (المتوفى: 213هـ)	ShamAY	23833	0.48469
		الف مسالة في بلاد الغرب	آيت الله العظمي حسيني	Ghbook	9589	0.48469
		مواقف النبي - صلى الله عليه وسلم - في الدعوة إلى اللَّه تعالى	د. سعيد بن علي بن وهف القحطاني	ShamAY	1897	0.48466
		حديث الدار	آيت الله علي حسيني ميلاني	Ghbook	7628	0.48465
		مسألة فيما إذا كان في العبد محبة لما هو خير وحق ومحمود في نفسه	تقي الدين أبو العباس أحمد بن عبد الحليم بن عبد السلام بن عبد الله بن أبي القاسم بن محمد ابن تيمية الحراني الحنبلي الدمشقي (المتوفى: 728ه)	Sham19Y	22668	0.48464
		خطط الكوفة وشرح خريطتها	لويي ماسينيون	Masaha	4449	0.48464
		تاريخ الإسلام ووفيات المشاهير والأعلام	شمس الدين أبو عبد الله محمد بن أحمد بن عثمان بن قايماز الذهبي (المتوفى: 748ه)	ShamelaY19	22771	0.48463
		تفصيل الشريعة في شرح تحريرالوسيلة : كتاب الديات	محمد فاضل لنكراني	Ghbook	9823	0.48463
		شرح زيارة عاشوراء	ابوالمعالي محمد بن محمد ابراهيم كلباسي اصبهاني	Ghbook	16022	0.48458
		بحث التقية	د. مجيد الخليفة	ShamAY	35298	0.48457
		نفحات الأزهار في خلاصة عبقات الأنوار [ج ١٣]	السيّد علي الحسيني الميلاني	Rafed	458	0.48456
		 خطط الكوفة وشرح خريطتها 	 لويس ماسينيون 	ABLibrary	9060	0.48455
		أدب النساء الموسوم بكتاب العناية والنهاية	عبد الملك بن حَبِيب بن حبيب بن سليمان بن هارون السلمي الإلبيري القرطبي، أبو مروان (المتوفى: 238هـ)	ShamAY	26808	0.48453
		مؤتمر العلاج بالقرآن بين الدين والطب	محمد عمر سالم	ShamAY	35120	0.48451
		شيخ العلماء وبليغ الأدباء بكر أبو زيد	ذياب بن سعد الغامدي	ShamAY	35826	0.48448
		جامع الافكار و ناقد الانظار	ملا محمد مهدي نراقي	Ghbook	8421	0.48445
		القواعد النحويه	قاسم حسيني خراساني	Ghbook	15578	0.48442
		نشاه التشيع و الشيعه	محمد باقر صدر	Ghbook	7118	0.48437
		مسند الإمام الباقر أبي جعفر محمد بن علي(ع) - الجزء1	عزيز الله عطاردي‏	Masaha	2442	0.48435
		 في رحاب أهل البيت ( ع ) 	 لجنة بحوث المجمع العالمي لأهل البيت ( ع ) 	ABLibrary	8541	0.48429
		اختلاف أقوال مالك وأصحابه	أبو عمر يوسف بن عبد الله بن محمد بن عبد البر بن عاصم النمري القرطبي (المتوفى: 463 هـ)	ShamAY	32563	0.48427
		قرة عين المحتاج في شرح مقدمة صحيح مسلم بن الحجاج	محمد بن علي بن آدم بن موسى الإتيوبي الولوي	ShamelaY19	148896	0.48425
		تاج العروس [ج ١٢]	محبّ الدين أبي فيض السيد محمّد مرتضى الحسيني الواسطي الزبيدي الحنفي	Rafed	1510	0.4842
		السمبوسة في كتب التراث	إبراهيم بن عبد الله المديهش	ShamelaY19	145424	0.48419
		مصارف الزكاة في الإسلام - مفهوم, وشروط، وأنواع، وأحكام في ضوء الكتاب والسنة	د. سعيد بن علي بن وهف القحطاني	ShamAY	1884	0.48418
		مسائل منثورة في التفسير والعربية والمعاني	عبد الله بن بري بن عبد الجبار المقدسي الأصل المصري، أبو محمد، ابن أبي الوحش (المتوفى: 582ه)	ShamelaY19	95580	0.48418
		وسيلة الإسلام بالنبي عليه الصلاة والسلام	أحمد بن حسين بن علي بن الخطيب، أبو العباس القسنطيني، ابن قنفذ (المتوفى: 810ه)	Sham19Y	6587	0.48416
		الرّيادة في حروب وفتوحات أبي بكر الصّديق - دراسة -	محمد ضاهر وتر	ShamAY	37149	0.48415
		حدود العالم من المشرق إلى المغرب	مجهول	Rafed	2458	0.48415
		الجهاد في سبيل الله تعالى - مفهومه، وحُكْمه، ومراتبه، وضوابطه، وأنواعه، وأهدافه، وفضله، وأسباب النصر على الأعداء في ضوء الكتاب والسنة	د. سعيد بن علي بن وهف القحطاني	ShamAY	1809	0.48414
		شرح نقائض جرير والفرزدق	أبو عبيدة معمر بن المثنى (برواية اليزيدي عن السكري عن ابن حبيب عنه)	ShamAY	31926	0.48411
		مودة أهل البيت(ع) وفضائلهم في الكتاب والسنة	مركز الرسالة	Masaha	454	0.48411
		دعاء ذي النون	علي مطلك	ShamAY	35989	0.48409
		طوق الحمامة في التداوي بالحجامة	الواحدي :: أحمد شحاتة السكندري	ShamAY	36590	0.48409
		شرح المخللاتي	رضوان بن محمد المكنى بأبي عيد	ShamAY	36812	0.48408
		 مسند الإمام الباقر ( ع ) 	 الشيخ عزيز الله عطاردي 	ABLibrary	7708	0.48408
		دروس الشيخ حمد الحمد	حمد بن عبد الله بن عبد العزيز الحمد	ShamAY	890	0.48406
		 الذريعة 	 آقا بزرگ الطهراني 	ABLibrary	867	0.48406
		الإسلام وتحديات التنصير في شمال أفريقيا	محمد عبدو	ShamAY	33465	0.48403
		المنهل الروي في الطب النبوي	ابن طولون (953 هـ)	ShamAY	33561	0.48401
		الشرح المختصر للسلم المنورق	أبو عبد الله، أحمد بن عمر بن مساعد الحازمي	ShamAY	818	0.48401
		ظاهره الاستقلاب في النص النبوي والتاريخي	نبيل قدوري الحسني	Ghbook	12348	0.48398
		فتاوى عاجلة لمنسوبي الصحة	عبد العزيز بن عبد الله بن باز (المتوفى: 1420هـ)	ShamAY	31225	0.48396
		صفة صلاة النبي صلى الله عليه وسلم - العثيمين	محمد بن صالح بن محمد العثيمين (المتوفى: 1421هـ)	ShamAY	21816	0.48395
		دلائل الإمامة	محمد بن جرير الطبري‏ الصغير	Masaha	2185	0.48394
		إحياء عاشوراء .. لماذا؟	الشيخ مصباح اليزدي	Masaha	73	0.48392
		 خزانة التواريخ النجدية 	 عبد الله بن عبد الرحمن آل بسام 	ABLibrary	9049	0.4839
		 شرح المصطلحات الكلامية 	 مجموعة مؤلفين 	ABLibrary	8462	0.48389
		وسائل الشيعة [ج ١٥]	محمد بن الحسن الحرّ العاملي [ العلامة الشيخ حرّ العاملي ]	Rafed	307	0.48389
		فضائل الصحابة - محمد حسن عبد الغفار	محمد حسن عبد الغفار	Sham19Y	37678	0.48388
		دروس تمهيديه في الفقه الاستدلالي علي المذهب الجعفري	باقر ايرواني	Ghbook	3505	0.48388
		قرب الإسناد (ط - الحديثة)	عبد الله بن جعفر الحميري	Masaha	690	0.48388
		تطور الصحافة المصرية 1798 - 1981	إبراهيم عبده	Sham19Y	11754	0.48384
		تأخير الظلامة إلى يوم القيامة	عبد الرحمن بن أبي بكر، جلال الدين السيوطي (المتوفى: 911هـ)	ShamAY	2011	0.48383
		بعض ما فعله الشيوعيون في العراق	آيت الله العظمي سيد محمد حسيني شيرازي	Ghbook	7900	0.48383
		 تاريخ أهل عمان 	 مؤلف مجهول 	ABLibrary	8986	0.48382
		ماذا تعرف عن الشيعة	أبو عمر المصري	ShamAY	35313	0.4838
		قرة العين في أحكام الدين	وليد عكاس	ShamAY	36663	0.48377
		الإسراء والمعراج وذكر أحاديثهما وتخريجها وبيان صحيحها	أبو عبد الرحمن محمد ناصر الدين، بن الحاج نوح بن نجاتي بن آدم، الأشقودري الألباني (المتوفى: 1420هـ)	ShamAY	7540	0.48376
		أربعون وسيلة لإستغلال الإجازة الصيفية	إبراهيم بن عبدالله الدويش	ShamAY	35028	0.48374
		 أمراء الكوفة وحكامها 	 محمد على آل خليفة 	ABLibrary	8937	0.48372
		حياة السلف بين القول والعمل	أحمد بن ناصر الطيار	Sham19Y	17505	0.4837
		موسوعة تاريخ العراق بين احتلالين [ج ١]	عباس العزاوي المحامي	Rafed	1919	0.4837
		منهج الامام الطاهر بن عاشور في التفسير	نبيل احمد صقر	Ghbook	9476	0.4837
		تقويم طرق تعليم القرآن وعلومه في مدارس تحفيظ القرآن الكريم	سعيد أحمد حافظ شريدح	ShamAY	11106	0.48369
		الشاهد الشعري النحوي عند الفرّاء (ت:207هـ) في كتابه (معاني القرآن) دراسة نحوية	عبد الهادي الحربي	ShamAY	37107	0.48368
		صريح السنة للطبري	محمد بن جرير بن يزيد بن كثير بن غالب الآملي، أبو جعفر الطبري (المتوفى: 310هـ)	ShamAY	13127	0.48366
		الصحيح من سيرة النبي الأعظم صلّى الله عليه وآله [ج ١٨]	السيد جعفر مرتضى العاملي	Rafed	2511	0.48364
		قبض الوقف	منير الدين بروجردي اصفهاني	Ghbook	11263	0.48364
		التقفية في اللغة	أبو بشر، اليمان بن أبي اليمان البَندنيجي، (المتوفى: 284 هـ)	ShamAY	32676	0.48362
		شباب الصحابة	الواحدي :: محمد الدويش	ShamAY	34806	0.48359
		266 سؤال في فضائل الأعمال		ShamAY	36223	0.48358
		سياسة نامة	العلامة دده أفندي	ShamAY	33172	0.48353
		التبرك بالصالحين والاخيار والمشاهد المقدسه	المجمع العالمي لاهل البيت عليهم السلام	Ghbook	7502	0.48353
		شرح الأجرومية للأسمري	أبو محمد، صالح بن محمد بن حسن آل عمير، الأسمري، القحطاني	Sham19Y	2121	0.4835
		المولود في بيت الله الحرام: علي بن أبي طالب عليه السلام أم حكيم بن حزام؟	نبيل قدوري الحسني	Ghbook	12327	0.48349
		يتيم عاشوراء من انصار كربلاء	ميثاق عباس الخفاجي الحلي	Ghbook	12293	0.48336
		موسوعة عشائر العراق [ج ٤]	عباس العزاوي المحامي	Rafed	3085	0.48335
		تراجم الرجال - الجزء1	السيد أحمد الحسيني	Masaha	549	0.48333
		منتخب الأثر في الإمام الثاني عشر عليه السلام [ج ٣]	لطف الله الصافي الگلپايگاني	Rafed	2776	0.48332
		الأحاديث المرفوعة المعلّة في كتاب (( حلية الأولياء ))	سعيد الغامدي	ShamAY	33056	0.48331
		اليميني = تاريخ العتبي	أبو نصر محمد بن عبد الجبار العتبي (المتوفى:427 هـ)	ShamAY	33832	0.4833
		رؤوس المسائل «المسائل الخلافية بين الحنفية والشافعية»	جار الله أبو القاسم محمود بن عمر الزمخشري (467 ه - 538 ه)	ShamelaY19	132620	0.48328
		مختار الصحاح	زين الدين أبو عبد الله محمد بن أبي بكر بن عبد القادر الحنفي الرازي (المتوفى: 666ه)	ShamelaY19	23193	0.48328
		علي ( عليه السلام ) في القرآن	مرتضي عسكري	Ghbook	7677	0.48327
		تنبيه المؤمن الأواه بفضائل لا إله إلا الله	أحمد بن يوسف بن محمد الأهدل	ShamAY	2033	0.48326
		الامام المهدي في كلمات الاعلام من السنه	علي محمد علي دخيل	Ghbook	11209	0.48325
		الأمر بالمعروف والنهي عن المنكر في ضوء الكتاب والسنة	سليمان بن عبد الرحمن الحقيل	Sham19Y	30911	0.48324
		إفادة الخبر بنصه في زيادة العمر ونقصه	عبد الرحمن بن أبي بكر، جلال الدين السيوطي (المتوفى: 911هـ)	ShamAY	663	0.48322
		المبشرون بالجنة	توفيق عمر سيدي	ShamAY	35164	0.48321
		عبرة الخلف في دموع السلف	أبو إسلام أحمد بن علي	ShamAY	35207	0.48321
		فضائل ليلة نصف شهر شعبان	سالم السنهوري	ShamAY	36166	0.4832
		الدرر الغوالي في فروع العلم الإجمالي‏ / تقريرات	رضا اللطفي التبريزي	Masaha	3439	0.4832
		أسماء و صفات الله تعالى المركبة في القرآن الكريم		ShamAY	35715	0.48319
		ديوان المديح والرثاء في محمّد وآل بيته النّجباء	سلمان هادي آل طعمة	Rafed	284	0.48316
		معتقد أهل السنة والجماعة في أسماء الله الحسنى	محمد بن خليفة بن علي التميمي	ShamAY	12074	0.48314
		فاطمه عليها السلام كوثر الرسول	حسين گنجي	Ghbook	16237	0.48313
		أذكار وآداب الصباح والمساء	محمد أحمد إسماعيل المقدم	ShamAY	190	0.48312
		حاشيه علي رساله في المواسعه و المضايقه	ملا عبد اللّٰه بن محمد حسن مامقاني	Ghbook	11254	0.4831
		الشفاعة	أبو عبد الرحمن مقبل بن هادي بن مقبل بن قائدة (اسم رجل) الهمداني الوادعي (المتوفى: 1422ه)	ShamelaY19	96782	0.48307
		العالم والنص والناقد	إدوارد سعيد	ShamAY	34555	0.48306
		فتح رب البرية شرح المقدمة الجزرية في علم التجويد	صفوت محمود سالم	ShamAY	21580	0.48303
		فكرة الإفريقية الآسيوية	مالك بن الحاج عمر بن الخضر بن نبي (المتوفى: 1393ه)	ShamelaY19	37650	0.483
		الانتخابات بين الإباحة و التحريم	حسني محمد العطار	ShamAY	36710	0.48298
		انحلال الزواج في الفقه والقانون	عبد الله يوسف عزام	ShamAY	35926	0.48298
		موجز تاريخ آل الشيرازي في القرن العشرين	علي موسوي	Ghbook	8075	0.48296
		وطء المرأة في الموضع المحرم	طارق الطواري	ShamAY	36249	0.48294
		السير الصغير - ت: محمود غازي	محمد بن الحسن الشيباني	ShamAY	34215	0.48294
		منهاج الصالحين	آية الله العظمي الشيخ بشير حسين النجفي	Ghbook	12240	0.48293
		 موسوعة مرآة الحرمين الشريفين وجزيرة العرب 	 أيوب صبري باشا 	ABLibrary	9291	0.48292
		بلاغة الوصف في فقه التوثيق	أحمد باكو	ShamAY	34551	0.4829
		أربع قواعد تدور الأحكام عليها ويليها نبذة في اتباع النصوص مع احترام العلماء (مطبوع ضمن مؤلفات الشيخ محمد بن عبد الوهاب، الجزء الثالث)	محمد بن عبد الوهاب بن سليمان التميمي النجدي (المتوفى: 1206هـ)	ShamAY	7499	0.48286
		القواعد الأصولية التي تنهض بوظيفة مراعاة الظروف في التشريع الإسلامي	حسين سالم الذهب :: حسين الذهب	ShamAY	37605	0.48285
		مسائل الإمام أحمد بن حنبل رواية ابن أبي الفضل صالح [203هـ - 266هـ]	أبو عبد الله أحمد بن محمد بن حنبل بن هلال بن أسد الشيباني (المتوفى: 241هـ)	ShamAY	6106	0.48285
		الحسام الممدود في الرد على اليهود (وهو مطبوع ضمن كتاب رسالتين في الرد على اليهود)	أبو محمد عبد الحق الإسلامي المغربي السبتي (المتوفى: ق 8 ه)	Sham19Y	37541	0.48282
		قضايا الإرهاب والعنف والتطرف في ميزان القرآن والسنة	أ.د. حسن بن إدريس عزوزي	ShamAY	33379	0.48281
		مجمع الفائدة والبرهان في شرح إرشاد الأذهان [ج ١٤]	الشيخ أحمد بن محمّد الأردبيلي [ المقدّس الأردبيلي ]	Rafed	1912	0.48281
		 إعانة الطالبين 	 البكري الدمياطي 	ABLibrary	997	0.48279
		هذه عقيدتي	علي الفتلاوي	Ghbook	12288	0.48277
		الصحيح المسبور من التفسير بالمأثور	حكمت بشير ياسين	ShamelaY19	22912	0.48276
		العلم في اطارالدين	حميدرضا الحسني	Ghbook	14942	0.48273
		البهائيه	طلعت زهران السكندري	Ghbook	7027	0.48272
		عيون أخبار الرضا(ع)‏ - الجزء1	الشيخ الصدوق	Masaha	2306	0.48271
		 في رحاب أهل البيت ( ع ) 	 لجنة بحوث المجمع العالمي لأهل البيت ( ع ) 	ABLibrary	8543	0.48268
		الخلاصة في فضائل الأعمال	الواحدي :: علي بن نايف الشحود	ShamAY	34997	0.48266
		سعادة الماجد بعمارة المساجد	حسن بن عمار بن علي الشرنبلالي المصري الحنفي (المتوفى: 1069ه)	ShamelaY19	96854	0.48264
		الأثر التربوي والخلقي لتعليم القرآن الكريم على الفرد والمجتمع	عبد الرحمن قصاص	ShamAY	36777	0.48263
		كتاب الجيم [ج ٣]	أبي عمرو الشيباني	Rafed	3587	0.48263
		الحريه في الاسلام	آيت الله العظمي حسيني	Ghbook	8035	0.48262
		إرشاد الحائر إلى معرفة قبيلة فلان في جنوب الجزائر	أبو عبد الله محمد عبد القادر بن محمد بن المختار بن أحمد العالم القبلوي الجزائري المالكي الشهير بالشيخ باي بلعالم (المتوفى: 1430هـ)	ShamAY	1633	0.48261
		 سلسلة المسائل الفقهية 	 الشيخ السبحاني 	ABLibrary	9592	0.48261
		رحلة مادام ديولافوا من المحمرة الي البصرة و بغداد	تعريب علي بصري	Ghbook	9527	0.48261
		 رسالة في تواريخ النبي والآل ( ع ) 	 الشيخ محمد تقي التستري 	ABLibrary	7533	0.4826
		شرح جمل الزجّاجى [ج ١]	أبي الحسن علي بن مؤمن بن محمّد بن علي ابن عصفور الحضرمي الإشبيلي « ابن عصفور »	Rafed	2079	0.4826
		خطبة الجمعة في الكتاب والسنة	عبد الرحمن بن محمد الحمد	ShamAY	31297	0.48259
		ماذا أعددت للموت؟	أزهري أحمد محمود	Sham19Y	36428	0.48259
		المحيط في اللّغة [ج ١٠]	إسماعيل بن عبّاد [ كافي الكفاة ]	Rafed	2868	0.48259
		أحكام المساجد في الشريعة الإسلامية (الجزء الثاني)	إبراهيم بن صالح الخضيري	ShamelaY19	31248	0.48258
		 المحيط في اللغة 	 الصاحب بن عباد 	ABLibrary	9785	0.48254
		دراسات و بحوث موتمر الامام الحسين عليه السلام	محمد مهدي آصفي	Ghbook	5916	0.48254
		إعجاز القرآن في (ويعلم ما في الأرحام)	محمود محمد غريب: من علماء الأزهر الشريف والموجه الديني لشباب جامعة القاهرة	ShamelaY19	29735	0.48253
		(الأساليب البلاغية في تفسير نظم الدُّرر في تناسب الآيات والسّور)	عقيد خالد حمودي محيي العزاوي	ShamAY	35897	0.48252
		الاعتصام بالكتاب والسنة أصل السعادة في الدنيا والآخرة ونجاة من مضلات الفتن	د. سعيد بن علي بن وهف القحطاني	ShamelaY19	96458	0.48252
		وهبة الزحيلي العالم الفقيه المفسر	د. بديع السيد اللحام	ShamAY	38613	0.4825
		بيان حكم اختلاف المطالع والحساب الفلكي	سامي وديع عبد الفتاح القدومي	ShamAY	36436	0.4825
		الغصن الداني في ترجمة وحياة الشيخ عبد الرحمن التنلاني	أبو عبد الله محمد عبد القادر بن محمد بن المختار بن أحمد العالم القبلوي الجزائري المالكي الشهير بالشيخ باي بلعالم (المتوفى: 1430هـ)	ShamAY	1690	0.48249
		الم ... ذلك الحسين	كمال السيد	Ghbook	5934	0.48249
		أمثال العرب ت إحسان عباس	المفضل بن محمد بن يعلى بن سالم الضبي (المتوفى: نحو 168هـ)	ShamAY	1034	0.48245
		عقود الجمان في علم المعاني والبيان	عبد الرحمن بن أبي بكر، جلال الدين السيوطي (المتوفى: 911ه)	ShamelaY19	97803	0.48244
		حقيقة الجهاد في سبيل الله ومحرمة الخروج على حاكم المسلمين	جابر بن موسى بن عبد القادر بن جابر أبو بكر الجزائري	ShamAY	11163	0.48242
		كتاب الجيم [ج ١]	أبي عمرو الشيباني	Rafed	3533	0.48241
		اللآلي	جمال الدين أبو الفرج عبد الرحمن بن علي بن محمد الجوزي (المتوفى: 597هـ)	ShamAY	659	0.48239
		إجازات قراء القرآن الكريم		ShamAY	37755	0.48236
		الحلقة الثّالثة في أسلوبها الثّاني [ج ٣]	الشيخ محمّد باقر الإيرواني	Rafed	774	0.48234
		تلخيص العبارة في نحو أهل الإشارة	عز الدين عبد السلام بن أحمد بن غانم بن علي المقدسي الشافعي (المتوفى: 678ه)	ShamelaY19	37484	0.48232
		 سلسلة المسائل الفقهية 	 الشيخ السبحاني 	ABLibrary	9577	0.48232
		متعه الحج علي ضوء الكتاب و السنه	آيت الله العظمي جعفر سبحاني	Ghbook	5065	0.48231
		ديوان أبي القاسم الشابي	أبو القاسم الشابي	ShamAY	37819	0.4823
		السيرة القرآنية للإمام الرضا عليه السلام	الشيخ محمّد جواد المروّجي الطبسي	Rafed	880	0.4823
		ماذا أعددت للموت؟	أزهري أحمد محمود	ShamelaY19	36428	0.48228
		عقوق الوالدين: أسبابه - مظاهره - سبل العلاج	محمد بن إبراهيم بن أحمد الحمد	ShamelaY19	31348	0.48226
		مرآة العقول [ج ١٩]	الشيخ محمّد باقر بن محمّد تقي المجلسي	Rafed	1072	0.48226
		رسم الأهداف	أبو ذر عبد القادر بن مصطفى بن عبد الرزاق المحمدي	ShamAY	31817	0.48224
		فقه الرضاع في الشريعه الاسلاميه الغراآ	آيت الله العظمي جعفر سبحاني	Ghbook	16464	0.48222
		تعليقه علي منهج المقال	محمد باقر بن محمداكمل ( وحيد بهبهاني )	Ghbook	7066	0.48222
		فتاوى الطب والمرضى	مجموعة من المؤلفين	ShamAY	21760	0.48221
		الأمر بالمعروف والنهي عن المنكر في ضوء الكتاب والسنة	سليمان بن عبد الرحمن الحقيل	ShamAY	30911	0.4822
		 الديمقراطية على ضوء نطرية الإمامة والشورى 	 الشيخ محمد السند 	ABLibrary	969	0.48218
		فلسفه الشعائر الحسينيه	احسان فضلي	Ghbook	5975	0.48211
		الحجة في القراءات السبع	الحسين بن أحمد بن خالويه، أبو عبد الله (المتوفى: 370هـ)	ShamAY	1067	0.4821
		طبقات فحول الشعراء	محمد بن سلام (بالتشديد) بن عبيد الله الجمحي بالولاء، أبو عبد الله (المتوفى: 232ه)	Sham19Y	6738	0.48208
		52 نقلا عن العلماء في حكم مظاهرة الكفار ومعاونتهم على المسلمين	مجموعة من المؤلفين	ShamAY	36570	0.48206
		أخبار الظراف والمتماجنين	جمال الدين أبو الفرج عبد الرحمن بن علي بن محمد الجوزي (المتوفى: 597هـ)	ShamAY	6952	0.48205
		زكاة الأثمان الذهب، والفضة، والعملات المعدنية، والورقية - مفهوم، وضوابط، ومسائل، وأحكام في ضوء الكتاب والسنة	د. سعيد بن علي بن وهف القحطاني	ShamelaY19	96485	0.48203
		نظره في كتاب الوشيعه في نقد عقائد الشيعه	عبدالحسين اميني ( علامه اميني )	Ghbook	7727	0.48203
		البداية في توضيح الكفاية [ج ٥]	علي العارفي الپشي	Rafed	3982	0.48201
		معاني الأخبار	أبي جعفر محمّد بن علي بن الحسين بن بابويه القمّي [ الشيخ الصدوق ]	Rafed	1254	0.48198
		فوائد حديث أبي عمير لابن القاص	أبو العباس أحمد بن أبي أحمد الطبري المعروف بـ ابن القاصِّ (المتوفى: 335هـ)	ShamAY	13148	0.48197
		 محاضرة الأبرار ومسامرة الأخيار 	 ابن عربي 	ABLibrary	8745	0.48196
		وسيلة الإسلام بالنبي عليه الصلاة والسلام	أحمد بن حسين بن علي بن الخطيب، أبو العباس القسنطيني، ابن قنفذ (المتوفى: 810هـ)	ShamAY	6587	0.4819
		جهالة الراوي	الشيخ المحدث عبد الله بن عبد الرحمن السعد	ShamAY	37273	0.48189
		اشارات معرفيه في مناقب اميرالمومنين علي بن ابي طالب عليه السلام	محمد سلمان حجي	Ghbook	10925	0.48187
		الحسام الممدود في الرد على اليهود (وهو مطبوع ضمن كتاب رسالتين في الرد على اليهود)	أبو محمد عبد الحق الإسلامي المغربي السبتي (المتوفى: ق 8 هـ)	ShamAY	929	0.48186
		المهدي بين أهل السنة والروافض	ربيع بن هادي المدخلي	ShamAY	35293	0.4818
		التقيه 	مرتضي انصاري (اعظم انصاري)	Ghbook	7092	0.48177
		فضائل الصحابة - محمد حسن عبد الغفار	محمد حسن عبد الغفار	ShamAY	715	0.48176
		الممنوع من الصرف في اللغة العربيّة	عبد العزيز علي سفر	Rafed	1941	0.48176
		الزواج المثالي	آيت الله العظمي ناصرمكارم شيرازي	Ghbook	11968	0.48175
		الاخوه الاسلاميه في منظار ائمه اهل البيت عليهم السلام	باقر شريف قرشي	Ghbook	10649	0.48175
		مجموع بلدان اليمن وقبائلها [ج ١]	محمّد بن أحمد الحجري اليماني	Rafed	2489	0.48174
		القدر، مرويات و مسائل ـ من كتاب اللالكائي	حمود السلامه	ShamAY	35756	0.48172
		شعب الإيمان	أحمد بن الحسين بن علي بن موسى الخسروجردي الخراساني، أبو بكر البيهقي (المتوفى: 458ه)	Sham19Y	10660	0.48171
		الحج عرفة	أبو أحمد محمد أمان بن علي جامي علي (المتوفى: 1415هـ)	ShamAY	10336	0.48169
		عدالة الصحابة تقطع بصحة المتعة	أبو عبادة الحسيني	Masaha	472	0.48167
		مسائل شرعيه تهم الشباب	آيت الله العظمي سيد محمد حسيني شيرازي	Ghbook	7818	0.48165
		عقيدة أهل السنة والجماعة - حمود الشعيبي	الشيخ حمود بن عقلاء الشعيبي رحمه الله تعالى	ShamAY	35558	0.48162
		فتنه الوهابيه	احمد زيني دحلان ( مفتي مكه )	Ghbook	7680	0.48157
		طرق إبداعية في حفظ القرآن الكريم		ShamAY	36982	0.48156
		فقه المعاملات المعاصرة	محمد حسن عبد الغفار	ShamAY	735	0.48152
		فتييان تتعلقان بتكفير الجهمية وأن الصلاة لا تصح خلف من لا يكفر الجهمية ومسائل اخرى	إبراهيم بن عبد اللطيف آل الشيخ و عبدالله بن عبد اللطيف آل الشيخ و سليمان بن سحمان الخثعمي	ShamAY	6515	0.48151
		موقف الصحابة من أحداث العنف في عهد الخلفاء الراشدين	د. حصة بنت عبد الكريم الزيد	ShamAY	1220	0.48149
		الترتب	محمد رضا حسيني شيرازي	Ghbook	12010	0.48149
		القواعد الاساسية للغة العربية	احمد هاشمي	Ghbook	16349	0.48149
		مشتهى العقول في منتهى النقول	السيوطي	ShamAY	36554	0.48146
		مجتمع المدينة في عهد الرسول صلى الله عليه وسلم	عبد الله بن عبد العزيز بن إدريس	ShamAY	38426	0.48146
		امهات المعصومين عليهم السلام	آيت الله العظمي سيد محمد حسيني شيرازي	Ghbook	7990	0.48145
		فقه الاستنساخ البشري وفتاوى طبية	السيد محمد سعيد الطباطبائي الحكيم	Masaha	632	0.48144
		الخراج و صناعة الكتابة	قدامه بن جعفر ( كاتب بغدادي )	Ghbook	9277	0.48142
		الهداية في النحو	المجمع العلمي الإسلامي	ShamAY	37055	0.48139
		حياة السلف بين القول والعمل	أحمد بن ناصر الطيار	ShamAY	32296	0.48139
		بحث في صيغة أفعل بين النحويين واللغويين واستعمالاتها في العربية	مصطفى أحمد النماس	ShamelaY19	22992	0.48138
		الكذب	عبد الملك بن محمد القاسم	ShamelaY19	95668	0.48137
		المولد النبوي الشريف	آيت الله العظمي سيد محمد حسيني شيرازي	Ghbook	7851	0.48136
		أسلوب الالتفات وأقسامه في القرآن الكريم	الواحدي	ShamAY	36906	0.48135
		مصارع العشاق	جعفر بن أحمد بن الحسين السراج القاري البغدادي، أبو محمد (المتوفى: 500هـ)	ShamAY	26549	0.48133
		مستند الشّيعة [ج ١٣]	أحمد بن محمّد مهدي النّراقي	Rafed	619	0.48133
		دفاع عن العقوبات الإسلامية	محمد بن ناصر السحيباني	Sham19Y	10226	0.48132
		طبقات فحول الشعراء	محمد بن سلّام (بالتشديد) بن عبيد الله الجمحي بالولاء، أبو عبد الله (المتوفى: 232هـ)	ShamAY	6738	0.48131
		المرتقي الي الفقه الارقي: كتاب الحج	آيت الله العظمي سيد محمد صادق روحاني	Ghbook	10170	0.4813
		تثقيف الامه : بسير اولاد الائمه عليهم السلام	علي حيدر المؤيد	Ghbook	16501	0.4813
		تحذير الأنام بما في الأقوال والأفعال من الآثام	ماجد البنكاني	ShamAY	34914	0.48129
		تفسير ابن كثير (قرطبة وأولاد الشيخ)	عماد الدين أبو الفداء إسماعيل بن كثير الدمشقي	ShamAY	34045	0.48128
		 فدك والعوالي أو الحوائط السبعة في الكتاب والسنة والتاريخ والأدب 	 سيد محمد باقر الحسيني الجلالي 	ABLibrary	7627	0.48127
		تبريد حرارة المصيبة عند موت الأحباب وفقد ثمرات الأفئدة وفلذات الأكباد في ضوء الكتاب والسُّنَّة	د. سعيد بن علي بن وهف القحطاني	ShamAY	1832	0.48125
		الدرر المنتثرة في الأحاديث المشتهرة	عبد الرحمن بن أبي بكر، جلال الدين السيوطي (المتوفى: 911ه)	ShamelaY19	21542	0.48125
		الجامع لشعب الإيمان للبيهقي - ط الرشد	أبو بكر أحمد بن الحسين البيهقي	ShamAY	33979	0.48121
		بيان التجويد	آيت الله العظمي سيد محمد حسيني شيرازي	Ghbook	8158	0.48119
		الجوانب الصوتية في كتب الاحتجاج للقراءات	عبد البديع النيرباني	ShamAY	1090	0.48118
		وقفة مع مقلدي الموتى	الشيخ محمد تقي البهجة	Masaha	5078	0.48118
		صورة الأرض [ج ٢]	أبي القاسم بن حوقل النصيبي	Rafed	2450	0.48114
		أذكار الجهاد و الدعاء على الكفار الصحيحة	وَائِلُ بْنُ عَلِيٍّ الدِّسُوقِيُّ	ShamAY	35151	0.48112
		اوضح المسالك الي معرفة البلدان و الممالك	محمد بن علي بروسوي	Ghbook	11087	0.48112
		مستعذب الإخبار بأطيب الأخبار	أبو مدين الفاسي‏	Masaha	2489	0.4811
		 مجموع بلدان اليمن وقبائلها 	 محمد بن أحمد الحجري اليماني 	ABLibrary	9176	0.48106
		انوار الفقاهه - كتاب الوقف	حسن بن جعفر بن خضر نجفي كاشف الغطاء	Ghbook	11925	0.48105
		المعارف	أبو محمد عبد الله بن مسلم بن قتيبة الدينوري (المتوفى: 276ه)	Sham19Y	12129	0.48104
		آفات اللسان في ضوء الكتاب والسنة	د. سعيد بن على بن وهف القحطاني	ShamelaY19	96455	0.48102
		تفصيل الشريعه في شرح تحرير الوسيله : القصاص	محمد فاضل لنكراني	Ghbook	9819	0.48102
		قضية التحكيم قي موقعة صفين بين الحقائق و الأباطيل	خالد كبير علال	ShamAY	37143	0.481
		تنبيه المؤمن الأواه بفضائل لا إله إلا الله	أحمد بن يوسف بن محمد الأهدل	ShamelaY19	96845	0.48099
		الحجة في القراءات السبع	الحسين بن أحمد بن خالويه، أبو عبد الله (المتوفى: 370ه)	Sham19Y	26140	0.48099
		 حاشية الدسوقي على الشرح الكبير 	 الشيخ محمد الدسوقي 	ABLibrary	874	0.48099
		الشرح المختصر للسلم المنورق	أبو عبد الله، أحمد بن عمر بن مساعد الحازمي	Sham19Y	36056	0.48096
		مقتل الامام امير المؤمنين علي بن أبي طالب(ع)	ابن أبي الدنيا	Masaha	2316	0.48093
		مختار الصحاح	زين الدين أبو عبد الله محمد بن أبي بكر بن عبد القادر الحنفي الرازي (المتوفى: 666ه)	Sham19Y	23193	0.48091
		علل الشرائع - الجزء1	الشيخ الصدوق	Masaha	705	0.48091
		اللغة وعلم اللغة	جون ليونز	Sham19Y	10748	0.4809
		القول المبين عن وجوب مسح الرّجلين	الشيخ القاضي أبي الفتح محمد بن علي الكراجكي	Masaha	379	0.48089
		الفكرة السنية والحاجة إليها	محمد إسحاق الصديقي	ShamAY	8615	0.48088
		بحث في صيغة أفعل بين النحويين واللغويين واستعمالاتها في العربية	مصطفى أحمد النماس	Sham19Y	22992	0.48088
		رحلة إلى مرافئ النجوم	إسكندر نعمة	ShamAY	34530	0.48086
		مصطلحات أئمة الحديث الخاصة ويليه القرائن الموصلة إلى فهم مقاصدهم في الجرح والتعديل	إبراهيم بن عبد الله بن عبد الرحمن المديهش	ShamelaY19	145429	0.48085
		الراموز على الصحاح	السيد محمد بن السيد حسن (المتوفى: 866هـ)	ShamAY	7051	0.48074
		فتاوى الطب والمرضى	مجموعة من المؤلفين	Sham19Y	21760	0.48074
		منتقى الأصول [ج ٦]	السيد عبد الصاحب الحكيم	Rafed	808	0.48073
		تطوير الخطاب الديني كأحد التحديات التربوية المعاصرة	أشرف أبو عطايا	ShamAY	33449	0.48068
		الحب الإلهي في شعر المقدسي	الدكتور علي حيدر - الدكتور عيسى فارس - ماهر عبد القادر	ShamAY	34463	0.48068
		المدخل الي تاريخ علم الاصول	مهدي علي پور	Ghbook	14949	0.48067
		المغني عن حمل الأسفار - مكتبة طبرية	العراقي، زين الدين	ShamAY	34126	0.48066
		فرق الشّيعة	الحسن بن موسى النوبختي	Rafed	3492	0.48065
		غريب الحديث للخطابي	أبو سليمان حمد بن محمد بن إبراهيم بن الخطاب البستي المعروف بالخطابي (المتوفى: 388 هـ)	ShamAY	32379	0.48064
		حقيقة شهادة أن محمدا رسول الله صلى الله عليه وسلم	عبد العزيز بن عبد الله بن محمد بن عبد اللطيف بن عبد الرحمن بن حسن بن الشيخ محمد بن عبد الوهاب	ShamelaY19	21770	0.48062
		الفحص الطبي قبل الزواج ومدى مشروعيته	عبد الرحمن بن حسن النفيسة	ShamAY	36394	0.48059
		مكفرات الذنوب والخطايا وأسباب المغفرة من الكتاب والسنة	د. سعيد بن علي بن وهف القحطاني	ShamelaY19	96525	0.48058
		عناية العلماء بالإسناد وعلم الجرح والتعديل وأثر ذلك في حفظ السنة النبوية	صالح بن حامد بن سعيد الرفاعي	ShamAY	11305	0.48055
		طبقات الشافعية للإسنوي	عبد الرحيم بن الحسن بن علي الإسنوي الشافعيّ، أبو محمد، جمال الدين (المتوفى: 772هـ)	ShamAY	34637	0.48055
		موسوعة النحو والصرف والإعراب	٧٢٢ صفحة	Rafed	1993	0.48055
		تشريح الأصول‏	علي النهاوندي النجفي	Masaha	3258	0.48055
		خطط الكوفة وشريح خريطتها	لويس ماسينيون	Rafed	2298	0.48053
		علماء السلف وأهل الوقت	أبو محمد عبد الكريم بن صالح بن عبد الكريم الحميد	ShamAY	1046	0.48048
		فتاوى كبار العلماء في التصوير	عبد الرحمن بن سعد الشثري	ShamAY	36597	0.48048
		نهر الذّهب في تاريخ حلب [ج ٢]	كامل البالي الحلبي [ الغزي ]	Rafed	3013	0.48048
		موسوعة مسائل الجمهور في الفقه الإسلامي	محمد نعيم محمد هاني ساعي	ShamelaY19	123511	0.48046
		موقف د. محمد شحرور من أركان الإيمان من خلال كتابه الكتاب والقرآن	بدر بن محمد ناضرين	ShamAY	35913	0.48045
		القوميات في خمسين سنه	آيت الله العظمي سيد محمد حسيني شيرازي	Ghbook	7779	0.48045
		رسائل شهيد ثاني (ره)	شيخ زين الدين عاملي شهيد ثاني	Ghbook	6726	0.48045
		أضواء على المسيحية	متولي يوسف شلبي (معاصر)	ShamAY	33894	0.48043
		الميسر في علم تخريج الحديث النبوي	أبو ذر عبد القادر بن مصطفى بن عبد الرزاق المحمدي	ShamAY	1778	0.48042
		عن الرسائل الشخصية للشيخ محمد بن عبد الوهاب (مطبوع ضمن بحوث ندوة دعوة الشيخ محمد بن عبد الوهاب، الجزء الأول)	عبد الله بن صالح العثيمين	ShamAY	7630	0.4804
		الفتح الرباني لترتيب مسند الإمام أحمد بن حنبل الشيباني ومعه بلوغ الأماني من أسرار الفتح الرباني	أحمد بن عبد الرحمن بن محمد البنا الساعاتي (المتوفى: 1378 هـ)	ShamAY	32579	0.48039
		الإسلام والحكم	علي أبو الحسن بن عبد الحي بن فخر الدين الندوي (المتوفى: 1420 هـ)	ShamAY	32364	0.48036
		تقويم البلدان	عماد الدين إسماعيل [ أبي الفداء ]	Rafed	2296	0.48036
		حروف المعاني بين الأصالة والحداثة	حسن عباس	ShamAY	37170	0.4803
		إحقاق الحقّ وإزهاق الباطل [ج ١٩]	السيّد نور الله الحسيني المرعشي التستري	Rafed	2759	0.48029
		كتابة الحديث النبوي في عهد النبي صلى الله عليه وسلم بين النهي والإذن	حسناء بنت بكري نجار	ShamAY	11344	0.48024
		الدوله الاسلاميه روي و آفاق	آيت الله العظمي سيد محمد حسيني شيرازي	Ghbook	8157	0.48023
		نور الإخلاص وظلمات إرادة الدنيا بعمل الآخرة في ضوء الكتاب والسُّنَّة	د. سعيد بن علي بن وهف القحطاني	ShamAY	1899	0.48022
		صلاة العيدين - مفهوم، وفضائل، وآداب، وشروط، وأحكام في ضوء الكتاب والسنة	د. سعيد بن علي بن وهف القحطاني	ShamelaY19	96504	0.48019
		شعر أبي حية النميري	أبو حية النميري	ShamelaY19	148540	0.48018
		وسائل الشيعة [ج ٩]	محمد بن الحسن الحرّ العاملي [ العلامة الشيخ حرّ العاملي ]	Rafed	301	0.48018
		 كتاب المقالات والفرق 	 أبي خلف سعد الأشعري القمي 	ABLibrary	8639	0.48015
		حول حديث الذباب	أمين محمد سالم	ShamAY	10184	0.48013
		شعب الإيمان	أحمد بن الحسين بن علي بن موسى الخُسْرَوْجِردي الخراساني، أبو بكر البيهقي (المتوفى: 458هـ)	ShamAY	472	0.48012
		الشاذ والمنكر وزيادة الثقة - موازنة بين المتقدمين والمتأخرين	أبو ذر عبد القادر بن مصطفى بن عبد الرزاق المحمدي	ShamelaY19	36147	0.48011
		 الدروس ( شرح الحلقة الثانية ) 	 تقرير بحث السيد كمال الحيدري لعلاء السالم 	ABLibrary	989	0.48004
		مقدمة في أصول الحديث	عبد الحق بن سيف الدين بن سعد الله البخاري الدهلوي الحنفي (المتوفى: 1052هـ)	ShamAY	5988	0.48003
		الله جَلَّ جلالَهُ واحد أم ثلاثة؟	د. منقذ بن محمود السقار	ShamAY	1556	0.48003
		 الكامل في التاريخ 	 ابن الأثير 	ABLibrary	8250	0.48
		المعاني السبعة في ألفاظ القرآن	فاروق البرزنجي	ShamAY	36832	0.47998
		 مدارك تحرير الوسيلة ( الصلاة ) 	 الشيخ مرتضى بني فضل 	ABLibrary	9498	0.47995
		عقيدة السلف أصحاب الحديث	أبو عثمان إسماعيل بن عبد الرحمن الصابوني	ShamAY	35549	0.47992
		جامع الافكار وناقد الانظار [ج ٢]	محمد مهدي بن أبي ذر النراقي [ المولى مهدي النراقي ]	Rafed	730	0.47991
		البهائيه و جذورها البابيه	عامر نجار	Ghbook	7025	0.47991
		إحقاق الحقّ وإزهاق الباطل [ج ٢٩]	آية الله السيّد شهاب الدين الحسيني المرعشي النجفي	Rafed	2797	0.4799
		مناقب الأسد الغالب ممزّق الكتائب ومُظهر العجائب ليث بن غالب أميرالمؤمنين أبي الحسن علي بن أبي طالب	شمس الدين محمّد بن عبدالله ابن الجزري	Rafed	2517	0.47989
		تحفة الأحباب وبغية الطّلاب	نور الدين علي بن أحمد بن عمر بن خلف بن محمود السخاوي الحنفي	Rafed	2179	0.47989
		الأصل للشيباني ط قطر	أبو عبد الله محمد بن الحسن بن فرقد الشيباني (المتوفى: 189 هـ)	ShamAY	32375	0.47986
		فضائل مكة والسكن فيها	الحسن بن يسار البصري، أبو سعيد (المتوفى: 110هـ)	ShamAY	5722	0.47986
		المطابقة في النحو العربي وتطبيقاتها في ... القرآن الكريم	فراس عصام شهاب السامرائي	ShamAY	35949	0.47984
		دخول الشهر القمري بين رؤية الهلال والحساب الفلكي	فهد الحسون	ShamAY	36446	0.47984
		اتباع السنن واجتناب البدع	ضياء الدين أبو عبد الله محمد بن عبد الواحد المقدسي (المتوفى: 643هـ)	ShamAY	178	0.47984
		منزلة الزكاة في الإسلام - مفهوم, ومنزلة, وحكم, وأحكام، وفوائد, وشروط, ومسائل في ضوء الكتاب والسنة	د. سعيد بن علي بن وهف القحطاني	Sham19Y	96527	0.47984
		اليسر ورفع الحرج في الشريعة الإسلامية	مازن مصباح	ShamAY	37539	0.47982
		الرقية الشرعية	نبيل العوضي	ShamAY	34889	0.47981
		معتقد أهل السنة والجماعة في أسماء الله الحسنى	محمد بن خليفة بن علي التميمي	Sham19Y	12074	0.47979
		نثر اللآلئ - أحاديث الإمام علي(ع)	الشيخ ابو علي الفضل بن الحسن الطبرسي	Masaha	4584	0.47976
		السحب الوابلة على ضرائح الحنابلة	محمد بن عبد الله بن حميد النجدي ثم المكي (المتوفى: 1295 ه)	ShamelaY19	144222	0.4797
		 اللمعات العرشية 	 ملا محمد مهدي النراقي 	ABLibrary	8583	0.47968
		دعوى الإصلاح	أبو محمد عبد الكريم بن صالح بن عبد الكريم الحميد	ShamAY	1088	0.47967
		رحمة للعالمين محمد رسول الله سيد الناس أجمعين نبي الرحمة، الرحمة المهداة خاتم المرسلين صلى الله عليه وسلم - نشأته، وأخلاقه، ومعجزاته، وعموم رسالته صلى الله عليه وسلم في ضوء الكتاب والسنة	د. سعيد بن على بن وهف القحطاني	ShamelaY19	96721	0.47962
		 منتخب الأثر في أحوال الإمام الثاني عشر ( عج ) 	 الشيخ لطف الله الصافي الگلپايگاني 	ABLibrary	7791	0.47961
		مختصر البصائر	عزالدين حسن بن سليمان حلي	Ghbook	9478	0.4796
		بغية النقاد النقلة فيما أخل به كتاب «البيان» وأغفله أو ألم به فما تممه ولا كمله	أبو عبد الله محمد بن أبي بكر بن خلف بن فرج بن صاف المراكشي المالكي المعروف بابن المواق (المتوفى: 642 ه)	Sham19Y	16636	0.47959
		مصارع العشاق	جعفر بن أحمد بن الحسين السراج القاري البغدادي، أبو محمد (المتوفى: 500ه)	ShamelaY19	26549	0.47958
		قضايا عربية	أحمد الشقيري	ShamAY	37698	0.47955
		مملكة النبات كما يعرضها القرآن ويصفها	حامد صادق قنيبي	Sham19Y	4570	0.47954
		الشعائر الحسينيه بين الاصاله والتجديد	محمد السند	Ghbook	12339	0.47953
		شرح النظم الجامع لقراءة الإمام نافع	عبد الفتاح بن عبد الغني بن محمد القاضي (المتوفى: 1403ه)	ShamelaY19	95585	0.47952
		تهذيب اللغة [ج ٩]	محمّد بن أحمد الأزهري	Rafed	1960	0.47952
		الأربعون الودعانية الموضوعة	محمد بن علي بن عبيد الله بن أحمد بن صالح بن سليمان بن ودعان الموصلي، أبو نصر (المتوفى: 494ه)	ShamelaY19	30584	0.47949
		حملة الأوغاد على خير العباد	شحاتة محمد صقر	Sham19Y	96720	0.47948
		أثر الترجمة في الكتب المقدسة السابقة على الإسلام		ShamAY	36973	0.47946
		الإخاء الديني .. ومجمع الأديان وموقف الإسلام	محمد البهي (المتوفى: 1402ه)	ShamelaY19	115120	0.47946
		حياة الشيخ محمد بن عبد الوهاب وآثاره العلمية (مطبوع ضمن بحوث ندوة دعوة الشيخ محمد بن عبدالوهاب، الجزء الأول)	إسماعيل بن محمد بن ماحي السعدي الأنصاري (المتوفى: 1417هـ)	ShamAY	11170	0.47944
		درر الحكام في شرح مجلة الأحكام	علي حيدر خواجه أمين أفندي (المتوفى: 1353هـ)	ShamAY	21692	0.47942
		 صورة الأرض 	 ابن حوقل النصيبي 	ABLibrary	9133	0.47938
		رسالة إلى كل مسلم	عبد الله بن جار الله آل جار الله	ShamAY	34966	0.47937
		أحكام الصلاة على الميت .. مقارنة بين روايات مذهب الإمام أحمد بن حنبل	عادل بن عبد الله العبد الجبار	ShamAY	36468	0.47936
		الابتلاء وكيف تستفيد منه الدعوات	مجدي الهلالي	ShamelaY19	36394	0.47936
		كتابُ تحريمِ مُشارَكةِ الكُفَّارِ مِنْ أهلِ الكِتابِ والْمُشْرِكِينَ في أعيادِهِمْ أو تهنِئَتِهِمْ بهَا .	الشيخ وائل بن عليّ بن أحمد الدِّسُوقيّ	ShamAY	36484	0.47933
		تفسير الطبري = جامع البيان عن تأويل آي القرآن	محمد بن جرير بن يزيد بن كثير بن غالب الآملي، أبو جعفر الطبري (المتوفى: 310هـ)	ShamAY	7798	0.47932
		صحيح أشراط الساعة	عصام موسى هادي	ShamAY	9848	0.47928
		مرآة العقول [ج ١٨]	الشيخ محمّد باقر بن محمّد تقي المجلسي	Rafed	1067	0.47926
		أحلي الكلام في مناجاة ذى الجلال والإكرام	محمد علي محمد إمام	ShamAY	1144	0.47925
		زيد بن علي(ع)	محمود جابر	Masaha	495	0.47925
		الحكم الفقهي لتعلم أحكام التجويد	الدكتور صلاح محمد أبو الحاج	ShamAY	36825	0.47924
		الغرر و الدرر فى سيرة خير البشر(ص)‏	عز الدين محمد بن جماعة	Masaha	2066	0.47919
		آراء المستشرقين حول مفهوم الوحي عرض ونقد	إدريس حامد محمد	ShamAY	35713	0.47918
		منازل الآخرة والمطالب الفاخرة	الشيخ عباس القمي	Rafed	357	0.47916
		مختار الصحاح - ط مكتبة لبنان	محمد بن أبي بكر بن عبد القادر الرازي	ShamAY	34681	0.47914
		روضة العقلاء ونزهة الفضلاء	محمد بن حبان بن أحمد بن حبان بن معاذ بن مَعْبدَ، التميمي، أبو حاتم، الدارمي، البُستي (المتوفى: 354هـ)	ShamAY	6944	0.47913
		القول بالإحسان العميم في انتفاع الميت بالقرآن العظيم	محمد بن علي بن محمد بن عمر القطان العسقلاني 813 هـ	ShamAY	34294	0.47912
		الدرر المنتثرة في الأحاديث المشتهرة	عبد الرحمن بن أبي بكر، جلال الدين السيوطي (المتوفى: 911ه)	Sham19Y	21542	0.47909
		البراهين القاطعة [ج ٣]	محمّد جعفر الأسترآبادي	Rafed	719	0.47909
		أصول النظرية السياقية الحديثة عند علماء العربية ودور هذه النظرية في التوصل إلى المعنى	محمد سالم صالح	ShamAY	37182	0.47907
		تباين منهج المتقدمين والمتأخرين في التصحيح والتعليل	الدكتور ماهر ياسين الفحل	ShamAY	37269	0.47906
		اتمام المسافر في مشاهد الائمة عليهم السلام	محمد السند	Ghbook	15164	0.47906
		التنصير، مفهومه وأهدافه ووسائله وسبل مواجهته	علي بن إبراهيم الحمد النملة	ShamelaY19	30798	0.47896
		مجمل اللغة لابن فارس	أحمد بن فارس بن زكرياء القزويني الرازي، أبو الحسين (المتوفى: 395ه)	Sham19Y	9252	0.47895
		اللؤلؤ المنظوم في نظم منثور ابن آجروم (مطبوع مع الكوكب الزهري نظم مختصر الأخضري)	أبو عبد الله محمد عبد القادر بن محمد بن المختار بن أحمد العالم القبلوي الجزائري المالكي الشهير بالشيخ باي بلعالم (المتوفى: 1430ه)	ShamelaY19	95866	0.47893
		مهج الدعوات	سيد رضي الدين علي بن موسي بن طاووس ابن طاووس	Ghbook	2619	0.47893
		النبي محمد (ص) قدوه و اسوه	آيت الله العظمي سيد محمد تقي مدرسي	Ghbook	12867	0.47893
		غاية المرام وحجّة الخصام [ج ٧]	السيّد هاشم البحراني الموسوي التوبلي	Rafed	3612	0.4789
		أحلي الكلام في مناجاة ذى الجلال والإكرام	محمد علي محمد إمام	ShamelaY19	34562	0.47889
		التفسير من سنن سعيد بن منصور - محققا	أبو عثمان سعيد بن منصور بن شعبة الخراساني الجوزجاني (المتوفى: 227هـ)	ShamAY	1254	0.47885
		كيف تطلب العلم	عائض بن عبد الله القرني	ShamAY	35104	0.47884
		سبيل الرشاد في توضيح الاعتقاد	وليد بن راشد السعيدان	ShamAY	35620	0.47883
		سيّدة عشّ آل محمد صلى الله عليه وآله	السيد أبو الحسن الهاشمي	Rafed	1342	0.47883
		تحرير الأصول	الميرزا هاشم الآملي	Masaha	3200	0.47883
		تحرير الأصول	الميرزا هاشم الآملي	Masaha	2710	0.47883
		تكمله امل الآمل	حسن صدر	Ghbook	7071	0.47882
		النبي صلي الله عليه وآله وسلم ومستقبل الدعوه	محمد علي الحلو	Ghbook	12331	0.47879
		الإسراء والمعراج الرواية المتكاملة الصحيحة	محمد بن رزق طرهوني :: محمد بن رزق الطرهوني	ShamAY	37458	0.47875
		شرح دعاء قنوت الوتر	محمد بن صالح بن محمد العثيمين (المتوفى: 1421هـ)	ShamAY	21815	0.47873
		شرح كتاب الصيام من عمدة الفقه	عبد المحسن الزامل	ShamAY	36355	0.47871
		إعراب ما يشكل من ألفاظ الحديث النبوي	أبو البقاء عبد الله بن الحسين بن عبد الله العكبري البغدادي محب الدين (المتوفى: 616هـ)	ShamAY	7001	0.47869
		مجمل اللغة لابن فارس	أحمد بن فارس بن زكرياء القزويني الرازي، أبو الحسين (المتوفى: 395هـ)	ShamAY	9252	0.47865
		الترغيب في الإقامة بمكة للحسن البصري	الحسن البَصْري	ShamAY	35241	0.47863
		حملة الأوغاد على خير العباد	شحاتة محمد صقر	ShamAY	1982	0.47861
		تعظيم النص الشرعي .. مكانته ومعالمه	حسن بخاري	ShamAY	37608	0.47861
		 تاريخ بناكتى ( روضة اولى الالباب في معرفة التواريخ والانساب ) 	 داود بن محمد بناكتى ( فخر البناكتى ) ( تعريب : محمد عبد الكريم علي ) 	ABLibrary	8164	0.47859
		الكافي (الاصول ، فروع ، الروضة)	محمد بن يعقوب شيخ كليني	Ghbook	15504	0.47857
		فضل الإسلام (مطبوع ضمن مؤلفات الشيخ محمد بن عبد الوهاب، الجزءالأول)	محمد بن عبد الوهاب بن سليمان التميمي النجدي (المتوفى: 1206هـ)	ShamAY	11221	0.47855
		صفحات مشرقة من حياة السلف، سفيان بن سعيد الثوري	أبو ياسر محمد بن مطر بن عثمان آل مطر الزهراني (المتوفى: 1427هـ)	ShamAY	31643	0.47853
		المعارف	أبو محمد عبد الله بن مسلم بن قتيبة الدينوري (المتوفى: 276هـ)	ShamAY	12129	0.47852
		بيان عقيدة أهل السنة والجماعة ولزوم اتباعها في ضوء الكتاب والسُّنَّة	د. سعيد بن علي بن وهف القحطاني	ShamAY	1831	0.47848
		المحيط في اللّغة [ج ٥]	إسماعيل بن عبّاد [ كافي الكفاة ]	Rafed	2862	0.47847
		أحكام الخلع واشتراط رضا الزوج فيه	الدكتور صلاح محمد أبو الحاج	ShamAY	36218	0.47846
		موسوعة مسائل الجمهور في الفقه الإسلامي	محمد نعيم محمد هاني ساعي	ShamAY	31731	0.47846
		ابن تيميّة وامامة علي عليه السلام	السيّد علي الحسيني الميلاني	Rafed	91	0.47846
		الهدايه في النحو	حسين شيرافكن	Ghbook	12216	0.47846
		الصرفة دلالتها لدى القائلين بها وردود المعارضين لها		ShamAY	36934	0.47843
		فكرة الإفريقية الآسيوية	مالك بن الحاج عمر بن الخضر بن نبي (المتوفى: 1393هـ)	ShamAY	1049	0.47843
		الجواب الجليل عن حكم بلد الخليل	ابن حجر العسقلاني (852 هـ)	ShamAY	34291	0.47839
		وسائل معالجة الفقر في العهد النبوي (أهل الصفة أنموذجا)	ماجد بن صالح بن مشعان الموقد	ShamAY	32508	0.47835
		منتقى الأصول [ج ٥]	السيد عبد الصاحب الحكيم	Rafed	807	0.47833
		صحيح أشراط الساعة	عصام موسى هادي	Sham19Y	9848	0.47832
		تنقيح مباني العروه: الصلاه	آيت الله العظمي ميرزا جواد تبريزي	Ghbook	12498	0.47828
		دور الاجتهاد في تغير الفتوى	عامر اللهو	ShamAY	37567	0.47826
		التنصير، تعريفه أهدافه وسائله حسرات المنصرين	عبد الرحمن بن عبد الله الصالح	ShamelaY19	30739	0.47826
		ديوان علي بن أبي طالب	علي بن أبي طالب الصحابي الجليل	ShamAY	37911	0.47823
		 الشامل في الصناعة الطبية 	 ابن النفيس 	ABLibrary	9925	0.47823
		إرشاد العابد في حكم مكث الجنب والحائض والنفساء في المساجد	شريف مراد أبو عمرو	ShamAY	974	0.47822
		ألوهية المسيح عليه السلام .		ShamAY	35346	0.47821
		كيف هدمت الخلافة	عبد القديم زلوم	ShamAY	33486	0.47819
		البـَـداء	السيد مرتضى العسكري	Masaha	197	0.47815
		تعليقات علي رسالة في المواسعة و المضايقة	عبدالحسين لاري	Ghbook	11260	0.47811
		حقائق عن الشيعه	آيت الله العظمي حسيني	Ghbook	8030	0.47811
		رسالة في المهر	الشيخ المفيد	Masaha	1002	0.47811
		وسطية الإسلام ودعوته إلى الحوار	أ. د. عبد الرب نواب الدين آل نواب	ShamAY	1248	0.4781
		الاعتبار وأعقاب السرور والأحزان لابن أبي الدنيا - ط أطلس الخضراء = مقابل	أبو بكر عبد الله بن محمد ابن أبي الدنيا	ShamAY	38124	0.47809
		دار الطراز في عمل الموشحات	أبو القاسم هبة الله بن جعفر بن سناء الملك الكاتب (المتوفى: 608ه)	ShamelaY19	23119	0.47807
		احاديث المهدي من مسند أحمد	احمد ابن حنبل	Masaha	2497	0.47804
		ميلاد مجتمع	مالك بن الحاج عمر بن الخضر بن نبي (المتوفى: 1393هـ)	ShamAY	1121	0.47802
		الخلاصة في حياة الخلفاء الراشدين	علي بن نايف الشحود	ShamAY	35788	0.47801
		علم التخريج ودوره في حفظ السنة النبوية - محمد محمود بكار	محمد محمود بكار	ShamAY	11295	0.47799
		مسائل الإمام أبي عبد الله أحمد بن حنبل	صالح بن أحمد	ShamAY	34272	0.47796
		ثلاث تراجم نفيسة للأئمة الأعلام ابن تيمية والحافظ علم الدين البزرالي والحافظ جمال الدين المزي	شمس الدين أبو عبد الله محمد بن أحمد بن عثمان بن قَايْماز الذهبي (المتوفى: 748هـ)	ShamAY	6653	0.47794
		فتنة مقتل عثمان بن عفان رضي الله عنه	محمد بن عبد الله بن عبد القادر غبان الصبحي	ShamAY	12047	0.47789
		أفراح الروح	الواحدي :: سيد قطب	ShamAY	33427	0.47786
		أخبار أبي نواس	عبد الله بن أحمد بن حرب المهزمي العبدي، أبو هفان (المتوفى: 257هـ)	ShamAY	5369	0.47785
		الذكر والدعاء والعلاج بالرقي من الكتاب والسنة	سعيد بن علي بن وهف القحطاني	Sham19Y	16625	0.47785
		معجم الافعال المتداوله و مواطن استعمالها	محمد حيدري	Ghbook	15813	0.47782
		الحجه الغراء علي شهاده الزهراء	آيت الله العظمي جعفر سبحاني	Ghbook	3777	0.47782
		مختصر أحكام الأضحية والذكاة	محمد بن صالح بن محمد العثيمين (المتوفى: 1421ه)	ShamelaY19	21822	0.4778
		مشاهير علماء نجد وغيرهم	عبد الرحمن بن عبد اللطيف بن عبد الله بن عبد اللطيف بن عبد الرحمن بن حسن بن محمد بن عبد الوهاب	ShamAY	11575	0.47776
		فتاوى الأسهم والبنوك	عبد الرحمن بن سعد الشثري	ShamAY	36596	0.47773
		تعجيل الندى بشرح قطر الندى	عبد الله بن صالح بن عبد الله الفوزان	ShamAY	2135	0.47772
		ضوء الدراري في أخبار شمس الدين الفناري	الدكتور صلاح محمد سالم أبو الحاج	ShamAY	35855	0.47772
		 مفردات ومعالجة الأمراض 	 محمود الكازروني ( قطب الدين محمود الشيرازي ) 	ABLibrary	9934	0.47772
		أحكام وآداب زيارة مسجد النبي صلى الله عليه وآله وسلم للإمام ابن باز يرحمه الله	بندر المطيري	ShamAY	36122	0.47763
		محاسن الازهار في مناقب امام الابرار و والد الائمه الاطهار الامام اميرالمومنين عل...	ابوعبدالله حميد بن احمد محلي	Ghbook	8372	0.47763
		الفتاوي الجديده	آيت الله العظمي ناصرمكارم شيرازي	Ghbook	3293	0.47762
		الرسالة الثانية في الغيبة	محمّد بن محمّد النعمان العكبري [ الشيخ المفيد ]	Rafed	3211	0.47756
		تلحين النحويين للقراء	د. ياسين جاسم المحيميد	ShamAY	1548	0.47753
		تهذيب اللغة [ج ١٣]	محمّد بن أحمد الأزهري	Rafed	1964	0.47753
		رسالة في تواريخ النبيّ والآل عليهم السلام	الشيخ محمّد تقي التستري	Rafed	726	0.47751
		أسلوب القسم الظاهر في القرآن الكريم بلاغته ... وأغراضه		ShamAY	36925	0.47749
		ابن العودي النيلي وشعره في الغدير	الشيخ عبد الحسين الأميني النجفي	Masaha	36	0.47748
		ذلك يوم الخروج دراسه حول ظهور الامام المهدي ( عليه السلام )	حسين مدرسي	Ghbook	6657	0.47744
		جمع القرآن الكريم حفظا وكتابة	أ. د. علي بن سليمان العبيد	ShamAY	11131	0.47742
		الرسائل العشر	احمد بن شمس الدين محمد ابن فهد حلي	Ghbook	6720	0.47742
		المتشابه اللفظي في القرآن الكريم وتوجيهه - دراسة موضوعية	محمد بن راشد بن محمد البركة	ShamAY	36830	0.47741
		 المعتمد في الأدوية المفردة 	 يوسف بن عمر الغساني التركماني 	ABLibrary	9931	0.47738
		نصب الراية لأحاديث الهداية مع حاشيته بغية الألمعي في تخريج الزيلعي	جمال الدين أبو محمد عبد الله بن يوسف بن محمد الزيلعي (المتوفى: 762ه)	Sham19Y	11428	0.47736
		تحفة اللبيب بمن تكلم فيهم الحافظ ابن حجر من الرواة في غير «التقريب»	أبو عمرو نور الدين بن علي بن عبد الله السدعي الوصابي	ShamelaY19	132970	0.47733
		عالم الملائكة الأبرار	عمر بن سليمان بن عبد الله الأشقر العتيبي	ShamAY	9967	0.47731
		 فاكهة ابن السبيل 	 راشد بن عميرة ( ابن هاشم ) 	ABLibrary	9962	0.47731
		مطالع الدقائق في تحرير الجوامع والفوارق	جمال الدين الإسنوي	Sham19Y	147671	0.4773
		شرح النظم الجامع لقراءة الإمام نافع	عبد الفتاح بن عبد الغني بن محمد القاضي (المتوفى: 1403ه)	Sham19Y	95585	0.47729
		أمنيات الموتى	محمد بن إبراهيم النعيم	ShamAY	35134	0.47727
		الصحيح من سيرة النبي الأعظم صلّى الله عليه وآله [ج ٢٥]	السيد جعفر مرتضى العاملي	Rafed	2630	0.47725
		أمنا عائشة حبيبة نبينا صلى الله عليه وسلم	شحاتة محمد صقر	ShamelaY19	36154	0.47723
		ديوان أبي طالب	أبو طالب (عم النبي ـ صلى الله عليه وسلم)	ShamAY	37822	0.47722
		 موسوعة تاريخ العراق بين احتلالين 	 عباس العزاوي المحامي 	ABLibrary	9262	0.47722
		بحوث في علم الأصول [ج ٨]	آية الله السيّد محمّد باقر الصدر	Rafed	3925	0.47719
		غريب الحديث في بحارالانوار	حسين حسيني	Ghbook	11687	0.47719
		الجهود اللغوية في المصطلح العلمّي الحديث	الدكتور محمد علي الزركان	ShamAY	34788	0.47715
		الصّلاة خير من النوم شرعة أم بدعة	السيد علي الشهرستاني	Rafed	3846	0.47709
		تدوير الفلك في حصول الجماعة بالجن والملك	الإمام محمد عبد الحي اللكنوي (ت1304هـ)	ShamAY	36017	0.47705
		مشروع رد الشبهات المثارة حول الامام الحسين عليه السلام ونهضته المباركة	شعبه التحقيق في قسم الشوون الفكريه والثقافيه في العتبه الحسينيه المقدسه	Ghbook	15407	0.47705
		الهادي شرح طيبة النشر في القراءات العشر	محمد محمد محمد سالم محيسن (المتوفى: 1422هـ)	ShamAY	1208	0.47702
		 تذكرة الكحالين 	 علي بن عيسى الكحال 	ABLibrary	9857	0.47702
		فتاوى مهمة تتعلق بالحج والعمرة	عبد العزيز بن عبد الله بن باز (المتوفى: 1420ه)	ShamelaY19	31226	0.47699
		 تاريخ صفد 	 محمد بن عبد الرحمن الحسيني العثماني 	ABLibrary	9016	0.47696
		جزء في الإسراء والمعراج بالنبي صلى الله عليه وسلم	تقي الدين أبو عبد الله محمد بن أبي الحسين اليونيني (658 هـ)	ShamAY	34287	0.47695
		 مقالة في الفصد 	 ابن تلميذ 	ABLibrary	9865	0.47693
		أحكام الرضاع في فقه الشيعة	السيد أبو القاسم الموسوي الخوئي	Masaha	4920	0.47692
		 الذريعة 	 آقا بزرگ الطهراني 	ABLibrary	856	0.47689
		الأمثال لابن سلام	أبو عُبيد القاسم بن سلاّم بن عبد الله الهروي البغدادي (المتوفى: 224هـ)	ShamAY	135	0.47688
		 موسوعة الإمام الهادي ( ع ) 	 الشيخ أبو القاسم الخزعلي 	ABLibrary	7845	0.47688
		خلاصة الكلام في مسألة الإعانة على الحرام	الدكتور صلاح محمد أبو الحاج	ShamAY	36198	0.47687
		أوراق الملتقى الأول للجمعيات الخيرية لتحفيظ القرآن	مجموعة من المؤلفين	ShamAY	37010	0.47686
		سير أعلام النبلاء ط الرسالة	شمس الدين أبو عبد الله محمد بن أحمد بن عثمان بن قَايْماز الذهبي (المتوفى : 748هـ)	ShamAY	10906	0.47686
		 في رحاب أهل البيت ( ع ) 	 لجنة بحوث المجمع العالمي لأهل البيت ( ع ) 	ABLibrary	8544	0.47683
		سنن النبي (ص)	السيد محمد حسين الطباطبائي	Masaha	2220	0.47681
		قرارات وتوصيات مجمع الفقه الإسلامي التابع لمنظمة المؤتمر الإسلامي 1 - 174	مجموعة من المؤلفين	ShamAY	33191	0.47678
		 الشامل في الصناعة الطبية 	 ابن النفيس 	ABLibrary	9924	0.47675
		الامام الحسين ( عليه السلام ) في مواجهه الانحراف	موسسه تحقيقات و نشر معارف اهل البيت عليهم السلام	Ghbook	5908	0.47675
		عُقُودُ الجُمَانْ في عِلْمِ الْمَعَانِي وَالْبَيَانْ	عبد الرحمن بن أبي بكر، جلال الدين السيوطي (المتوفى: 911هـ)	ShamAY	2065	0.47673
		المؤمن	الحسين بن سعيد الكوفي الأهوازي	Masaha	564	0.47672
		جواب في صيغ الحمد	محمد بن أبي بكر بن أيوب بن سعد شمس الدين ابن قيم الجوزية (المتوفى: 751ه)	Sham19Y	6841	0.47671
		الآداب الإسلامية	-	ShamAY	1904	0.47668
		إعراب ما يشكل من ألفاظ الحديث النبوي	أبو البقاء عبد الله بن الحسين بن عبد الله العكبري البغدادي محب الدين (المتوفى: 616ه)	Sham19Y	7001	0.47668
		المعتمد في الأدوية المفردة	الأشرف عمر بن يوسف	ShamAY	35929	0.47667
		بغية النقاد النقلة فيما أخل به كتاب «البيان» وأغفله أو ألم به فما تممه ولا كمله	أبو عبد الله محمد بن أبي بكر بن خلف بن فرج بن صاف المراكشي المالكي المعروف بابن المواق (المتوفى: 642 هـ)	ShamAY	32459	0.47667
		الاعتداد بخلاف الظاهرية في الفروع الفقهية	عبد السلام الشويعر	ShamAY	37508	0.47667
		منهج الطلاب في فقه الإمام الشافعي رضي الله عنه	زكريا بن محمد بن أحمد بن زكريا الأنصاري، زين الدين أبو يحيى السنيكي (المتوفى: 926ه)	Sham19Y	12100	0.47659
		زبدة الحلب من تاريخ حلب [ج ١]	كمال الدّين عمر بن أحمد بن أبي جرادة الحلبي [ ابن العديم ]	Rafed	2422	0.47659
		 المحيط في اللغة 	 الصاحب بن عباد 	ABLibrary	9780	0.47658
		أهل البيت عليهم السلام في المكتبة العربية	السيد عبد العزيز الطباطبائي	Masaha	1942	0.47658
		آداب العشرة وذكر الصحبة والأخوة	محمد بن محمد بن محمد الغزي العامري الدمشقي، أبو البركات، بدر الدين ابن رضي الدين (المتوفى: 984هـ)	ShamAY	8186	0.47653
		دعوة الشيخ محمد بن عبد الوهاب وأثرها في العالم الإسلامي	محمد بن عبد الله بن سليمان السلمان	ShamAY	30930	0.47649
		الإسلام ومواجهة المذاهب الهدامة	محمد البهي (المتوفى: 1402ه)	ShamelaY19	115121	0.47649
		افتتاح القاري لصحيح البخاري لابن ناصر الدين	ابن ناصر الدين (842 هـ)	ShamAY	33545	0.47646
		موسوعة الإمام الخوئي [ج ٤٨]	السيّد محمّد سرور الواعظ الحسيني البهسودي	Rafed	1995	0.47645
		فتح العلي الغفار بأن القبض من سنة النبي المختار	محمد مصطفى الشنقيطي	ShamAY	36598	0.47643
		موسوعة الصحيح المسبور من التفسير بالمأثور	أ. د. حكمت بن بشير بن ياسين	ShamAY	22912	0.47642
		الفتاوى الحديثية للحويني	أبو إسحاق الحويني	ShamAY	37264	0.47642
		 الشامل في الصناعة الطبية 	 ابن النفيس 	ABLibrary	9898	0.47642
		تحقيق جزء من علل أبي حاتم- الغميز	الواحدي :: الرازي، ابن أبي حاتم	ShamAY	35210	0.47641
		تنقيح التحقيق في أحاديث التعليق	شمس الدين محمد بن أحمد بن عبد الهادي الحنبلي (المتوفى: 744 هـ)	ShamAY	32488	0.47639
		مسائل ابن طي - المسائل الفقهية	علي بن علي بن محمد الفقعاني	Masaha	1126	0.47638
		الإمام المهدي عليه السلام بين التواتر وحساب الإحتمال	الشيخ محمّد باقر الإيرواني	Rafed	7	0.47634
		كتاب الفراق - مقاله في الطلاق	محمد كاظم بن حسين آخوند خراساني	Ghbook	11282	0.47632
		بحوث في الاستشراق الأمريكي المعاصر	مازن مطبقاني	ShamAY	33302	0.4763
		مختصر [قيام الليل وقيام رمضان وكتاب الوتر]	أبو عبد الله محمد بن نصر بن الحجاج المَرْوَزِي (المتوفى: 294هـ)	ShamAY	31635	0.4763
		 تاريخ الموصل 	 يزيد بن محمد الأزدي 	ABLibrary	9007	0.47629
		بحث في صيغة أفعل بين النحويين واللغويين واستعمالاتها في العربية	مصطفى أحمد النماس	ShamAY	22992	0.47628
		تقويم البلدان‏	إسماعيل بن علي أبو الفداء	Masaha	3961	0.47628
		مشيخة أبي المواهب الحنبلي	محمد بن عبد الباقي الحنبلي البعلي الدمشقي (المتوفى: 1126هـ)	ShamAY	202	0.47627
		 الشامل في الصناعة الطبية 	 ابن النفيس 	ABLibrary	9914	0.47626
		الوضوء علي ضوء الكتاب و السنه	آيت الله العظمي جعفر سبحاني	Ghbook	5059	0.47626
		غسل الأموال	محمد غنايم	ShamAY	36595	0.47622
		تعدد روايات الكتاب الحديثي وأثره	محمد بن عمر بازمول	ShamAY	34028	0.47621
		صلاة العيدين - مفهوم، وفضائل، وآداب، وشروط، وأحكام في ضوء الكتاب والسنة	د. سعيد بن علي بن وهف القحطاني	ShamAY	1856	0.47619
		تاريخ الإسلام ووفيات المشاهير والأعلام [ج ٤١]	شمس الدين محمّد بن أحمد بن عثمان الذّهبي	Rafed	3604	0.47616
		اللحية لماذا؟	محمد بن أحمد بن إسماعيل المقدم	Sham19Y	98135	0.47615
		مع يسوع المسيح		ShamAY	35377	0.47613
		الإنصاف والتحري في دفع الظلم والتجري، عن أبي العلاء المعري	ابن العديم	ShamAY	35833	0.47612
		المقدمات في الجغرافيا الطبيعية	دكتور عبد العزيز طريح شرف	Sham19Y	8569	0.47603
		الحاكم ومستدركه	سعد الحميد	ShamAY	37340	0.47598
		بحث حول تفسير الرازي للمعلمي	عبد الرحمن المعلمي اليماني	ShamAY	36810	0.47597
		 زبدة الحلب من تاريخ حلب 	 عمر بن أحمد بن أبي جرادة 	ABLibrary	9115	0.47595
		خلاصة سير سيد البشر	أبو العباس، أحمد بن عبد الله بن محمد، محب الدين الطبري (المتوفى: 694هـ)	ShamAY	6583	0.47594
		اسرار الصلاه	محمد جواد فاضل لنكراني	Ghbook	15206	0.47594
		الأحاديث الضعيفة التي عليها العمل عند كثير من أهل العلم نماذج تطبيقية في أبواب العبادات	محمد رشيد عاشور	ShamAY	34118	0.4759
		الربا - أضراره وآثاره في ضوء الكتاب والسنة	د. سعيد بن علي بن وهف القحطاني	Sham19Y	96465	0.4759
		شرح النظم الجامع لقراءة الإمام نافع	عبد الفتاح بن عبد الغني بن محمد القاضي (المتوفى: 1403هـ)	ShamAY	1569	0.47586
		أقضية رسول الله صلى الله عليه وآله وسلم	محمد بن الفرج القرطبي المالكي، أبو عبد الله، ابن الطلاع، ويقال الطلاعي (المتوفى: 497هـ)	ShamAY	9769	0.47584
		 طلوع الفجر في الليالي المقمرة 	 محمد حسن المرتضوي اللنگرودي 	ABLibrary	9490	0.47584
		ابو طالب عليه السلام ثالث من اسلم	نبيل قدوري الحسني	Ghbook	12300	0.47583
		 كتاب المكاسب ( المحشَّى ) 	 الشيخ الأنصاري 	ABLibrary	9387	0.47578
		 تقويم البلدان 	 أبي الفدا 	ABLibrary	9028	0.47577
		الراموز على الصحاح	السيد محمد بن السيد حسن (المتوفى: 866ه)	Sham19Y	7051	0.47575
		تاريخ البناكتي = روضة أولي الألباب في معرفه التواريخ والأنساب	أبو سليمان داود بن أبي الفضل محمد البناكتي (المتوفى: 730 هـ)	ShamAY	33833	0.47573
		التحفة السنية شرح المقدمة الآجرومية	محمد محيي الدين عبد الحميد	ShamAY	37082	0.4757
		غزوات النبي صلى الله عليه وآله وسلم	السيد الجميلى	ShamAY	23654	0.4757
		الهواتف = هواتف الجنان لابن أبي الدنيا	أبو بكر عبد الله بن محمد بن عبيد بن سفيان بن قيس البغدادي الأموي القرشي المعروف بابن أبي الدنيا (المتوفى: 281ه)	ShamelaY19	28237	0.4757
		الديباج للختلي	إسحاق بن إبراهيم بن سنين أبو القاسم الخَتْلي (المتوفى: 283هـ)	ShamAY	1326	0.47569
		السؤال في القرآن الكريم وأثره في التربية والتعليم	أحمد بن عبد الفتاح ضليمي	ShamAY	10396	0.47562
		الحديث المقلوب تعريفه، وفوائده، وحكمه، والمصنفات فيه	د. محمد بن عمر بن سالم بازمول	ShamAY	37301	0.47557
		القصص في القرآن الكريم	إسلام محمود دربالة	ShamAY	36897	0.47555
		الحجاب في القرآن	مركز الرسول الأعظم (ص)	Masaha	558	0.47555
		زبدة الحلب من تاريخ حلب [ج ٢]	كمال الدّين عمر بن أحمد بن أبي جرادة الحلبي [ ابن العديم ]	Rafed	2436	0.47553
		دعاوى النصارى في مجيء المسيح عليه السلام	سعود بن عبد العزيز الخلف	ShamAY	11187	0.4755
		 مقتل الإمام أمير المؤمنين على بن أبى طالب ( ع ) 	 ابن أبي الدنيا 	ABLibrary	7771	0.47545
		تطوّر البحث الدّلالي	الدكتور محمد حسين علي الصّغير	Rafed	247	0.47545
		رجوع الشيخ الي صباه في القوة علي الباه	احمد بن سليمان ابن كمال پاشا	Ghbook	10059	0.47541
		آداب اللسان فيما يخص اللسان من خير أو شر في ضوء الكتاب والسنة وأقوال السلف	أبو أنس ماجد إسلام البنكاني :: ماجد البنكاني	ShamAY	35147	0.47539
		الشيعه و الصحابه	خليفه عبيد كلباني عماني	Ghbook	7568	0.47539
		غزوات النبي صلى الله عليه وآله وسلم	السيد الجميلى	Sham19Y	23654	0.47534
		عيون الأثر في فنون المغازي والشمائل والسير	محمد بن محمد بن محمد بن أحمد، ابن سيد الناس، اليعمري الربعي، أبو الفتح، فتح الدين (المتوفى: 734هـ)	ShamAY	23653	0.47529
		النخبه في الحكمة العمليه و الاحكام الشرعيه	ملا محسن فيض كاشاني	Ghbook	6742	0.47528
		ما اخفاه الرواه من ليله المبيت علي فراش النبي صلي الله عليه وآله وسلم	نبيل قدوري الحسني	Ghbook	12321	0.47528
		المعجم العربي لأسماء الملابس «في ضوء المعاجم والنصوص الموثقة من الجاهلية حتى العصر الحديث»	رجب عبد الجواد إبراهيم	ShamAY	38876	0.47527
		علوم الشريعة الرحلة التعليمية للمادة العلمية وتطبيقاتها في تطوير المناهج التعلمية للقرآن الكريم وعلومه	خالد الصمدي	ShamAY	37711	0.47526
		 مناسك الحج 	 السيد موسى الحسيني الزنجاني 	ABLibrary	9635	0.47525
		ذخائر العقبى في مناقب ذوي القربى	محب الدين أحمد بن عبد الله الطبري (المتوفى: 694هـ)	ShamAY	1001	0.47524
		أمنا عائشة حبيبة نبينا صَلَّى اللَّهُ عَلَيْهِ وَسَلَّمَ	شحاتة محمد صقر	ShamAY	555	0.4752
		 مكاتيب الأئمة ( ع ) 	 علي الأحمدي الميانجي 	ABLibrary	7780	0.4752
		بحار الأنوار [ج ٤٣]	الشيخ محمّد باقر بن محمّد تقي المجلسي	Rafed	972	0.47517
		شيعة العراق و بناء الوطن	محمد جواد مالك	Ghbook	15736	0.47517
		13 شبهة للقبوريين والجواب عليها	عبد الله الفلاسي	ShamAY	37786	0.47511
		هوامش علي رساله: القول الفصل في الال والاهل لمولفها سفر احمد الحمداني	عبد الله حسين الفهد	Ghbook	12319	0.47511
		الدرر المنتثرة في الأحاديث المشتهرة	عبد الرحمن بن أبي بكر، جلال الدين السيوطي (المتوفى: 911هـ)	ShamAY	21542	0.47506
		صلاة التراويح	محمد ضياء الرحمن الأعظمي	ShamAY	12266	0.47505
		المدينة المنورة في عهد الزنكيين الأيوبيين والمماليك	عبد الباسط عبد الرزاق بدر	ShamAY	38445	0.47505
		أين تكون إذا نودي للصلاة؟	أزهري أحمد محمود	ShamelaY19	115124	0.47503
		تفسير يحيى بن سلام	يحيى بن سلام بن أبي ثعلبة، التيمي بالولاء، من تيم ربيعة، البصري ثم الإفريقي القيرواني (المتوفى: 200هـ)	ShamAY	12851	0.47498
		مراح الأرواح	أحمد بن علي بن مسعود حسام الدين	Rafed	2560	0.47498
		تحقيق في مسالة اللباس المشكوك	سيد محمد بن علي حجت كوه  كمري	Ghbook	11127	0.47496
		الهواتف لابن أبي الدنيا - الكتب الثقافية	عبد الله بن محمد بن عبيد بن سفيان أبو بكر بن أبي الدنيا	ShamAY	34116	0.47491
		تكملة الغدير في الكتاب و السنة و الأدب ثمرات الاسفار الي الاقطار	عبدالحسين اميني ( علامه اميني )	Ghbook	15861	0.47491
		غاية المرام وحجّة الخصام [ج ٤]	السيّد هاشم البحراني الموسوي التوبلي	Rafed	3609	0.4749
		الأحاديث التي استنكرها الحافظ العراقي على الغزالي	أبو بكر ماهر بن عبد الوهاب علوش	ShamAY	33086	0.47487
		القوافي للأخفش الأوسط	أبو الحسن المجاشعي بالولاء، البلخي ثم البصري، المعروف بالأخفش الأوسط (المتوفى: 215هـ)	ShamAY	737	0.47485
		خيار المجلس والعيب في الفقه الإسلامي	الواحدي :: عبد الله الطيار	ShamAY	36155	0.47484
		الأصول في علم الأصول / الاجتهاد والتقليد	الشيخ علي الإيرواني	Masaha	4914	0.47484
		اجوبه المسائل الحسينيه	آيت الله العظمي حسيني	Ghbook	8050	0.47481
		دراسة نقدية لكتاب الشيخ محمود عبد الرازق الرضوانى حول أسماء الله الحسنى	منير عرفه	ShamAY	35095	0.4748
		المنهل الصافي والمستوفى بعد الوافي	يوسف بن تغري بردي بن عبد الله الظاهري الحنفي، أبو المحاسن، جمال الدين (المتوفى: 874ه)	ShamelaY19	23156	0.4748
		 البراهين القاطعة في شرح تجريد العقائد الساطعة 	 محمد جعفر استر آبادى ( شريعتمدار ) 	ABLibrary	8367	0.47479
		أسرار الكون = الهيئة السَّنِية في الهيئة السُّنِّية	عبد الرحمن بن أبي بكر، جلال الدين السيوطي (المتوفى: 911هـ)	ShamAY	209	0.47478
		مختصر بصائر الدّرجات	الشيخ عزّ الدين الحسن بن سليمان الحلي	Rafed	1815	0.47477
		 بقيع الغرقد 	 الشيخ محمد أمين الأميني 	ABLibrary	8968	0.47476
		منزلة الزكاة في الإسلام - مفهوم, ومنزلة, وحِكَمٌ, وأحكام، وفوائد, وشروط, ومسائل في ضوء الكتاب والسنة	د. سعيد بن علي بن وهف القحطاني	ShamAY	1890	0.47475
		النصال الخارقه لنحور المارقه	حسن حسيني آل مجدد شيرازي	Ghbook	7593	0.47473
		بستان الأحبار مختصر نيل الأوطار	فيصل بن عبد العزيز بن فيصل ابن حمد المبارك الحريملي النجدي (المتوفى: 1376هـ)	ShamAY	9253	0.4747
		المشروع والممنوع في المسجد - محمد العرفج	محمد بن علي العرفج	ShamAY	31245	0.47465
		أهمية علم مصطلح الحديث	ذياب بن سعد الغامدي	ShamAY	37356	0.47459
		جمع القرآن	اكرم عبدالخليفة دليمي	Ghbook	4840	0.47459
		 الشامل في الصناعة الطبية 	 ابن النفيس 	ABLibrary	9905	0.47458
		الجوهره في نسب الامام علي و آله	محمد بن ابي بكر انصاري تلمساني	Ghbook	9188	0.47456
		 الضوء اللامع لأهل القرن التاسع 	 شمس الدين السخاوي 	ABLibrary	952	0.47452
		معجم المصطلحات و الالفاظ الفقهيه	محمود عبدالرحمن	Ghbook	8518	0.47452
		بدعية التفريق بين منهج المتقدمين والمتأخرين للألباني	الواحدي :: ناصر الدين الألباني	ShamAY	33155	0.47451
		حوار حول منهج المحدثين في نقد الروايات سندا ومتنا	عبد الله بن ضيف الله الرحيلي	ShamAY	11168	0.47446
		أمنا عائشة حبيبة نبينا صلى الله عليه وسلم	شحاتة محمد صقر	Sham19Y	36154	0.47444
		المحيط في اللّغة [ج ٤]	إسماعيل بن عبّاد [ كافي الكفاة ]	Rafed	2861	0.47439
		الأمر بالمعروف والنّهي عن المنكر	السيد سعيد كاظم العذاري	Rafed	771	0.47438
		 الفاضلية 	 ابن ميمون 	ABLibrary	9882	0.47434
		ذيل وفيات الأعيان المسمى «درة الحجال فى أسماء الرجال»	أبو العباس أحمد بن محمد المكناسى الشهير بابن القاضى (960 - 1025 ه‍)	ShamelaY19	132965	0.47429
		 الشامل في الصناعة الطبية 	 ابن النفيس 	ABLibrary	9918	0.47426
		أهمية دراسة السيرة النبوية للمعلمين	د. حصة بنت عبد الكريم الزيد	ShamAY	10898	0.47424
		حَدُّ الثَّوبِ وَالأُزْرَة وتَحْرِيمُ الإِسْبَالِ وَلِبَاس الشُّهْرَة	بكر أبو زيد	ShamAY	36244	0.47423
		مراح الارواح	احمد بن علي بن مسعود حسام الدين	Ghbook	16287	0.47423
		الفتح السماوي بتخريج أحاديث القاضي البيضاوي	زين الدين محمد المدعو بعبد الرؤوف بن تاج العارفين بن علي المناوي (المتوفى: 1031هـ)	ShamAY	8635	0.4742
		الصراع الفكري في البلاد المستعمرة	مالك بن الحاج عمر بن الخضر بن نبي (المتوفى: 1393هـ)	ShamAY	1115	0.47416
		الديباج للختلي	إسحاق بن إبراهيم بن سنين أبو القاسم الختلي (المتوفى: 283ه)	ShamelaY19	26489	0.47415
		 الشامل في الصناعة الطبية 	 ابن النفيس 	ABLibrary	9916	0.47411
		مسند الشافعي - ترتيب السندي	الشافعي أبو عبد الله محمد بن إدريس بن العباس بن عثمان بن شافع بن عبد المطلب بن عبد مناف المطلبي القرشي المكي (المتوفى: 204ه)	ShamelaY19	21495	0.4741
		الصحيح من مقتل سيدالشهداء و اصحابه عليهم  السلام	محمد محمدي ري شهري	Ghbook	15987	0.47407
		المرأة المسلمة في المجال الطبي آمال و ضوابط	عبد الله وكيل الشيخ	ShamAY	34901	0.47406
		 المحيط في اللغة 	 الصاحب بن عباد 	ABLibrary	9783	0.47406
		الامام الصادق ( عليه السلام ) و الوحده الاسلاميه	محمد سعيد رمضان البوطي	Ghbook	4987	0.47406
		حكم اعتزال ومخالطة المسلم لمجتمعه في الشريعة الإسلامية	عبد السلام الماجد	ShamAY	36688	0.47403
		الناسخ والمنسوخ في القرآن العزيز وما فيه من الفرائض والسنن	أبو عُبيد القاسم بن سلاّم بن عبد الله الهروي البغدادي (المتوفى: 224هـ)	ShamAY	1178	0.47402
		الطرق العلمية في تخريج الأحاديث النبوية	عبد العزيز بن صالح اللحيدان	ShamAY	37263	0.47402
		المنهل الصافي والمستوفى بعد الوافي	يوسف بن تغري بردي بن عبد الله الظاهري الحنفي، أبو المحاسن، جمال الدين (المتوفى: 874ه)	Sham19Y	23156	0.47399
		تفنيد الشبهات حول ميراث المرأة في الإسلام	أبو عاصم الشحات شعبان محمود عبد القادر البركاتي المصري	ShamAY	1752	0.47395
		الصّورة السّمعيّة في الشعر العربي قبل الإسلام	صاحب خليل إبراهيم	ShamAY	34540	0.47392
		الشيعه و التشيع	آيت الله العظمي سيد محمد حسيني شيرازي	Ghbook	7750	0.47392
		الذّريعة إلى تصانيف الشّيعة [ج ١٠]	الشيخ آقا بزرك الطهراني	Rafed	456	0.47387
		 زبدة الحلب من تاريخ حلب 	 عمر بن أحمد بن أبي جرادة 	ABLibrary	9114	0.47384
		مختصر صحيح مسلم «للإمام أبي الحسين مسلم بن الحجاج القشيري النيسابوري»	عبد العظيم بن عبد القوي بن عبد الله، أبو محمد، زكي الدين المنذري (المتوفى: 656 ه)	Sham19Y	17616	0.47372
		الغدير و عاشوراء ركنا التشيع	آيت الله العظمي حسيني	Ghbook	8001	0.47372
		منهج الطلاب في فقه الإمام الشافعي رضي الله عنه	زكريا بن محمد بن أحمد بن زكريا الأنصاري، زين الدين أبو يحيى السنيكي (المتوفى: 926هـ)	ShamAY	12100	0.47368
		تاريخ البيمارستانات في الإسلام	الدكتور أحمد عيسى (المتوفى: 1365ه)	ShamelaY19	36083	0.47363
		 حلية الأبرار في أحوال محمد وآله الأطهار ( ع ) 	 السيد هاشم البحراني 	ABLibrary	7488	0.47363
		الكنز في القراءات العشر	أبو محمد، عبد الله بن عبد المؤمن بن الوجيه بن عبد الله بن على ابن المبارك التّاجر الواسطيّ المقرئ تاج الدين ويقال نجم الدين (المتوفى: 741هـ)	ShamAY	1455	0.47362
		الأحاديث الواردة في فضائل المدينة جمعا ودراسة	صالح حامد الرفاعي	ShamAY	38437	0.47357
		مجلس في ختم كتاب الشفا بتعريف حقوق المصطفى صلى الله عليه وسلم	محمد بن عبد الله (أبي بكر) بن محمد ابن أحمد بن مجاهد القيسي الدمشقي الشافعي، شمس الدين، الشهير بابن ناصر الدين (المتوفى: 842ه)	ShamelaY19	27088	0.47357
		الزمِن في الديون وأحكامه الفقهية	سعد الخثلان	ShamAY	36610	0.47356
		المنهاج المختصر في علمي النحو والصرف	عبد الله بن يوسف بن عيسى بن يعقوب اليعقوب الجديع العنزي	ShamelaY19	121373	0.47355
		اشهر المصطلحات في فن الاداء و علم القراءات 	احمد محمود عبد السميع شافعي حفيان	Ghbook	170	0.47353
		الذّريعة إلى تصانيف الشّيعة [ج ٧]	الشيخ آقا بزرك الطهراني	Rafed	448	0.4735
		الاعتقاد القادري	أبو طاهر أحمد بن الحسن بن أحمد بن الحسن بن خداداد الكرجي، الباقلاني، البغدادي (المتوفى: 489ه)	ShamelaY19	26421	0.47348
		تخريب البقيع في الوثائق و المستندات	علي قاضي عسكر	Ghbook	10527	0.47347
		المختار في احكام الخيار: دراسه مبسطه في الخيار و احكامه و الشروط و النقد و السيئ...	آيت الله العظمي جعفر سبحاني	Ghbook	9783	0.47345
		غنائم الأيّام في مسائل الحلال والحرام [ج ٢]	الميرزا أبو القاسم القمّي	Rafed	1813	0.47343
		الأربعون حديثاً في الإمام المهدي	الحافظ أبي نعيم الأصبهاني	Masaha	50	0.47342
		 منتهى المطلب ( ط . ج ) 	 العلامة الحلي 	ABLibrary	9326	0.47339
		المقفى الكبير	تقي الدين المقريزي (المتوفى: 845 ه = 1440 م)	ShamelaY19	145334	0.47337
		نظام الطلاق في الشريعه الاسلاميه الغراء	آيت الله العظمي جعفر سبحاني	Ghbook	9779	0.47336
		أنوار الهلالين في التعقبات على الجلالين	محمد بن عبد الرحمن الخميس	ShamAY	10845	0.47332
		مسند الشافعي - ترتيب السندي	الشافعي أبو عبد الله محمد بن إدريس بن العباس بن عثمان بن شافع بن عبد المطلب بن عبد مناف المطلبي القرشي المكي (المتوفى: 204هـ)	ShamAY	21495	0.47332
		الصحيح المسند من الأحاديث القدسية	أبو عبد الله مصطفى بن العدوى شلباية المصري	ShamAY	9230	0.4733
		الهداية في تخريج أحاديث البداية (بداية المجتهد لابن رشد)	أحمد بن محمد بن الصدِّيق بن أحمد، أبو الفيض الغُمَارِي الحسني الأزهري (المتوفى: 1380 هـ)	ShamAY	32537	0.4733
		فنون العجائب لأبي سعيد النقاش - ت: مشهور	أبي سعيد محمد بن علي بن أبي اسحاق القراب	ShamAY	33623	0.47327
		التعريف بكتاب محنة الإمام أحمد بن حنبل	محمد نغش	ShamAY	10302	0.47326
		صب الخمول على من وصل أذاه إلى الصالحين من أولياء الله (مطبوع ضمن مجموع رسائل ابن عبد الهادي)	يوسف بن حسن بن أحمد بن حسن ابن عبد الهادي الصالحي، جمال الدين، ابن المِبْرَد الحنبلي (المتوفى: 909 هـ)	ShamAY	32311	0.47326
		نداء إلى الفاتيكان راجعوا أسفاركم المقدسة (المتناقضات العلمية في أسفار العهد القديم والجديد)	د مصطفي عبد اللطيف درويش المحامي رحمه الله	ShamAY	1418	0.47325
		بحار الأنوار [ج ٢٣]	الشيخ محمّد باقر بن محمّد تقي المجلسي	Rafed	893	0.47324
		تحقيق الأصول [ج ٣]	السيّد علي الحسيني الميلاني	Rafed	2389	0.47321
		مباني العروة الوثقى - الجزء1	السيد محمد تقي الخوئي	Masaha	763	0.47321
		الفكرة السنية والحاجة إليها	محمد إسحاق الصديقي	Sham19Y	8615	0.4732
		وفاة رسول الله (ص) و موضع قبره و روضته بين اختلاف أصحاب و استملاك أزواجه	نبيل الحسني	Ghbook	15681	0.47319
		شروط الإسلام ونواقضه العشرة	عبدالله بن عبدالحميد الاثري	ShamAY	35543	0.47318
		العناية بالقرآن الكريم وعلومه من بداية القرن الرابع الهجري إلى عصرنا الحاضر	د. نبيل بن محمد آل إسماعيل	ShamAY	8517	0.47313
		مختصر فضايل الخمسه من الصحاح السنه	مرتضي حسيني فيروزآبادي	Ghbook	10927	0.47313
		 كتاب المكاسب ( المحشَّى ) 	 الشيخ الأنصاري 	ABLibrary	9386	0.4731
		منتهى الدّراية في توضيح الكفاية [ج ٦]	السيّد محمّد جعفر الجزائري المروّج	Rafed	2046	0.47309
		كيمياء السعادة	أبو حامد محمد بن محمد الغزالي الطوسي (المتوفى: 505هـ)	ShamAY	9261	0.47308
		أخطاء يرتكبها بعض الحجاج	محمد بن صالح بن محمد العثيمين (المتوفى: 1421هـ)	ShamAY	21792	0.47306
		الاقتراح في بيان الاصطلاح	تقي الدين أبو الفتح محمد بن علي بن وهب بن مطيع القشيري، المعروف بابن دقيق العيد (المتوفى: 702ه)	Sham19Y	5968	0.47302
		فنون العجائب في أخبار الماضيين من بني إسرائيل وغيرهم من العباد والزاهدين	أبو سعيد محمد بن علي بن عمر بن مهدي الأصبهاني الحنبلي النقاش (المتوفى: 414هـ)	ShamAY	9754	0.47301
		تبرئة الخليفة العادل والرد على المجادل بالباطل	حمود بن عبد الله بن حمود بن عبد الرحمن التويجري (المتوفى: 1413هـ)	ShamAY	32266	0.47298
		المقدمات في الجغرافيا الطبيعية	دكتور عبد العزيز طريح شرف	ShamAY	8569	0.47296
		تحرير الأحكام الشرعيّة على مذهب الإماميّة [ج ٦]	الحسن بن يوسف بن علي المطّهر [ العلامة الحلّي ]	Rafed	2002	0.47295
		الإبانة عن سرقات المتنبي لفظا ومعنى	محمد بن أحمد بن محمد العميدي، أبو سعد (المتوفى: 433هـ)	ShamAY	864	0.4729
		 إعلام النبلاء بتاريخ حلب الشهباء 	 محمد راغب الطباخ الحلبي 	ABLibrary	8959	0.47285
		الأربعون حديثا للآجري	أبو بكر محمد بن الحسين بن عبد الله الآجُرِّيُّ البغدادي (المتوفى: 360هـ)	ShamAY	8204	0.47282
		الإعلام بما اتفقت عليه الإمامية من الأحكام	الشيخ المفيد	Masaha	977	0.47281
		الكنز في القراءات العشر	أبو محمد، عبد الله بن عبد المؤمن بن الوجيه بن عبد الله بن على ابن المبارك التاجر الواسطي المقرئ تاج الدين ويقال نجم الدين (المتوفى: 741ه)	Sham19Y	29864	0.47272
		مجالس العلماء للزجاجي	عبد الرحمن بن إسحاق البغدادي النهاوندي الزجاجي، أبو القاسم (المتوفى: 337هـ)	ShamAY	26676	0.47271
		 الذريعة 	 آقا بزرگ الطهراني 	ABLibrary	857	0.47271
		التحقيق في منهجيه تفسير القرآن بالقرآن في تفسير الميزان	جعفر سيدان	Ghbook	11624	0.47271
		التخريج عند المحدثين معانيه ومصادره ووظائفه	دخيل بن صالح اللحيدان	ShamAY	34023	0.4727
		الذكر والدعاء والعلاج بالرقي من الكتاب والسنة	سَعِيد بن علي بن وهف القحطاني	ShamAY	32594	0.47269
		أدب النساء الموسوم بكتاب العناية والنهاية	عبد الملك بن حبيب بن حبيب بن سليمان بن هارون السلمي الإلبيري القرطبي، أبو مروان (المتوفى: 238ه)	ShamelaY19	26808	0.47268
		الهواتف = هواتف الجنان لابن أبي الدنيا	أبو بكر عبد الله بن محمد بن عبيد بن سفيان بن قيس البغدادي الأموي القرشي المعروف بابن أبي الدنيا (المتوفى: 281هـ)	ShamAY	28237	0.47267
		الاعتصام بالكتاب والسنة أصل السعادة في الدنيا والآخرة ونجاة من مضلات الفتن	د. سعيد بن علي بن وهف القحطاني	Sham19Y	96458	0.47265
		ذكرياتي في إفريقيا	محمد العبودي	ShamAY	10257	0.47264
		الإسلام بين جهل أبنائه وعجز علمائه	عبد القادر عودة (المتوفى: 1373هـ)	ShamAY	1246	0.4726
		مختصر صحيح مسلم «للإمام أبي الحسين مسلم بن الحجاج القشيري النيسابوري»	عبد العظيم بن عبد القوي بن عبد الله، أبو محمد، زكي الدين المنذري (المتوفى: 656 هـ)	ShamAY	32321	0.47259
		شرح جمل الزجّاجى [ج ٢]	أبي الحسن علي بن مؤمن بن محمّد بن علي ابن عصفور الحضرمي الإشبيلي « ابن عصفور »	Rafed	2102	0.47259
		معتمد الشيعه في احكام الشريعه	ملا محمد مهدي نراقي	Ghbook	11917	0.47259
		بهجة النظر في آداب السفر	أزهري أحمد محمود	ShamelaY19	36389	0.47254
		مذكرة تخريج الأحاديث	طارق الطواري	ShamAY	37285	0.47253
		كتاب الجمع بين رأيي الحكيمين لأبي نصر الفارابي	الدكتور علي بو محلم	Rafed	1580	0.47253
		إبراهيم بن محمد بن سفيان رواياته وزياداته وتعليقاته على صحيح مسلم	عبد الله بن محمد حسن دمفو	ShamAY	12158	0.47252
		مائة سؤال و جواب حول الكتابة و الكتاب و المكتبات و جوابها	آيت الله شيخ محمد اسحاق فياض	Ghbook	9559	0.47243
		رسالة في تواريخ النبي و الآل‏	الشيخ اسد الله التستري	Masaha	2200	0.47242
		دليل تحرير الوسيلة (احياء الموات و اللقطة)	علي اكبر سيفي مازندراني	Ghbook	9151	0.4724
		مستعذب الإخبار بأطيب الأخبار	أبو مدين بن أحمد بن محمد بن عبد القادر بن علي الفاسي (المتوفى: بعد 1132ه)	ShamelaY19	23675	0.47236
		أقضية رسول الله صلّى الله عليه وآله وسلّم	محمّد بن فرج المالكي القرطبي	Rafed	2547	0.47234
		آفات اللسان في ضوء الكتاب والسُّنَّة	د. سعيد بن على بن وهف القحطاني	ShamAY	1802	0.47233
		رسوخ الأحبار في منسوخ الأخبار	برهان الدين أبو إسحاق إبراهيم بن عمر بن إبراهيم بن خليل الجعبريّ (المتوفى: 732 هـ)	ShamAY	32573	0.47229
		دركات النار من الكتاب وصحيح الأخبار	حاتم بن الشربيني	ShamAY	34919	0.47227
		النهاية في الفتن والملاحم ـ موافق للمطبوع	الإمام أبو الفداء الحافظ ابن كثير الدمشقي	ShamAY	33758	0.47226
		كلماتي مع الخالدين من إصدارات مجمع اللغة العربية بالقاهرة	الدكتور محمود حافظ	ShamAY	34514	0.47226
		طبقات الشافعية لابن قاضى شهبة	أبو بكر بن أحمد بن محمد بن عمر الأسدي الشهبي الدمشقي، تقي الدين ابن قاضي شهبة (المتوفى: 851هـ)	ShamAY	6736	0.47224
		ثلاث تراجم نفيسة للأئمة الأعلام ابن تيمية والحافظ علم الدين البزرالي والحافظ جمال الدين المزي	شمس الدين أبو عبد الله محمد بن أحمد بن عثمان بن قايماز الذهبي (المتوفى: 748ه)	Sham19Y	6653	0.47221
		المتحف في معنى السبعة أحرف	عدنان البحيصي	ShamAY	36829	0.47219
		الفروع وتصحيح الفروع	محمد بن مفلح بن محمد بن مفرج، أبو عبد الله، شمس الدين المقدسي الرامينى ثم الصالحي الحنبلي (المتوفى: 763هـ)	ShamAY	34264	0.47219
		الدرة الثمينة في أخبار المدينة	محمد بن محمود ابن النجار	Masaha	4408	0.47218
		الدروس اليومية من السنن والأحكام الشرعية	د. راشد بن حسين العبد الكريم	ShamelaY19	98096	0.47216
		الحاوي في الطب	أبو بكر، محمد بن زكريا الرازي (المتوفى: 313هـ)	ShamAY	10704	0.47212
		شرح الحلقة الثّالثة [ج ٤]	الشيخ حسن محمّد فيّاض حسين العاملي	Rafed	813	0.47209
		دليل الناسك - تعليقه وجيزه علي مناسك الحج	آيت الله العظمي سيد محسن حكيم	Ghbook	3507	0.47207
		إسهامات الجمعيات في تنمية المجتمع	د. نورة العيد	ShamAY	36770	0.47206
		العلمانية منبع الضياع	عيد الدويهيس	ShamAY	33502	0.47203
		بقيع الغرقد في دراسه شامله	محمد امين پوراميني	Ghbook	3342	0.47203
		الأمثال والحكم	أبو الحسن علي بن محمد بن محمد بن حبيب البصري البغدادي، الشهير بالماوردي (المتوفى: 450 هـ)	ShamAY	32482	0.472
		إنكار الجن من شطحات التفسير الموضوعي للقرآن المؤلف: مصطفى الوراق إبراهيم	مصطفى الوراق إبراهيم	ShamAY	9015	0.47197
		مذكرة فن المنطق	فضيلة الشيخ محمد الأمين بن المختار الشنقيطي حفظه الله	ShamAY	35941	0.47196
		 الفتاوى الجديدة 	 الشيخ ناصر مكارم الشيرازي 	ABLibrary	9685	0.47196
		خطط الشام [ج ١]	محمّد كرد علي	Rafed	2276	0.47194
		كيفية التعامل مع الفهرس العام لأسماء كتب السنة - المحاضرة الثالثة، 3/ 2 / 2010 م	نور الدين محمد عتر الحلبي	ShamelaY19	37636	0.47193
		 المحيط في اللغة 	 الصاحب بن عباد 	ABLibrary	9779	0.47191
		منهج الشيخ محمد رشيد رضا في العقيدة	تامر محمد محمود متولي	ShamAY	7251	0.4719
		الفتاوى الذهبية في بيع وشراء الذهب	محمد بن صالح بن محمد العثيمين (المتوفى: 1421ه)	ShamelaY19	21576	0.4719
		غذاء القلوب ومفرج الكروب	الواحدي :: فيصل المبارك	ShamAY	35002	0.47189
		رباعيات الخيام	غياث الدين أبو الفتح عمر بن إبراهيم الخيام (المتوفى: 515هـ)	ShamAY	12857	0.47183
		 مسند الإمام السجاد ( ع ) 	 الشيخ عزيز الله عطاردي 	ABLibrary	7706	0.47183
		دور المرأة في تعزيز الثقافة الإسلامية لدى أبنائها في ظل تحديات العولمة	عزيزة عبد العزيز علي	ShamAY	35099	0.47182
		الربا - أضراره وآثاره في ضوء الكتاب والسنة	د. سعيد بن علي بن وهف القحطاني	ShamAY	1813	0.47182
		مناسك الحج والعمرة وزيارة المسجد النبوي	فضيلة الشيخ عبد الله بن جبرين حفظه الله	ShamAY	36368	0.47178
		تهذيب اللغة [ج ٦]	محمّد بن أحمد الأزهري	Rafed	1957	0.47177
		 مجموع بلدان اليمن وقبائلها 	 محمد بن أحمد الحجري اليماني 	ABLibrary	9179	0.47176
		طبقات الحنفية	لعلي بن أمر الله الحنائي (ت979هـ)	ShamAY	35844	0.47175
		منة المنعم في شرح صحيح مسلم	أبو الحسين مسلم بن الحجاج بن مسلم القشيري النيسابوري رحمه الله (206 - 261 ه)	Sham19Y	149015	0.47174
		اسباب النزول القرآني	غازي عنايه	Ghbook	2757	0.47173
		 المصطلح الأعجمي في كتب الطب والصيدلة العربية 	 ابراهيم بن مراد 	ABLibrary	9992	0.47172
		آيات الغدير	آيت الله علي حسيني ميلاني	Ghbook	4813	0.47167
		الحملة الصليبية على العالم الإسلامي والعالم (الجذور - الممارسة - سبل المواجهة)	يوسف العاصي إبراهيم الطويل	ShamelaY19	36505	0.47165
		موسوعة تاريخ العراق بين احتلالين [ج ٨]	عباس العزاوي المحامي	Rafed	1926	0.47165
		تفضيل السيده الزهراء عليها السلام علي الملائكه والرسل والانبياء	وسام البلداوي	Ghbook	12344	0.47165
		الإبانة عن سرقات المتنبي لفظا ومعنى	محمد بن أحمد بن محمد العميدي، أبو سعد (المتوفى: 433ه)	Sham19Y	37468	0.47155
		حوار رمضاني	الواحدي :: ابن جبرين	ShamAY	34989	0.47154
		قراءة في بردة البوصيري وشعره	علوي بن عبد القادر السَّقَّاف	ShamAY	9586	0.47153
		شرح ابن طولون علي الفية ابن مالك	محمد بن علي ابن  طولون	Ghbook	15580	0.47153
		اللغة وعلم اللغة	جون ليونز	ShamAY	10748	0.47147
		تتميم امل الامل	عبدالنبي بن محمدتقي قزويني	Ghbook	7064	0.47144
		آية الولاية	السيد علي الحسيني الميلاني	Masaha	12	0.47144
		بحار الأنوار [ج ٥٥]	الشيخ محمّد باقر بن محمّد تقي المجلسي	Rafed	1041	0.47143
		الغفلة - مفهومها، وخطرها، وعلاماتها، وأسبابها، وعلاجها	د. سعيد بن علي بن وهف القحطاني	ShamelaY19	96472	0.47142
		تاريخ أهل البيت‏	ابن أبي الثلج‏	Masaha	1950	0.47141
		الشاذ والمنكر وزيادة الثقة - موازنة بين المتقدمين والمتأخرين	أبو ذر عبد القادر بن مصطفى بن عبد الرزاق المحمدي	ShamAY	548	0.47137
		 الذريعة 	 آقا بزرگ الطهراني 	ABLibrary	861	0.47136
		أخي كيف حالك مع القرآن؟	أزهري أحمد محمود	ShamelaY19	36381	0.47135
		كتاب القضاء والقدر	أبي بكر أحمد بن الحسين البيهقي	Rafed	3594	0.47132
		بحوث في علم الأصول [ج ٦]	السيّد محمود الهاشمي الشاهرودي	Rafed	667	0.47131
		الاحتمالات المرجوحة وهي الاحتمالات العشرة المخلَّة بالفهم المذكورة في كتاب المحصول في علم الأصول	شهاب الدين القرافي المالكي	ShamAY	37611	0.47126
		مواقف التابعين وأتباعهم في الدعوة إلى الله تعالى	د. سعيد بن علي بن وهف القحطاني	ShamelaY19	96529	0.47124
		أخبار مكّة في قديم الدّهر وحديثه [ج ٤]	أبي عبد الله محمّد بن إسحاق ابن العبّاس الفاكهي المكّي	Rafed	2127	0.47119
		الأثر التربوي للمسجد	أ. د صالح بن غانم بن عبد الله بن سليمان بن علي السدلان	ShamAY	30901	0.47118
		المحيط في اللّغة [ج ٨]	إسماعيل بن عبّاد [ كافي الكفاة ]	Rafed	2866	0.47118
		النوازل الأصولية	أحمد الضويحي	ShamAY	37598	0.47117
		نظم حكم الأمويين ورسومهم في الأندلس	سالم بن عبد الله الخلف	ShamAY	7331	0.47117
		 إيصال الطالب إلى المكاسب 	 السيد محمد الحسيني الشيرازي 	ABLibrary	9476	0.47117
		الخمر كوليرا المجتمع	آيت الله العظمي حسيني	Ghbook	8033	0.47116
		موسوعة طبقات الفقهاء	آيت الله العظمي جعفر سبحاني	Ghbook	9007	0.47115
		أحكام التصوير في الشريعة الإسلامية	الواحدي :: عبد الرحمن بن عبد الخالق	ShamAY	36214	0.47108
		الشاذ والمنكر وزيادة الثقة - موازنة بين المتقدمين والمتأخرين	أبو ذر عبد القادر بن مصطفى بن عبد الرزاق المحمدي	Sham19Y	36147	0.47108
		الاكثريه الشيعيه في العراق	آيت الله العظمي سيد محمد حسيني شيرازي	Ghbook	7885	0.47107
		الاذان تشريعا و فصولا علي ضوء الكتاب و السنه	آيت الله العظمي جعفر سبحاني	Ghbook	5031	0.47105
		 سلسلة المسائل الفقهية 	 الشيخ السبحاني 	ABLibrary	9574	0.47104
		الولاء والبراءه	محمد مهدي آصفي	Ghbook	5939	0.47103
		إثبات الهداة بالنصوص و المعجزات‏ - الجزء1	الحر العاملي	Masaha	1825	0.47103
		البنوك الإسلامية	عبدالله بن محمد بن أحمد الطيار	ShamAY	36149	0.47099
		الإمامة والتبصرة من الحيرة	علي بن بابويه القمي	Masaha	90	0.47097
		مقتل الامام اميرالمومنين علي بن ابي طالب ( عليه السلام )	ابوبكر عبدالله بن محمد بن عبيد ( ابن ابي دنيا )	Ghbook	9619	0.47095
		أثر الانحراف الاعتقادي على الإرهاب العالمي الصهيونية نموذجا	سعد بن علي الشهراني	ShamAY	35442	0.47094
		بيعة الغدير	محمد باقر الأنصارى	Masaha	193	0.47094
		داء النفوس وسموم القلوب المعاصي	أزهري أحمد محمود	ShamelaY19	36366	0.47089
		تاريخ صفد	محمد بن عبد الرحمان الحسيني العثماني	Masaha	4116	0.47088
		الرد الصريح على ما يثار حول البنوك الإسلامية من قدح وتجريح	حيدر ناصر	ShamAY	36304	0.47085
		طرق التخريج بحسب الراوي الأعلى	دخيل بن صالح اللحيدان	ShamAY	4067	0.47082
		فتوح مصر والمغرب	عبد الرحمن بن عبد الله بن عبد الحكم، أبو القاسم المصري (المتوفى: 257ه)	Sham19Y	11404	0.47082
		الحسين (عليه السلام) و البيعه ليزيد بن معاويه (لعنه الله)	موسسه تحقيقات و نشر معارف اهل البيت عليهم السلام	Ghbook	5924	0.4708
		تحذير الأمة الإسلامية من المحدثات التي دعت إليها ندوة الأهلة الكويتية	حمود بن عبد الله بن حمود التويجري	ShamAY	37748	0.47079
		كتاب الرضاع	محمد كاظم بن حسين آخوند خراساني	Ghbook	11283	0.47077
		 دليل تحرير الوسيلة ( الشركة والقسمة ) 	 علي أكبر السيفي المازندراني 	ABLibrary	9753	0.47075
		 في رحاب أهل البيت ( ع ) 	 لجنة بحوث المجمع العالمي لأهل البيت ( ع ) 	ABLibrary	8567	0.47073
		سلسلة جهاد شعب الجزائر	بسام العسلي	ShamAY	32248	0.47072
		الاقتراح في بيان الاصطلاح	تقي الدين أبو الفتح محمد بن علي بن وهب بن مطيع القشيري، المعروف بابن دقيق العيد (المتوفى: 702هـ)	ShamAY	5968	0.47071
		تنبه الأديب على ما في شعر أبي الطيب من الحسن والمعيب	وجيه الدين عبد الرحمن بن عبد الله الملك الشافعي الشهير بـ باكثير الحضرمي (975هـ - 1567م)	ShamAY	34457	0.47068
		فضائل القدس	أبي الفرج عبدالرحمن ابن علي ابن الجوزي	Rafed	2591	0.47066
		كيف تقرأ القرآن الكريم برواية الإمام قالون عن نافع المدني	المختار المشري المقروش	ShamelaY19	38033	0.47065
		المنهل الصافي والمستوفى بعد الوافي	يوسف بن تغري بردي بن عبد الله الظاهري الحنفي، أبو المحاسن، جمال الدين (المتوفى: 874هـ)	ShamAY	23156	0.47064
		المساجد - مفهوم، وفضائل، وأحكام، وحقوق، وآداب في ضوء الكتاب والسنة	د. سعيد بن علي بن وهف القحطاني	ShamelaY19	96475	0.47063
		المصنوع في معرفة الحديث الموضوع (الموضوعات الصغرى)	علي بن (سلطان) محمد، أبو الحسن نور الدين الملا الهروي القاري (المتوفى: 1014هـ)	ShamAY	6064	0.47058
		الآثار المترتبة على تعلم القرآن وتعليمه	ماجد بن ماشع مزيد العمري الحربي	ShamAY	36773	0.47052
		منائر الإسعاد نَظْم لُمْعَةِ الاعتِقاد		ShamAY	35586	0.47051
		المنتخب من مسند عبد بن حميد ت مصطفى العدوي	أبو محمد عبد الحميد بن حميد بن نصر الكَسّي ويقال له: الكَشّي بالفتح والإعجام (المتوفى: 249هـ)	ShamAY	10631	0.47048
		سيره الامام زين العابدين ( عليه السلام )	آيت الله العظمي حسيني	Ghbook	8045	0.47047
		أمّهات المعصومين عليهم السلام سيرة وتاريخ	عبد العزيز كاظم البهادلي	Rafed	723	0.47046
		عقيدة الأحباش الهررية ـ عرض ونقد		ShamAY	35612	0.47044
		حكم  الارجل في الوضوء 	آيت الله علي حسيني ميلاني	Ghbook	4793	0.47041
		 العوالم ، الإمام الرضا ( ع ) 	 الشيخ عبد الله البحراني 	ABLibrary	7620	0.47037
		الإفصاح في فقه اللغة [ج ١]	حسين يوسف موسى و عبدالفتاح الصعيدي	Rafed	3078	0.47037
		مختار الصحاح	زين الدين أبو عبد الله محمد بن أبي بكر بن عبد القادر الحنفي الرازي (المتوفى: 666هـ)	ShamAY	23193	0.47035
		تراثنا ـ العددان [ 79 و 80 ]	مؤسسة آل البيت عليهم السلام لإحياء التراث ـ قم	Rafed	3603	0.47035
		العرش وما روي فيه - مخرجا	أبو جعفر محمد بن عثمان بن أبي شيبة العبسي (المتوفى : 297هـ)	ShamAY	12443	0.47033
		المنظومة النحوية للخليل بن احمد الفراهيدي	احمد عفيفي	Ghbook	16358	0.47031
		الإمداد بأحكام الحداد	فيحان شالي المطيري	ShamAY	8776	0.47029
		تصحيح أخطاء الموسوعة الإسلامية الصادرة عن دار بريل في لايدن بهولاندا. (السيرة النبوية)	أحمد أبو زيد	ShamAY	37438	0.47028
		المخصّص [ج ٩]	أبي الحسن علي بن إسماعيل بن سيده المرسي [ ابن سيده ]	Rafed	3554	0.47028
		الروايات المتعارضة في غزوة بدر جمعاً وتوثيقاً	محمد بن محمد العواجي	ShamAY	37433	0.47027
		 مصباح الظلام 	 محمد بن موسى المزالي المراكشي 	ABLibrary	8777	0.47022
		الكبائر - ت آل سلمان	الذهبي، شمس الدين	ShamAY	33744	0.47016
		ميلاد مجتمع	مالك بن الحاج عمر بن الخضر بن نبي (المتوفى: 1393ه)	Sham19Y	23415	0.47015
		 الموسوعة الكبرى عن فاطمة الزهراء ( س ) 	 اسماعيل الأنصاري الزنجاني الخوئيني 	ABLibrary	7829	0.47014
		المقالات القصار فى فتاوى الأحاديث والأخبار	أبو محمد أحمد شحاته الألفي السكندري	ShamAY	33059	0.47011
		بئر رومة وقف الخليفة الراشد عثمان بن عفان	عبد الله الحجيلي	ShamAY	36587	0.47003
		جواب في صيغ الحمد	محمد بن أبي بكر بن أيوب بن سعد شمس الدين ابن قيم الجوزية (المتوفى: 751هـ)	ShamAY	6841	0.47002
		السماع والقياس	أحمد بن إسماعيل بن محمد تيمور (المتوفى: 1348ه)	ShamelaY19	37477	0.47
		تحفة الأزهار و زلال الأنهار في نسب أبناء الأئمة الأطهار‏ - الجزء1	ضامن بن شدقم الحسيني المدني‏	Masaha	1987	0.46999
		زبده  الحلب من تاريخ حلب	كمال الدين عمر بن احمد بن ابي جراده حلبي ( ابن العديم )	Ghbook	11367	0.46998
		بلاغات ابن شهاب الزهري وإدراجاته في الكتب الستة	عبد الحميد شيخون	ShamelaY19	132393	0.46997
		أوضح المسالك إلى معرفة البلدان والممالك‏	محمد بن علي البروسوي	Masaha	4656	0.46991
		الحياه السياسيه للامام الحسن (عليه السلام) في عهد الرسول (صلي الله عليه و آله و ...	سيد جعفرمرتضي حسيني عاملي	Ghbook	6065	0.4699
		هل أنت من المسارعين إلى الخيرات؟	أزهري أحمد محمود	ShamelaY19	36530	0.46987
		الجوهر النقي على سنن البيهقي	علاء الدين علي بن عثمان بن إبراهيم بن مصطفى المارديني، أبو الحسن، الشهير بابن التركماني (المتوفى: 750هـ)	ShamAY	1184	0.46986
		شرح الآجرومية	محمد خالد الفاضل	ShamAY	37083	0.46983
		وفاه الامام موسي الكاظم ( عليه السلام )	علي هاشمي	Ghbook	6426	0.46983
		غريب القرآن لابن قتيبة ت سعيد اللحام	أبو محمد عبد الله بن مسلم بن قتيبة الدينوري (المتوفى: 276ه)	ShamelaY19	23621	0.46982
		وقعه الطف	لوط بن يحيي بن سعيد بن مخنف بن مسلم ازدي غامدي ابومخنف	Ghbook	5998	0.4698
		المستشرقون في الميزان	أبو مجاهد عبد العزيز بن عبد الفتاح بن عبد الرحيم بن الملاَّ محمد عظيم القارئ المدني	ShamAY	8926	0.46979
		نقض فتاوى الوهابية	الشيخ محمد حسين كاشف الغطاء	Rafed	162	0.46975
		جزء فيه شروط أمير المؤمنين عمر بن الخطاب رضي الله عنه على النصارى، وفيه حديث واصل الدمشقي ومناظرته لهم رضي الله عنه - سلسلة لقاء العشر الأواخر بالمسجد الحرام (23)	عثمان بن أحمد بن عبيد الله بن يزيد، أبو عمرو الدقاق، ابن السَّمَّاك (المتوفى: 344 هـ)	ShamAY	32481	0.46974
		الدروس اليومية من السنن والأحكام الشرعية	د. راشد بن حسين العبد الكريم	ShamAY	31679	0.46969
		فضائل الخمسة من الصحّاح الستّة [ج ١]	السيد مرتضى الفيروزآبادي	Rafed	1319	0.46967
		مسند الإمام السجاد أبي محمد علي بن الحسين(ع) - الجزء1	عزيز الله عطاردي‏	Masaha	2440	0.46967
		 أقضية رسول الله ( ص ) 	 ابن الطلاع القرطبي 	ABLibrary	7420	0.46964
		أجوبة على مسائل سألها النووي في ألفاظ من الحديث	الإِمَامِ جَمَالِ الدِّينِ مُحَمَّد بنِ عَبْدِ اللهِ بْنِ مَالِكٍ النَّحوي ت 672هـ	ShamAY	35977	0.46963
		العباس بن علي نصير الحسين عليه السلام	آيت الله العظمي سيد محمد تقي مدرسي	Ghbook	12862	0.46962
		 تذكرة الفقهاء ( ط . ج ) 	 العلامة الحلي 	ABLibrary	9322	0.46961
		لا تيأس فالنصر قادم	محمد صالح المنجد	ShamAY	34722	0.4696
		جهود سيبويه في التفسير	أ. د. أحمد محمد الخراط	ShamAY	36758	0.4696
		بحار الأنوار [ج ٥٦]	الشيخ محمّد باقر بن محمّد تقي المجلسي	Rafed	1043	0.4696
		حقيقة شهادة أن محمدا رسول الله صلى الله عليه وسلم	عبد العزيز بن عبد الله بن محمد بن عبد اللطيف بن عبد الرحمن بن حسن بن الشيخ محمد بن عبد الوهاب	ShamAY	21770	0.46959
		نزول سوره هل اتي	آيت الله علي حسيني ميلاني	Ghbook	4798	0.46958
		 الغاية القصوى في التعليق على العروة الوثقى ( كتاب المضاربة ) 	 السيد تقي الطباطبائي القمي 	ABLibrary	9717	0.46956
		الغيبة للنعماني‏	محمد بن إبراهيم النعماني‏	Masaha	2070	0.46956
		فتوح مصر والمغرب‏	عبد الرحمن بن عبد الله ابن عبد الحكم	Masaha	4429	0.46955
		القول المختصر في علامات المهدي المنتظر للهيتمي	أحمد ابن حجر الهيتمي	ShamAY	36054	0.46954
		التنصير، مفهومه وأهدافه ووسائله وسبل مواجهته	علي بن إبراهيم الحمد النملة	ShamAY	30798	0.46953
		مكفرات الذنوب والخطايا وأسباب المغفرة من الكتاب والسنة	د. سعيد بن علي بن وهف القحطاني	ShamAY	1888	0.46947
		الإخاء الديني .. ومجمع الأديان وموقف الإسلام	محمد البهي (المتوفى: 1402هـ)	ShamAY	31645	0.46945
		 الشامل في الصناعة الطبية 	 ابن النفيس 	ABLibrary	9912	0.46945
		هداية الأصول في شرح كفاية الأصول [ج ٤]	حيدر علي المدرّسي البهسودي	Rafed	3648	0.46941
		الزّهد	الحسين بن سعيد الكوفي الأهوازي	Rafed	679	0.46941
		شرح الحلقة الثّالثة [ج ١]	الشيخ حسن محمّد فيّاض حسين العاملي	Rafed	783	0.46939
		إجابة النداء - أنواع، وفضائل، وفوائد، وآداب، وإجابة قولية وفعلية، وأحكام في ضوء الكتاب العزيز والسنة المطهرة	د. سعيد بن على بن وهف القحطاني	ShamelaY19	96452	0.46934
		آرشيو دروس خارج اصول آيت الله العظمي بشير حسين نجفي 37	آية الله العظمي الشيخ بشير حسين النجفي	Ghbook	14521	0.46932
		الزياره تعهد والتزام ودعاء في مشاهد المطهرين	جميل الربيعي	Ghbook	12284	0.46929
		شرح ابن عقيل [ج ١]	محمّد محيى الدين عبد الحميد	Rafed	1857	0.46928
		أصول السنة لأحمد بن حنبل	أبو عبد الله أحمد بن محمد بن حنبل بن هلال بن أسد الشيباني (المتوفى: 241هـ)	ShamAY	6418	0.46927
		الإبانة عن سرقات المتنبي لفظا ومعنى	محمد بن أحمد بن محمد العميدي، أبو سعد (المتوفى: 433ه)	ShamelaY19	37468	0.46927
		البحث الصرفي عند الشيخ محمد عبد الخالق عضيمة	وجدان الدليمي	ShamAY	37096	0.46926
		تيسير بعض أحكام البيوع والمعاملات المالية المعاصرة	حامد العلي	ShamAY	36264	0.4692
		مشاكل الطلاب الجامعيين وحلها على ضوء الإسلام	عطية سالم	ShamAY	34783	0.4692
		تفصيل الشريعه في شرح تحرير الوسيله: غسل الجنابه - التيمم - المطهرات	محمد فاضل لنكراني	Ghbook	9814	0.4692
		اعجاز القرآن و البلاغه النبويه	مصطفي صادق رافعي	Ghbook	2769	0.4692
		معجم مقائيس اللغه	احمد بن فارس ابن فارس	Ghbook	8515	0.46918
		قيام المهدي امامنا المنتظر عجل الله تعالي فرجه الشريف	سيدحسن فيروزآبادي	Ghbook	15076	0.46916
		العراق بعد صدام 	آيت الله العظمي سيد محمد حسيني شيرازي	Ghbook	8059	0.46913
		الإعلام بمن في تاريخ الهند من الأعلام المسمى بـ (نزهة الخواطر وبهجة المسامع والنواظر)	عبد الحي بن فخر الدين بن عبد العلي الحسني الطالبي (المتوفى: 1341هـ)	ShamAY	1584	0.46909
		جامع المقاصد في شرح القواعد [ج ١٠]	الشيخ عليّ بن الحسين بن عبد العالي الكركي	Rafed	572	0.46907
		تهذيب الأحكام [ج ٦]	أبي جعفر محمّد بن الحسن بن علي بن الحسن الطّوسي [ شيخ الطائفة ]	Rafed	737	0.46907
		نيل الأمل في ذيل الدول	زين الدين عبد الباسط بن أبي الصفاء غرس الدين خليل بن شاهين الظاهريّ الملطيّ ثم القاهري الحنفيّ (المتوفى: 920هـ)	ShamAY	32108	0.46905
		فتوح مصر والمغرب	عبد الرحمن بن عبد الله بن عبد الحكم، أبو القاسم المصري (المتوفى: 257هـ)	ShamAY	11404	0.46899
		شرح تشريح القانون	علي بن ابي الحزم ( ابن نفيس )	Ghbook	9965	0.46897
		خادم الامام الحسين عليه السلام شريك الملائكه	علي الفتلاوي	Ghbook	12289	0.46895
		تلخيص العبارة في نحو أهل الإشارة	عز الدين عبد السلام بن أحمد بن غانم بن علي المقدسي الشافعي (المتوفى: 678هـ)	ShamAY	689	0.46894
		وجوب تحكيم شرع الله ونبذ ما خالفه	عبد العزيز بن عبد الله بن باز (المتوفى: 1420ه)	ShamelaY19	30870	0.46892
		الحجه في القراءات السبع	ابوعبداﷲ حسين بن احمد ابن خالويه	Ghbook	4845	0.46887
		اللّمعات العرشيّة	محمد مهدي بن أبي ذر النراقي [ المولى مهدي النراقي ]	Rafed	3877	0.46885
		رساله في فن الالقاء والحوار والمناظره	علي الفتلاوي	Ghbook	12335	0.46885
		أدب الخواص في المختار من بلاغات قبائل العرب وأخبارها وأنسابها	الحسين بن علي بن الحسين، أبو القاسم الوزير المغربي (المتوفى: 418هـ)	ShamAY	12392	0.46881
		تاج العروس [ج ٨]	محبّ الدين أبي فيض السيد محمّد مرتضى الحسيني الواسطي الزبيدي الحنفي	Rafed	1500	0.46881
		معجزات النبي	أبي الفداء اسماعيل بن عمر ابن كثير الدمشقي	Rafed	3489	0.46878
		ألفية ابن مالك	محمد بن عبد الله، ابن مالك الطائي الجياني، أبو عبد الله، جمال الدين (المتوفى: 672هـ)	ShamAY	8522	0.46873
		الهواتف لابن أبي الدنيا - ط أطلس الخضراء = مقابل	أبو بكر عبد الله بن محمد ابن أبي الدنيا	ShamAY	38066	0.46868
		منهج الشيخ محمد رشيد رضا في العقيدة	تامر محمد محمود متولي	Sham19Y	7251	0.46865
		الشيخ عمر بن محمد فلاته رحمه الله وكيف عرفته	عبد المحسن بن حمد بن عبد المحسن بن عبد الله بن حمد العباد البدر	ShamAY	7653	0.46864
		التفقه في الدين والاندماج في أمة الإسلام عند القبائل العربية المجاورة للمدينة في العهد النبوي	عبد الرحمن السنيدي	ShamAY	37148	0.46862
		شرح التعريف بضروري التصريف	ابن إياز (المتوفى: 681 ه)	Sham19Y	18277	0.46859
		المهدي المنتظر	عبد الله الادريسي	Masaha	2361	0.46859
		الواجبات المتحتمات على كل مسلم ومسلمة من كلام شيخ الإسلام محمد بن عبد الوهاب		ShamAY	35505	0.46857
		حكمة الإشراق إلى كتاب الآفاق (بذيله: تتمة في نقد الآثار المرفوعة عن الخط والكتابة.)	محمد بن محمد بن عبد الرزاق الحسيني، أبو الفيض، الملقب بمرتضى، الزبيدي (المتوفى: 1205ه)	ShamelaY19	95576	0.46857
		مناسك الحج	آية الله العظمي الشيخ بشير حسين النجفي	Ghbook	16207	0.46855
		الجمع بين الصلاتين علي ضوءالكتاب والسنه	آيت الله العظمي جعفر سبحاني	Ghbook	5043	0.46849
		مختصر صحيح البخاري تحقيق الشحود	ابن أبي جمرة الأندلسي رحمه الله	ShamAY	35250	0.46846
		إسهامات المجتمع في دعم جمعيات التحفيظ	عبد المحسن الزكري	ShamAY	36771	0.46845
		كيف دخل التتار بلاد المسلمين	سليمان بن حمد العودة	ShamAY	37150	0.46841
		الفقه الأكبر (مطبوع مع الشرح الميسر على الفقهين الأبسط والأكبر المنسوبين لأبي حنيفة تأليف محمد بن عبد الرحمن الخميس)	ينسب لأبي حنيفة النعمان بن ثابت بن زوطي بن ماه (المتوفى: 150هـ)	ShamAY	6387	0.46836
		المنثور من الحكايات والسؤالات لابن طاهر المقدسي	أبو الفضل محمد بن طاهر بن علي بن أحمد المقدسي الشيباني، المعروف بابن القيسراني (المتوفى: 507ه)	ShamelaY19	26876	0.46833
		البسيط في علم التجويد		ShamAY	36957	0.46832
		النقد الأدبي ومقاييسه خلال عهد الرسول صلى الله عليه وسلم وعصر الخلافة الراشدة	محمد عارف محمود حسين	ShamAY	8972	0.46831
		الفوز العظيم والخسران المبين في ضوء الكتاب والسُّنَّة	د. سعيد بن علي بن وهف القحطاني	ShamAY	1823	0.46826
		دراسة حديث " ما بين بيتي ومنبري روضة من رياض الجنة ". رواية ودراية	عبد العزيز بن محمد السعيد	ShamAY	34031	0.46823
		مسائل الإمام ابن باز رحمه الله تعالى	عبد العزيز بن عبد الله بن باز (المتوفى: 1420ه)	Sham19Y	14566	0.46823
		تفصيل الشريعه في شرح تحرير الوسيله : الطلاق و الخلع و المباراه و الظهار و الايلا...	محمد فاضل لنكراني	Ghbook	9820	0.46821
		نحن و الامام اميرالمومنين ( عليه السلام )	آيت الله العظمي سيد محمد حسيني شيرازي	Ghbook	7853	0.4682
		حقيقه الاثر الغيبي في التربه الحسينيه	نبيل قدوري الحسني	Ghbook	12355	0.46807
		بهجه الفقيه	محمد تقي بهجت	Ghbook	9808	0.46806
		على طريق الهزيمة .. مع الملوك والرؤساء	أحمد الشقيري	ShamAY	37695	0.46804
		ذخائر العقبي في مناقب ذوي القربي	طبري ، محب الدين ، ابوالعباس احمد بن عبدالله ( قرن 7ق ) ( صاحب ذخائر العقبي و الرياض النضره - شافعي مذهب )	Ghbook	9222	0.46804
		ثقافة العيدية - الطبعة الثالثة منقحة	نبيل الحسني	Ghbook	15733	0.46802
		ترجمة شيخ الإسلام ابن تيمية من "سير أعلام النبلاء" القسم المفقود	شمس الدين أبو عبد الله محمد بن أحمد بن عثمان بن قَايْماز الذهبي (المتوفى: 748هـ)	ShamAY	34384	0.468
		الروايات التفسيرية في فتح الباري	عبد المجيد الشيخ عبد الباري	ShamAY	7447	0.46793
		موقف المستشرقين من القرآن الكريم دراسة في بعض دوائر المعارف الغربية		ShamAY	36954	0.4679
		التحريفات والتصرفات في كتب السنه	آيت الله علي حسيني ميلاني	Ghbook	7537	0.46788
		المبادئ الأخلاقية في التعامل المالي في أوروبا	الشيخ مصطفى ملا أوغلو	ShamAY	36307	0.46784
		الدعاء للمنتظر المهدي و الفرج علي يديه في احاديث النبي و اهل بيت عليه السلام	موسسه پيام امام هادي عليه السلام	Ghbook	14750	0.46782
		التنصير، تعريفه أهدافه وسائله حسرات المنصرين	عبد الرحمن بن عبد الله الصالح	ShamAY	30739	0.46781
		نداء إلى الفاتيكان راجعوا أسفاركم المقدسة (المتناقضات العلمية في أسفار العهد القديم والجديد)	د مصطفي عبد اللطيف درويش المحامي رحمه الله	Sham19Y	1418	0.46778
		أنوار الفقاهة (كتاب المزارعة)	الشيخ حسن كاشف الغطاء	Masaha	915	0.46778
		الرسائل الاحمديه - الحج	احمد بن صالح آل طعان	Ghbook	3513	0.46772
		مجموعة بحوث ندوة السنة النبوية	مجموعة من المؤلفين	ShamAY	37346	0.4677
		غذاء الأرواح بالمحادثة والمزاح	زين الدين مرعي بن يوسف الكرمي المقدسي	ShamelaY19	147065	0.46766
		زكاة الأثمان الذهب، والفضة، والعملات المعدنية، والورقية - مفهوم، وضوابط، ومسائل، وأحكام في ضوء الكتاب والسنة	د. سعيد بن علي بن وهف القحطاني	ShamAY	1836	0.46765
		 طلوع سعد السعود 	 الآغا بن عودة المزاري 	ABLibrary	9134	0.46765
		أركان الإيمان عند الصوفية	حمود السلامه	ShamAY	37762	0.46763
		رسالتان في البداء	السيد محمد علي الحكيم	Rafed	1578	0.46763
		من أخطاء الحجاج والمعتمرين والزائرين	صالح أبو عراد	ShamAY	36556	0.46762
		بر الوالدين	جمال الدين أبو الفرج عبد الرحمن بن علي بن محمد الجوزي (المتوفى: 597هـ)	ShamAY	244	0.4676
		 السراج الوهاج فيما يتعلق بالتشخيص والعلاج 	 محمد بيك الشافعي الطبيب 	ABLibrary	9984	0.4676
		 سلسلة المسائل الفقهية 	 الشيخ السبحاني 	ABLibrary	9570	0.4676
		رحلة العالم الألماني : ج. أو. هابنسترايت إلى الجزائر وتونس وطرابلس	الناشر: دار الغرب الإسلامي ـ تونس	Rafed	3076	0.46758
		زبدة الحلب من تاريخ حلب‏  - الجزء1	عمر بن أحمد ابن أبي جرادة	Masaha	4190	0.46757
		صلح الامام الحسن ( عليه السلام )	آيت الله العظمي سيد محمد حسيني شيرازي	Ghbook	7910	0.46756
		أعوذ بالله من الشيطان الرجيم (معان ، وفوائد ، وأحكام)	إسلام منصور عبد الحميد	ShamAY	37002	0.46755
		فتاوى الحج من موقع الإسلام اليوم		ShamAY	37658	0.46754
		محاضرات في أصول الفقه (شرح الحلقة الثانية) - الجزء1	عبد الجبار الرفاعي‏	Masaha	4296	0.46752
		شرح الدرة اليتيمة	أبو عبد الله، أحمد بن عمر بن مساعد الحازمي	ShamAY	834	0.4675
		رسالة النفس	أبو الوليد محمد بن أحمد بن محمد بن أحمد بن رشد القرطبي الشهير بابن رشد الحفيد (المتوفى: 595هـ)	ShamAY	9737	0.46744
		دراسه اوليه لعلامات الظهور	علي كوراني	Ghbook	6653	0.46741
		الترغيب والترهيب من الحديث الشريف	عبد العظيم بن عبد القوي بن عبد الله، أبو محمد، زكي الدين المنذري (المتوفى: 656ه)	Sham19Y	6847	0.46738
		أحكام المساجد في الشريعة الإسلامية (الجزء الثاني)	إبراهيم بن صالح الخضيري	ShamAY	31248	0.46732
		 في رحاب أهل البيت ( ع ) 	 لجنة بحوث المجمع العالمي لأهل البيت ( ع ) 	ABLibrary	8553	0.46731
		الامام المهدي (عجل الله تعالي فرجه الشريف) بين التواتر و حساب الاحتمال	محمد باقر ايرواني	Ghbook	6580	0.4673
		 مستعذب الإخبار بأطيب الأخبار 	 أبي مدين بن أحمد بن محمد الفاسي 	ABLibrary	7701	0.46729
		آية الولاية	السيّد علي الحسيني الميلاني	Rafed	148	0.46727
		طبقات المفسرين للداوودي	محمد بن علي بن أحمد، شمس الدين الداوودي المالكي (المتوفى: 945ه)	ShamelaY19	27084	0.46725
		اية الاظهار بين عالمية الاسلام والعولمة المعاصرة	رياض عبد الرحيم الباهلي	Ghbook	14967	0.46724
		تحفة النبلاء في جماعة النساء	الإمام محمد عبد الحي اللكنوي (ت1304هـ)	ShamAY	36016	0.46719
		 فتوح مصر والمغرب 	 ابن عبد الحكم 	ABLibrary	9150	0.46719
		الشجرة المباركة في أنساب الطالبيّة	١٦ صفحة	Rafed	1717	0.46716
		الصحيح من سيرة النبي الأعظم صلّى الله عليه وآله [ج ٣٣]	السيد جعفر مرتضى العاملي	Rafed	2648	0.46715
		بهجة النفوس والأسرار [ج ٢]	الشيخ أبي محمّد عفيف الدين عبد الله بن عبد الملك المرجاني	Rafed	2290	0.46715
		 في رحاب أهل البيت ( ع ) 	 لجنة بحوث المجمع العالمي لأهل البيت ( ع ) 	ABLibrary	8535	0.46713
		مختصر التبيين لهجاء التنزيل	أبو داود، سليمان بن نجاح بن أبي القاسم الأموي بالولاء، الأندلسي (المتوفى: 496هـ)	ShamAY	1465	0.46711
		دواء القلوب وسرطان الذنوب التوبة	أزهري أحمد محمود	ShamelaY19	36526	0.46705
		صفات الشيعة	الشيخ الصدوق	Masaha	2323	0.46705
		الذّريعة إلى تصانيف الشّيعة [ج ٢٤]	الشيخ آقا بزرك الطهراني	Rafed	503	0.46702
		أزهار العروش في أخبار الحبوش للسيوطي	الواحدي :: السيوطي	ShamAY	33659	0.467
		والدتي	آيت الله العظمي سيد محمد حسيني شيرازي	Ghbook	7868	0.46699
		 الموجز في الطب 	 ابن النفيس 	ABLibrary	9943	0.46697
		دراسة مختصرة على الفقه الحنبلى لكتاب النكاح		ShamAY	37373	0.46693
		نظرة في مفهوم الإرهاب والموقف منه في الإسلام	عبد الرحمن المطرودي	ShamelaY19	31209	0.46693
		مسألة في الصفات	الخطيب البغدادي	ShamAY	35653	0.46692
		التعريف بكتاب محنة الإمام أحمد بن حنبل	محمد نغش	Sham19Y	10302	0.4669
		بحوث في علم الأصول [ج ٧]	آية الله السيّد محمّد باقر الصدر	Rafed	3924	0.46687
		تهذيب اللغة [ج ١٤]	محمّد بن أحمد الأزهري	Rafed	1965	0.46684
		تراثنا ـ العددان [ 63 و 64 ]	مؤسسة آل البيت عليهم السلام لإحياء التراث ـ قم	Rafed	3278	0.46683
		مبدأ الاكتفاء الاقتصادي في بعض الأحكام القرآنية	محمد عامر مظاهري	ShamAY	36702	0.46678
		السبعة الذين يظلهم الله يوم القيامة يوم لا ظل إلا ظله	الزرقاني، محمد بن عبد الباقي	ShamAY	35907	0.46673
		العلمانية في ميزان العقل	عيد الدويهيس	ShamAY	33298	0.4667
		الحوار في القرآن الكريم .. آدابه وفضائله		ShamAY	36871	0.4667
		شرح الأجرومية للأسمري	أبو مُحمَّدٍ، صالحُ بنُ مُحمَّدٍ بنِ حسنٍ آلُ عُمَيِّرٍ، الأسمريُّ، القحْطانيُّ	ShamAY	2121	0.4667
		الأحاديث والآثار المروية في عد آي القرآن دلالاتها ومدى مطابقة هذا العلم لها	حاتم التميمي	ShamAY	36664	0.46668
		موقع الشيخ على الشبكة	الواحدي :: عبد العزيز الراجحي	ShamAY	36367	0.46668
		شرح التّسهيل المسمّى تمهيد القواعد بشرح تسهيل الفوائد [ج ٨]	محمّد بن يوسف بن أحمد [ ناظر الجيش ]	Rafed	1892	0.46665
		المرأة الغربية .. أرقام ناطقة .. وحقائق شاهدة	عبد الملك حسين التاج	ShamAY	33334	0.46663
		 الحلقة الضائعة من تاريخ جبل عامل 	 علي داود جابر 	ABLibrary	9038	0.4666
		ارتشاف الضرب من لسان العرب لأبي حيان الأندلسي	أبو حيان محمد بن يوسف بن علي بن يوسف بن حيان أثير الدين الأندلسي (المتوفى: 745 هـ)	ShamAY	32580	0.46659
		المتعتان	الشيخ عبد الحسين الأميني النجفي	Masaha	397	0.46659
		من سيره العظماء ( فاطمه بضعه مني )	حسين الشاكري	Ghbook	3885	0.46657
		الألفاظ المستعملة في المنطق	الفارابي، أبو نصر	ShamAY	35930	0.46654
		تاريخ صفد	محمّد بن عبد الرحمن الحسيني العثماني	Rafed	2230	0.46653
		الإملاء والترقيم في الكتابة العربية	عبد العليم إبراهيم (المتوفى: بعد 1395هـ)	ShamAY	7818	0.4665
		ابن الحجاج البغدادي وشعره في الغدير	الشيخ عبد الحسين الأميني النجفي	Masaha	14	0.46648
		الترغيب والترهيب من الحديث الشريف	عبد العظيم بن عبد القوي بن عبد الله، أبو محمد، زكي الدين المنذري (المتوفى: 656هـ)	ShamAY	32207	0.46643
		طيّب الكلِم في صلة الرحِم	أبو يوسف محمد زايد	ShamAY	35200	0.46642
		نوازل الزكاة «دراسة فقهية تأصيلية لمستجدات الزكاة»	الغفيلي، عبد الله بن منصور	ShamAY	32299	0.46641
		حجة القراءات	عبد الرحمن بن محمد، أبو زرعة ابن زنجلة (المتوفى: حوالي 403هـ)	ShamAY	5531	0.46641
		المنثور من الحكايات والسؤالات لابن طاهر المقدسي	أبو الفضل محمد بن طاهر بن علي بن أحمد المقدسي الشيباني، المعروف بابن القيسراني (المتوفى: 507هـ)	ShamAY	26876	0.4664
		 الكامل في التاريخ 	 ابن الأثير 	ABLibrary	8251	0.46638
		وسائل الشيعة [ج ١٧]	محمد بن الحسن الحرّ العاملي [ العلامة الشيخ حرّ العاملي ]	Rafed	311	0.46638
		مسائل منثورة في التفسير والعربية والمعاني	عبد الله بن بَرّي بن عبد الجبار المقدسي الأصل المصري، أبو محمد، ابن أبي الوحش (المتوفى: 582هـ)	ShamAY	1564	0.46636
		رسالتان في البداء	السيد أبو القاسم الموسوي الخوئي	Masaha	281	0.46634
		الروايات التفسيرية في فتح الباري	عبد المجيد الشيخ عبد الباري	Sham19Y	7447	0.46633
		الربا وبدائله في الإسلام	رغداء زيدان	ShamAY	36303	0.46632
		الأدب العام والمقارن	دانييل هنري باجو	ShamAY	34520	0.4663
		قواصم الظهور على دار الغرور (الزهد)	أزهري أحمد محمود	ShamelaY19	36356	0.46627
		الجانب العلمي و الفكري من شخصيه الامام الصادق عليه السلام	حسن الامين	Ghbook	5000	0.46627
		رمي الجمرات في ضوء الكتاب والسنة وآثار الصحابة رضي الله عنهم - مفهوم، وفوائد، وشروط، وآداب، ومسائل، وحكم، وأحكام	د. سعيد بن علي بن وهف القحطاني	ShamelaY19	96484	0.46626
		مستدرك الوسائل [ج ١٥]	الشيخ حسين النوري الطبرسي [ المحدّث النوري ]	Rafed	1222	0.46626
		 فضائل القدس 	 ابن الجوزي 	ABLibrary	9153	0.46624
		أحكام المرأة الحامل	يحيى الخطيب	ShamAY	36512	0.46623
		مفتاح الجنة في الاحتجاج بالسنة	عبد الرحمن بن أبي بكر، جلال الدين السيوطي (المتوفى: 911ه)	Sham19Y	4864	0.46623
		الدرر البهية في المسائل الفقهية	محمد بن علي بن محمد الشوكاني	ShamAY	34280	0.46622
		فقه الجهاد	الواحدي :: عبد الله الطيار	ShamAY	36159	0.46622
		الكنوز الملية في الفرائض الجلية	الواحدي :: عبد العزيز السلمان	ShamAY	36519	0.46621
		التّحريفات والتّصرّفات في كتب السنّة	السيّد علي الحسيني الميلاني	Rafed	68	0.4662
		 إعلام النبلاء بتاريخ حلب الشهباء 	 محمد راغب الطباخ الحلبي 	ABLibrary	8957	0.46619
		منهاج الصالحين (العبادات- المعاملات)	محمد السند	Ghbook	15234	0.46616
		عرف الطيب من اخبار مكة و مدينة الحبيب	ابن جزري ( پدر ) ، ابوالخير شمس الدين محمد بن محمد ( صاحب "طيبه النشر في القراءات العشر" - شافعي مذهب )	Ghbook	9212	0.46616
		التربية القرآنية وأثرها على الفرد والمجتمع		ShamAY	36869	0.46613
		قواعد تفسير الأحلام = البدر المنير في علم التعبير	أبو العباس، شهاب الدين، ابن نعمة النابلسي، أحمد بن عبد الرحمن بن عبد المنعم بن نعمة بن سلطان بن سرور الحنبلي (المتوفى: 697هـ)	ShamAY	10703	0.46611
		مختصر التبيين لهجاء التنزيل	أبو داود، سليمان بن نجاح بن أبي القاسم الأموي بالولاء، الأندلسي (المتوفى: 496ه)	Sham19Y	29988	0.46611
		الخطوط الاساسيه للاقتصاد الاسلامي	آيت الله العظمي ناصرمكارم شيرازي	Ghbook	3283	0.4661
		أهداف التربية الإسلامية	د ماجد عرسان الكيلاني الأردني	ShamAY	8367	0.46609
		تاريخ الدولة العلية العثمانية	محمد فريد (بك) ابن أحمد فريد (باشا) ، المحامي (المتوفى: 1338هـ)	ShamAY	6638	0.46608
		المحيط في اللّغة [ج ٧]	إسماعيل بن عبّاد [ كافي الكفاة ]	Rafed	2865	0.46607
		اصحابي كالنجوم	آيت الله علي حسيني ميلاني	Ghbook	4803	0.46607
		رحلة العالم الألماني ج. او. هابنسترايت	إبراهيم عبد القادر المازني	Masaha	4462	0.46606
		صفة حجة النبي- صلى الله عليه وسلم- كأنك معه	عبد الوهاب الطريري	ShamAY	36417	0.46605
		الصحيح من سيرة النبي الأعظم صلّى الله عليه وآله [ج ٣٤]	السيد جعفر مرتضى العاملي	Rafed	2649	0.46604
		شرح التصريف	مسعود بن عمر القاضي التفتازاني	Ghbook	15386	0.46601
		 في رحاب أهل البيت ( ع ) 	 لجنة بحوث المجمع العالمي لأهل البيت ( ع ) 	ABLibrary	8531	0.466
		مكاتيب الرسول(ص) - الجزء1	الشيخ علي الأحمدي الميانجي	Masaha	3300	0.466
		تحفة الطحاوي		ShamAY	35634	0.46597
		خطب الجمعة ومسؤوليات الخطباء	مجلس الدعوة والإرشاد	ShamelaY19	30928	0.46597
		حجة القراءات	عبد الرحمن بن محمد، أبو زرعة ابن زنجلة (المتوفى: حوالي 403ه)	Sham19Y	5531	0.46596
		أمراء الكوفة وحكامها	محمّد علي آل خليفة	Rafed	2216	0.46593
		موقف الاستشراق من السنة والسيرة النبوية	أكرم بن ضياء العمري	ShamelaY19	37349	0.46592
		المسائل الطبيه	آيت الله شيخ محمد اسحاق فياض	Ghbook	15341	0.46591
		تلخيص الحبير في أحاديث الرافعي الكبير	أحمد بن علي بن حجر أبو الفضل العسقلاني	ShamAY	34124	0.46587
		كيف دخل التتر بلاد المسلمين	سليمان بن حمد بن عبد الله العودة	Sham19Y	11359	0.46587
		دراسات اوليه لعلامات الظهور	علي كوراني	Ghbook	4559	0.46587
		العلاج بالرقى من الكتاب والسنة	د. سعيد بن علي بن وهف القحطاني	Sham19Y	96469	0.46586
		الغدير في الكتاب والسنّة والأدب [ج ١]	الشيخ عبد الحسين أحمد الأميني النجفي	Rafed	350	0.46583
		دروس في شرح البيقونية - سعد الحميد	سعد بن عبد الله بن عبد العزيز آل حُمَيِّد	ShamAY	1575	0.46579
		الموسوعة الحديثية الشاملة بين الواقع والمأمول	عبد الملك بن بكر قاضي	ShamAY	8572	0.46576
		المقام الأسنى في تفسير الأسماء الحسنى	ابراهيم بن علي الكفعمي	Masaha	1731	0.46576
		 الجواهر الفخرية في شرح الروضة البهية 	 قدرت الله وجداني فخر 	ABLibrary	9456	0.46575
		محنة فاطمة(ع) بعد وفاة رسول الله(ص)	الشيخ عبد الله الناصر	Masaha	518	0.46573
		آلام المسيح	ياسر أنور	ShamAY	35325	0.46568
		تقويم البلدان	اسماعيل بن علي ابو الفداء	Ghbook	11104	0.46567
		إنكار الجن من شطحات التفسير الموضوعي للقرآن المؤلف: مصطفى الوراق إبراهيم	مصطفى الوراق إبراهيم	Sham19Y	9015	0.46564
		مدينة معاجز الإئمة اثني عشر و دلائل الحجج علي البشر	هاشم البحراني	Ghbook	16045	0.46563
		الإفهام في شرح عمدة الأحكام (شرح على متن عمدة الأحكام لشيخ الإسلام الإمام عبد الغني المقدسي - رحمه الله - (541 - 600هـ))	عبد العزيز بن عبد الله بن باز (المتوفى: 1420هـ)	ShamAY	31781	0.46561
		تيسير وتكميل شرح ابن عقيل على ألفيّة ابن مالك [ج ٢]	الدكتور محمّد علي سلطاني	Rafed	2733	0.46559
		قوادح عقدية في بردة البوصيري	عبد العزيز بن محمد آل عبد اللطيف	ShamAY	35400	0.46558
		المفيد في تقريب أحكام الأذان	د. محمد بن عبد الرحمن بن ملهي بن محمد العريفي	ShamAY	31219	0.46557
		الأربعون النووية (مع زيادات ابن رجب رحمهما الله)	محيي الدين النووي (631 - 676 ه) وابن رجب الحنبلي (736 - 795 ه)	ShamelaY19	147927	0.46557
		 الشامل في الصناعة الطبية 	 ابن النفيس 	ABLibrary	9919	0.46556
		دراسه نقديه لتوحيد السلفيه	لجنة البحوث و الدراسات بالطريقة العزمية	Ghbook	7644	0.46554
		 التبرك 	 علي الأحمدي الميانجي 	ABLibrary	8374	0.46553
		فدك و العوالي أو الحوائط السبعة في الكتاب و السنة و التاريخ و الأدب‏	السيد محمد باقر الحسيني الجلالي‏	Masaha	2870	0.46553
		بحوث في علم الأصول [ج ٢]	آية الله السيّد محمّد باقر الصدر	Rafed	3919	0.46548
		 مناقب الأسد الغالب ممزق الكتائب ومظهر العجائب ليث بن غالب أمير المؤمنين أبي الحسن علي بن أبي طالب ( يليه خصائص أمير المؤمنين علي بن أبي طالب للنسائي ) 	 محمد بن عبد الله ابن الجزري 	ABLibrary	7412	0.46547
		إعلاَمُ الأَنَام بِمَا انْتَهَى إِلَيْهِ السَّلام	أبي محمَّد إبراهيم بن شريف الميلي	ShamAY	36715	0.46545
		حديث الغدير	السيد علي الحسيني الميلاني	Masaha	232	0.46545
		ورد الصباح والمساء من الكتاب والسنة	د. سعيد بن على بن وهف القحطاني	ShamelaY19	96450	0.46544
		ديوان الخالديان	الخالديان	ShamAY	37826	0.46542
		مصارع العشاق - العلمية	أبو محمد جعفر بن أحمد بن الحسيني السراج القارئ	ShamAY	33793	0.46541
		تخريج أحاديث وآثار كتاب في ظلال القرآن ، لسيد قطب - رحمه الله -	علوي بن عبد القادر السَّقَّاف	ShamAY	2615	0.4654
		منظومة حجر المخلاة في مجالس المحاجاة		ShamAY	36879	0.46538
		بشارة المحبوب بتكفير الذنوب	عبد الرحمن بن خليل بن سلامة، زين الدين الأذرعي القابوني، ويعرف بابن الشيخ خليل (المتوفى: 869هـ)	ShamAY	10922	0.46538
		تفصيل الشريعه في شرح تحرير الوسيله: الوقف،الوصية،الأيمان و النذور،الكفارات،الصيد	محمد فاضل لنكراني	Ghbook	9829	0.46537
		موضوع التصوف	لطف الله خوجه	ShamAY	35389	0.46531
		جامع المقاصد في شرح القواعد [ج ٨]	الشيخ عليّ بن الحسين بن عبد العالي الكركي	Rafed	564	0.46531
		علم التخريج ودوره في حفظ السنة النبوية - محمد بن ظافر الشهري	محمد بن ظافر الشهري	ShamAY	11294	0.46527
		الثمار الجنية في الفوائد الحنفية	الدكتور صلاح أبو الحاج	ShamAY	33179	0.46527
		فضائل الخمسه من الصحاح السته و غيرها من الكتب المعتبره عند اهل السنه والجماعه	مرتضي حسيني فيروز آبادي يزدي	Ghbook	10442	0.46527
		أسباب الزواج العرفى وموقف الشرع منه	الشيخ ندا أبو أحمد	ShamAY	36227	0.46524
		مكارم الأخلاق في القرآن الكريم	الفريق/ يحيى بن عبد الله المعلمي	ShamAY	35119	0.46524
		التّنصير عبر الخِدمات التفاعليّة لشبكة المعلومات العالميّة - دراسة عقديّة (رسالة ماجستير)	محمد بن موسى المجممي	ShamAY	1675	0.46522
		إنشاء منظمة للحوار العالمي	جعفر شيخ إدريس	ShamAY	37792	0.46522
		 موسوعة الإمام الجواد ( ع ) 	 الشيخ أبو القاسم الخزعلي 	ABLibrary	7842	0.4652
		جامع المقاصد في شرح القواعد [ج ٥]	الشيخ عليّ بن الحسين بن عبد العالي الكركي	Rafed	561	0.46519
		رساله في ما تقرر عنده من الحكومه	ابوعلي حسين بن عبدالله ابن سينا	Ghbook	7944	0.46519
		متن العشماوية في مذهب الإمام مالك	عبد الباري بن أحمد بن عبد الغني بن عتيق بن الشيخ سعيد بن الشيخ حسن، أبو النجا العشماوي القاهري الأزهري المالكي (المتوفى: ق 10هـ)	ShamAY	457	0.46516
		العراق بعد حزب البعث العراق بعد التغيير	آيت الله العظمي سيد محمد حسيني شيرازي	Ghbook	7761	0.46516
		 المحيط في اللغة 	 الصاحب بن عباد 	ABLibrary	9782	0.46513
		ثلاثمائه استفتاء في الحج والعمره	آيت الله العظمي حسيني	Ghbook	8042	0.46513
		نوازل الزكاة «دراسة فقهية تأصيلية لمستجدات الزكاة»	الغفيلي، عبد الله بن منصور	Sham19Y	17354	0.46512
		تحفة الحكيم	الشيخ محمّد حسين الإصفهاني الغروي	Rafed	1575	0.46512
		التقيّة في إطارها الفقهي	علي الشملاوي	Rafed	805	0.4651
		القرآن وعودة المجد	مجدي الهلالي	ShamAY	270	0.46509
		 الآثار الباقية عن القرون الخالية 	 أبو ريحان البيروني 	ABLibrary	8916	0.46507
		مفرج الكروب في أخبار بني أيوب	محمَّد بن سالم بن نصرالله بن سالم ابن واصل، أبو عبد الله المازني التميمي الحموي، جمال الدين (المتوفى: 697هـ)	ShamAY	32278	0.46504
		 الضوء اللامع لأهل القرن التاسع 	 شمس الدين السخاوي 	ABLibrary	950	0.46501
		الرد على من أجاز تهذيب اللحية	حمود بن عبد الله بن حمود بن عبد الرحمن التويجري (المتوفى: 1413هـ)	ShamAY	32255	0.465
		تنبيه القارئ لتقوية ما ضعفه الألباني (ويليه: تنبيه القاريء لتضعيف ما قواه الألباني)	عبد الله بن محمد بن أحمد الدويش (المتوفى: 1409هـ)	ShamAY	10618	0.465
		الاعتقاد القادري	أَبُو طَاهِرٍ أَحْمَدُ بنُ الحَسَنِ بنِ أَحْمَدَ بنِ الحَسَنِ بنِ خُدَادَادَ الكَرَجِيُّ، البَاقِلاَّنِيُّ، البَغْدَادِيُّ (المتوفى: 489هـ)	ShamAY	26421	0.46497
		 الموسوعة الكبرى عن فاطمة الزهراء ( س ) 	 اسماعيل الأنصاري الزنجاني الخوئيني 	ABLibrary	7831	0.46496
		من معطيات التضحيه الحسينيه	آيت الله العظمي حسيني	Ghbook	7926	0.46495
		امل الآمل في احوال علماء جبل عامل	محمد بن حسن حر عاملي	Ghbook	7175	0.46493
		تعليقات الفصول في الأصول [ج ٢]	محمّد حسين بن عبد الرحيم الحائري الإصفهاني	Rafed	3874	0.46492
		تاريخ الاندلس من الفتح حتي السقوط	اسماعيل بن ابراهيم	Ghbook	8926	0.46489
		الحجامة والقسط البحري	محمد نزار الدقر	ShamAY	35936	0.46481
		زوائد مسائل الجاهلية	عبد الله بن محمد بن أحمد الدويش (المتوفى: 1409ه)	ShamelaY19	21507	0.46481
		كتابة البحث العلمي صياغة جديدة	عبد الوهاب بن إبراهيم أبو سليمان	ShamAY	8350	0.46477
		 رحلة العالم الألماني 	 ج او هابنسترايت ( تعريب : ناصر الدين سعيدوني ) 	ABLibrary	9100	0.46477
		التوسل وصلته بالتوحيد	حسين رجبي	Ghbook	11355	0.46477
		الصلح مع اليهود استسلام لا سلام	آيت الله العظمي سيد محمد حسيني شيرازي	Ghbook	7754	0.46475
		كيف يؤدي الموظف الأمانة	عبد المحسن بن حمد العباد البدر	ShamAY	11361	0.46474
		السماع والقياس	أحمد بن إسماعيل بن محمد تيمور (المتوفى: 1348هـ)	ShamAY	685	0.46467
		وسطية الإسلام ودعوته إلى الحوار	أ. د. عبد الرب نواب الدين آل نواب	Sham19Y	1248	0.46463
		موسوعة الإمام الخوئي [ج ٣١]	السيّد محمّد تقي الخوئي	Rafed	1651	0.46458
		 تاريخ گرديزى ( زين الأخبار ) 	 عبد الحي بن الضحاك بن محمود الجرديزي ( گرديزى ) ( تعريب : عفاف السيد زيدان ) 	ABLibrary	8174	0.46454
		إخلاص الوداد في صدق الميعاد - سلسلة لقاء العشر الأواخر بالمسجد الحرام (17)	العلامة مرعي بن يوسف الكرمي المقدسي الحنبلي المتوفى 1033 هـ	ShamAY	32474	0.46452
		المساجد - مفهوم، وفضائل، وأحكام، وحقوق، وآداب في ضوء الكتاب والسنة	د. سعيد بن علي بن وهف القحطاني	ShamAY	1825	0.4645
		أشراط الساعة وذهاب الأخيار وبقاء الأشرار لعبد الملك بن حبيب	عبد الملك بن حَبِيب بن حبيب بن سليمان بن هارون السلمي الإلبيري القرطبي، أبو مروان (المتوفى: 238هـ)	ShamAY	26569	0.46447
		المدونة	مالك بن أنس بن مالك بن عامر الأصبحي المدني (المتوفى: 179هـ)	ShamAY	587	0.46447
		الخوف من العدو أثره وانعكاساته وكيفية التعامل معه في إطار الشريعة الإسلامية	جابر السميري	ShamAY	36639	0.46446
		 الذريعة 	 آقا بزرگ الطهراني 	ABLibrary	853	0.46442
		رياض الصالحين ت الفحل	أبو زكريا محيي الدين يحيى بن شرف النووي (المتوفى: 676هـ)	ShamAY	502	0.46435
		الفصول المهمه في معرفه الائمه (الامام السجاد عليه السلام)	ابن صباغ علي بن محمد	Ghbook	6370	0.4643
		للحقيقة اقول	عبدالله الناصر	Ghbook	10519	0.46429
		 الشامل في الصناعة الطبية 	 ابن النفيس 	ABLibrary	9902	0.46428
		الاشتراك المتعمد في الجناية على النفس بالقتل أو الجرح	عبد الله بن معتق السهلي	ShamAY	12140	0.46426
		التربية الإسلامية للشباب	عبد الرحمن بله علي	ShamAY	10289	0.46426
		العروة الوثقي والتعليقات عليها	موسسه جهاني سبطين عليهما السلام	Ghbook	13061	0.46425
		مسند الفاروق أمير المؤمنين أبي حفص عمر بن الخطاب رضي الله عنه وأقواله على أبواب العلم	أبو الفداء إسماعيل بن عمر بن كثير القرشي البصري ثم الدمشقي (المتوفى: 774 هـ)	ShamAY	32424	0.46421
		خطرة الطيف في رحلة الشتاء والصيف	محمد بن عبد الله بن سعيد السلماني اللوشي الأصل، الغرناطي الأندلسي، أبو عبد الله، الشهير بلسان الدين ابن الخطيب (المتوفى: 776هـ)	ShamAY	474	0.4642
		الشماريخ في علم التاريخ - الدار السلفية	جلال الدين عبد الرحمن بن أبي بكر السيوطي (المتوفى : 911 هـ	ShamAY	33817	0.46415
		الإفهام في شرح عمدة الأحكام (شرح على متن عمدة الأحكام لشيخ الإسلام الإمام عبد الغني المقدسي - رحمه الله - (541 - 600ه))	عبد العزيز بن عبد الله بن باز (المتوفى: 1420ه)	Sham19Y	13282	0.46415
		صفة الإرتباط بين العلماء في القديم	عبد الرحمن المعلمي اليماني	ShamAY	33455	0.46413
		غاية السول إلى علم الأصول [على مذهب الإمام المبجل والحبر المفضل أبي عبد الله أحمد بن محمد بن حنبل الشيباني]	يوسف بن حسن بن أحمد بن حسن ابن عبد الهادي الصالحي، جمال الدين، ابن المِبْرَد الحنبلي (المتوفى: 909هـ)	ShamAY	31957	0.46411
		مَسَائِلُ الإِمَامِ أَبِي عبد اللهِ أَحْمَدَ بْنِ حَنْبَلٍ	أحمد بن حنبل	ShamAY	38134	0.4641
		الغاية القصوى في التعليق على العروة الوثقى - كتاب الإجارة	السيد تقي الطباطبائي القمي	Masaha	5072	0.46405
		الأحاديث القدسية الأربعينية ت عبد العزيز مختار	علي بن (سلطان) محمد، أبو الحسن نور الدين الملا الهروي القاري (المتوفى: 1014ه)	ShamelaY19	37652	0.46402
		 الذريعة 	 آقا بزرگ الطهراني 	ABLibrary	863	0.46399
		عقيدة أهل السنة والجماعة للعثيمين	محمد بن صالح بن محمد العثيمين (المتوفى: 1421هـ)	ShamAY	5143	0.46397
		في رحاب الغدير	آيت الله العظمي حسيني	Ghbook	7955	0.46397
		القطع والائتناف	أبو جعفر أحمد بن محمد بن إسماعيل النحاس	ShamelaY19	20966	0.46396
		محمد بن أبي بكر الصديق حياته وأحواله زمن الفتنة	نضال دويكات	ShamAY	35889	0.46393
		ام البنين ( عليها السلام )	آيت الله العظمي سيد محمد حسيني شيرازي	Ghbook	8048	0.46388
		فتوح مصر والمغرب	ابن عبد الحكم	Rafed	2445	0.46387
		وفاء القرض بين الأداء والإبراء	مضر نزار العاني	ShamAY	36282	0.46386
		المساجد الأثرية في المدينة النبوية	محمد إلياس عبد الغني	ShamAY	38402	0.4638
		من حياه الامام الحسين عليه السلام	آيت الله العظمي سيد محمد حسيني شيرازي	Ghbook	16074	0.4638
		رسائل في آثار المدينة النبوية	غازي بن سالم التمام	ShamAY	38415	0.46379
		عيد الغدير في الاسلام و التتويج و القربات يوم الغدير	عبدالحسين اميني ( علامه اميني )	Ghbook	7678	0.46375
		الحسين ريحانه النبي (صلي الله عليه و آله) بطل الاسلام الخالد	كمال معاش	Ghbook	5920	0.46374
		أشراط الساعة وذهاب الأخيار وبقاء الأشرار لعبد الملك بن حبيب	عبد الملك بن حبيب بن حبيب بن سليمان بن هارون السلمي الإلبيري القرطبي، أبو مروان (المتوفى: 238ه)	ShamelaY19	26569	0.4637
		سيرة السيدة عائشة أم المؤمنين رضي الله عنها	السيد سليمان الندوي الحسيني (المتوفى: 1373هـ)	ShamAY	31810	0.46361
		بقيع الغرقد في دراسة شاملة	محمد أمين الأميني	Masaha	3954	0.46361
		زكاة الخارج من الأرض الحبوب، والثمار، والمعدن، والركاز في ضوء الكتاب والسنة - مفهوم، وشروط، وضوابط، وأحكام، ومسائل	د. سعيد بن علي بن وهف القحطاني	ShamelaY19	96486	0.4636
		تدليس رواة الحديث وأنواعه	عبد الله السعد	ShamAY	37270	0.46356
		السجود علي التربه الحسينيه	عبدالهادي الشريفي	Ghbook	15498	0.46354
		القراءات وأثرها في علوم العربية	محمد محمد محمد سالم محيسن (المتوفى: 1422هـ)	ShamAY	1555	0.46352
		معجم المطبوعات العربية والمعربة	يوسف بن إليان بن موسى سركيس (المتوفى: 1351هـ)	ShamAY	1242	0.46352
		 الدرة البهية في منافع أبدان الإنسانية ( تحفة ابن البيطار في العلاج بالأعشاب والنباتات ) 	 ابن البيطار 	ABLibrary	9891	0.46352
		دراسه في روايات الحسني	نجم الدين طبسي	Ghbook	12898	0.46352
		 العوالم ، الإمام جعفر الصادق ( ع ) 	 الشيخ عبد الله البحراني 	ABLibrary	7617	0.4635
		أبو تمام الطائي وشعره في الغدير	الشيخ عبد الحسين الأميني النجفي	Masaha	39	0.4635
		جزء فيه شروط أمير المؤمنين عمر بن الخطاب رضي الله عنه على النصارى، وفيه حديث واصل الدمشقي ومناظرته لهم رضي الله عنه - سلسلة لقاء العشر الأواخر بالمسجد الحرام (23)	عثمان بن أحمد بن عبيد الله بن يزيد، أبو عمرو الدقاق، ابن السماك (المتوفى: 344 ه)	ShamelaY19	27092	0.46348
		قرائه في كتاب الاجوبه النجفيه في الرد علي الفتاوي الوهابيه	محمد هادي	Ghbook	11214	0.46347
		كتاب الحج من كتب عبد العزيز بن عبد الله بن أبي سلمة الماجشون	أَبُو عَبْدِ اللهِ، وَأَبُو الأَصْبَغِ المَاجَشُوْنُ عَبْدُ العَزِيْزِ بنُ عَبْدِ اللهِ التَّيْمِيُّ ابْنِ أَبِي سَلَمَةَ مَيْمُوْنٍ - وَقِيْلَ: دِيْنَارٍ - التَّيْمِيُّ مَوْلاَهُم، المَدَنِيُّ (المتوفى: 164هـ)	ShamAY	26922	0.46346
		 كتاب الجيم 	 أَبو عمرو الشيبانى الكوفي 	ABLibrary	7941	0.46344
		الحاوي في الطّب [ج ١]	أبي بكر محمّد بن زكريّا الرازي	Rafed	3052	0.46341
		زين الأخبار / تعريب	أبو سعيد عبد الحي بن الضحاك بن محمود جرديزي (المتوفى: 443 هـ)	ShamAY	33839	0.4634
		تسهيل الطرقات في نظم الورقات في أصول الفقه	العمريطي	ShamAY	37471	0.46338
		ثلاثة الأصول وأدلتها - وشروط الصلاة - والقواعد الأربع	محمد بن عبد الوهاب بن سليمان التميمي النجدي (المتوفى: 1206هـ)	ShamAY	239	0.46333
		بلغة الطالب في التعليق على بيع المكاسب	السيد محمد رضا الگلپايگاني	Masaha	5057	0.46327
		المال، اخذا و عطاء و صرفا	آيت الله العظمي سيد محمد حسيني شيرازي	Ghbook	6739	0.46326
		نظرة في مفهوم الإرهاب والموقف منه في الإسلام	عبد الرحمن المطرودي	ShamAY	31209	0.4632
		رَحمةٌ للعَالَمِين مُحَمَّدٌ رَسُولُ اللَّهِ سَيِّدُ النَّاسِ أَجمَعِين نَبيُّ الرَّحمةِ، الرَّحمَةُ المُهدَاةُ خَاتم المرسَلين صَلَّى اللَّهُ عَلَيْهِ وَسَلَّمَ - نَشأتهُ، وَأخلاقه، وَمُعجزاته، وَعُمُوم رِسَالَتِهِ صَلَّى اللَّهُ عَلَيْهِ وَسَلَّمَ في ضوء الكتاب والسُّنَّة	د. سعيد بن على بن وهف القحطاني	ShamAY	1983	0.4632
		اللمع في أسباب ورود الحديث	عبد الرحمن بن أبي بكر، جلال الدين السيوطي (المتوفى: 911هـ)	ShamAY	976	0.46318
		الكبائر لمحمد بن عبد الوهاب (مطبوع ضمن مؤلفات الشيخ محمد بن عبد الوهاب، الجزء الأول)	محمد بن عبد الوهاب بن سليمان التميمي النجدي (المتوفى: 1206ه)	Sham19Y	8531	0.46318
		شعاع من الكعبه	حسن شيرازي	Ghbook	7978	0.46317
		أحكام السواك من السعاية	الإمام محمد عبد الحي اللكنوي (ت1304هـ)	ShamAY	35999	0.46315
		الديمقراطية تأملات وطموحات	مفيدة محمد إبراهيم	ShamAY	33500	0.46311
		معاً نتطور	محمد أحمد الراشد	ShamAY	33344	0.4631
		المصادر	علي رضا بن محمدرضا كراني	Ghbook	10440	0.46309
		اتحاف السائل بمالفاطمه من المناقب و الفضائل	محمد بن محمد واعظ قلقشندي	Ghbook	9200	0.46309
		النبي ومستقبل الدعوة	مروان خليفات	Rafed	1188	0.46305
		عقوق الوالدين: أسبابه - مظاهره - سبل العلاج	محمد بن إبراهيم بن أحمد الحمد	ShamAY	31348	0.46302
		تعليقة أمل الآمل‌	ميرزا عبد الله أفندي الاصفهاني	Masaha	3520	0.46302
		الكافي [ج ٢]	أبو جعفر محمّد بن يعقوب الكليني الرازي	Rafed	825	0.463
		اعرف الشيعه	آيت الله العظمي سيد محمد حسيني شيرازي	Ghbook	8051	0.463
		دار الطراز في عمل الموشحات	أبو القاسم هبة الله بن جعفر بن سناء الملك الكاتب (المتوفى: 608هـ)	ShamAY	23119	0.46296
		رسالة إمام دار الهجرة أبي عبد الله مالك بن أنس إلى هارون الرشيد	مالك بن أنس	ShamAY	34816	0.46296
		إعجاز القرآن في (وَيَعْلَمُ مَا فِي الْأَرْحَامِ)	محمود محمد غريب: من علماء الأزهر الشريف والموجه الديني لشباب جامعة القاهرة	ShamAY	82	0.46294
		اللمع في العربية لابن جني	أبو الفتح عثمان بن جني الموصلي (المتوفى: 392هـ)	ShamAY	6987	0.46292
		دور المربي في الدعوة الفردية	هشام آل عقدة	ShamAY	35100	0.46285
		شرح الحلقة الثّالثة [ج ٢]	الشيخ حسن محمّد فيّاض حسين العاملي	Rafed	787	0.46285
		الرد علي شبهات الوهابيه	غلامرضا كاردان	Ghbook	7553	0.46284
		حول مسائل الحج	السيد محمد رضا الگلپايگاني	Masaha	5077	0.4628
		مسائل نحو مفردة	الواحدي :: العكبري، أبو البقاء	ShamAY	37027	0.46278
		مستعذب الإخبار بأطيب الأخبار	أبو مدين بن أحمد بن محمد بن عبد القادر بن علي الفاسي (المتوفى: بعد 1132هـ)	ShamAY	23675	0.46278
		المتعتان بين النص و الاجتهاد، من كتاب الغدير للشيخ الاميني	طاهر موسوي	Ghbook	4553	0.46278
		مفهوم الفرقة عند العلماء المسلمين	د. مجيد الخليفة	ShamAY	33314	0.46276
		 رسالة توضيح المسائل 	 الشيخ ناصر مكارم الشيرازي 	ABLibrary	9683	0.46276
		 تحصيل المرام في أخبار البيت الحرام 	 محمد بن أحمد المالكي ( الصباغ ) 	ABLibrary	9020	0.46276
		الإعلام في إيضاح ما خفي على الإمام، تعقبات حديثية على الشيخ محمد ناصر الدين الألباني مع نقولات في الرجال لسماحة العلامة عبد العزيز بن عبد الله بن باز	أبو عبد الله، فهد بن عبد الله بن إبراهيم السنيد	Sham19Y	13642	0.46275
		مفتاح الجنة في الاحتجاج بالسنة	عبد الرحمن بن أبي بكر، جلال الدين السيوطي (المتوفى: 911هـ)	ShamAY	4864	0.46271
		تذكر رقابة الله تعالى	أزهري أحمد محمود	ShamelaY19	36383	0.46266
		التكملة والذيل والصلة لكتاب تاج اللغة وصحاح العربية	الحسن بن محمد بن الحسن الصغاني (المتوفى: 650 ه)	Sham19Y	18254	0.46266
		 نهر الذهب في تاريخ حلب 	 الغزي 	ABLibrary	9310	0.46265
		البلدان لليعقوبي	أحمد بن إسحاق (أبي يعقوب) بن جعفر بن وهب بن واضح اليعقوبي (المتوفى: بعد 292هـ)	ShamAY	10808	0.46264
		فتح الأقفال وحل الإشكال بشرح لامية الأفعال المشهور بالشرح الكبير	جمال الدين محمد بن عمر المعروف ببحرق (869 - 930 ه)	ShamelaY19	133416	0.46263
		الأعلاق الخطيرة في ذكر أمراء الشام و الجزيرة	ابن شداد، عز الدين أبو عبد الله محمد بن علي بن إبراهيم الأنصاري الحلبي (المتوفى: 684هـ)	ShamAY	758	0.46262
		الأصل في العقود المالية	أبو حازم الكاتب	ShamAY	36253	0.46261
		تحقيق الإيمان لابن تيمية	تقي الدين أبو العباس أحمد بن عبد الحليم بن تيمية (المتوفى: 728ه)	Sham19Y	264	0.46258
		قصص آل الشيرازي جهاد دائم ... و عطاء مستمر	فلاح حلفي	Ghbook	8017	0.46255
		تذكرة الفقهاء [ج ٨]	الحسن بن يوسف بن علي المطّهر [ العلامة الحلّي ]	Rafed	370	0.46254
		 مجموع بلدان اليمن وقبائلها 	 محمد بن أحمد الحجري اليماني 	ABLibrary	9177	0.46252
		المنتخب من صحيح السنة النبوية (وهو المنهج المقرر للمرحلة الأولى من كلية العلوم الإسلامية - جامعة الأنبار)	الدكتور ماهر ياسين الفحل	Sham19Y	1766	0.46251
		القواعد الفقهيّة [ج ٦]	آية الله السيّد محمّد حسن البجنوردي	Rafed	715	0.4625
		عيون الأثر - الجزء1	ابن سيد الناس	Masaha	2308	0.4625
		اتحاف فضلاء البشر في القراءات الاربعه عشر	شهاب الدين احمد بن محمد بن عبد الغني دمياطي	Ghbook	2772	0.46249
		صوت الضاد الفصيحة التي نزل بها القرآن		ShamAY	36946	0.46247
		استدراكات البعث والنّشور	أبي بكر أحمد بن الحسين البيهقي	Rafed	701	0.46247
		سنن أبي داود ت الأرنؤوط	أبو داود سليمان بن الأشعث بن إسحاق بن بشير بن شداد بن عمرو الأزدي السجستاني (المتوفى: 275ه)	Sham19Y	117359	0.46246
		أخبار مكة وما جاء فيها من الأثار	أبو الوليد محمد بن عبد الله بن أحمد بن محمد بن الوليد بن عقبة بن الأزرق الغساني المكي المعروف بالأزرقي (المتوفى: 250هـ)	ShamAY	9621	0.46244
		 أخبار مكة في قديم الدهر وحديثه 	 محمد بن اسحاق ابن العباس الفاكهي المكي 	ABLibrary	8924	0.46244
		التأليف في التفسير عند المحدثين	عبد الرزاق هرماس	ShamAY	34022	0.46243
		العلمانية - الليبرالية - الديمقراطية - الدولة المدنية في ميزان الإسلام	مجموعة من المؤلفين	ShamAY	461	0.46233
		كتاب العين [ج ٤]	الخليل بن أحمد الفراهيدي	Rafed	2834	0.46231
		استفتائات في الحج والعمره	آيت الله العظمي حسيني	Ghbook	8040	0.46231
		جواب في الحلف بغير الله والصلاة إلى القبور، ويليه: فصل في الاستغاثة	تقي الدين أبو العباس أحمد بن عبد الحليم بن عبد السلام بن عبد الله بن أبي القاسم بن محمد ابن تيمية الحراني الحنبلي الدمشقي (المتوفى: 728ه)	ShamelaY19	21565	0.4623
		هداية العباد ( رساله احكام عربي مرحوم آيت الله سيد محمدرضا گلپايگاني )	آيت الله العظمي سيد محمد رضا گلپايگاني	Ghbook	10189	0.4623
		التصنيف في مصطلح الحديث بين مدرستي الحديث والفقه	أبو ذر عبد القادر بن مصطفى بن عبد الرزاق المحمدي	ShamelaY19	117135	0.46229
		دواء القلوب وسرطان الذنوب التوبة	أزهري أحمد محمود	Sham19Y	36526	0.46229
		مواقف التابعين وأتباعهم في الدعوة إلى الله تعالى	د. سعيد بن علي بن وهف القحطاني	Sham19Y	96529	0.46225
		معجزات النبي - صلى الله عليه وسلم - (من كتاب البداية والنهاية لابن كثير)	أبو الفداء إسماعيل بن عمر بن كثير القرشي البصري ثم الدمشقي (المتوفى: 774ه)	Sham19Y	23678	0.46222
		رسالة في حديث خطبة علي بنت ابي جهل	السيّد علي الحسيني الميلاني	Rafed	220	0.46217
		 لبنان في عهد الأمراء الشهابين 	 حيدر أحمد الشهابي 	ABLibrary	9170	0.46215
		قل هاتوا برهانكم ...	لجنة التاليف	Ghbook	7690	0.46213
		السبيكة الذهبية على المنظومة الرحبية [مطبوع ضمن: رسالتان في علم الفرائض]	فيصل بن عبد العزيز آل مبارك (المتوفى: 1376 ه)	ShamelaY19	29559	0.46212
		المبادىء الإدارية من سورة الإسراء - الكهف - مريم		ShamAY	37009	0.4621
		تكملة معجم المؤلفين، وفيات (1397 - 1415 ه) = (1977 - 1995 م)	محمد خير بن رمضان بن إسماعيل يوسف	ShamelaY19	36031	0.46205
		التعامل مع الإرهاب والعنف والتطرف	عبد المقصود محمد سعيد خوجه	ShamAY	33372	0.46204
		التعاليم الاقتصادية في السنة النبوية	أ.د/ كمال توفيق حطاب	ShamAY	36299	0.46198
		مجاز القرآن	أبو عبيدة معمر بن المثنى التيمى البصري (المتوفى: 209ه)	ShamelaY19	23630	0.46197
		الوجل والتوثق بالعمل لابن أبي الدنيا	أبو بكر عبد الله بن محمد بن عبيد بن سفيان بن قيس البغدادي الأموي القرشي المعروف بابن أبي الدنيا (المتوفى: 281هـ)	ShamAY	13077	0.46195
		الواضح في مشكلات شعر المتنبي	عبد الله بن عبد الرحمن الأصفهاني، أبو القاسم (المتوفى: بعد 380هـ)	ShamAY	779	0.46194
		 أخبار الحلاج أو مناجيات الحلاج 	 حسين بن منصور الحلاج 	ABLibrary	8692	0.46194
		تخريج الأحاديث والآثار الواقعة في تفسير الكشاف للزمخشري	جمال الدين أبو محمد عبد الله بن يوسف بن محمد الزيلعي (المتوفى: 762هـ)	ShamAY	8636	0.46192
		 في رحاب أهل البيت ( ع ) 	 لجنة بحوث المجمع العالمي لأهل البيت ( ع ) 	ABLibrary	8547	0.4619
		تحقيق ضوابط سجود السهو	الواحدي :: وليد السعيدان	ShamAY	36202	0.46188
		 الدعوات ( سلوة الحزين ) 	 قطب الدين الراوندي 	ABLibrary	828	0.46187
		الاعتصام بالكتاب والسنة أصل السعادة في الدنيا والآخرة ونجاة من مضلات الفتن	د. سعيد بن علي بن وهف القحطاني	ShamAY	1805	0.46183
		اتحاف السائل بما لفاطمة من المناقب والفضائل	زين الدين محمد المدعو بعبد الرؤوف بن تاج العارفين بن علي بن زين العابدين الحدادي ثم المناوي القاهري (المتوفى: 1031هـ)	ShamAY	12731	0.46183
		رسالة في المتعتين	السيّد علي الحسيني الميلاني	Rafed	219	0.46181
		الفقه:الادارة	آيت الله العظمي سيد محمد حسيني شيرازي	Ghbook	10113	0.46181
		منهج الإمام تاج الدين السبكي في أصول الفقه	أحمد إبراهيم حسن الحسنات	Sham19Y	35356	0.4618
		نفحات الأزهار في خلاصة عبقات الأنوار [ج ٢]	السيّد علي الحسيني الميلاني	Rafed	427	0.4618
		تخريج الأحاديث والآثار الواقعة في تفسير الكشاف للزمخشري	جمال الدين أبو محمد عبد الله بن يوسف بن محمد الزيلعي (المتوفى: 762ه)	Sham19Y	8636	0.46178
		مسائل الإمام ابن باز رحمه الله تعالى	عبد العزيز بن عبد الله بن باز (المتوفى: 1420هـ)	ShamAY	32014	0.46174
		 في رحاب أهل البيت ( ع ) 	 لجنة بحوث المجمع العالمي لأهل البيت ( ع ) 	ABLibrary	8538	0.46174
		غاية المرام وحجّة الخصام [ج ٦]	السيّد هاشم البحراني الموسوي التوبلي	Rafed	3611	0.46169
		معجزات النبي - صلى الله عليه وسلم - (من كتاب البداية والنهاية لابن كثير)	أبو الفداء إسماعيل بن عمر بن كثير القرشي البصري ثم الدمشقي (المتوفى: 774هـ)	ShamAY	23678	0.46167
		 موسوعة الإمام العسكري ( ع ) 	 الشيخ أبو القاسم الخزعلي 	ABLibrary	7848	0.46166
		ديوان عروة بن أذينة	عروة بن يحيى بن مالك بن الحارث الليثي ( 130 هـ / 747 م )	ShamAY	37958	0.46163
		الوصائل إلى الرسائل [ج ٥]	آية الله السيد محمد الشيرازي	Rafed	3734	0.46162
		مسند الإمام الصادق أبي عبد الله جعفر بن محمد(ع) - الجزء1	عزيز الله عطاردي‏	Masaha	2448	0.46161
		العلمانية - الليبرالية - الديمقراطية - الدولة المدنية في ميزان الإسلام	مجموعة من المؤلفين	ShamelaY19	37426	0.46158
		 المسائل الشرعية 	 السيد موسى الحسيني الزنجاني 	ABLibrary	9634	0.46158
		كتاب كسر الصنم	آية الله البرقعي رحمه الله	ShamAY	35312	0.46153
		رحمة للعالمين محمد رسول الله سيد الناس أجمعين نبي الرحمة، الرحمة المهداة خاتم المرسلين صلى الله عليه وسلم - نشأته، وأخلاقه، ومعجزاته، وعموم رسالته صلى الله عليه وسلم في ضوء الكتاب والسنة	د. سعيد بن على بن وهف القحطاني	Sham19Y	96721	0.46151
		 الشامل في الصناعة الطبية 	 ابن النفيس 	ABLibrary	9908	0.46151
		الدراية في تخريج أحاديث الهداية	أبو الفضل أحمد بن علي بن محمد بن أحمد بن حجر العسقلاني (المتوفى : 852هـ)	ShamAY	5908	0.46149
		الإماء الشواعر	علي بن الحسين بن محمد بن أحمد بن الهيثم المرواني الأموي القرشي، أبو الفرج الأصبهاني (المتوفى: 356هـ)	ShamAY	9221	0.46143
		المحكم في نقط المصاحف	عثمان بن سعيد بن عثمان بن عمر أبو عمرو الداني (المتوفى: 444هـ)	ShamAY	5552	0.46141
		 الشامل في الصناعة الطبية 	 ابن النفيس 	ABLibrary	9913	0.46141
		كيف تقرأ القرآن الكريم برواية الإمام قالون عن نافع المدني	المختار المشري المقروش	ShamAY	1494	0.4614
		إحكام الأحكام في تجويد القرآن	سيد جمعة سلام	ShamAY	36789	0.46133
		البشائر المأمولة فى آداب العمرة المقبولة	أحمد شحاتة السكندري	ShamAY	36721	0.46133
		أسس علم اللغة	أحمد مختار عمر	ShamAY	11422	0.46132
		تاريخ الإسلام ووفيات المشاهير والأعلام [ج ٣٥]	شمس الدين محمّد بن أحمد بن عثمان الذّهبي	Rafed	3580	0.4613
		أخبار الشيخ الزاهد عبد الكريم الدرويش	عبد الرحمن الهرفي	ShamAY	35883	0.46126
		تاريخ عجائب الآثار في التراجم والأخبار	عبد الرحمن بن حسن الجبرتي المؤرخ (المتوفى: 1237ه)	Sham19Y	11998	0.46124
		منهج الإمام تاج الدين السبكي في أصول الفقه	أحمد إبراهيم حسن الحسنات	ShamAY	511	0.46121
		 الشامل في الصناعة الطبية 	 ابن النفيس 	ABLibrary	9922	0.46115
		إتحاف الجماعة بما جاء في الفتن والملاحم وأشراط الساعة	حمود بن عبد الله بن حمود بن عبد الرحمن التويجري (المتوفى: 1413هـ)	ShamAY	8573	0.46114
		سنن أبي داود ت الأرنؤوط	أبو داود سليمان بن الأشعث بن إسحاق بن بشير بن شداد بن عمرو الأزدي السِّجِسْتاني (المتوفى: 275هـ)	ShamAY	31661	0.46112
		التذكره باصول الفقه 	محمد بن  محمد بن نعمان شيخ مفيد	Ghbook	2416	0.46109
		الجزء فيه حديث الحافظ ابن ديزيل	إبراهيم بن الحسين بن علي الهمداني الكسائي المعروف بابن ديزيل (281 هـ)	ShamAY	1356	0.46106
		البهائية	طلعت زهران	ShamAY	33287	0.461
		أصول الإيمان (مطبوع ضمن مؤلفات الشيخ محمد بن عبد الوهاب، الجزء الأول)	محمد بن عبد الوهاب بن سليمان التميمي النجدي (المتوفى: 1206ه)	Sham19Y	7504	0.461
		تخريج أحاديث أصول البزدوي	لقاسم بن قطلوبغا الحنفي (ت879هـ)	ShamAY	33075	0.46097
		تاريخ الإسلام ووفيات المشاهير والأعلام	شمس الدين أبو عبد الله محمد بن أحمد بن عثمان بن قايماز الذهبي (المتوفى: 748ه)	ShamelaY19	35100	0.46096
		حاشيه علي رساله في التقيه	ملا عبد اللّٰه بن محمد حسن مامقاني	Ghbook	11257	0.46094
		عيون الأثر في فنون المغازي والشمائل والسير	محمد بن محمد بن محمد بن أحمد، ابن سيد الناس، اليعمري الربعي، أبو الفتح، فتح الدين (المتوفى: 734ه)	ShamelaY19	23653	0.46086
		كيف دخل التتر بلاد المسلمين	سليمان بن حمد بن عبد الله العودة	ShamAY	11359	0.46084
		تهذيب اللغة [ج ١١]	محمّد بن أحمد الأزهري	Rafed	1962	0.46081
		بهجة الناظرين إلى تراجم المتأخرين من الشافعية البارعين	رضي الدين أبو البركات محمد بن أحمد بن عبد الله الغزي العامري الشافعي (المتوفى: 864 ه)	Sham19Y	20578	0.46079
		الإشارات في علم العبارات	خليل بن شاهين الظاهري، غرس الدين (المتوفى: 873هـ)	ShamAY	9968	0.46078
		الأربعون الودعانية الموضوعة	محمد بن علي بن عبيد الله بن أحمد بن صالح بن سليمان بن ودعان الموصلي، أبو نصر (المتوفى: 494هـ)	ShamAY	30584	0.46078
		أثمر زرعي شوكًا (قصة)	محمد بن عصبي الغامدي	ShamAY	34563	0.46077
		 معجزات النبي ص 	 ابن كثير 	ABLibrary	8619	0.46074
		صحيفة الرضا	منسوب للإمام الرضا(ع)	Masaha	1003	0.4607
		بحث في إجابة الدعوة	إبراهيم بن علي بن عبيد العبيد	ShamAY	9047	0.46068
		فضل الجلد عند فقد الولد للسيوطي	السيوطي	ShamAY	34817	0.46067
		 الرسالة الثانية لأبي دلف 	 أبو دلف مسعر الخزرجي 	ABLibrary	9113	0.46062
		عناية الرسول صلى الله عليه وسلم بالمرأة والطفل	محمد مسعد ياقوت	ShamAY	34856	0.4606
		أبو الفرج الجريري، المعافى بن زكريا (ت390هـ)، وآراؤه النحوية والصرفية في كتابه (الجليس الصالح)	محمد إبراهيم حسنين عبد الفتاح	ShamAY	37102	0.46059
		اتحاف البررة بما سكت عنه نشر العشرة المسمى بـ «تحرير النشر»	مصطفى بن عبد الرحمن بن محمد الإزميري (المتوفى: 1156هـ)	ShamAY	31692	0.46058
		ضوابط تحديد الثمن في البيع بالتقسيط دراسة فقهية مقارنة	رمضان عبد المعطي	ShamAY	36662	0.46056
		صوب الغمامة في إرسال طرف العمامة	كمال الدين محمد بن أبي شريف القدسي المتوفى سنة 905 هـ	ShamAY	36193	0.46055
		الذّريعة إلى تصانيف الشّيعة [ج ٢١]	الشيخ آقا بزرك الطهراني	Rafed	496	0.46055
		صلاة الجماعة - مفهوم، وفضائل، وأحكام، وفوائد، وآداب في ضوء الكتاب والسنة	د. سعيد بن علي بن وهف القحطاني	ShamelaY19	96501	0.46048
		ديوان مجنون ليلى	مجنون ليلى، قيس بن الملوح	ShamAY	37853	0.4604
		دراسه واعيه لقضيه الغدير	محمد مهدي شمس الدين	Ghbook	10650	0.46036
		 مسند الإمام الصادق ( ع ) 	 الشيخ عزيز الله عطاردي 	ABLibrary	7714	0.46028
		ديوان أبي الفضل الميكالي	أبو الفضل الميكالي	ShamAY	37817	0.46027
		مجلس في ختم كتاب الشفا بتعريف حقوق المصطفى صلى الله عليه وسلم	محمد بن عبد الله (أبي بكر) بن محمد ابن أحمد بن مجاهد القيسي الدمشقي الشافعي، شمس الدين، الشهير بابن ناصر الدين (المتوفى: 842هـ)	ShamAY	27088	0.46026
		زيارة الأماكن الأثرية وحكمها في الإسلام	سليمان بن صالح الجربوع	ShamAY	36349	0.46021
		القول المعتبر : في مولد الإمام موسي بن جعفر عليهماالسلام	محمد باقر بن مرتضي موحد ابطحي اصفهاني	Ghbook	11399	0.4602
		مباني تكملة المنهاج	آيت الله العظمي سيد ابوالقاسم خوئي	Ghbook	10205	0.46017
		ذيل تأريخ مدينة السلام [ج ١]	أبي عبد الله محمّد بن سعيد بن الدبيثي	Rafed	2307	0.46015
		 مسند الإمام الصادق ( ع ) 	 الشيخ عزيز الله عطاردي 	ABLibrary	7719	0.46014
		طلوع سعد السّعود [ج ١]	الآغا بن عودة المزاري	Rafed	2391	0.46013
		بيوت الصحابة حول المسجد النبوي	محمد إلياس عبد الغني	ShamAY	38407	0.46011
		الابتلاء وكيف تستفيد منه الدعوات	مجدي الهلالي	Sham19Y	36394	0.46011
		ابن تيميه و امامه علي ( عليه السلام )	آيت الله علي حسيني ميلاني	Ghbook	4530	0.4601
		من معطيات التضحيه الحسينيه	آيت الله العظمي حسيني	Ghbook	7999	0.46008
		نظرات الي المرجعية	علي كوراني	Ghbook	15121	0.46008
		المهديه بنظره جديده	سيد جعفرمرتضي حسيني عاملي	Ghbook	6637	0.46005
		شرح متن الرحبية	الواحدي :: عطية سالم	ShamAY	36351	0.46004
		التذكير ببعض أحكام العمامة	خالد الغرباني	ShamAY	36669	0.46002
		النبي صلي الله عليه وآله وسلم ومستقبل الدعوه	فارس الحسون	Ghbook	5285	0.46002
		السعادة	-	ShamAY	1912	0.46
		ذم اتباع الهوى	الواحدي :: ابن جبرين	ShamAY	34990	0.45999
		طبّ الأئمة عليهم السلام	أبي عتاب عبد الله بن سابور الزيات	Rafed	1749	0.45993
		 الشامل في الصناعة الطبية 	 ابن النفيس 	ABLibrary	9903	0.45988
		المسائل المنتخبه : العبادات و المعاملات	آيت الله العظمي سيد علي حسيني سيستاني	Ghbook	9595	0.45985
		عُجالةُ الرّاغِب المُتَمَنِّي في تخريج كِتابِ «عَمَلِ اليَوم وَالليلة» لابن السُّنِّي	أبو أسامة، سليم بن عيد الهلالي	ShamAY	31749	0.45984
		النفي و التغريب في مصادر التشريع الاسلامي	نجم الدين طبسي	Ghbook	9546	0.45984
		 إيصال الطالب إلى المكاسب 	 السيد محمد الحسيني الشيرازي 	ABLibrary	9482	0.45983
		طبقات الشافعيين	أبو الفداء إسماعيل بن عمر بن كثير القرشي البصري ثم الدمشقي (المتوفى: 774هـ)	ShamAY	12860	0.45982
		أسماء وألقاب أمير المؤمنين علي بن أبي طالب عليه السلام	علي أصغر شكوهي قوچاني	Rafed	2434	0.45978
		رساله الحقوق	جمعي از راويان	Ghbook	4621	0.45976
		فن المقال الصحفي في أدب طه حسين	د. عبد العزيز شرف	ShamAY	10003	0.45974
		القطع والائتناف	أبو جعفر أحمد بن محمد بن إسماعيل النَّحَّاس	ShamAY	38962	0.45973
		 موسوعة تاريخ العراق بين احتلالين 	 عباس العزاوي المحامي 	ABLibrary	9259	0.45971
		الكلام الجليل فيما يتعلق بالمنديل	الإمام محمد عبد الحي اللكنوي (ت1304هـ)	ShamAY	36011	0.4597
		تعويض الاسانيد في علم الرجال : حجيته ، تطبيقاته و الاشكالات الوارده عليه	مصطفي الامامي الاهوازي	Ghbook	16321	0.4597
		الرأي العام في المجتمع الإسلامي	إبراهيم زيد الكيلاني	ShamAY	10378	0.45968
		المسكرات من الناحية النفسية	ملك غلام مرتضى	ShamAY	8930	0.45967
		المسائل المنتخبه	آيت الله العظمي سيد محمد صادق روحاني	Ghbook	10165	0.45967
		البدع والمخالفات في الحج	عبد المحسن بن محمد السميح - خالد بن عيسى العسيري - يوسف بن عبد الله الحاطي	ShamelaY19	30915	0.45964
		الشفاعه في المنظور القرآني	نهله غروي نائيني	Ghbook	7563	0.45964
		شرح التصريف للثمانيني	أبو القاسم عمر بن ثابت الثمانيني (المتوفى: 442ه)	Sham19Y	124334	0.45962
		رسالة فيمن يدعي أن من ذرية العباس بن عبد المطلب رضي الله عنه حمزة الخلف	إبراهيم بن محمد بن محمود بن بدر، برهان الدين، أبو إسحاق الحلبي القبيباتي الشافعيّ الناجي (المتوفى: 900هـ)	ShamAY	27090	0.45961
		التسويف في نشر الرسالة الجامعية، والتدقيق المبالغ فيه في البحوث والتآليف، والتريث في إخراجها مع وجود الحاجة إليه	إبراهيم بن عبد الله المديهش	ShamelaY19	145422	0.45961
		الحواشي على درة الغواص (مطبوع ضمن «درة الغواص وشرحها وحواشيها وتكملتها»)	ابن بري وابن ظفر	ShamelaY19	29601	0.45961
		 الشامل في الصناعة الطبية 	 ابن النفيس 	ABLibrary	9899	0.45958
		معجم قبائل المملكة العربية السعودية	حمد بن محمد الجاسر (المتوفى: 1421ه)	ShamelaY19	26574	0.45956
		الأحاديث القدسية الأربعينية ت الحويني	علي بن (سلطان) محمد، أبو الحسن نور الدين الملا الهروي القاري (المتوفى: 1014ه)	ShamelaY19	19482	0.45956
		التصنيف في مصطلح الحديث بين مدرستي الحديث والفقه	أبو ذر عبد القادر بن مصطفى بن عبد الرزاق المحمدي	ShamAY	31659	0.45952
		زبدة الحلب في تاريخ حلب	عمر بن أحمد بن هبة الله بن أبي جرادة العقيلي، كمال الدين ابن العديم (المتوفى: 660هـ)	ShamAY	9872	0.45948
		فتوح البلدان - القاهرة	البلاذري	ShamAY	33821	0.45948
		شرح متن البناء	أبو عبد الله، أحمد بن عمر بن مساعد الحازمي	ShamAY	837	0.45945
		الامام الحسين عليه السلام شرعيه الثوره علي الشرعيه المزيفه	مختار اسدي	Ghbook	5907	0.45941
		 كتاب القضاء والقدر 	 أحمد بن الحسين البيهقي 	ABLibrary	8572	0.4594
		صدقة التطوع في الإسلام - مفهوم, وفضائل، وآداب، وأنواع في ضوء الكتاب والسنة	د. سعيد بن علي بن وهف القحطاني	ShamelaY19	96498	0.45939
		العقد الثّمين في تاريخ البلد الأمين [ج ٣]	تقي الدين محمّد بن أحمد الحسني الفاسي المكّي	Rafed	2217	0.45939
		وسائل الشيعة [ج ٧]	محمد بن الحسن الحرّ العاملي [ العلامة الشيخ حرّ العاملي ]	Rafed	296	0.45936
		الحياه السياسيه للامام الجواد عليه السلام 	سيد جعفرمرتضي حسيني عاملي	Ghbook	6492	0.45936
		رساله في الوصايا	مرتضي انصاري (اعظم انصاري)	Ghbook	11682	0.45934
		شرح سنن ابن ماجه - الإعلام بسنته عليه السلام	مغلطاي بن قليج بن عبد الله البكجري المصري الحكري الحنفي، أبو عبد الله، علاء الدين (المتوفى: 762هـ)	ShamAY	8544	0.4593
		شرح التصريف للثمانيني	أبو القاسم عمر بن ثابت الثمانيني (المتوفى: 442ه)	ShamelaY19	124334	0.4593
		الإسلام ومواجهة المذاهب الهدامة	محمد البهي (المتوفى: 1402هـ)	ShamAY	31646	0.45928
		الرّوض الباسم في تراجم شيوخ الحاكم	أبو الطيب نايف بن صلاح بن علي المنصوري	ShamAY	32174	0.45928
		ديوان محمد بن حازم الباهلي	محمد بن حازم بن عمرو الباهلي بالولاء أبو جعفر المتوفى سنة 830 م	ShamAY	37856	0.45927
		المفطرات الطبية المعاصرة (دراسة فقهية طبية مقارنة)	عبد الرزاق بن عبد الله صالح بن غالب الكندي	ShamAY	32562	0.45921
		جزء حديثي في أحاديث حذيفة في الفتن	عبد الباسط بن يوسف الغريب	ShamAY	33050	0.45919
		سجود التلاوة وأحكامه	د صالح بن عبد الله اللاحم	ShamelaY19	36537	0.45918
		استفتائات حول الصوم	آيت الله العظمي سيد محمد حسيني شيرازي	Ghbook	7878	0.45918
		القبض ، بين البدعه و السنه	آيت الله العظمي جعفر سبحاني	Ghbook	5052	0.45917
		الامامه و التبصره من الحيره	محمد بن علي بن بابويه شيخ صدوق	Ghbook	9985	0.45914
		الإستبصار [ج ٢]	أبي جعفر محمّد بن الحسن بن علي بن الحسن الطّوسي [ شيخ الطائفة ]	Rafed	1307	0.45906
		حديث التسبيح وفوائده النفيسة وعد التسبيح بالمسبحة للشيخ فريح	فريح بن صالح البهلال	ShamAY	33213	0.45905
		إتحاف ذوي المروة والإنافة بما جاء في الصدقة والضيافة	شهاب الدين أحمد بن محمد، ابن حجر الهيتمي (المتوفى: 974 هـ)	ShamAY	12570	0.45904
		صلاة الجمعة - مفهوم، وشروط، وفضائل، وخصائص، وآداب، وأحكام في ضوء الكتاب والسنة	د. سعيد بن علي بن وهف القحطاني	ShamelaY19	96502	0.45904
		التبرك	سيد جعفرمرتضي حسيني عاملي	Ghbook	7503	0.45902
		أسباب المغفرة	عبد الرحمن بن أحمد بن رجب الحنبلي (المتوفى: 795هـ)	ShamAY	200	0.45901
		التبيان في تفسير غريب القرآن	أحمد بن محمد بن عماد الدين بن علي، أبو العباس، شهاب الدين، ابن الهائم (المتوفى: 815ه)	Sham19Y	23598	0.45899
		 كناش في الطب 	 يعقوب الكشكري 	ABLibrary	9843	0.45896
		معجم مقاييس اللغة	أحمد بن فارس بن زكرياء القزويني الرازي، أبو الحسين (المتوفى: 395ه)	ShamelaY19	21710	0.45895
		 مسالك الأبصار في ممالك الأمصار 	 أحمد بن يحيى العمري 	ABLibrary	9195	0.45894
		اوحديه العطاء والتضحيه الحسينيه	آيت الله العظمي حسيني	Ghbook	8046	0.45894
		كتاب الجيم	ابوعمرو اسحاق بن مرار شيباني	Ghbook	16223	0.45892
		بحوث في المصطلح للفحل	الدكتور ماهر ياسين الفحل	ShamAY	1768	0.4589
		شرح الحلقة الثالثة - الجزء1	الشيخ حسن الفياض العاملي	Masaha	3985	0.45889
		التحديات التي تواجه اللغة العربية ودور القرآن الكريم في التصدي لها	رياض محمود قاسم	ShamAY	33432	0.45888
		المفهوم الصحيح للتوسل	حماد بن محمد الأنصاري الخزرجي السعدي (المتوفى: 1418هـ)	ShamAY	8946	0.45887
		شرح التعريف بضروري التصريف	ابن إيّاز (المتوفى: 681 هـ)	ShamAY	38987	0.45886
		أخبار النعمان بن بشير الأنصاري - رضي الله عنه - من روايات أبي الفرج الأصفهاني [في ميزان النقد العلمي]	محمد علي كاتبي	ShamAY	35852	0.45886
		مباني تكملة المنهاج	السيد أبو القاسم الموسوي الخوئي	Masaha	758	0.45885
		تاريخ الإسلام ووفيات المشاهير والأعلام	شمس الدين أبو عبد الله محمد بن أحمد بن عثمان بن قايماز الذهبي (المتوفى: 748ه)	Sham19Y	35100	0.45884
		استنطاق آية الغار و إشكالية التنصيص الحديثي بين التثنية و التثليث	نبيل الحسني	Ghbook	15730	0.45884
		المسح علي الخفين	آيت الله العظمي جعفر سبحاني	Ghbook	5055	0.45883
		تذكرة الفقهاء [ج ٥]	الحسن بن يوسف بن علي المطّهر [ العلامة الحلّي ]	Rafed	363	0.45882
		تسهيل الفرائض	محمد بن صالح بن محمد العثيمين (المتوفى: 1421ه)	Sham19Y	11095	0.4588
		المهدي (عجل الله تعالي فرجه الشريف) في القرآن	آيت الله العظمي حسيني	Ghbook	6634	0.4588
		تاريخ الإسلام وَوَفيات المشاهير وَالأعلام	شمس الدين أبو عبد الله محمد بن أحمد بن عثمان بن قَايْماز الذهبي (المتوفى: 748هـ)	ShamAY	223	0.45879
		 العوالم ، الإمام علي بن أبي طالب ( ع ) 	 الشيخ عبد الله البحراني 	ABLibrary	7610	0.45877
		معجم اللغة العربية المعاصرة	د أحمد مختار عبد الحميد عمر (المتوفى: 1424ه) بمساعدة فريق عمل	ShamelaY19	29511	0.45872
		الطريق إلى الامتياز	إبراهيم الفقي	ShamelaY19	21569	0.45872
		التبرك	علي احمدي ميانجي	Ghbook	3346	0.45869
		هل افتدانا المسيح على الصليب؟	منقذ بن محمود السقار	ShamelaY19	38188	0.45868
		تفصيل الشريعة في شرح تحريرالوسيلة : الاجارة	محمد فاضل لنكراني	Ghbook	9827	0.45867
		النجاة النجاة يا عباد الله	جابر بن موسى بن عبد القادر بن جابر أبو بكر الجزائري	ShamAY	8578	0.45863
		السبيكة الذهبية على المنظومة الرحبية [مطبوع ضمن: رسالتان في علم الفرائض]	فيصل بن عبد العزيز آل مبارك (المتوفى: 1376 هـ)	ShamAY	38902	0.45862
		استفتائات في الشعائر الحسينيه المقدسه	آيت الله العظمي حسيني	Ghbook	7964	0.45862
		المرشد إلى قواعد اللغة العربيّة [ج ٢]	خالدية محمود البيّاع	Rafed	1933	0.4586
		 الكوثر في أحوال فاطمة بنت النبي الأعظم ( ع ) 	 السيد محمد باقر الموسوي 	ABLibrary	7688	0.45859
		بحوث في علم الأصول [ج ٥]	آية الله السيّد محمّد باقر الصدر	Rafed	3922	0.45856
		 الدروس ( شرح الحلقة الثانية ) 	 تقرير بحث السيد كمال الحيدري لعلاء السالم 	ABLibrary	988	0.45855
		تفسير سورة الكوثر	سيد جعفرمرتضي حسيني عاملي	Ghbook	9978	0.45853
		بيع المرابحة للآمر بالشراء	الدكتور عبد العظيم أبو زيد	ShamAY	36258	0.45848
		قصص وأخبار جرت في عمان‏	أبو سليمان محمد بن عامر المعولي الأفوي	Masaha	4432	0.45848
		 الضوء اللامع لأهل القرن التاسع 	 شمس الدين السخاوي 	ABLibrary	954	0.45847
		النظام العائلى ودور الأسرة في البناء الاجتماعي الاسلامى	الدكتور زهير الاعرجي	Rafed	269	0.45846
		اتحاف البررة بما سكت عنه نشر العشرة المسمى ب «تحرير النشر»	مصطفى بن عبد الرحمن بن محمد الإزميري (المتوفى: 1156ه)	ShamelaY19	122170	0.45843
		الكبائر لمحمد بن عبد الوهاب (مطبوع ضمن مؤلفات الشيخ محمد بن عبد الوهاب، الجزء الأول)	محمد بن عبد الوهاب بن سليمان التميمي النجدي (المتوفى: 1206هـ)	ShamAY	8531	0.45842
		رمي الجمرات في ضوء الكتاب والسنة وآثار الصحابة رضي الله عنهم - مفهوم، وفوائد، وشروط، وآداب، ومسائل، وحكم، وأحكام	د. سعيد بن علي بن وهف القحطاني	Sham19Y	96484	0.45842
		الامام الحسين ( عليه السلام ) اقام الدين	آيت الله العظمي حسيني	Ghbook	7958	0.45842
		ابن سبأ حقيقة لا خيال	سعدي بن مهدي الهاشمي	Sham19Y	12163	0.4584
		مقدمات في علم مختلف الحديث	علي العويشز	ShamAY	37291	0.45838
		صلاة المريض - مفهوم، وفضائل، وآداب، وكيفية، وأحكام في ضوء الكتاب والسنة	د. سعيد بن علي بن وهف القحطاني	ShamelaY19	96506	0.45837
		أحكام التيمم دراسة فقهية مقارنة	رائد بن حمدان بن حميد الحازمي	ShamAY	31693	0.45836
		 نظام المضاربة في الشريعة الإسلامية الغراء 	 الشيخ السبحاني 	ABLibrary	9603	0.45836
		موسوعة الإمام الهادي(ع) - الجزء1	يوسف بن إسماعيل النبهاني‏	Masaha	3121	0.45833
		فضائل الخمسة من الصحّاح الستّة [ج ٣]	السيد مرتضى الفيروزآبادي	Rafed	1347	0.45831
		سيد العبيد جون بن حوي	الشيخ ماجد بن احمد العطيه	Ghbook	12338	0.4583
		القواعد والإشارات في أصول القراءات	أحمد بن عمر بن محمد بن أبي الرضا، الحموي الحلبي (المتوفى: 791هـ)	ShamAY	9597	0.45825
		التخصيص بالمفهوم دراسة وتطبيقاً	محمد بن عبد العزيز المبارك	ShamAY	37513	0.45814
		الدين في الاصطلاح الإسلامي	-	ShamAY	1907	0.45813
		سنة الترك ودلالتها على الأحكام الشرعية	محمد بن حسين بن حسن الجيزاني	ShamAY	32102	0.45813
		رسالة في المتعتين	السيد علي الحسيني الميلاني	Masaha	284	0.45813
		الإعلام في إيضاح ما خفي على الإمام، تعقبات حديثية على الشيخ محمد ناصر الدين الألباني مع نقولات في الرجال لسماحة العلامة عبد العزيز بن عبد الله بن باز	أبو عبد الله، فهد بن عبد الله بن إبراهيم السنيد	ShamAY	31779	0.45809
		لباب النقول في أسباب النزول	عبد الرحمن بن أبي بكر، جلال الدين السيوطي (المتوفى: 911هـ)	ShamAY	2247	0.45809
		سجود التلاوة وأحكامه	د صالح بن عبد الله اللاحم	ShamAY	337	0.45807
		ابن سبأ حقيقة لا خيال	سعدي بن مهدي الهاشمي	ShamAY	12163	0.45807
		ورد الصباح والمساء من الكتاب والسنة	د. سعيد بن على بن وهف القحطاني	Sham19Y	96450	0.45806
		حوار وأسرار .. مع الملوك والرؤساء	أحمد الشقيري	ShamAY	37692	0.45805
		التتار من البداية إلى عين جالوت	راغب السرجاني	ShamelaY19	37376	0.45805
		أثر اختلاف الأسانيد والمتون في اختلاف الفقهاء	ماهر ياسين فحل الهيتي	ShamAY	31840	0.45804
		علي خاصف النعل النبي صلوات الله عليهما	الشيخ ماجد بن احمد العطيه	Ghbook	12281	0.45801
		معلمو المسجد النبوي الشريف	د. عمر بن حسن فلاته - أ. عبد الوهاب بن محمد زمان - أ. د. عدنان درويش جلون	ShamAY	38503	0.458
		 كتاب الجيم 	 أَبو عمرو الشيبانى الكوفي 	ABLibrary	7939	0.458
		الرجعة بين الظهور و المعاد	محمد السند	Ghbook	15165	0.458
		النقد اللغوي في تهذيب اللغة للأزهري	حمدي بدران	ShamAY	34473	0.45799
		 دراساتنا من الفقه الجعفري 	 تقرير بحث السيد تقي الطباطبائي للمروجي 	ABLibrary	9704	0.45797
		طريقتنا في المحاورات العلميه	جعفر سيدان	Ghbook	11625	0.45796
		الناسخ والمنسوخ في القرآن العزيز وما فيه من الفرائض والسنن	أبو عبيد القاسم بن سلام بن عبد الله الهروي البغدادي (المتوفى: 224ه)	ShamelaY19	37834	0.45791
		إحسان إلهي ظهير	محمد بن إبراهيم الشيباني	ShamAY	35882	0.45786
		تجريد المنطق	الطوسي، نصير الدين	ShamAY	35935	0.45783
		قطيعة الرحم: المظاهر - الأسباب - سبل العلاج	محمد بن إبراهيم الحمد	ShamAY	31349	0.45783
		حكمة الإشراق إلى كتاب الآفاق (بذيله: تتمة في نقد الآثار المرفوعة عن الخط والكتابة.)	محمّد بن محمّد بن عبد الرزّاق الحسيني، أبو الفيض، الملقّب بمرتضى، الزَّبيدي (المتوفى: 1205هـ)	ShamAY	1560	0.4578
		تزويج امّ كلثوم من عمر	السيّد علي الحسيني الميلاني	Rafed	211	0.45777
		الورقات	عبد الملك بن عبد الله بن يوسف بن محمد الجويني، أبو المعالي، ركن الدين، الملقب بإمام الحرمين (المتوفى: 478هـ)	ShamAY	6297	0.45776
		شقق التمليك أحكام وضوابط	صالح الشمراني	ShamAY	36661	0.45774
		الإلمام بمعنى قول الفقهاء الأعلام: من نوى الإقامة فوق أربع لزمه الإتمام	عبد الرحمن بن فهد الدوسري	ShamAY	36419	0.45774
		 الذريعة 	 آقا بزرگ الطهراني 	ABLibrary	855	0.45774
		اختيارات شيخ الإسلام ابن تيمية (طبع في مجلد يجمع 3 كتب من اختيارات شيخ الإسلام - سلسلة آثار شيخ الإسلام ابن تيمية وما لحقها من أعمال «11»)	ابن عبد الهادي (ت: 744)	ShamelaY19	147673	0.45773
		التثبت في الشريعة الإسلامية وموقف أبي الحسن منه	ربيع بن هادي المدخلي	ShamAY	33039	0.45772
		غاية المرام في تخريج أحاديث الحلال والحرام	محمد ناصر الدين الألباني (المتوفى: 1420هـ)	ShamAY	682	0.45771
		داء النفوس وسموم القلوب المعاصي	أزهري أحمد محمود	Sham19Y	36366	0.45771
		خاتمة مستدرك الوسائل [ج ٧]	الشيخ حسين النوري الطبرسي [ المحدّث النوري ]	Rafed	1470	0.4577
		إحقاق الحقّ وإزهاق الباطل [ج ٢٢]	آية الله السيّد شهاب الدين الحسيني المرعشي النجفي	Rafed	2763	0.45768
		اصول استنباط العقائد و نظريه الاعتبار	محمد السند	Ghbook	8410	0.45766
		الغفلة - مفهومها، وخطرها، وعلاماتها، وأسبابها، وعلاجها	د. سعيد بن علي بن وهف القحطاني	ShamAY	1821	0.45764
		الائمه من قريش من بني هاشم	خليفه عبيد كلباني عماني	Ghbook	7521	0.45763
		الفرج بعد الشدة لابن أبي الدنيا	أبو بكر عبد الله بن محمد بن عبيد بن سفيان بن قيس البغدادي الأموي القرشي المعروف بابن أبي الدنيا (المتوفى: 281هـ)	ShamAY	9307	0.45762
		مراصد الإطّلاع على أسماء الأمكنة والبقاع	٨ صفحة	Rafed	2639	0.45761
		كشف المعانى فى المتشابه من المثانى	أبو عبد الله، محمد بن إبراهيم بن سعد الله بن جماعة الكناني الحموي الشافعي، بدر الدين (المتوفى: 733هـ)	ShamAY	1403	0.4576
		حوار في الاعتكاف مَعَ سَمَاحَةِ الشَّيْخِ العَلاَّمَةِ عَبْدِ اللَّهِ بنِ عَبْدِ الرَّحْمَنِ بنِ جِبْرِيْنٍ	سالم بن محمد الجهني	ShamAY	36445	0.45755
		استدراكات البعث والنشور	البيهقي، أبو بكر	ShamAY	33977	0.45753
		مسائل علي بن جعفر ومستدركاتها	الناشر: المؤتمر العالمي للامام الرضا عليه السلام	Rafed	298	0.45753
		النحو العربي [ج ٣]	إبراهيم إبراهيم بركات	Rafed	1944	0.45752
		ألف ليلة وليلة وسحر السردية العربية	داود سلمان الشويلي	ShamAY	34539	0.45746
		الابتلاء وكيف تستفيد منه الدعوات	مجدي الهلالي	ShamAY	266	0.45743
		تاريخ عجائب الآثار في التراجم والأخبار	عبد الرحمن بن حسن الجبرتي المؤرخ (المتوفى: 1237هـ)	ShamAY	11998	0.45741
		رسالة في القرآن وكلام الله	أبو محمد موفق الدين عبد الله بن أحمد بن محمد بن قدامة الجماعيلي المقدسي ثم الدمشقي الحنبلي، الشهير بابن قدامة المقدسي (المتوفى: 620هـ)	ShamAY	11218	0.45741
		اسباب النزول القرآني تاريخ و حقائق	حسن محسن حيدر	Ghbook	2756	0.45738
		الصَّوم وأحكامه	الدكتور / عبد الرحمن عبد الرحمن شميلة الأهدل	ShamAY	36392	0.45736
		القواعد الفقهية (جامعة الأصول)	الشيخ أحمد بن محمد مهدي النراقي	Masaha	1455	0.45736
		تعليم الصبيان التوحيد	محمد بن عبد الوهاب	ShamAY	35511	0.45732
		طريقة الخلاف في الفقه بين الأئمة الأسلاف	العلاء الأسمندي	ShamelaY19	133415	0.45731
		المختصر في أصول الفقه على مذهب الإمام أحمد بن حنبل	ابن اللحام، علاء الدين أبو الحسن علي بن محمد بن عباس البعلي الدمشقي الحنبلي (المتوفى: 803ه)	Sham19Y	6308	0.4573
		العلاج بالرقى من الكتاب والسنة	د. سعيد بن علي بن وهف القحطاني	ShamAY	1817	0.45729
		أنواع التوحيد عبدالله بن عبدالحميد الاثري	عبدالله بن عبدالحميد الاثري	ShamAY	35449	0.45727
		مختصر أحكام الأضحية والذكاة	محمد بن صالح بن محمد العثيمين (المتوفى: 1421هـ)	ShamAY	21822	0.45725
		 الشامل في الصناعة الطبية 	 ابن النفيس 	ABLibrary	9909	0.45723
		وسائل الشيعة [ج ١٩]	محمد بن الحسن الحرّ العاملي [ العلامة الشيخ حرّ العاملي ]	Rafed	320	0.45718
		 الشامل في الصناعة الطبية 	 ابن النفيس 	ABLibrary	9904	0.45717
		نزهة الطرف في علم الصرف	السيّد محمّد تقي الحسيني الجلالي	Rafed	2004	0.45717
		الأموال للقاسم بن سلام	أبو عُبيد القاسم بن سلاّم بن عبد الله الهروي البغدادي (المتوفى: 224هـ)	ShamAY	12999	0.45715
		عوالم العلوم و المعارف و الاحوال ، من الآيات و الاخبار و الاقوال	محمد باقر بن مرتضي موحد ابطحي اصفهاني	Ghbook	3785	0.45714
		النّجم الثاقب [ج ٢]	صلاح بن علي بن محمّد بن أبي القاسم	Rafed	1966	0.45713
		عوالم العلوم والمعارف والاحوال (الجزء 24) في احوال الامام الهادي عليه السلام	محمد باقر بن مرتضي موحد ابطحي اصفهاني	Ghbook	15789	0.45713
		النقد الأدبي ومقاييسه خلال عهد الرسول صلى الله عليه وسلم وعصر الخلافة الراشدة	محمد عارف محمود حسين	Sham19Y	8972	0.45712
		تفضيل أمير المؤمنين(ع)	الشيخ المفيد	Masaha	4681	0.45708
		لا للتعصب العرقي	عيد الدويهيس	ShamAY	33358	0.45707
		صدقة التطوع في الإسلام - مفهوم, وفضائل، وآداب، وأنواع في ضوء الكتاب والسنة	د. سعيد بن علي بن وهف القحطاني	ShamAY	1851	0.45706
		إيجاز البيان عن معاني القرآن [ج ٢]	محمود بن أبي الحسن النّيسابوري	Rafed	1493	0.45706
		رسالة الحدود	علي بن عيسى بن علي بن عبد الله، أبو الحسن الرماني المعتزلي (المتوفى: 384هـ)	ShamAY	6981	0.45705
		رسالتان في البداء	آيت الله العظمي سيد ابوالقاسم خوئي	Ghbook	7655	0.45704
		المحيط في اللغة - عالم الكتب	الصاحب الكافي الكفاة أب القاسم إسماعيل ابن عباد بن العباس بن أحمد بن إدريس الطالقاني	ShamAY	34686	0.45703
		الانتهاض في ختم «الشفا» لعياض - سلسلة لقاء العشر الأواخر بالمسجد الحرام (32)	شمس الدين أبو الخير محمد بن عبد الرحمن بن محمد بن أبي بكر بن عثمان بن محمد السخاوي (المتوفى: 902 هـ)	ShamAY	32534	0.45702
		موكب الشعراء المادحين للمهدي عجل الله تعالي فرجه الشريف	علي محمد علي دخيل	Ghbook	11228	0.45702
		فقه إلاجراءات والمرافعات في القضاء إلاسلامي	الواحدي :: عبد الله عزام	ShamAY	36600	0.45701
		مسألة فيما إذا كان في العبد محبة لما هو خير وحق ومحمود في نفسه	تقي الدين أبو العباس أحمد بن عبد الحليم بن عبد السلام بن عبد الله بن أبي القاسم بن محمد ابن تيمية الحراني الحنبلي الدمشقي (المتوفى: 728هـ)	ShamAY	22668	0.45699
		نهج الدعاء	محمّد الري شهري	Rafed	3129	0.45699
		تهذيب اللغة [ج ٧]	محمّد بن أحمد الأزهري	Rafed	1958	0.45698
		الحكاية الشعبية الموصلية .. مقاربة بنيوية دلالية	علي أحمد محمد العبيدي	ShamAY	34548	0.45697
		الفقه علي المذاهب الخمسة	محمد جواد مغنيه	Ghbook	10248	0.4569
		الحائريون: ترجمه من تلمذ من علماء اصفهان بالحائر	رحيم قاسمي	Ghbook	15148	0.4569
		الضوء الساري في معرفة خبر تميم الداري للمقريزي - مخطوط (ن)	أحمد بن علي بن عبد القادر، أبو العباس الحسيني العبيدي، تقي الدين المقريزي (المتوفى: 845هـ)	ShamAY	10830	0.45687
		معجزات النبي - صلى الله عليه وسلم - (من كتاب البداية والنهاية لابن كثير)	أبو الفداء إسماعيل بن عمر بن كثير القرشي البصري ثم الدمشقي (المتوفى: 774ه)	ShamelaY19	23678	0.4568
		خصائص الحروف العربية ومعانيها - دراسة -	حسن عباس	ShamAY	37210	0.45674
		من سيرة الإمام أبو حنيفة	الدكتور صباح قاسم الإمامي	ShamAY	35830	0.45673
		التبيان في تفسير غريب القرآن	شهاب الدين أحمد بن محمد بن عماد [ ابن الهائم ]	Rafed	3719	0.45668
		 الحاوي في الطب 	 محمد بن زكريا الرازي 	ABLibrary	9822	0.45666
		القوس العذراء *	محمود شاكر :: محمود شاكر أبو فهر	ShamAY	34495	0.45661
		فتاوى مهمة تتعلق بالحج والعمرة	عبد العزيز بن عبد الله بن باز (المتوفى: 1420هـ)	ShamAY	31226	0.45661
		كتاب إثمد العينين في بعض اختلاف الشيخين ابن حجر الهيتمي والشمس الرملي	علي باصبرين	ShamAY	37366	0.45652
		أبناؤنا والصلاة	عبد الملك بن محمد القاسم	ShamelaY19	95682	0.45652
		60 سؤال وجواب في أحكام الحيض	محمد بن صالح بن محمد العثيمين (المتوفى: 1421هـ)	ShamAY	7470	0.45651
		احذروا اليهود	آيت الله العظمي سيد محمد حسيني شيرازي	Ghbook	8005	0.45651
		هل أنت من المراقبين لله تعالى؟	أزهري أحمد محمود	ShamelaY19	36392	0.45647
		 الذريعة 	 آقا بزرگ الطهراني 	ABLibrary	851	0.45644
		مشكلة التقريب و ازمة المقاربات	ادريس هاني	Ghbook	10521	0.4564
		 سلسلة المسائل الفقهية 	 الشيخ السبحاني 	ABLibrary	9571	0.45635
		 تاريخ مدينة صنعاء ( ويليه كتاب الاختصاص للعرشاني ) 	 أحمد بن عبد اللّه الرازي 	ABLibrary	8998	0.45634
		آرشيو دروس خارج اصول آيت الله شيخ هادي آل راضي34	آيت الله شيخ هادي آل راضي	Ghbook	14503	0.45634
		المختصر في أصول الفقه على مذهب الإمام أحمد بن حنبل	ابن اللحام، علاء الدين أبو الحسن علي بن محمد بن عباس البعلي الدمشقي الحنبلي (المتوفى: 803هـ)	ShamAY	6308	0.45631
		اهل البيت في المكتبة العربية	عبدالعزيز طباطبايي	Ghbook	9167	0.4563
		المحاسن - الجزء1	ابو جعفر أحمد بن محمد البرقي	Masaha	703	0.4563
		الجد الحثيث في بيان ما ليس بحديث للعامري - ابن حزم	أحمد العامري	ShamAY	34147	0.45629
		 كتاب المكاسب ( المحشَّى ) 	 الشيخ الأنصاري 	ABLibrary	9388	0.45629
		إبطال الحيل لابن بطة	أبو عبد الله عبيد الله بن محمد بن محمد بن حمدان العُكْبَري المعروف بابن بَطَّة العكبري (المتوفى: 387هـ)	ShamAY	8257	0.45628
		الشيخ نصير الدين الطوسي وسقوط بغداد	السيّد علي الحسيني الميلاني	Rafed	184	0.45625
		السيده زينب (عليها السلام) عالمه غير معلمه	آيت الله العظمي سيد محمد حسيني شيرازي	Ghbook	8063	0.45625
		بداية المستفيد في علم التجويد		ShamAY	36895	0.45622
		الكافي [ج ١]	أبو جعفر محمّد بن يعقوب الكليني الرازي	Rafed	372	0.4562
		 الجواهر الفخرية في شرح الروضة البهية 	 قدرت الله وجداني فخر 	ABLibrary	9458	0.45619
		غاية المرام في تخريج أحاديث الحلال والحرام	محمد ناصر الدين الألباني (المتوفى: 1420ه)	Sham19Y	682	0.45618
		الناسخ والمنسوخ للنحاس	أبو جعفر النَّحَّاس أحمد بن محمد بن إسماعيل بن يونس المرادي النحوي (المتوفى: 338هـ)	ShamAY	13073	0.45616
		تاريخ مدينة صنعاء	أحمد بن عبد الله بن محمّد الرازي	Rafed	2317	0.45616
		المعجم المفصل في علم الصرف	راجي الاسمر	Ghbook	16256	0.45616
		اعتقادات فرق المسلمين والمشركين	أبو عبد الله محمد بن عمر بن الحسن بن الحسين التيمي الرازي الملقب بفخر الدين الرازي خطيب الري (المتوفى: 606ه)	Sham19Y	6516	0.45615
		سجود التلاوة وأحكامه	د صالح بن عبد الله اللاحم	Sham19Y	36537	0.45609
		الضياء اللامع من صحيح الكتب الستة وصحيح الجامع	محمد نصر الدين محمد عويضة	ShamelaY19	36360	0.45602
		العقد الثّمين في تاريخ البلد الأمين [ج ٥]	تقي الدين محمّد بن أحمد الحسني الفاسي المكّي	Rafed	2226	0.45602
		اصول وقواعد التفسير الموضوعي للقرآن 	للمازن شاكر التميمي	Ghbook	12291	0.45602
		القراءات والاحرف السبعة	عبدالرسول الغفاري	Ghbook	14944	0.456
		بدر الكبرى	عطية بن محمد سالم (المتوفى: 1420هـ)	ShamAY	9955	0.45599
		حكم التصوير الفوتوغرافي	الواحدي :: وليد السعيدان	ShamAY	36204	0.45597
		اقسام المولي في اللسان 	محمد بن  محمد بن نعمان شيخ مفيد	Ghbook	2364	0.45595
		فتح الكبير المتعال إعراب المعلقات العشر الطوال	محمد علي طه الدرة	ShamelaY19	151017	0.45589
		مرآة العقول [ج ٢١]	الشيخ محمّد باقر بن محمّد تقي المجلسي	Rafed	1074	0.45588
		الدرة الثمينة في أخبار المدينة	محب الدين أبو عبد الله محمد بن محمود بن الحسن المعروف بابن النجار (المتوفى: 643هـ)	ShamAY	26662	0.45587
		 حاشية الدسوقي على الشرح الكبير 	 الشيخ محمد الدسوقي 	ABLibrary	875	0.45586
		قاعده الملازمه بين العقل و الشرع	محمد كاظم بن حسين آخوند خراساني	Ghbook	11284	0.45586
		دروس في المسيحيه 	علي شيخ	Ghbook	15052	0.45586
		صلاة الجماعة - مفهوم، وفضائل، وأحكام، وفوائد، وآداب في ضوء الكتاب والسنة	د. سعيد بن علي بن وهف القحطاني	ShamAY	1853	0.45584
		الخلاف النحوي في باب المبتدأ والخبر وما كان أصله المبتدأ والخبر	هناء الجعيفري	ShamAY	37106	0.45584
		الأصول من الكافي - الجزء1	ثقة الإسلام أبي جعفر الكليني	Masaha	1	0.45584
		معجم قبائل المملكة العربية السعودية	حمد بن محمد الجاسر (المتوفى: 1421ه)	Sham19Y	26574	0.45583
		إحقاق الحقّ وإزهاق الباطل [ج ٣١]	آية الله السيّد شهاب الدين الحسيني المرعشي النجفي	Rafed	2812	0.45583
		تكملة تاريخ الطبري	محمد بن عبد الملك بن إبراهيم بن أحمد، أبو الحسن الهمذاني المعروف بالمقدسي (المتوفى: 521هـ)	ShamAY	6616	0.45581
		زهير بن القين	شعبه التحقيق في قسم الشوون الفكريه والثقافيه في العتبه الحسينيه المقدسه	Ghbook	12294	0.45579
		هدى الطالب إلى شرح المكاسب [ج ٧]	السيّد محمّد جعفر الجزائري المروّج	Rafed	3206	0.45577
		أسرار المعوذتين	فرحان العطار	ShamAY	33109	0.45576
		عقد الدرر فيما صَحَّ في فضائل السور	أيمن أبانمي	ShamAY	36843	0.45574
		تاريخ صنعاء	إسحاق بن يحيي الطبري الصنعاني	Masaha	4117	0.45571
		موقف الاستشراق من السُنَّة والسيرة النبوية	أكرم بن ضياء العمري	ShamAY	626	0.45568
		الدرة الثمينة في أخبار المدينة	محب الدين أبو عبد الله محمد بن محمود بن الحسن المعروف بابن النجار (المتوفى: 643ه)	ShamelaY19	26662	0.45568
		تحذير المسلمين من السب والاستهزاء بالدين	أبو عبد الرحمن المصري	ShamAY	2139	0.45567
		إشارات في أحكام الكفارات	عبد الله بن محمد بن أحمد الطيار	ShamAY	36146	0.45566
		التحجيل في تخريج ما لم يخرج من الأحاديث والآثار في إرواء الغليل	عبد العزيز بن مرزوق الطّريفي	ShamAY	8618	0.45562
		معارف الرجال في تراجم العلماء و الادباء - الجزء2	محمد حسين حرز الدين	Masaha	4038	0.4556
		مرآة العقول [ج ٢٤]	الشيخ محمّد باقر بن محمّد تقي المجلسي	Rafed	1087	0.45559
		الذّريعة إلى تصانيف الشّيعة [ج ٢٠]	الشيخ آقا بزرك الطهراني	Rafed	490	0.45558
		القول السديد في علم التجويد	على الله بن علي أبو الوفا	ShamelaY19	38025	0.45547
		انبعاث الإسلام في الأندلس	علي بن محمد المنتصر بالله الكتاني (المتوفى: 1422ه)	ShamelaY19	37481	0.45546
		الأمثال العربية والأمثال العامية مقارنة دلالية	الدكتور علاء إسماعيل الحمزاوي	ShamAY	37168	0.45545
		فاطمه الزهراء ( سلام الله عليها ) امتداد النبوه	آيت الله العظمي سيد محمد حسيني شيرازي	Ghbook	7769	0.45543
		مراصد الإطّلاع على أسماء الأمكنة والبقاع [ج ٣]	صفي الدين عبد المؤمن بن عبد الحق البغدادي	Rafed	3263	0.45541
		لندع الأنجيل يتحدث	عبد الرحمن دمشقية	ShamAY	35373	0.45539
		من هو المهدي	ابو طالب التجليل التبريزي	Masaha	2984	0.45538
		إصلاح غلط المحدثين	أبو سليمان حمد بن محمد بن إبراهيم بن الخطاب البستي المعروف بالخطابي (المتوفى: 388هـ)	ShamAY	1251	0.45536
		المسائل الشرعية	السيد موسى الشبيري الزنجاني	Masaha	5066	0.45536
		رسالة في الذب عن أبي الحسن الأشعري وكتابه الإبانة عن أصول الديانة	إبراهيم بن درباس	ShamAY	35651	0.45535
		الجزء فيه حديث الحافظ ابن ديزيل	إبراهيم بن الحسين بن علي الهمداني الكسائي المعروف بابن ديزيل (281 ه)	ShamelaY19	26740	0.45532
		منهج الإسقاط في الدراسات القرآنية عند المستشرقين دراسة تحليلية منهجية		ShamAY	36953	0.45529
		التكملة والذيل والصلة لكتاب تاج اللغة وصحاح العربية	الحسن بن محمد بن الحسن الصغاني (المتوفى: 650 هـ)	ShamAY	38957	0.45526
		دراسه عسكريه للثوره الحسينيه	عباس ذهيبات	Ghbook	5958	0.45525
		المسكرات والمخدرات	أحمد حاج علي الأزرق	ShamAY	8936	0.45522
		التصنيف في مصطلح الحديث بين مدرستي الحديث والفقه	أبو ذر عبد القادر بن مصطفى بن عبد الرزاق المحمدي	Sham19Y	117135	0.45521
		حكم الأسير الكافر عند المسلمين	أحمد جبار	ShamAY	36674	0.45515
		الذّريعة إلى تصانيف الشّيعة [ج ٣]	الشيخ آقا بزرك الطهراني	Rafed	442	0.45506
		منظومة بلوغ المرام من أدلة الأحكام	الصنعاني	ShamAY	33186	0.45504
		الإيمان للعدني	أبو عبد الله محمد بن يحيى ابن أبي عمر العدني (المتوفى: 243ه)	Sham19Y	13006	0.45502
		معجم مقاييس اللغة	أحمد بن فارس بن زكرياء القزويني الرازي، أبو الحسين (المتوفى: 395هـ)	ShamAY	21710	0.45501
		شرح نظم قواعد الإعراب	أبو عبد الله، أحمد بن عمر بن مساعد الحازمي	ShamAY	840	0.455
		إثبات الشفاعة للذهبي	شمس الدين أبو عبد الله محمد بن أحمد بن عثمان بن قايماز الذهبي (المتوفى: 748ه)	ShamelaY19	26890	0.45497
		الولاء والبراء بين الغلو والجفاء في ضوء الكتاب والسنة	حاتم بن عارف بن ناصر الشريف العوني	ShamelaY19	30871	0.45495
		 الحاوي في الطب 	 محمد بن زكريا الرازي 	ABLibrary	9819	0.45488
		ذم الدنيا	أبو بكر عبد الله بن محمد بن عبيد بن سفيان بن قيس البغدادي الأموي القرشي المعروف بابن أبي الدنيا (المتوفى: 281ه)	Sham19Y	21546	0.45487
		وسائل الشيعه الي تحصيل مسائل الشريعه	محمد بن حسن حر عاملي	Ghbook	10384	0.45486
		مسألة صلب عيسى بين الحقيقة والوهم		ShamAY	35375	0.45482
		تراجعات الألباني	محمد ناصر الدين الألباني (المتوفى: 1420هـ)	ShamAY	8217	0.45477
		الروض الفسيح في بيان الفوارق بين المهدي والمسيح	الشيخ محمد باقر الالهي	Masaha	287	0.45476
		منازل السرور ودار الحبور الجنة	أزهري أحمد محمود	ShamelaY19	36390	0.45475
		طب الأئمة(ع‏)	عبد الله و حسين ابنا بسطام‏	Masaha	2299	0.45475
		علم الدلالة أصوله ومباحثه في التراث العربي	منقور عبد الجليل	ShamAY	34522	0.45471
		معجم الشعراء العرب	تم جمعه من موقع الموسوعة الشعرية	ShamAY	2114	0.45458
		اعتقادات فرق المسلمين والمشركين	أبو عبد الله محمد بن عمر بن الحسن بن الحسين التيمي الرازي الملقب بفخر الدين الرازي خطيب الري (المتوفى: 606هـ)	ShamAY	6516	0.45455
		مواقف التابعين وأتباعهم في الدعوة إلى اللَّه تعالى	د. سعيد بن علي بن وهف القحطاني	ShamAY	1891	0.45454
		وقفة مع مقلدي الموتي	آية الله العظمي الشيخ بشير حسين النجفي	Ghbook	9066	0.45454
		الأموال للقاسم بن سلام - ت: سيد رجب	أبو عُبيد القاسم بن سلاّم بن عبد الله الهروي البغدادي (المتوفى: 224هـ)	ShamAY	34007	0.45452
		تزويج ام كلثوم من عمر	آيت الله علي حسيني ميلاني	Ghbook	7619	0.45452
		قلائد الجمان في التعريف بقبائل عرب الزمان	أبو العباس أحمد بن علي القلقشندي (المتوفى: 821هـ)	ShamAY	315	0.45448
		هذه هي الصلاة	أزهري أحمد محمود	ShamelaY19	36417	0.45447
		التتار من البداية إلى عين جالوت	راغب السرجاني	ShamAY	633	0.45446
		سيوف الله الآجله بمدد يمين مجاهد المله ، او : عذاب الله المجدي لجوف منكر التوسل ...	محمد عاشق الرحمن قادري حبيبي	Ghbook	7661	0.45443
		سلسلة مجتمع الدعاة	عبد الرحمن بن محمد بن على الهرفي	ShamAY	1965	0.45439
		الوجيز النفيس في معرفة التدليس (بحث منشور في مجلة مركز البحوث والدراسات في الوقف السني -بغداد 2005م)	أبو ذر عبد القادر بن مصطفى بن عبد الرزاق المحمدي	ShamelaY19	36051	0.45437
		هل افتدانا المسيح على الصليب؟	منقذ بن محمود السقار	ShamAY	1284	0.45436
		الزكاة من منظور اقتصادي	الدكتور. عبد المجيد قدي	ShamAY	36386	0.45436
		التطرف في الدين دراسة شرعية	محمد بن عبد الرزاق الطبطبائي	ShamAY	36234	0.45432
		كتاب الواضحة في السنن	عبد الملك بن حَبِيب	ShamAY	35251	0.4543
		الأحاديث القدسية الأربعينية ت عبد العزيز مختار	علي بن (سلطان) محمد، أبو الحسن نور الدين الملا الهروي القاري (المتوفى: 1014هـ)	ShamAY	1051	0.45427
		البلوغ : حقيقته، علاماته و احكامه. وتليه رساله في تاثيرالزمان والمكان علي استنبا...	آيت الله العظمي جعفر سبحاني	Ghbook	9785	0.45426
		نعمه الرضا في عصر الظهور	آيت الله العظمي حسيني	Ghbook	8008	0.45425
		هويتنا أو الهاوية	محمد إسماعيل المقدم	ShamAY	33316	0.45424
		اللؤلؤ والمرجان فيما اتفق عليه الشيخان	محمد فؤاد بن عبد الباقي بن صالح بن محمد (المتوفى: 1388ه)	Sham19Y	10619	0.45424
		مخاطر التمويل الإسلامي	أ . د. علي بن أحمد السواس	ShamAY	36276	0.45416
		تاريخ العلماء النحويين من البصريين والكوفيين وغيرهم.	أبو المحاسن المفضل بن محمد بن مسعر التنوخي المعري (المتوفى: 442هـ)	ShamAY	1386	0.45404
		العويص ـ جوابات المسائل النيسابورية	الشيخ المفيد	Masaha	981	0.45404
		تسهيل الفوائد وتكميل المقاصد	محمد بن عبد الله، ابن مالك الطائي الجياني، أبو عبد الله، جمال الدين (المتوفى: 672ه)	Sham19Y	13247	0.45403
		صفة الجنة للضياء المقدسي	ضياء الدين أبو عبد الله محمد بن عبد الواحد المقدسي (المتوفى: 643هـ)	ShamAY	12740	0.45399
		فاطمه الزهراء ( سلام الله عليها ) الحوراء الانسيه	ضياء جواهري	Ghbook	3876	0.45395
		الأوقات المتعلقة بالحج والعمرة .. أحكام ومسائل	أبو عبد الله الذهبي	ShamAY	36722	0.45387
		نزهة الجلساء في أشعار النساء	عبد الرحمن بن أبي بكر، جلال الدين السيوطي (المتوفى: 911هـ)	ShamAY	8200	0.45386
		أمثال العرب ط الهلال	المفضل بن محمد بن يعلى بن سالم الضبي (المتوفى: نحو 168هـ)	ShamAY	9081	0.45386
		التبيان في تفسير غريب القرآن	أحمد بن محمد بن عماد الدين بن علي، أبو العباس، شهاب الدين، ابن الهائم (المتوفى: 815هـ)	ShamAY	23598	0.45385
		السفاره في الغيبه الكبري بين التاييد والمعارضه	وسام البلداوي	Ghbook	12292	0.45385
		دروس في الكفاية - الجزء7	غلام علي‏ المحمدي البامياني	Masaha	3801	0.45378
		عبد الله بن سبأ اليهودي اليماني بين الحقيقة والخيال	د. سامي عطا حسن	ShamAY	35684	0.45373
		الوحدة الإسلامية أسسها ووسائل تحقيقها	أحمد بن سعد حمدان الغامدي	ShamAY	8990	0.45372
		السير لأبي إسحاق الفزاري	أبو إسحاق إبراهيم بن محمد بن الحارث بن أسماء بن خارجة بن حصن الفزاري (المتوفى: 188هـ)	ShamAY	29344	0.45371
		أقضية رسول الله(ص)	ابن طلاع القرطبي‏	Masaha	1838	0.45371
		صور العناية بتعليم القرآن في المغرب العربي	أحمد الزهراني	ShamAY	36855	0.4537
		الطريق إلى الامتياز	إبراهيم الفقي	Sham19Y	21569	0.45362
		الطريق إلى الامتياز	إبراهيم الفقي	ShamAY	21569	0.4536
		تاريخُ اهل البيت	السيد محمد رضا الحسيني	Masaha	523	0.45359
		خريدة العجائب و فريدة الغرائب	سراج الدين عمر بن مظفر	Ghbook	9205	0.45356
		شرح التصريف للثمانيني	أبو القاسم عمر بن ثابت الثمانيني (المتوفى: 442هـ)	ShamAY	31946	0.45355
		20 قاعدة في استثمار الاخطاء	أحمد بن سالم الحوسني	ShamAY	35136	0.45346
		 المختار من الأغذية 	 ابن النفيس 	ABLibrary	9928	0.45345
		موسوعه الاعتكاف: دراسه قرآنيه، رواييه، فقهيه، اخلاقيه، تاريخيه	محمد امين پوراميني	Ghbook	15242	0.45344
		المشروع الصهيوني الجديد	أسعد السحمراني	ShamAY	37731	0.4534
		من حياه الرسول الاعظم ( صلي الله عليه و آله و سلم )	آيت الله العظمي سيد محمد حسيني شيرازي	Ghbook	8123	0.45334
		أخبار وتراجم أندلسية مستخرجة من معجم السفر للسلفي	أبو طاهر السِّلَفي أحمد بن محمد بن أحمد بن محمد بن إبراهيم سِلَفَه السِّلَفي الأصبهاني (المتوفى: 576هـ)	ShamAY	1029	0.45332
		جامع المقاصد في شرح القواعد [ج ١١]	الشيخ عليّ بن الحسين بن عبد العالي الكركي	Rafed	579	0.45332
		الدرة الثمينة في أخبار المدينة - ط بحوث المدينة بالحواشي	ابن النجار، محب الدين	ShamAY	38443	0.45329
		إلى أمل الأمة (طالبة المرحلة المتوسطة والثانوية)	نوال بنت عبد الله	ShamAY	35166	0.45327
		وصايا الملوك وأبناء الملوك من ولد قحطان بن هود	دعبل بن علي الخزاعي الشاعر المشهور (المتوفى: 246هـ)	ShamAY	741	0.45327
		بلغة الراوي نظم عقيدة الطحاوي		ShamAY	35635	0.45326
		 العقد الثمين في تاريخ البلد الأمين 	 محمد بن أحمد الفاسي 	ABLibrary	9143	0.45326
		الضياء اللامع من صحيح الكتب الستة وصحيح الجامع	محمد نصر الدين محمد عويضة	ShamAY	89	0.45325
		العروه الوثقي	محمد كاظم طباطبايي يزدي	Ghbook	3622	0.45325
		مختصرُ استدرَاك الحافِظ الذّهبي على مُستدرَك أبي عبد اللهِ الحَاكم	ابن الملقن سراج الدين أبو حفص عمر بن علي بن أحمد الشافعي المصري (المتوفى: 804هـ)	ShamAY	1934	0.45319
		ديوان زهير بن أبي سلمى	زهير بن أبي سُلمى ربيعة بن رياح بن قرّة بن الحارث بن إلياس بن نصر بن نزار، المزني، من مضر المتوفى سنة (13 ق. هـ 609 م)	ShamAY	37933	0.45315
		فرحة الغري بصرحة القري‏	السيد عبد الكريم بن طاووس‏	Masaha	2869	0.45314
		ذم الدنيا	أبو بكر عبد الله بن محمد بن عبيد بن سفيان بن قيس البغدادي الأموي القرشي المعروف بابن أبي الدنيا (المتوفى: 281هـ)	ShamAY	21546	0.45312
		تاريخ طبري	طبري ، ابوجعفر محمد بن جرير بن يزيد ( قرن 3و4 ق ) ( صاحب تاريخ طبري معروف - سني مذهب )	Ghbook	9562	0.45312
		متي جمع القرآن ؟	آيت الله العظمي سيد محمد حسيني شيرازي	Ghbook	7808	0.45311
		الإيماء إلى زوائد الأمالي والأجزاء - زوائد الأمالي والفوائد والمعاجم والمشيخات على الكتب الستة والموطأ ومسند الإمام أحمد	نبيل سعد الدين سَليم جَرَّار	ShamAY	95	0.45307
		الإنصاف في معرفة الراجح من الخلاف (المطبوع مع المقنع والشرح الكبير)	علاء الدين أبو الحسن علي بن سليمان بن أحمد المرداوي (المتوفى: 885 ه)	ShamelaY19	19228	0.45306
		 سلسلة المسائل الفقهية 	 الشيخ السبحاني 	ABLibrary	9568	0.45303
		الإحاطة في أخبار غرناطة [ج ٣]	أبي عبد الله محمّد بن عبد الله بن سعيد بن أحمد السلماني [ لسان الدين بن الخطيب ]	Rafed	2349	0.45303
		مصباح المومنين و الادعيه و الزيارات	حسين احمدي قمي	Ghbook	16178	0.45302
		تاريخ الإسلام ووفيات المشاهير والأعلام [ج ٣١]	شمس الدين محمّد بن أحمد بن عثمان الذّهبي	Rafed	3566	0.453
		أصول الإيمان (مطبوع ضمن مؤلفات الشيخ محمد بن عبد الوهاب، الجزء الأول)	محمد بن عبد الوهاب بن سليمان التميمي النجدي (المتوفى: 1206هـ)	ShamAY	7504	0.45299
		السيرة النبوية لابن هشام	عبد الملك بن هشام بن أيوب الحميري المعافري، أبو محمد، جمال الدين (المتوفى: 213ه)	ShamelaY19	23833	0.45291
		شرح حديث راس الجالوت	ملا محمد بن احمد نراقي	Ghbook	8815	0.45291
		الإنصاف في معرفة الراجح من الخلاف (المطبوع مع المقنع والشرح الكبير)	علاء الدين أبو الحسن علي بن سليمان بن أحمد المَرْداوي (المتوفى: 885 هـ)	ShamAY	37990	0.4529
		موقعة اليرموك دراسة وتحليل	محمد السيد الوكيل	ShamAY	4109	0.4529
		تهذيب اللغة [ج ١٢]	محمّد بن أحمد الأزهري	Rafed	1963	0.45289
		التوكيد اللفظي أسلوبا بلاغيا .. دراسة في متن صحيح البخاري	محمود المشهداني	ShamAY	34546	0.45288
		من مسائل الحج	آيت الله العظمي سيد محمد حسيني شيرازي	Ghbook	7843	0.45287
		منائح الكرم في أخبار مكة والبيت وولاة الحرم [ج ٤]	علي بن تاج الدين بن تقي الدين السنجاري	Rafed	2693	0.45286
		الخطابة عند العرب	محمد الخضر حسين (المتوفى: 1377 هـ)	ShamAY	38856	0.45281
		بحار الأنوار [ج ١٠٤]	الشيخ محمّد باقر بن محمّد تقي المجلسي	Rafed	1529	0.45273
		مقاله في العداله	محمد كاظم بن حسين آخوند خراساني	Ghbook	11279	0.45271
		 الكوثر في أحوال فاطمة بنت النبي الأعظم ( ع ) 	 السيد محمد باقر الموسوي 	ABLibrary	7686	0.45268
		الغاية القصوى في التعليق على العروة الوثقى - كتاب المضاربة	السيد تقي الطباطبائي القمي	Masaha	5064	0.45268
		بعض أحكام المعوقين في الشريعة الإسلامية	طارق الطواري	ShamAY	36434	0.45264
		إحقاق الحقّ وإزهاق الباطل [ج ٢٣]	آية الله السيّد شهاب الدين الحسيني المرعشي النجفي	Rafed	2791	0.45264
		رمي الجمرات في ضوء الكتاب والسنة وآثار الصحابة رضي الله عنهم - مفهوم، وفوائد، وشروط، وآداب، ومسائل، وحِكَمٌ، وأحكامٌ	د. سعيد بن علي بن وهف القحطاني	ShamAY	1835	0.45263
		الأحاديث القدسية الأربعينية ت الحويني	علي بن (سلطان) محمد، أبو الحسن نور الدين الملا الهروي القاري (المتوفى: 1014هـ)	ShamAY	1062	0.45258
		 رسالة في الطهارة وفي حكم المجنب ، المتيمم المحدث بالحدث الأصغر 	 الشيخ محمد رضا حسين آبادى الجرقويئي 	ABLibrary	9414	0.45257
		 في رحاب أهل البيت ( ع ) 	 لجنة بحوث المجمع العالمي لأهل البيت ( ع ) 	ABLibrary	8559	0.45253
		المواقع الاثريه والسياحه في كربلاء	سلمان هادي آل طعمه	Ghbook	10932	0.45253
		غاية المرام وحجّة الخصام [ج ٢]	السيّد هاشم البحراني الموسوي التوبلي	Rafed	3607	0.45252
		تسهيل المسالك إلى المدارك	ملا حبيب الله الكاشاني	Masaha	5051	0.45251
		معارج الوصول الي معرفه فضل آل الرسول و البتول ( عليهم الصلاه و السلام ) - الامام...	محمد بن يوسف زرندي	Ghbook	6084	0.4525
		مفاتيح الأغاني في القراءات والمعاني	محمد بن أبي المحاسن محمود بن أبي الفتح محمد بن أبي شجاع أحمد الكرماني، أبو العلاء الحنفي (المتوفى: بعد 563ه)	ShamelaY19	21819	0.45249
		عجز العقل العلماني	عيد بطاح الدويهيس	ShamAY	33310	0.45246
		رحلة الي عرب اهوار العراق	ويلفرد تسيجر	Ghbook	9504	0.45246
		الأدلة الشرعية على تحريم مصافحة المرأة الأجنبية	حسام الدين بن موسى محمد بن عفانة	ShamAY	990	0.45244
		النّظام الصحّي والسّياسة الطبّيّة في الإسلام	د. زهير الأعرجي	Masaha	1733	0.45232
		رفع اللبس عن حديث سجود الشمس	عبد الله الشهري	ShamAY	35975	0.4523
		الذّريعة إلى تصانيف الشّيعة [ج ٢]	الشيخ آقا بزرك الطهراني	Rafed	441	0.45227
		 سلسلة المسائل الفقهية 	 الشيخ السبحاني 	ABLibrary	9572	0.45226
		المرشد إلى قواعد اللغة العربيّة [ج ١]	خالدية محمود البيّاع	Rafed	1931	0.45226
		التحسين و التقبيح العقليان و مكانتهما في العقيده و الشريعه	آيت الله العظمي جعفر سبحاني	Ghbook	5041	0.45225
		ديوان ابن خفاجة	أبو إسحاق إبراهيم بن أبي الفتح الأندلسي المتوفى سنة 533 هـ	ShamAY	37865	0.45224
		 إعلام النبلاء بتاريخ حلب الشهباء 	 محمد راغب الطباخ الحلبي 	ABLibrary	8958	0.45219
		 منائح الكرم 	 علي بن تاج الدين السنجاري 	ABLibrary	9228	0.45217
		رساله حول رويه الله سبحانه	آيت الله العظمي جعفر سبحاني	Ghbook	5040	0.45214
		حديث الغدير	آيت الله علي حسيني ميلاني	Ghbook	7629	0.45212
		كفارات الاحرام	محمد ابراهيم جناتي	Ghbook	9591	0.45212
		حوادث الدهور في مدى الأيام والشهور	يوسف بن تغري بردي بن عبد الله الظاهري الحنفي، أبو المحاسن، جمال الدين (المتوفى: 874ه)	Sham19Y	9807	0.4521
		 بحوث في الفقه الزراعي 	 السيد محمود الهاشمي الشاهرودي 	ABLibrary	9638	0.45208
		كَيْفِيَّةُ التَّعَامُلِ مَعَ الفَهْرَسِ العَامِّ لأَسْمَاءِ كُتَبِ السُنَّةِ - المحاضرة الثالثة، 3/ 2 / 2010 م	نور الدين محمد عتر الحلبي	ShamAY	998	0.45202
		ديوان كعب بن زهير	كعب بن زهير بن أبي سلمى، المزني، أبو المضرَّب شاعر مخضرم	ShamAY	37833	0.45201
		تذكرة الفقهاء [ج ١٢]	الحسن بن يوسف بن علي المطّهر [ العلامة الحلّي ]	Rafed	406	0.45201
		القول الجلي في حل لبس النساء الحلي	الشوكاني	ShamAY	34336	0.452
		مختصر تفسير البغوي المسمى بمعالم التنزيل	عبد الله بن أحمد بن علي الزيد	ShamelaY19	31364	0.45197
		اللؤلؤ والمرجان فيما اتفق عليه الشيخان	محمد فؤاد بن عبد الباقي بن صالح بن محمد (المتوفى: 1388هـ)	ShamAY	10619	0.4519
		معجم قبائل المملكة العربية السعودية	حمد بن محمد الجاسر (المتوفى: 1421هـ)	ShamAY	26574	0.45188
		فقه الاعتكاف	الواحدي :: خالد المشيقح	ShamAY	36403	0.45188
		الدين في الاصطلاح الإسلامي	-	Sham19Y	1907	0.45188
		ديوان دعبل بن علي	دعبل الخزاعى، ابو على دعبل بن على بن رزين (148 - 246 هـ)	ShamAY	37947	0.45185
		معرفة علوم الحديث - إحياء العلوم	الواحدي :: الحاكم، أبو عبد الله	ShamAY	34041	0.45185
		لهجات القبائل العربية في المجلدين الخامس والسادس من البحر المحيط لأبى حيان الأندلسي ... (دراسة لغوية)	أشرف أحمد البكليش	ShamAY	37244	0.45184
		الضياء اللامع من صحيح الكتب الستة وصحيح الجامع	محمد نصر الدين محمد عويضة	Sham19Y	36360	0.45182
		إجابة النداء - أنواعٌ، وفضائلُ، وفوائدُ، وآدابٌ، وإجابة قولية وفعلية، وأحكامٌ في ضوء الكتاب العزيز والسنة المطهرة	د. سعيد بن على بن وهف القحطاني	ShamAY	1799	0.4518
		الحضارة الإسلامية	أحمد عبد الرحيم السايح	ShamAY	10342	0.45178
		التوحيد	الشيخ الصدوق	Masaha	1952	0.45177
		التّدوين في أخبار قزوين [ج ١]	عبد الكريم بن محمّد الرافعي القزويني	Rafed	2191	0.45176
		الفتاوى الاقتصادية	مجموعة من المؤلفين	ShamAY	1611	0.45171
		فتاوى ابن جبرين في الحج	الواحدي :: ابن جبرين	ShamAY	37672	0.4517
		الثناء البديع من العلماء على الشيخ ربيع	خالد الظفيري	ShamAY	32997	0.45169
		 مراصد الإطلاع على أسماء الأمكنة والبقاع 	 عبد المؤمن البغدادي 	ABLibrary	9185	0.45165
		متن العشماوية في مذهب الإمام مالك	عبد الباري بن أحمد بن عبد الغني بن عتيق بن الشيخ سعيد بن الشيخ حسن، أبو النجا العشماوي القاهري الأزهري المالكي (المتوفى: ق 10ه)	ShamelaY19	37326	0.45164
		ردة ولا ابا بكر لها - أبو الحسن الندوي	علي أبو الحسن بن عبد الحي بن فخر الدين الندوي (المتوفى: 1420ه)	ShamelaY19	37637	0.45163
		مهج الزيارات (منتخب الزيارات)	موسسه پيام امام هادي عليه السلام	Ghbook	14753	0.45158
		الكنز المرصود فى قواعد التلمود	الواحدي	ShamAY	35497	0.45157
		تاريخ اربل	شرف الدين ابوالبركات مبارك بن احمد نجمي اربلي ( ابن مستوفي )	Ghbook	9050	0.45157
		شرح الحلقة الثّالثة [ج ٥ ـ ٦]	الشيخ حسن محمّد فيّاض حسين العاملي	Rafed	814	0.45156
		 كتاب المواقف ( ويليه المخاطبات ) 	 محمد بن عبد الجبار بن الحسن النفري 	ABLibrary	8698	0.45154
		الفضائل	شاذان بن جبرئيل قمي	Ghbook	2425	0.45154
		الف حديث في مومن	هادي نجفي	Ghbook	12933	0.45151
		الكلام على وصول القراءة للميت لابن سرور المقدسي	محمد بن إبراهيم بن عبد الواحد بن علي، أبو عبد الله شمس الدين ابن أبي السرور المقدسي الحنبلي (المتوفى: 676هـ)	ShamAY	26924	0.45148
		 بحار الأنوار 	 العلامة المجلسي 	ABLibrary	741	0.45148
		الذّريعة إلى تصانيف الشّيعة [ج ٢٥]	الشيخ آقا بزرك الطهراني	Rafed	510	0.45148
		إصلاح المنطق	ابن السكيت، أبو يوسف يعقوب بن إسحاق (المتوفى: 244هـ)	ShamAY	7508	0.45141
		جوهر العقيدة النصرانية		ShamAY	35358	0.4514
		موسوعة كربلاء [ج ١]	الدكتور لبيب بيضون	Rafed	3226	0.45139
		لباب النقول في أسباب النزول	عبد الرحمن بن أبي بكر بن محمد السيوطي أبو الفضل	ShamAY	34090	0.45137
		اليقين في اختصاص مولانا علي(ع) بإمرة المؤمنين‏	السيد علي بن موسى بن طاووس	Masaha	2866	0.45129
		ديوان ديك الجن	ديك الجن الحمصي عبد السلام بن رغبان. (161 - 236 هـ).	ShamAY	37948	0.4512
		ذوو الاحتياجات الخاصة في ضوء القرآن والسنة	صهيب فايز عزام	ShamelaY19	150305	0.4512
		خطب الجمعة ومسؤوليات الخطباء	مجلس الدعوة والإرشاد	ShamAY	30928	0.45114
		في رحاب الشيعه	باقر شريف قرشي	Ghbook	7099	0.45114
		الروزنامجة	إسماعيل بن عباد بن العباس، أبو القاسم الطالقاني، المشهور بالصاحب بن عباد (المتوفى: 385هـ)	ShamAY	863	0.45112
		هل أنت من أهل الغفلة ?	أزهري أحمد محمود	ShamelaY19	36330	0.4511
		إنباء الغمر بأبناء العمر	أبو الفضل أحمد بن علي بن محمد بن أحمد بن حجر العسقلاني (المتوفى: 852ه)	ShamelaY19	26317	0.45109
		صلاة الجمعة - مفهوم، وشروط، وفضائل، وخصائص، وآداب، وأحكام في ضوء الكتاب والسنة	د. سعيد بن علي بن وهف القحطاني	ShamAY	1854	0.45106
		قطوف من الشمائل المحمدية والأخلاق النبوية والآداب الإسلامية	محمد بن جميل زينو	ShamAY	37403	0.45103
		الخلاصة في أحكام صلاة الخوف	علي بن نايف الشحود	ShamAY	1620	0.45103
		 كتاب في المعدة وأمراضها ومداواتها 	 ابن جزار القيرواني 	ABLibrary	9836	0.45098
		 تاريخ الغيبة الصغرى 	 السيد محمد الصدر 	ABLibrary	7451	0.45097
		 استدراكات البعث والنشور 	 أحمد بن الحسين البيهقي 	ABLibrary	8331	0.45097
		واقع الشيعه	آيت الله العظمي سيد محمد حسيني شيرازي	Ghbook	7867	0.45097
		مثير الاحزان	جعفر بن هبه الله ابن نما حلي	Ghbook	2600	0.45097
		وسائل الشيعة [ج ٢٧]	محمد بن الحسن الحرّ العاملي [ العلامة الشيخ حرّ العاملي ]	Rafed	354	0.45094
		 الذريعة 	 آقا بزرگ الطهراني 	ABLibrary	858	0.45093
		تشبيه الخسيس بأهل الخميس	الذهبي، شمس الدين	ShamAY	36028	0.45091
		موسوعة الإمام العسكري(ع) - الجزء1	الشيخ أبو القاسم الخزعلي‏	Masaha	3125	0.45091
		كلمه الامام الكاظم ( عليه السلام )	حسن شيرازي	Ghbook	7985	0.45086
		 جامع المسائل 	 الشيخ فاضل اللنكراني 	ABLibrary	9510	0.45085
		فدك	آيت الله العظمي ميرزا جواد تبريزي	Ghbook	16206	0.45085
		الغيبة الصغرى والسفراء الاربعة	الشيخ فاضل المالكي	Masaha	367	0.45083
		قصه الشيعه	آيت الله العظمي سيد محمد حسيني شيرازي	Ghbook	7775	0.45082
		إثبات الشفاعة للذهبي	شمس الدين أبو عبد الله محمد بن أحمد بن عثمان بن قايماز الذهبي (المتوفى: 748ه)	Sham19Y	26890	0.45078
		بصائر ذوي التمييز في لطائف الكتاب العزيز [ج ٦]	مجد الدين محمد بن يعقوب الفيروزآبادي	Rafed	3853	0.45077
		ذم الدنيا	أبو بكر عبد الله بن محمد بن عبيد بن سفيان بن قيس البغدادي الأموي القرشي المعروف بابن أبي الدنيا (المتوفى: 281ه)	ShamelaY19	21546	0.45074
		غاية المرام وحجة الخصام - الجزء2	السيد هاشم البحراني	Masaha	359	0.45073
		 في رحاب أهل البيت ( ع ) 	 لجنة بحوث المجمع العالمي لأهل البيت ( ع ) 	ABLibrary	8548	0.45072
		حكم الغناء والمعازف وآلات الملاهي والمؤثرات الصوتية	أبو فيصل البدراني	ShamelaY19	96248	0.45071
		بقيع الغرقد	الشيخ محمّد أمين الأميني	Rafed	2315	0.45069
		تراجعات الألباني	محمد ناصر الدين الألباني (المتوفى: 1420ه)	Sham19Y	8217	0.45067
		النّظام الصحّي والسّياسة الطبّيّة في الإسلام	الدكتور زهير الاعرجي	Rafed	226	0.45066
		التدوين المبكر للسنة بين الدكتور صبحي الصالح والمستشرقين - قراءة في كتاب «علوم الحديث ومصطلحه»	الدكتور ماجد أحمد نيازي الدرويش، أستاذ الحديث وعلومه في جامعة الجنان - طرابلس	ShamelaY19	96176	0.45065
		الصرف بين معاني القرآن للفراء ومعاني القرآن للأخفش (دراسة موازنة)		ShamAY	36918	0.45062
		الإيمان للعدني	أبو عبد الله محمد بن يحيى ابن أبي عمر العدني (المتوفى: 243هـ)	ShamAY	13006	0.45062
		 في رحاب أهل البيت ( ع ) 	 لجنة بحوث المجمع العالمي لأهل البيت ( ع ) 	ABLibrary	8557	0.45062
		نظره في حركيه الممارسه الاماميه عند الامام جعفر الصادق ( عليه السلام )	وجيه فانوس	Ghbook	5027	0.45061
		مصطلح فلسفة التربية في ضوء المنهج الإسلامي (دراسة نقدية)	خالد بن حامد الحازمي	ShamAY	1988	0.45056
		الصيام سؤال وجواب	سالم العجمي	ShamAY	36391	0.45055
		فضل الصلاة على النبي صلى الله عليه وسلم	أحمد بن عبد الله الباتلي	ShamAY	34807	0.45054
		تحقيق جزء من علل ابن أبي حاتم	عبد الرحمن بن محمد بن إدريس بن المنذر التميمي، الحنظلي، الرازي ابن أبي حاتم (المتوفى: 327هـ)	ShamAY	35220	0.45054
		قاموس الإملاء	الدكتور مسعد محمد زياد	ShamAY	2112	0.45041
		سبل الهدى و الرشاد في سيرة خير العباد - الجزء1	محمد بن يوسف الصالحي الدمشقي‏	Masaha	2207	0.4504
		تسهيل الفرائض	محمد بن صالح بن محمد العثيمين (المتوفى: 1421هـ)	ShamAY	11095	0.45039
		الأحاديث التي أعل الإمام البخاري متونها بالتناقض	بسام بن عبد الله بن صالح الغانم العطاوي	ShamAY	32005	0.45032
		انبعاث الإسلام في الأندلس	علي بن محمد المنتصر بالله الكتاني (المتوفى: 1422هـ)	ShamAY	1166	0.45031
		الكواكب السائرة بأعيان المئة العاشرة	نجم الدين محمد بن محمد الغزي (المتوفى: 1061هـ)	ShamAY	10912	0.4503
		الوجيز في أسماء الله الحسنى	محمد الكوس	ShamAY	34910	0.45027
		 سلسلة المسائل الفقهية 	 الشيخ السبحاني 	ABLibrary	9589	0.45027
		 دليل تحرير الوسيلة ( المضاربة ) 	 علي أكبر السيفي المازندراني 	ABLibrary	9754	0.45024
		حركه التاريخ وسننه عند علي وفاطمه عليهما السلام	نبيل قدوري الحسني	Ghbook	12318	0.45023
		أصول السنة للحميدي	الحُمَيْدي، أبو بكر	ShamAY	35652	0.45014
		انتظار	مرتضي مجتهدي سيستاني	Ghbook	16298	0.45014
		السير لأبي إسحاق الفزاري	أبو إسحاق إبراهيم بن محمد بن الحارث بن أسماء بن خارجة بن حصن الفزاري (المتوفى: 188ه)	ShamelaY19	29344	0.45013
		تاريخ الإسلام ووفيات المشاهير والأعلام [ج ٣]	شمس الدين محمّد بن أحمد بن عثمان الذّهبي	Rafed	3330	0.45012
		الإسلام والحركات الهدامة المعاصرة	عبد المحسن بن حمد بن عبد المحسن بن عبد الله بن حمد العباد البدر	ShamAY	8736	0.45011
		أسرار المرضى	هاني بن عبد الله جبير	ShamAY	34867	0.45009
		 سلسلة المسائل الفقهية 	 الشيخ السبحاني 	ABLibrary	9588	0.45007
		نزهة الناظر وتنبيه الخاطر	الحسين بن محمد الحلواني	Masaha	4683	0.45007
		التنصير، مفهومه وأهدافه ووسائله وسبل مواجهته	علي بن إبراهيم الحمد النملة	Sham19Y	30798	0.45005
		فتوح مصر وأخبارها - الفكر	أبو القاسم عبد الرحمن بن عبد الله عبد الحكم بن أعين القرشي المصري	ShamAY	33822	0.45004
		الكافي [ج ١٥]	أبو جعفر محمّد بن يعقوب الكليني الرازي	Rafed	1474	0.45001
		العلمانية ذلك الشرك الأكبر	محمد الفزازي	ShamAY	33297	0.44999
		بحار الأنوار [ج ٢٤]	الشيخ محمّد باقر بن محمّد تقي المجلسي	Rafed	895	0.44999
		مستدرك الوسائل [ج ١٨]	الشيخ حسين النوري الطبرسي [ المحدّث النوري ]	Rafed	1229	0.44997
		امتنان العلي بعدم زكاة الحلي	فريح بن صالح البهلال	ShamAY	33201	0.44996
		حديث مدينة العلم	الشيخ عبد الحسين الأميني النجفي	Masaha	233	0.44996
		الروزنامجة	إسماعيل بن عباد بن العباس، أبو القاسم الطالقاني، المشهور بالصاحب بن عباد (المتوفى: 385ه)	ShamelaY19	37461	0.44989
		مجموعة مهمة في التجويد والقراءات (15 متنا في التجويد والقراءات)	مجموعة من المؤلفين	Sham19Y	29915	0.44985
		أصول الإيمان لابن باز	عبد العزيز بن عبد الله بن باز (المتوفى: 1420ه)	Sham19Y	11179	0.44981
		الأدلة الشرعية على تحريم مصافحة المرأة الأجنبية	حسام الدين بن موسى محمد بن عفانة	Sham19Y	9273	0.44981
		مراتب الإجماع في العبادات والمعاملات والاعتقادات	أبو محمد علي بن أحمد بن سعيد بن حزم الأندلسي القرطبي الظاهري (المتوفى : 456هـ)	ShamAY	12446	0.44977
		مع المهدي المنتظر (عجل الله تعالي فرجه الشريف ) في دراسه منهجيه مقارنه بين الفكر...	جمعي از نويسندگان	Ghbook	6685	0.44977
		سياسة عمر بن عبدالعزيز في سن الأنظمة	عبد العزيز بن سطام آل سعود	ShamAY	33164	0.44976
		الحلل الإبريزية من التعليقات البازية على صحيح البخاري	ابن باز	ShamelaY19	20872	0.44975
		الميراث بالقرابه او بالتعصيب	آيت الله العظمي جعفر سبحاني	Ghbook	5057	0.44975
		 الجواهر الفخرية في شرح الروضة البهية 	 قدرت الله وجداني فخر 	ABLibrary	9457	0.44971
		إعانة المستفيد بِضَبْطِ مَتْنَي " التُّحْفَةِ وَالْجَزَرِيَّةِ " فِي عِلْمِ التَّجْوِيدِ		ShamAY	36956	0.44966
		فضائل مكة لأبي سعيد الجندي	أبو سعيد المفضل بن محمد الجندي (المتوفى: 308 ه)	ShamelaY19	143167	0.44965
		بحار الأنوار [ج ٢٦]	الشيخ محمّد باقر بن محمّد تقي المجلسي	Rafed	899	0.44959
		فضائل الصيام وقيام صلاة التراويح - مفهوم، وفوائد، وفضائل، وخصائص	د. سعيد بن علي بن وهف القحطاني	ShamelaY19	96512	0.44958
		الرأي السديد فيما إذا وافق يوم الجمعة العيد	الواحدي :: ابن جبرين	ShamAY	36496	0.44955
		القول الفصل في العمل بالحديث المرسل	حسن مظفر رزق	ShamAY	8875	0.44953
		القول الأشرف في الفتح عن المصحف	الإمام محمد عبد الحي اللكنوي (ت1304هـ)	ShamAY	36008	0.44952
		التوسل: عباده توحيديه	محمد السند	Ghbook	8402	0.44946
		نبي الاسلام ( صلي الله عليه و آله و سلم ) خير هاد للبشريه	آيت الله العظمي حسيني	Ghbook	7924	0.44945
		أصول الفقه [ج ٨]	آية الله الشيخ حسين الحلّي	Rafed	987	0.44944
		موسوعة تاريخ العراق بين احتلالين [ج ٥]	عباس العزاوي المحامي	Rafed	1923	0.44944
		التدوين في أخبار قزوين‏  - الجزء1	عبد الكريم الرافعي القزويني	Masaha	4108	0.44943
		الجامع لعلوم الإمام أحمد - علل الحديث	إبراهيم النحاس	ShamelaY19	20868	0.44941
		التدوين في أخبار قزوين	عبد الكريم بن محمد بن عبد الكريم، أبو القاسم الرافعي القزويني (المتوفى: 623هـ)	ShamAY	7435	0.44935
		الشرح المختصر على نظم الآجرومية	أبو عبد الله، أحمد بن عمر بن مساعد الحازمي	ShamelaY19	36106	0.44934
		ترياق الأحزان وراحة الأبدان الصبر	أزهري أحمد محمود	ShamelaY19	27820	0.44934
		متن الأخضري في العبادات على مذهب الإمام مالك	أبو زيد عبد الرحمن بن محمد الصغير الأخضري (المتوفى: 983هـ)	ShamAY	31995	0.44932
		صحابة الإمام علي بن أبي طالب ودورهم في الحياة العامة للمسلمين	خلود الياسري	ShamAY	37122	0.4493
		أثر تعلم القرآن الكريم في تنمية الملكة الفقهية- د. الوليدآل فريان	د. الوليد آل فريان	ShamAY	36765	0.44928
		سيرة ابن هشام ت طه عبد الرؤوف سعد	عبد الملك بن هشام بن أيوب الحميري المعافري، أبو محمد، جمال الدين (المتوفى: 213هـ)	ShamAY	7450	0.44928
		 الموسوعة الكبرى عن فاطمة الزهراء ( س ) 	 اسماعيل الأنصاري الزنجاني الخوئيني 	ABLibrary	7818	0.44926
		 العروة الوثقى مع التعليقات 	 السيد اليزدي 	ABLibrary	9400	0.44922
		مرجعيه اهل البيت عليهم السلام	ابراهيم اميني	Ghbook	11226	0.44916
		أحكام الجراحة الطبية والآثار المترتبة عليها	محمد بن محمد المختار الشنقيطي	ShamAY	994	0.44914
		العنعنة من صيغ الاداء للحديث  الشريف (تاريخها،دلالتها و قيمتها العلمية في الكافي...	محمد رضا حسيني جلالي	Ghbook	16357	0.44914
		التربه الحسينيه	عبدالرضا زبيدي	Ghbook	5913	0.44912
		فضائل الخمسة من الصحاح الستة - الجزء1	السيد مرتضى الفيروزآبادي‏	Masaha	2877	0.44912
		الردود المفحمة على منكري السنة المطهرة	الشيخ عدنان بن محمد العرعور	ShamelaY19	147091	0.4491
		الكشكول - الجزء1	الشيخ البهائي	Masaha	3394	0.4491
		 حاشية الدسوقي على الشرح الكبير 	 الشيخ محمد الدسوقي 	ABLibrary	876	0.44909
		عوالم العلوم (الجزء 57) في فضل الدّعاء وآدابه وشرائطه	محمد باقر بن مرتضي موحد ابطحي اصفهاني	Ghbook	15278	0.44909
		الذّريعة إلى تصانيف الشّيعة [ج ١٨]	الشيخ آقا بزرك الطهراني	Rafed	484	0.44905
		طبقات الصوفية للسلمي ويليه ذكر النسوة المتعبدات الصوفيات	محمد بن الحسين بن محمد بن موسى بن خالد بن سالم النيسابوري، أبو عبد الرحمن السلمي (المتوفى: 412هـ)	ShamAY	6686	0.44904
		 الموسوعة الكبرى عن فاطمة الزهراء ( س ) 	 اسماعيل الأنصاري الزنجاني الخوئيني 	ABLibrary	7824	0.44904
		طريقك إلى الدعاء المستجاب	أزهري أحمد محمود	ShamelaY19	36344	0.44903
		شرحُ مُسْنَد الشَّافِعيِّ	عبد الكريم بن محمد بن عبد الكريم، أبو القاسم الرافعي القزويني (المتوفى: 623هـ)	ShamAY	31730	0.44901
		السراج المنير في ترتيب أحاديث صحيح الجامع الصغير	الحافظ جلال الدين السيوطي - العلامة محمد ناصر الدين الألباني	Sham19Y	18571	0.44898
		تنقيح مباني العروه: كتاب الزكاه	آيت الله العظمي ميرزا جواد تبريزي	Ghbook	12749	0.44896
		الأدلة علي ركنية قراءة الفاتحة للمأموم والرد علي المخالف	محمد بن عمران	ShamAY	36568	0.44893
		تسهيل الفوائد وتكميل المقاصد	محمد بن عبد الله، ابن مالك الطائي الجياني، أبو عبد الله، جمال الدين (المتوفى: 672هـ)	ShamAY	31762	0.44892
		اصول الكافي	محمد بن يعقوب شيخ كليني	Ghbook	2153	0.44892
		الصحيح من سيرة النبي الأعظم صلّى الله عليه وآله [ج ١٢]	السيد جعفر مرتضى العاملي	Rafed	2502	0.44888
		الوالدان بين البر والعقوق	حسني محمد العطار	ShamAY	35191	0.44877
		سلاح المؤمن في الدعاء والذكر	محمد بن محمد بن علي بن همام أبو الفتح، تقيّ الدين، المعروف بابن الإِمَام (المتوفى: 745هـ)	ShamAY	6843	0.44877
		موقف الاستشراق من السنة والسيرة النبوية	أكرم بن ضياء العمري	Sham19Y	37349	0.44874
		الرسول الأعظم صلّى الله عليه وآله وسلّم على لسان ريحانتيه الامام الحسن و الحسين عليهما السلام	السيّد محسن الحسيني الأميني	Rafed	2994	0.44874
		 مراصد الإطلاع على أسماء الأمكنة والبقاع 	 عبد المؤمن البغدادي 	ABLibrary	9184	0.44873
		إثبات الشفاعة للذهبي	شمس الدين أبو عبد الله محمد بن أحمد بن عثمان بن قَايْماز الذهبي (المتوفى: 748هـ)	ShamAY	26890	0.44872
		اسئله المهاجرين	محمد حسيني شاهرودي	Ghbook	2149	0.44871
		كتاب الأصنام	أبو المنذر هشام بن محمد أبي النضر ابن السائب ابن بشر الكلبي (المتوفى: 204هـ)	ShamAY	6513	0.44869
		ايمان ابي طالب عليه السلام	محمد بن  محمد بن نعمان شيخ مفيد	Ghbook	2422	0.44869
		العقد الثّمين في تاريخ البلد الأمين [ج ٦]	تقي الدين محمّد بن أحمد الحسني الفاسي المكّي	Rafed	2227	0.44863
		الأحاديث والآثار الواردة في أحكام القرآن للكيا الهراسي، تخريجا ودراسة	صالح البهلال	ShamAY	33082	0.44862
		الأصول الأصليّة والقواعد الشرعيّة	السيّد عبد الله شبّر	Rafed	3864	0.44857
		تحرير ألفاظ التنبيه	أبو زكريا محيي الدين يحيى بن شرف النووي (المتوفى: 676هـ)	ShamAY	7043	0.44854
		النسبة إلى المواضع والبلدان	المؤرخ العلامة جمال الدين عبد الله الطيب بن عبد الله بن أحمد بامخرمة الحميري	ShamAY	37021	0.44854
		وأصلحنا له زوجه	عبد الملك بن محمد القاسم	ShamelaY19	36549	0.44849
		موجز عن الدوله العثمانيه	آيت الله العظمي سيد محمد حسيني شيرازي	Ghbook	7849	0.44844
		منزلة الصلاة في الإسلام - المفهوم، والحكم، والمنزلة، والخصائص، وحكم الترك، والفضائل في ضوء الكتاب والسنة	د. سعيد بن علي بن وهف القحطاني	ShamelaY19	31234	0.44843
		المأمول من لباب الأصول	أبو حسام الدين الطرفاوي	ShamAY	37531	0.44841
		قراءة جديدة لحروب الردة	علي كوراني	Ghbook	15122	0.44841
		الاستفتاءات الدمشقيه	آيت الله العظمي سيد محمد حسيني شيرازي	Ghbook	7972	0.44832
		المواجهه مع رسول الله و آله (القصه الكامله)	احمد حسين يعقوب اردني	Ghbook	5282	0.44832
		الدعوة الفردية وأهميتها في تربية الأجيال	عقيل بن محمد بن زيد المقطري	ShamAY	1876	0.44831
		أنوار الفقاهة (كتاب الاجارة)	الشيخ حسن كاشف الغطاء	Masaha	900	0.4483
		 المواعظ والإعتبار في ذكر الخطط والآثار ( ط لندن ) 	 المقريزي 	ABLibrary	9241	0.44821
		الاستخلاف	أبو محمد عبد الله بن محمد بن أحمد الطيار	ShamAY	36148	0.4482
		الانتظار	مرتضي مجتهدي سيستاني	Ghbook	2502	0.4482
		إنباء الغمر بأبناء العمر	أبو الفضل أحمد بن علي بن محمد بن أحمد بن حجر العسقلاني (المتوفى: 852هـ)	ShamAY	26317	0.44816
		سفر أخبار الأيام الثاني دراسة تحليلية نقدية	حسني محمد العطار	ShamAY	37784	0.44815
		الفتح الرباني لترتيب مسند الإمام أحمد بن حنبل الشيباني ومعه بلوغ الأماني من أسرار الفتح الرباني	أحمد بن عبد الرحمن بن محمد البنا الساعاتي (المتوفى: 1378 ه)	ShamelaY19	124910	0.44815
		الامام حسين عليه السلام في وجدان الفرد العراقي	علي الفتلاوي	Ghbook	12276	0.44815
		 غاية المرام بأخبار سلطنة البلد الحرام 	 عبد العزيز بن عمر ابن فهد 	ABLibrary	9149	0.44813
		الجوانب الروحية للتداوي	مهدي قاضي	ShamAY	35060	0.44809
		احترام الانسان في الاسلام	آيت الله العظمي سيد محمد حسيني شيرازي	Ghbook	7890	0.44809
		تَكملَة مُعجم المُؤلفين، وَفيات (1397 - 1415 هـ) = (1977 - 1995 م)	محمد خير بن رمضان بن إسماعيل يوسف	ShamAY	1026	0.44805
		 مراصد الإطلاع على أسماء الأمكنة والبقاع 	 عبد المؤمن البغدادي 	ABLibrary	9183	0.44804
		طبقات النحويين واللغويين (سلسلة ذخائر العرب 50)	محمد بن الحسن بن عبيد الله بن مذحج الزبيدي الأندلسي الإشبيلي، أبو بكر (المتوفى: 379ه)	Sham19Y	13235	0.44801
		الحلقة الضائعة من تاريخ جبل عامل	علي داود جابر	Rafed	2370	0.44798
		سلاح المؤمن في الدعاء والذكر	محمد بن محمد بن علي بن همام أبو الفتح، تقي الدين، المعروف بابن الإمام (المتوفى: 745ه)	Sham19Y	6843	0.44795
		حكم الغناء والمعازف وآلات الملاهي والمؤثرات الصوتية	أبو فيصل البدراني	ShamAY	1721	0.44794
		نبذة لطيفة ونصيحة شريفة - سلسلة لقاء العشر الأواخر بالمسجد الحرام (2)	حسن بن أحمد (أغا) بن عبد القادر (أغا) الحلبي الأصل، الدمشقي، الشافعي، الشهير بـ «جُبَينة» (المتوفى: 1306 هـ)	ShamAY	32401	0.44793
		مفاتيح الأغاني في القراءات والمعاني	محمد بن أبي المحاسن محمود بن أبي الفتح محمد بن أبي شجاع أحمد الكرماني، أبو العلاء الحنفي (المتوفى: بعد 563هـ)	ShamAY	2048	0.44793
		الإتحافات السنية بالأحاديث القدسية - ط الرسالة	عبدالرؤوف بن تاج العارفين بن زين العابدين الحدادي ثم المناوي القاهري	ShamAY	34121	0.44791
		قواعد الجغرافيا العامة الطبيعية والبشرية	جودة حسنين جودة - فتحي محمد أبو عيانة	ShamAY	12054	0.44789
		هدى الطالب إلى شرح المكاسب [ج ٣]	السيّد محمّد جعفر الجزائري المروّج	Rafed	3011	0.44789
		مجموعة مهمة في التجويد والقراءات (15 متنا في التجويد والقراءات)	مجموعة من المؤلفين	ShamAY	1461	0.44786
		أحكام الألفاظ وأحكام الطلاق والأيمان والنذور	أبو فيصل البدراني	ShamAY	1710	0.44779
		 الموسوعة الكبرى عن فاطمة الزهراء ( س ) 	 اسماعيل الأنصاري الزنجاني الخوئيني 	ABLibrary	7825	0.44779
		موت الألفاظ في العربية	عبد الرزاق بن فراج الصاعدي	Sham19Y	1539	0.44778
		معاني الأخبار	الشيخ الصدوق	Masaha	712	0.44778
		مفاتيح الأغاني في القراءات والمعاني	محمد بن أبي المحاسن محمود بن أبي الفتح محمد بن أبي شجاع أحمد الكرماني، أبو العلاء الحنفي (المتوفى: بعد 563ه)	Sham19Y	21819	0.44776
		مجموعة مهمة في التجويد والقراءات (15 متنا في التجويد والقراءات)	مجموعة من المؤلفين	ShamelaY19	29915	0.4477
		رحلة الفرنسي تافرنيية الي العراق	ژان باتيست تاورنيه	Ghbook	9517	0.44767
		الرد علي شبهات الوهابيه	غلامرضا كاردان	Ghbook	15433	0.44762
		الأربعون النووية (مع زيادات ابن رجب رحمهما الله)	محيي الدين النووي (631 - 676 ه) وابن رجب الحنبلي (736 - 795 ه)	Sham19Y	147927	0.44754
		احياء الميت بفضائل اهل البيت ( عليهم السلام )	جلال الدين عبدالرحمن بن ابي بكر سيوطي	Ghbook	9198	0.44754
		أسباب النزول ـ ت الفحل	أبو الحسن علي بن أحمد بن محمد بن علي الواحدي، النيسابوري	ShamAY	36736	0.4475
		 العقد الثمين في تاريخ البلد الأمين 	 محمد بن أحمد الفاسي 	ABLibrary	9145	0.44748
		المسح في وضوء الرسول ( صلي الله عليه و آله ) دراسات مقارنه بين المذاهب الاسلاميه	محمد حسن آمدي	Ghbook	9793	0.44748
		رمضان والعيد عادات وتقاليد	محمّد رجب السامرّائي	ShamAY	35108	0.44744
		موسوعة الإمام الخوئي [ج ٨]	الشيخ علي الغروي	Rafed	866	0.44743
		لمع الأدلة في قواعد عقائد أهل السنة والجماعة	عبد الملك بن عبد الله بن يوسف بن محمد الجويني، أبو المعالي، ركن الدين، الملقب بإمام الحرمين (المتوفى: 478هـ)	ShamAY	6398	0.44742
		كيف ينظر الاسلام الي السجين ؟	آيت الله العظمي سيد محمد حسيني شيرازي	Ghbook	7796	0.44741
		مسند زيد بن علي	زيد بن علي	Masaha	544	0.44741
		 كتاب منجم العمران في المستدرك على معجم البلدان 	 السيد محمد أمين الخانجي 	ABLibrary	9165	0.44736
		إيضاح المدارك في الإفصاح عن العواتك - سلسلة لقاء العشر الأواخر بالمسجد الحرام (16)	محمد بن محمد بن عبد الرزاق الحسيني، أبو الفيض، الملقب بمرتضى، الزبيدي (المتوفى: 1205 ه)	Sham19Y	13995	0.44734
		أخبار مكّة في قديم الدّهر وحديثه [ج ٣]	أبي عبد الله محمّد بن إسحاق ابن العبّاس الفاكهي المكّي	Rafed	2111	0.44734
		شمس العلوم ودواء كلام العرب من الكلوم	نشوان بن سعيد الحميرى اليمني (المتوفى: 573ه)	ShamelaY19	23358	0.44731
		العبادة	-	ShamAY	1914	0.44726
		الإبدال في لغات الأزد دراسة صوتية في ضوء علم اللغة الحديث	أحمد بن سعيد قشاش	ShamAY	8707	0.44726
		أخبار الوافدات من النساء على معاوية بن أبي سفيان	العباس بن بكار (أو ابن الوليد بن بكار) الضبي (المتوفى: 222هـ)	ShamAY	6717	0.44725
		آداب المواكلة	الغزي، أبو البركات	Sham19Y	466	0.44722
		دَرْجُ الدُّرر في تَفِسيِر الآيِ والسُّوَر	أبو بكر عبد القاهر بن عبد الرحمن بن محمد الفارسي الأصل، الجرجاني الدار (المتوفى: 471هـ)	ShamAY	31695	0.44721
		الفانيد في حلاوة الأسانيد - سلسلة لقاء العشر الأواخر بالمسجد الحرام (3)	عبد الرحمن بن أبي بكر، جلال الدين السيوطي (المتوفى: 911 هـ)	ShamAY	32389	0.44721
		تهذيب اللغة [ج ٨]	محمّد بن أحمد الأزهري	Rafed	1959	0.44721
		حديث خطبه علي ، بنت ابي جهل	آيت الله علي حسيني ميلاني	Ghbook	4814	0.44719
		توضيح مقاصد المصطلحات العلمية في الرسالة التدمرية	محمد بن عبد الرحمن الخميس	ShamAY	11125	0.44717
		ايضاح المدارك في الإفصاح عن العواتك للزبيدي	مرتضى الزبيدي :: الزبيدي، مرتضى	ShamAY	36056	0.44715
		العول في الفرائض	آيت الله العظمي جعفر سبحاني	Ghbook	5051	0.44715
		القول السديد فى بيان حكم التجويد		ShamAY	36963	0.44707
		وسائل الشيعة [ج ٥]	محمد بن الحسن الحرّ العاملي [ العلامة الشيخ حرّ العاملي ]	Rafed	293	0.44705
		آرشيو دروس خارج اصول آيت الله سيد عليرضا حائري 37	آيت  الله سيد عليرضا حائري	Ghbook	14520	0.44702
		البكاء علي موتي المومنين	المجمع العالمي لاهل البيت عليهم السلام	Ghbook	7535	0.44701
		موت الألفاظ في العربية	عبد الرزاق بن فراج الصاعدي	ShamAY	1539	0.44696
		مبارق الأزهار في شرح مشارق الأنوار	عبد اللطيف بن ملك	ShamAY	35990	0.44693
		عبد الحميد بن باديس وجهوده التربوية	مصطفى حميداتو	ShamAY	35827	0.44693
		رسالة في حديث عليكم بسنّتي وسنّة الخلفاء الراشدين	السيّد علي الحسيني الميلاني	Rafed	217	0.44692
		ترياق الأحزان وراحة الأبدان الصبر	أزهري أحمد محمود	Sham19Y	27820	0.44691
		إدارة الوقت من المنظور الإسلامي والإداري	د خالد بن عبد الرحمن بن علي الجريسي	ShamAY	1497	0.44688
		زكاة الأراضي وقضاياها المعاصرة	عبد الله بن عمر السحيباني	ShamAY	36564	0.44686
		تكملة معجم المؤلفين، وفيات (1397 - 1415 ه) = (1977 - 1995 م)	محمد خير بن رمضان بن إسماعيل يوسف	Sham19Y	36031	0.44686
		إدارة الوقت من المنظور الإسلامي والإداري	د خالد بن عبد الرحمن بن علي الجريسي	Sham19Y	1497	0.44681
		دراسة في الروايات التي نسبت الشرك للرسول (صلى الله عليه وآله وسلم)	حسين الشرهاني	ShamAY	33085	0.44678
		المقتصر من شرح المختصر	جمال الدين أحمد بن محمد الحلي	Masaha	1076	0.44672
		إحقاق الحقّ وإزهاق الباطل [ج ٢١]	آية الله السيّد شهاب الدين الحسيني المرعشي النجفي	Rafed	2762	0.44671
		زوائد مسائل الجاهلية	عبد الله بن محمد بن أحمد الدويش (المتوفى: 1409هـ)	ShamAY	21507	0.4467
		الرويا في الاسلام و المنامات 	آيت الله العظمي حسيني	Ghbook	7827	0.44668
		النوادر	فضل الله بن علي‏ الراوندي الكاشاني	Masaha	4549	0.44668
		الملحوظات علي كتاب كشف الشبهات	لجنة البحوث و الدراسات بالطريقة العزمية	Ghbook	7587	0.44665
		ديوان جميل بثينة	جميل بن عبد الله بن معمر العذري القضاعي، أبو عمرو	ShamAY	37931	0.44658
		عراق المستقبل ، آفاق و تطلعات	آيت الله العظمي حسيني	Ghbook	8044	0.44653
		تحذير المسلمين من السب والاستهزاء بالدين	أبو عبد الرحمن المصري	Sham19Y	2139	0.44651
		مرويات غزوة الحديبية جمع وتخريج ودراسة	حافظ بن محمد عبد الله الحكمي	ShamAY	11394	0.4465
		الطواف في الطابق الاعلي من الكعبه	محمد جواد فاضل لنكراني	Ghbook	15212	0.44648
		السراج المنير في ترتيب أحاديث صحيح الجامع الصغير	الحافظ جلال الدين السيوطي - العلامة محمد ناصر الدين الألباني	ShamAY	32431	0.44644
		قوة الحجاج في عموم المغفرة للحجاج	ابن حجر العسقلاني (852 هـ)	ShamAY	34311	0.44644
		عيون الغرر في فضائل الآيات والسور	مشتاق مظفر	Rafed	201	0.44643
		رسالة فيمن يدعي أن من ذرية العباس بن عبد المطلب رضي الله عنه حمزة الخلف	إبراهيم بن محمد بن محمود بن بدر، برهان الدين، أبو إسحاق الحلبي القبيباتي الشافعي الناجي (المتوفى: 900ه)	ShamelaY19	27090	0.4464
		 مسند الإمام الحسين ( ع ) 	 الشيخ عزيز الله عطاردي 	ABLibrary	7704	0.44638
		هل شكرت الله على نعمه؟	أزهري أحمد محمود	ShamelaY19	36512	0.44637
		المهدي المنتظر كونيه العداله و عداله التكوين	موسسه تحقيقات و نشر معارف اهل البيت عليهم السلام	Ghbook	6631	0.44636
		الامام الهادي (ع) القياده العاشره للحركه الرساليه	ضياء الفاتح	Ghbook	4029	0.44636
		أحكام الغصب في الفقه الإسلامي	عبد الجبار شرارة	Masaha	4884	0.44636
		 الذريعة 	 آقا بزرگ الطهراني 	ABLibrary	862	0.44635
		الامام علي ( عليه السلام ) من المهد الي اللحد	آيت الله سيد محمد كاظم قزويني	Ghbook	8348	0.44634
		الزواج المؤقت في الإسلام	السيد مرتضى العسكري	Masaha	293	0.44633
		إعراب القراءات الشّواذ [ج ١]	محبّ الدين عبدالله بن الحسين البغدادي [ أبي البقاء العكبري ]	Rafed	3118	0.44629
		الورقة	أبو عبد الله محمد بن داود بن الجراح (المتوفى: 296هـ)	ShamAY	618	0.44626
		أبو نعيم الأصبهاني وكتابه (حلية الأولياء)	سعيد الرقيب الغامدي	ShamAY	37249	0.44624
		طبقات النحويين واللغويين (سلسلة ذخائر العرب 50)	محمد بن الحسن بن عبيد الله بن مذحج الزبيدي الأندلسي الإشبيلي، أبو بكر (المتوفى: 379هـ)	ShamAY	31755	0.44621
		 الذريعة 	 آقا بزرگ الطهراني 	ABLibrary	852	0.44615
		شرح المبرد على لامية العرب	الواحدي :: محمد بن يزيد المبرد	ShamAY	37226	0.44613
		تاريخ البيمارستانات في الإسلام	الدكتور أحمد عيسى (المتوفى: 1365ه)	Sham19Y	36083	0.44613
		 دمية القصر وعصرة أهل العصر 	 علي بن الحسن بن علي بن أبي الطيب الباخرزي 	ABLibrary	961	0.44613
		مدائح الشعراء في امام العلماء ( الامام الصادق عليه السلام )	عبدالله عدنان منتفكي	Ghbook	6248	0.44607
		 قضايا اميرالمومنين عليه السلام 	ابي اسحاق ابراهيم بن هاشم الكوفي القمي	Ghbook	16057	0.44604
		مشكلة زيادة المبنى		ShamAY	36877	0.44592
		تيسير الرحمن في أحكام سجود تلاوة القرآن	عصام عبد ربه مشاحيت	ShamAY	36176	0.44591
		من عقائد الشيعة - الشلهوب	فؤاد الشلهوب	ShamAY	37760	0.4459
		سنن ابن ماجه ت الأرنؤوط	ابن ماجة - وماجة اسم أبيه يزيد - أبو عبد الله محمد بن يزيد القزويني (المتوفى: 273هـ)	ShamAY	31622	0.44587
		الاسباب و العلامات	نجيب الدين محمد بن علي بن عمر سمرقندي	Ghbook	10402	0.44587
		صور من الحياة الاجتماعية بالمدينة المنورة منذ بداية القرن الرابع عشر الهجري وحتى العقد الثامن منه	أحمد ياسين الخياري	ShamAY	38416	0.44584
		فضل شرف علم الحديث وأهله	العراقي، زين الدين	ShamAY	37282	0.44583
		 منتخب كتاب جامع المفردات 	 أحمد بن محمد الغافقي 	ABLibrary	9871	0.44576
		مختصر تفسير البغوي المسمى بمعالم التنزيل	عبد الله بن أحمد بن علي الزيد	ShamAY	31364	0.44573
		موقعة اليرموك دراسة وتحليل	محمد السيد الوكيل	Sham19Y	4109	0.44569
		الوجيز النفيس في معرفة التدليس (بحث منشور في مجلة مركز البحوث والدراسات في الوقف السني -بغداد 2005م)	أبو ذر عبد القادر بن مصطفى بن عبد الرزاق المحمدي	Sham19Y	36051	0.44566
		الغدير - الجزء1	الشيخ عبد الحسين الأميني النجفي	Masaha	263	0.44565
		تحقيق الإيمان لابن تيمية	تقي الدين أبو العباس أحمد بن عبد الحليم بن تيمية (المتوفى: 728هـ)	ShamAY	264	0.44562
		الاهتمام بالسيرة النبوية باللغة الفرنسية (عرض وتحليل)	حسن بن إدريس عزوزي	ShamAY	7561	0.44558
		شرح ابن عقيل على ألفية ابن مالك	ابن عقيل ، عبد الله بن عبد الرحمن العقيلي الهمداني المصري (المتوفى : 769هـ)	ShamAY	9904	0.44558
		اشكاليات ترجمه معاني القرآن	محمود عزب	Ghbook	2763	0.44556
		أثر العلماء في تحقيق رسالة المسجد	د. ناصر بن عبد الكريم العقل	ShamelaY19	30925	0.44553
		 مسالك الأبصار في ممالك الأمصار 	 أحمد بن يحيى العمري 	ABLibrary	9200	0.44551
		حوادث الدهور في مدى الأيام والشهور	يوسف بن تغري بردي بن عبد الله الظاهري الحنفي، أبو المحاسن، جمال الدين (المتوفى: 874هـ)	ShamAY	9807	0.44543
		هداية الأصول في شرح كفاية الأصول [ج ٢]	حيدر علي المدرّسي البهسودي	Rafed	3646	0.44539
		رحلة ريج	كلاوديوس جيمز ريچ	Ghbook	9502	0.44539
		هل شكرت الله على نعمه؟	أزهري أحمد محمود	Sham19Y	36512	0.44533
		تصحيح مفاهيم خاطئة في قضية مهمة	صالح بن عبد العزيز	ShamAY	35734	0.44531
		أحكام الألفاظ وأحكام الطلاق والأيمان والنذور	أبو فيصل البدراني	ShamelaY19	96242	0.44531
		موسوعة عبد الله بن عبّاس [ج ٨]	السيد محمد مهدي السيد حسن الموسوي الخرسان	Rafed	1184	0.4453
		تراجم أحاديث الأبواب دراسة استقرائية في اللغة واصطلاح المحدثين من خلال صحيح البخاري	علي الزبن	ShamAY	34026	0.44516
		ديوان الأحوص	عبد الله بن محمد بن عبد الله بن عاصم الأنصاري المتوفى سنة 105هـ	ShamAY	37939	0.44515
		فتح الشكور في معرفة أعيان علماء التكرور	أبو عبد الله الطالب محمد بن أبي بكر الصديق البرتلي الولاتي (المتوفى: 1219هـ)	ShamAY	34641	0.44514
		آرشيو دروس خارج فقه آيت الله العظمي بشير حسين نجفي 38-37	آية الله العظمي الشيخ بشير حسين النجفي	Ghbook	14516	0.44514
		نسخة الزبير بن عدي	الزُّبَيْرُ بنُ عَدِيٍّ أَبُو عَدِيٍّ الهَمْدَانِيُّ اليَامِيُّ الكُوْفِيُّ، قَاضِي الرَّيِّ (المتوفى: 131هـ)	ShamAY	29699	0.44509
		بحث بعنوان عدالة الشهود عند الفقهاء	أفنان تلمساني	ShamAY	36566	0.44507
		تنقيح مباني الاحكام في شرح شرايع الاسلام - كتاب القصاص	آيت الله العظمي ميرزا جواد تبريزي	Ghbook	10101	0.44502
		بحار الأنوار [المدخل]	الشيخ محمّد باقر بن محمّد تقي المجلسي	Rafed	514	0.44496
		قصص وعبر وعظات من سيرة الصحابيات	ماجد البنكاني	ShamAY	35114	0.44495
		فتاوى اللجنة الدائمة - المجموعة الأولى	اللجنة الدائمة للبحوث العلمية والإفتاء	ShamAY	8381	0.44494
		خلاصة البدر المنير	ابن الملقن سراج الدين أبو حفص عمر بن علي بن أحمد الشافعي المصري (المتوفى: 804ه)	ShamelaY19	21104	0.44494
		بصائر ذوي التمييز في لطائف الكتاب العزيز [ج ٢]	مجد الدين محمد بن يعقوب الفيروزآبادي	Rafed	3837	0.44494
		غيث النفع في القراءات السبع	علي بن محمد بن سالم، أبو الحسن النوري الصفاقسي المقرئ المالكي (المتوفى: 1118هـ)	ShamAY	1450	0.4449
		معجم المسائل النحوية والصرفية الواردة في القرآن الكريم	الدكتور ف. عبد الرحيم (=فانيامبادي عبد الرحيم)	Sham19Y	11928	0.44488
		فقه علائم الظهور	محمد السند	Ghbook	4574	0.44488
		أهمية الدعوة	محمود شيت خطاب (المتوفى: 1419هـ)	ShamAY	9026	0.44483
		أول مرة أتدبر القرآن	عادل محمد خليل	ShamelaY19	151045	0.44474
		هل العهد الجديد كلمة الله؟	منقذ بن محمود السقار	ShamelaY19	38189	0.44474
		الكلام على وصول القراءة للميت لابن سرور المقدسي	محمد بن إبراهيم بن عبد الواحد بن علي، أبو عبد الله شمس الدين ابن أبي السرور المقدسي الحنبلي (المتوفى: 676ه)	ShamelaY19	26924	0.44474
		مائة منقبة	محمّد بن أحمد بن الحسن بن شاذان القمي	Rafed	1178	0.44474
		حكم إخراج زكاة الفطر قيمة (نقدا)	د. محمود بن إبراهيم الخطيب	ShamAY	10159	0.44464
		المسايل المتجدده 	آيت الله العظمي سيد محمد حسيني شيرازي	Ghbook	16077	0.44464
		المعمى في التراث العربي وموقف البلاغيين منه	المدرس المساعد وردة صالح نغماش	ShamAY	34550	0.44462
		التعاريف المهمة لطلاب الهمة	أبو عثمان المزيني	ShamAY	37165	0.4446
		مدرسة الكذابين في رواية التاريخ الإسلامي و تدوينه	خالد كبير علال	ShamAY	37321	0.44458
		النكت الشنيعة في بيان الخلاف بين الله تعالى والشيعة - رسالة تبحث في مخالفات الشيعة للقرآن	فصيح الدين، إبراهيم بن صبغة الله بن أسعد الحيدري البغدادي (المتوفى: 1299ه)	ShamelaY19	36081	0.44456
		بشارة المصطفى صلّى الله عليه وآله لشيعة المرتضى عليه السلام	عماد الدين أبي جعفر محمد بن أبي القاسم الطبري	Rafed	270	0.44455
		تهذيب اللغة [ج ٤]	محمّد بن أحمد الأزهري	Rafed	1940	0.44453
		الأسفار المقدسة عند اليهود وأثرها في انحرافهم عرض ونقد	محمود بن عبد الرحمن قدح	ShamAY	8729	0.4445
		التدوين المبكر للسنة بين الدكتور صبحي الصالح والمستشرقين - قراءة في كتاب «علوم الحديث ومصطلحه»	الدكتور ماجد أحمد نيازي الدرويش، أستاذ الحديث وعلومه في جامعة الجنان - طرابلس	ShamAY	1683	0.4445
		مختصر تفسير البغوي المسمى بمعالم التنزيل	عبد الله بن أحمد بن علي الزيد	Sham19Y	31364	0.4445
		 الشامل في الصناعة الطبية 	 ابن النفيس 	ABLibrary	9926	0.44446
		الإمام الكاظم وذراريه	إسماعيل الحاج عبدالرحيم الخفّاف	Rafed	2466	0.44443
		العزل عن المرأة دراسة شرعية وطبية	طارق الطواري	ShamAY	36390	0.44438
		سجود السهو - الطيار	أبو محمد عبدالله بن محمد بن أحمد الطيار	ShamAY	33228	0.44437
		البداء	مرتضي عسكري	Ghbook	2944	0.44435
		 شرح ديوان الحلاج 	 كامل مصطفى الشيبي 	ABLibrary	8906	0.44434
		لكود القشعم	محمد منير عبد المجيد لكود	ShamAY	37114	0.44432
		بذل الإحسان بتقريب سنن النسائي أبي عبد الرحمن	أبو إسحاق الحويني الأثري حجازي محمد شريف	ShamAY	31759	0.44429
		حسن التفهم والدرك فى مسألة الترك	عبد الله بن الصديق الغماري	ShamAY	37564	0.44428
		المسائل المنتخبه	آيت الله العظمي ميرزا جواد تبريزي	Ghbook	10096	0.44427
		القول الحسن في جواب القول لمن	عزمي زاده 977 - 1040هـ	ShamAY	33180	0.44425
		الذّريعة إلى تصانيف الشّيعة [ج ١٦]	الشيخ آقا بزرك الطهراني	Rafed	471	0.44421
		معجم اللغة العربية المعاصرة	د أحمد مختار عبد الحميد عمر (المتوفى: 1424هـ) بمساعدة فريق عمل	ShamAY	185	0.4442
		صحيح أبي داود - الأم	أبو عبد الرحمن محمد ناصر الدين، بن الحاج نوح بن نجاتي بن آدم، الأشقودري الألباني (المتوفى: 1420هـ)	ShamAY	25881	0.44417
		مكتبة المتون العلمية	مجموعة من المؤلفين	ShamAY	36167	0.44416
		سبل الهدى والرشاد، في سيرة خير العباد، وذكر فضائله وأعلام نبوته وأفعاله وأحواله في المبدأ والمعاد	محمد بن يوسف الصالحي الشامي (المتوفى: 942هـ)	ShamAY	1693	0.44416
		أصغر رسالة في نقض النصرانية	محمد بن عبد الله بن صالح السحيم	ShamAY	35327	0.44415
		الغلو	المجمع العالمي لاهل البيت عليهم السلام	Ghbook	7579	0.44412
		كتاب المحاربة من موطأ ابن وهب	أبو محمد عبد الله بن وهب بن مسلم المصري القرشي (المتوفى: 197هـ)	ShamAY	30173	0.44408
		المنطق	الشيخ محمّد رضا المظفّر	Rafed	1728	0.44407
		ديوان الحداد القيسي	أبو عبد الله محمد بن أحمد بن عثمان القيسي المتوفى سنة 480 هـ	ShamAY	37849	0.44405
		الدّعوات	قطب الدين سعيد بن هبة الله الراوندي [ قطب الدين الراوندي ]	Rafed	1856	0.44405
		الخرائج و الجرائح (الامام المهدي عجل الله تعالي فرجه الشريف)	قطب الدين سعيد بن هبة الله راوندي	Ghbook	6600	0.44398
		كيف نجمع شمل المسلمين ؟	آيت الله العظمي سيد محمد حسيني شيرازي	Ghbook	7789	0.44393
		تحقيق المقام فيما يتعلق بأوقات النهي عن الصلاة من أحكام	عيد بن سفر الحجيلي	ShamAY	12144	0.44384
		في خبر تزويج ام كلثوم من عمر	آيت الله علي حسيني ميلاني	Ghbook	7685	0.44381
		تحفة الطالب بمعرفة أحاديث مختصر ابن الحاجب - دار حراء	أبو الفداء إسماعيل بن عمر بن كثير القرشي الدمشقي (المتوفى: 774هـ)	ShamAY	34127	0.44379
		هويه الشيعه	آيت الله العظمي سيد محمد حسيني شيرازي	Ghbook	7865	0.44377
		الردود المفحمة على منكري السنة المطهرة	الشيخ عدنان بن محمد العرعور	Sham19Y	147091	0.44376
		الطلاق المعلق و الحلف بالطلاق و طلاق الحائض	آيت الله العظمي جعفر سبحاني	Ghbook	5049	0.44375
		المختصر من مرشد الانام لحج بيت الله الحرام	محمد رضا آل كاشف الغطاء	Ghbook	10215	0.44375
		الدره الفاخره	ملا حبيب الله شريف كاشاني	Ghbook	7069	0.44373
		 إثبات الهداة بالنصوص والمعجزات 	 الحر العاملي 	ABLibrary	7392	0.4436
		شرح ابن عقيل على ألفية ابن مالك	ابن عقيل	Sham19Y	9904	0.44359
		مسار الشيعه	محمد بن  محمد بن نعمان شيخ مفيد	Ghbook	2606	0.44353
		صلاة المريض - مفهوم، وفضائل، وآداب، وكيفية، وأحكام في ضوء الكتاب والسنة	د. سعيد بن علي بن وهف القحطاني	ShamAY	1858	0.44348
		تاريخ البيمارستانات في الإسلام	الدُّكْتُور أَحمد عِيسى (المتوفى: 1365هـ)	ShamAY	825	0.44346
		المقتبس من أنباء الأندلس	ابن حيان القرطبي، حيان بن خلف بن حسين بن حيان الأموي بالولاء، أبو مروان (المتوفى: 469هـ)	ShamAY	16439	0.44346
		استفتاءات في مسائل الحج و العمره	آيت الله العظمي سيد محمد حسيني شيرازي	Ghbook	7980	0.44345
		فقه الواقع - الألباني	محمد ناصر الدين الألباني (المتوفى: 1420هـ)	ShamAY	710	0.44344
		التكملة والذيل على درة الغواص = التكملة فيما يلحن فيه العامة (مطبوع ضمن «درة الغواص وشرحها وحواشيها وتكملتها»)	أبو منصور موهوب بن أحمد بن محمد بن الخضر الجواليقي	ShamelaY19	29604	0.44344
		الرسالة الثانية لأبى دُلَفْ رحالة القرن العاشر	أبي دلف	Rafed	2214	0.44344
		مراصد الإطّلاع على أسماء الأمكنة والبقاع [ج ٢]	صفي الدين عبد المؤمن بن عبد الحق البغدادي	Rafed	2641	0.44343
		شرح مسند الشافعي	عبد الكريم بن محمد بن عبد الكريم، أبو القاسم الرافعي القزويني (المتوفى: 623ه)	ShamelaY19	123510	0.44337
		 تاريخ أطباء العيون العرب 	 نشأت الحمارنة 	ABLibrary	9998	0.44336
		نقض فتاوي الوهابيه	آل كاشف الغطاء	Ghbook	4587	0.44336
		فهرس الفهارس والأثبات ومعجم المعاجم والمشيخات والمسلسلات	محمد عَبْد الحَيّ بن عبد الكبير ابن محمد الحسني الإدريسي، المعروف بعبد الحي الكتاني (المتوفى: 1382هـ)	ShamAY	1037	0.44334
		حديث الغدير	السيّد علي الحسيني الميلاني	Rafed	188	0.44331
		إحقاق الحقّ وإزهاق الباطل [ج ١٧]	السيّد نور الله الحسيني المرعشي التستري	Rafed	2756	0.44331
		كتاب الإلمام بآداب دخول الحمام للحسيني	أبو المحاسن محمد بن علي بن الحسن الحسيني الدمشقي (765 هـ)	ShamAY	33585	0.44328
		مساله التكتف في الصلاه	المجمع العالمي لاهل البيت عليهم السلام	Ghbook	7704	0.44327
		الاستدراك الفقهي تأصيلا وتطبيقا	مجمول الجدعاني	ShamelaY19	132414	0.44324
		القواعد النحوية والقراءات	د. ياسر الشمالي	ShamAY	37052	0.44321
		تعدد الزوجات في الإسلام	محمد بن مسفر الطويل	ShamAY	36236	0.4432
		رسالة في البحث عن الترتب‏	محمد حسين الحاج العاملي	Masaha	3830	0.44317
		منهاج الصالحين	آيت الله العظمي محمد رحمتي سيرجاني	Ghbook	12185	0.44312
		حركه النساء في المسيره الحسينيه	محمد رضا عبدالامير انصاري	Ghbook	14042	0.44312
		السماء والأرض في القرآن الكريم .. دراسة دلالية للألفاظ والتراكيب		ShamAY	36917	0.44305
		تهذيب الأحكام [ج ٤]	أبي جعفر محمّد بن الحسن بن علي بن الحسن الطّوسي [ شيخ الطائفة ]	Rafed	735	0.44302
		قطع الجدال في أحكام الاستقبال «للكعبة المشرفة» - سلسلة لقاء العشر الأواخر بالمسجد الحرام (30)	محمد بن حسن العجيمي الحنفي المكي (المتوفى: 1156 هـ)	ShamAY	32496	0.44297
		إحقاق الحقّ وإزهاق الباطل [ج ٢٠]	السيّد نور الله الحسيني المرعشي التستري	Rafed	2761	0.4429
		المستخرج على المستدرك للحاكم (أملاها العراقي في مجالس)	أبو الفضل زين الدين عبد الرحيم بن الحسين بن عبد الرحمن بن أبي بكر بن إبراهيم العراقي (المتوفى: 806هـ)	ShamAY	6008	0.44288
		نبذة العصر في انقضاء دولة بني نصر وهو كتاب آخر أيام غرناطة	مؤلف مجهول، وهو رجل حربي عاصر الأحداث التي يرويها	ShamAY	6646	0.44285
		الإمتاع بالأربعين المتباينة السماع / ويليه أسئلة من خط الشيخ العسقلاني	أبو الفضل أحمد بن علي بن محمد بن أحمد بن حجر العسقلاني (المتوفى: 852هـ)	ShamAY	5719	0.44284
		كتاب في المعدة وأمراضها ومداواتها	أحمد بن ابراهيم بن أبي خالد ابن الجزّار القيرواني [ ابن الجزّار ]	Rafed	1343	0.44282
		من حديث النبي ( صلي الله عليه وآله ) : « يكون لهذه الامه اثناعشر قيما ؛ لا يضرهم...	مرتضي عسكري	Ghbook	7715	0.4428
		 طب المعصومين ، الرسول وأهل بيته ( ع ) 	 لبيب بيضون 	ABLibrary	9985	0.44279
		الفاضلية	موسي بن عبدالله قرطبي ابن ميمون	Ghbook	9987	0.44279
		الجزء الأول من غرر الفوائد المجموعة في بيان ما وقع في صحيح مسلم من الأحاديث المقطوعة	يحيى بن علي بن عبد الله بن علي بن مفرج، أبو الحسين، رشيد الدين القرشي الاموي النابلسي ثم المصري، المعروف بالرشيد العطار (المتوفى: 662ه)	Sham19Y	2749	0.44275
		غاية المرام وحجّة الخصام [ج ٣]	السيّد هاشم البحراني الموسوي التوبلي	Rafed	3608	0.44275
		الأحرف السبعة للقرآن	عثمان بن سعيد بن عثمان بن عمر أبو عمرو الداني (المتوفى: 444هـ)	ShamAY	5526	0.44273
		آرشيو دروس خارج اصول آيت الله شيخ محمداسحاق فياض 34-33	آيت الله شيخ محمد اسحاق فياض	Ghbook	14496	0.44272
		الزواج الموقت في الاسلام	مرتضي عسكري	Ghbook	6732	0.4427
		مسند الإمام الشهيد أبي عبدالله الحسين بن علي عليهما السلام [ج ٢]	الشيخ عزيز الله العطاردي	Rafed	3223	0.44267
		كيفية صلاة النبي صلى الله عليه وسلم	عبد العزيز بن عبد الله بن باز (المتوفى: 1420ه)	ShamelaY19	31227	0.4426
		زكاة الخارج من الأرض الحبوب، والثمار، والمعدن، والركاز في ضوء الكتاب والسنة - مفهوم، وشروط، وضوابط، وأحكام، ومسائل	د. سعيد بن علي بن وهف القحطاني	ShamAY	1838	0.44256
		القبض في الصلاه (التكتف)	المجمع العالمي لاهل البيت عليهم السلام	Ghbook	7581	0.44254
		 بهجة النفوس والأسرار في تاريخ دار هجرة النبي المختار 	 عبد الله المرجاني 	ABLibrary	8973	0.44253
		تاريخ الإسلام ووفيات المشاهير والأعلام [ج ٣٦]	شمس الدين محمّد بن أحمد بن عثمان الذّهبي	Rafed	3581	0.44251
		الخرائج و الجرائح	قطب الدين سعيد بن هبة الله راوندي	Ghbook	2629	0.44249
		الأحاديث الواردة في البيوع المنهي عنها	سليمان بن صالح الثنيان	ShamAY	7267	0.44246
		وجوب العدل وتحريم الظلم على الناس كافة	صالح بن محمد اللحيدان	ShamelaY19	31475	0.44242
		الرحلة السرية للعقيد الروسي	عبد العزيز دولتشين	Ghbook	9177	0.44242
		الحملة الصليبية على العالم الإسلامي والعالم (الجذور - الممارسة - سبل المواجهة)	يوسف العاصي إبراهيم الطويل	ShamAY	325	0.44241
		الوحدة الإسلامية أسسها ووسائل تحقيقها	أحمد بن سعد حمدان الغامدي	Sham19Y	8990	0.44241
		رأي شيخ الإسلام ابن تيمية في التفاسير المطبوعة	بشير جواد القيسي :: ابن تيمية	ShamAY	34376	0.44234
		نزهة الأعين النواظر في علم الوجوه والنظائر	جمال الدين أبو الفرج عبد الرحمن بن علي بن محمد الجوزي (المتوفى: 597هـ)	ShamAY	6334	0.44234
		الإيماء إلى زوائد الأمالي والأجزاء - زوائد الأمالي والفوائد والمعاجم والمشيخات على الكتب الستة والموطأ ومسند الإمام أحمد	نبيل سعد الدين سليم جرار	ShamelaY19	36552	0.44233
		خاتمة مستدرك الوسائل [ج ٥]	الشيخ حسين النوري الطبرسي [ المحدّث النوري ]	Rafed	1468	0.44233
		كتاب المحاربة من موطأ ابن وهب	أبو محمد عبد الله بن وهب بن مسلم المصري القرشي (المتوفى: 197ه)	ShamelaY19	30173	0.44231
		آداب المواكلة	بدر الدين ، أبو البركات محمد بن محمد بن محمد الغزي (المتوفى : 984هـ)	ShamAY	466	0.4423
		الدعاء للضبي	أبو عبد الرحمن محمد بن فضيل بن غزوان بن جرير الضبي مولاهم الكوفي (المتوفى: 195ه)	Sham19Y	23102	0.44228
		 سلسلة المسائل الفقهية 	 الشيخ السبحاني 	ABLibrary	9569	0.44227
		 كربلاء في الأرشيف العثماني 	 قايا ديلك 	ABLibrary	9166	0.44223
		 في رحاب أهل البيت ( ع ) 	 لجنة بحوث المجمع العالمي لأهل البيت ( ع ) 	ABLibrary	8549	0.44223
		فهم حركه الامام المهدي ( عجل الله تعالي فرجه الشريف ) 	محمد باقر حكيم	Ghbook	6676	0.44223
		الرؤية الاستشراقية للأحرف السبعة والقراءات القرآنية ( عرض ونقد )	رجب عامر	ShamAY	36827	0.44219
		مثير الغرام الساكن إلى أشرف الأماكن ط دار الحديث	جمال الدين أبو الفرج عبد الرحمن بن علي بن محمد الجوزي (المتوفى: 597هـ)	ShamAY	10437	0.44219
		الأدب المفرد بالتعليقات	محمد بن إسماعيل بن إبراهيم بن المغيرة البخاري، أبو عبد الله (المتوفى: 256هـ)	ShamAY	9647	0.44214
		معاني الحروف	علي بن عيسى بن علي بن عبد الله، أبو الحسن الرماني المعتزلي (المتوفى: 384هـ)	ShamAY	5353	0.44212
		تحريم ذبائح أهل الكتاب	الشيخ المفيد	Masaha	993	0.44209
		رسالة في تجويد الفاتحة	محمد بن فوزان العمر	ShamAY	36793	0.44207
		 منائح الكرم 	 علي بن تاج الدين السنجاري 	ABLibrary	9226	0.44207
		الرسالة الثانية لأبي دلف رحالة القرن العاشر	أبو دلف مسعر بن مهلل	Masaha	4757	0.44206
		تاريخ صنعاء	إسحاق بن يحيى بن جرير الطبري الصنعاني	Rafed	2231	0.44203
		العلمانية .. إمبراطورية النفاق من مهد لها الطريق	الشيخ الدكتور / عبد العزيز مصطفى كامل	ShamAY	33296	0.44202
		تذكير الفحول بترجيحات مسائل الأصول	الواحدي	ShamAY	37478	0.44199
		غرقاب: تراجم اعلام القرن الحادي عشر و ما بعده	محمدمهدي الموسوي الشفتي	Ghbook	12890	0.44194
		قلادة النحر في وفيات أعيان الدهر	أبو محمد الطيب بن عبد الله بن أحمد بن علي بامخرمة، الهجراني الحضرمي الشافعي (870 - 947 ه)	ShamelaY19	29560	0.44192
		تعاليق مبسوطه علي العروه الوثقي	آيت الله شيخ محمد اسحاق فياض	Ghbook	3355	0.44192
		 دليل تحرير الوسيلة ( الوقف ) 	 علي أكبر السيفي المازندراني 	ABLibrary	9756	0.44189
		الرسالة الفخرية في معرفة النية	فخر المحققين الحلي	Masaha	1071	0.44188
		يوم في بيت الرسول	عبد الملك بن محمد القاسم	ShamelaY19	36551	0.44183
		أحداث لبنان ... التاريخ يعيد نفسه!!!	أبو عبد الرحمن هشام برغش	ShamAY	33277	0.4418
		الصوم	آيت الله العظمي حسينعلي منتظري	Ghbook	9799	0.44178
		مبلغ الأرب في فخر العرب	شهاب الدين أحمد بن محمد، ابن حجر الهيتمي (المتوفى: 974هـ)	ShamAY	661	0.44175
		تشييد الاختيار لتحريم الطبل والمزمار	شمس الدين محمد بن علي بن خمارويه بن طولون الدمشقي الصالحي الحنفي (المتوفى: 953 هـ)	ShamAY	32528	0.44175
		مضامين عقدية في قوله تعالى: (إن شانئك هو الأبتر)	د. سليمان بن سالم السّحيمي	ShamAY	35755	0.44171
		جزء فيه أحاديث يحيي بن معين برواية أبي منصور يحيي بن أحمد الشيباني	أبو زكريا يحيى بن معين بن عون بن زياد بن بسطام بن عبد الرحمن (المتوفى: 233هـ)	ShamAY	33649	0.44168
		الإعجاز القصصي في القرآن الكريم	المهندس عبد الدائم الكحيل	ShamAY	36732	0.44165
		مئه و عشر آيات نزلت في حق علي ( عليه السلام )	آيت الله العظمي حسيني	Ghbook	7960	0.44163
		ثبت مؤلفات الشيخ ربيع المدخلي	خالد الظفيري	ShamAY	33018	0.44162
		مراتب النحويّين	عبدالواحد بن علي أبوالطيّب اللغوي	Rafed	2548	0.4416
		نهر الذّهب في تاريخ حلب [ج ٣]	كامل البالي الحلبي [ الغزي ]	Rafed	3014	0.44159
		الصحابة المعتزلون للفتنة الكبرى -مواقفهم منها ، و دورهم في الحد منها	الدكتور خالد كبير علال	ShamAY	37127	0.44156
		موسوعه احاديث اهل البيت عليهم السلام 	هادي نجفي	Ghbook	12134	0.44155
		 مسند الإمام الحسين ( ع ) 	 الشيخ عزيز الله عطاردي 	ABLibrary	7705	0.44149
		حماية الملكية الفكرية في الفقه الإسلامي والآثار الاقتصادية المترتِّبة عليها	د. ناصر بن محمد بن مشري الغامدي	ShamAY	33220	0.44148
		الثقافة الإسلامية في مواجهة الغزو الثقافي	رائد طلال شعت	ShamAY	33434	0.44146
		شرح غريب ألفاظ المدونة	الجبي (المتوفى: ق 5هـ)	ShamAY	32026	0.44145
		الشيخ نصيرالدين الطوسي و سقوط بغداد	آيت الله علي حسيني ميلاني	Ghbook	13967	0.4414
		المنهاجُ المختَصر في عِلمي النَّحو وَالصَّرف	عبد الله بن يوسف بن عيسى بن يعقوب اليعقوب الجديع العنزي	ShamAY	31680	0.44133
		البلوتوث	د: عادل بن عبد الله العبد الجبار	ShamAY	899	0.44132
		الدعاء للضبي	أبو عبد الرحمن محمد بن فضيل بن غزوان بن جرير الضبي مولاهم الكوفي (المتوفى: 195هـ)	ShamAY	23102	0.44131
		إعراب القرآن الكريم وبيانه [ج ١٠]	محيي الدين الدرويش	Rafed	2054	0.44124
		تفسير سورة الماعون	سيد جعفرمرتضي حسيني عاملي	Ghbook	9977	0.44123
		وقفة مع بعض الترجمات الإنجليزية لمعاني القرآن الكريم	وجيه حمد عبد الرحمن	ShamAY	12121	0.44118
		رؤوس الفتنة في الثورة على الخليفة الشهيد عثمان بن عفان	خالد كبير علال	ShamAY	37129	0.44116
		تذكرة الفقهاء [ج ٦]	الحسن بن يوسف بن علي المطّهر [ العلامة الحلّي ]	Rafed	366	0.44116
		مرشد المغترب - توجيهات و فتاوي	محمد سعيد طباطبائي حكيم	Ghbook	9611	0.44116
		علم المقاصد الشرعية	نور الدين بن مختار الخادمي	ShamAY	7310	0.44111
		مصطلح فلسفة التربية في ضوء المنهج الإسلامي (دراسة نقدية)	خالد بن حامد الحازمي	Sham19Y	1988	0.44111
		جمهرة اللغة	أبو بكر محمد بن الحسن بن دريد الأزدي (المتوفى: 321ه)	Sham19Y	7032	0.44111
		التعاقد بالأنترنيت ومشكلة اتحاد مجلس العقد في القوانين المدنية العربية	محمد محروس المدرس الأعظمي	ShamAY	36298	0.44107
		الشافية في علمي التصريف والخط	عثمان بن عمر بن أبي بكر بن يونس، أبو عمرو جمال الدين ابن الحاجب الكردي المالكي (المتوفى: 646ه)	ShamelaY19	122235	0.44107
		هل للتأليف الشرعي حق مالي	معالي الشيخ صالح بن عبد الرحمن الحصين	ShamAY	36247	0.44104
		 الموسوعة الكبرى عن فاطمة الزهراء ( س ) 	 اسماعيل الأنصاري الزنجاني الخوئيني 	ABLibrary	7833	0.44103
		 الأصول الأصلية والقواعد الشرعية 	 السيد عبد الله شبر 	ABLibrary	9359	0.44103
		حياه حبيب بن مظاهر الاسدي	علي القصير	Ghbook	12287	0.44103
		تحفة الأخيار ببيان جملة نافعة مما ورد في الكتاب والسنة من الأدعية والأذكار	عبد العزيز بن عبد الله بن باز (المتوفى: 1420ه)	ShamelaY19	31303	0.44102
		المكة و المدينة	مركز تحقيقات حج	Ghbook	10517	0.44102
		تيسير وتكميل شرح ابن عقيل على ألفيّة ابن مالك [ج ٤]	الدكتور محمّد علي سلطاني	Rafed	2805	0.44097
		وسائل الشيعة [ج ١٠]	محمد بن الحسن الحرّ العاملي [ العلامة الشيخ حرّ العاملي ]	Rafed	302	0.44092
		مجموعة الحديث على أبواب الفقه (مطبوع ضمن مؤلفات الشيخ محمد بن عبد الوهاب، الجزء السابع، الثامن، التاسع، العاشر)	محمد بن عبد الوهاب بن سليمان التميمي النجدي (المتوفى: 1206ه)	Sham19Y	12061	0.44086
		لبنان في عهد الأمراء الشهابيين‏  - الجزء1	حيدر أحمد الشهابي	Masaha	4123	0.44086
		نبذ عن محتوى بعض رسائل الدكتوراه والماجستير من موقع الإسلام اليوم	مجموعة من المؤلفين	ShamAY	36323	0.44085
		النص علي امير المومنين عليه السلام	سيد علي عاشور	Ghbook	7128	0.44085
		 خلاصة عبقات الأنوار 	 السيد حامد النقوي 	ABLibrary	91	0.4408
		اكتشاف الآلية التي يؤثر بها قرين الإنسان	جميل القدسي	ShamAY	36118	0.44078
		ماذا خسر العالم باقصاء الغدير ؟	آيت الله العظمي حسيني	Ghbook	7957	0.4407
		الأحكام الوسطى من حديث النبي - صلى الله عليه وسلم -	عبد الحق بن عبد الرحمن بن عبد الله بن الحسين بن سعيد إبراهيم الأزدي، الأندلسي الأشبيلي، المعروف بابن الخراط (المتوفى: 581 ه)	Sham19Y	17903	0.44069
		ديوان عبد الله بن المبارك - دار اليقين	ابن المبارك	ShamAY	37919	0.44064
		المنصوب على نزع الخافض في القرآن	إبراهيم بن سليمان البعيمي	ShamAY	8953	0.44062
		جمهرة اللغة	أبو بكر محمد بن الحسن بن دريد الأزدي (المتوفى: 321هـ)	ShamAY	7032	0.4406
		إتحاف ذوي الإتقان بحكم الرهان	حسن بن عمار بن علي الشرنبلالي المصري الحنفي (المتوفى: 1069هـ)	ShamAY	2009	0.44057
		ليلة القدر نفحات وبركات	محمد أحمد عبد الغني	ShamAY	34978	0.44056
		البنية الأسلوبية في التراكيب النحوية	مهدي حمد مصطفى عبد الله آل سيد علي العاني	ShamAY	35904	0.44053
		وِرْدُ الصباح والمساء مِنَ الكِتَابِ وَالسُنّة	د. سعيد بن على بن وهف القحطاني	ShamAY	1797	0.44048
		شرح الحلقة الثّالثة [ج ٣]	الشيخ حسن محمّد فيّاض حسين العاملي	Rafed	812	0.44048
		 في رحاب أهل البيت ( ع ) 	 لجنة بحوث المجمع العالمي لأهل البيت ( ع ) 	ABLibrary	8536	0.44046
		أصول علم الرجال بين النظريّة والتطبيق	محمد علي صالح المعلّم	Rafed	2839	0.44045
		تخريج أحاديث مشكلة الفقر وكيف عالجها الإسلام	محمد ناصر الدين الألباني (المتوفى: 1420هـ)	ShamAY	365	0.44043
		آرشيو دروس خارج اصول آيت الله العظمي بشير حسين نجفي 38-37	آية الله العظمي الشيخ بشير حسين النجفي	Ghbook	14519	0.4404
		هل العهد الجديد كلمة الله؟	منقذ بن محمود السقار	ShamAY	1285	0.44039
		المعاد الجسماني	شاكر عطية الساعدي	Rafed	748	0.4403
		الشيخ نصير الدين الطوسي وسقوط بغداد	السيد علي الحسيني الميلاني	Masaha	323	0.44023
		التوحيد	محمد بن علي بن بابويه شيخ صدوق	Ghbook	2403	0.4402
		مزاعم المستشرقين حول القرآن الكريم	الأستاذ الدكتور محمد مهر علي (المتوفى: 1428هـ)	ShamAY	11443	0.44018
		الجواهر الغوالي في فروع العلم الإجمالي‏	السيد محمد الموسوي الجزائري	Masaha	3349	0.44018
		فتوح مصر و المغرب	علي محمد عمر	Ghbook	9465	0.44012
		الثمار الزكية للحركة السنوسية في ليبيا	عَلي محمد محمد الصَّلاَّبي	ShamAY	238	0.44011
		مجموعة الحديث على أبواب الفقه (مطبوع ضمن مؤلفات الشيخ محمد بن عبد الوهاب، الجزء السابع، الثامن، التاسع، العاشر)	محمد بن عبد الوهاب بن سليمان التميمي النجدي (المتوفى: 1206هـ)	ShamAY	12061	0.4401
		مناقب الإمام أمير المؤمنين علي بن أبي طالب(ع) للكوفي‏ - الجزء1	محمد بن سليمان الكوفي‏	Masaha	3296	0.44008
		الإجماع لابن المنذر ت أبي عبد الأعلى	أبو بكر محمد بن إبراهيم بن المنذر النيسابوري	Sham19Y	151100	0.43999
		بلاغات ابن شهاب الزهري وإدراجاته في الكتب الستة	عبد الحميد شيخون	Sham19Y	132393	0.43996
		محض الصواب في فضائل أمير المؤمنين عمر بن الخطاب	يوسف بن حسن بن أحمد بن حسن ابن عبد الهادي الصالحي، جمال الدين، ابن المبرد الحنبلي (المتوفى: 909هـ)	ShamAY	12062	0.43993
		 العقد الثمين في تاريخ البلد الأمين 	 محمد بن أحمد الفاسي 	ABLibrary	9146	0.43993
		كتاب الحج من كتب عبد العزيز بن عبد الله بن أبي سلمة الماجشون	أبو عبد الله، وأبو الأصبغ الماجشون عبد العزيز بن عبد الله التيمي ابن أبي سلمة ميمون - وقيل: دينار - التيمي مولاهم، المدني (المتوفى: 164ه)	ShamelaY19	26922	0.4399
		الدعاء	مرتضي مطهري	Ghbook	9761	0.43989
		العدول الصرفي في القرآن الكريم - دراسة دلالية		ShamAY	36920	0.43988
		وجوب تحكيم شرع الله ونبذ ما خالفه	عبد العزيز بن عبد الله بن باز (المتوفى: 1420هـ)	ShamAY	30870	0.43985
		رسالة في زكاة الحلي	محمد بن صالح بن محمد العثيمين (المتوفى: 1421هـ)	ShamAY	11224	0.43984
		مباني العروة الوثقي	آيت الله العظمي سيد ابوالقاسم خوئي	Ghbook	10206	0.43982
		مراصد الإطّلاع على أسماء الأمكنة والبقاع [ج ١]	صفي الدين عبد المؤمن بن عبد الحق البغدادي	Rafed	2640	0.4398
		معجم ما استعجم من أسماء البلاد والمواضع [ج ٤]	أبي عبيد عبد الله بن عبد العزيز البكري الأندلسي	Rafed	3366	0.43979
		الرسول الأعظم صلّى الله عليه وآله على لسان اُمّ أبيها فاطمة الزهراء عليها السلام	السيّد محسن الحسيني الأميني	Rafed	2671	0.43978
		علم نفس النمو	حسن مصطفى عبد المعطي، هدى محمد قناوي	ShamAY	9939	0.43977
		الدر المنثور في التفسير بالمأثور	عبد الرحمن بن أبي بكر، جلال الدين السيوطي (المتوفى: 911هـ)	ShamAY	12884	0.43971
		الدر المنثور في التفسير بالمأثور	جلال الدين السيوطي	ShamAY	34057	0.43969
		الأحكام الوسطى من حديث النبي - صلى الله عليه وسلم -	عبد الحق بن عبد الرحمن بن عبد الله بن الحسين بن سعيد إبراهيم الأزدي، الأندلسي الأشبيلي، المعروف بابن الخراط (المتوفى: 581 هـ)	ShamAY	32518	0.43966
		مناسك الحج	محمد فاضل لنكراني	Ghbook	9811	0.43966
		شرح الصمديه	آيت الله العظمي حسيني	Ghbook	7961	0.43966
		دور البصرة في نشأة الدراسات النحوية وتطورها مرحلة النشأة حتى الخليل بن احمد	الأستاذ عبد الحسين المبارك	ShamAY	37205	0.43965
		العقد الفريد على نظم الشيخ سعيد	حمد القمرا المري	ShamAY	37073	0.43964
		ديوان عبد الصمد بن المعذل	عبد الصمد بن المعذل	ShamAY	37953	0.43964
		الشرح المختصر على نظم الآجرومية	أبو عبد الله، أحمد بن عمر بن مساعد الحازمي	ShamAY	831	0.43961
		السجود علي التربه الحسينيه	عبدالرضا الحسيني الشهرستاني	Ghbook	12341	0.43961
		الحدود	ابوعلي حسين بن عبدالله ابن سينا	Ghbook	7939	0.4396
		الحج فضله وفوائده	فضيلة الشيخ عبد المحسن بن حمد العباد البدر	ShamAY	36129	0.43958
		تذكرة الفقهاء [ج ٤]	الحسن بن يوسف بن علي المطّهر [ العلامة الحلّي ]	Rafed	359	0.43957
		الشرح المختصر على نظم المقصود	أبو عبد الله، أحمد بن عمر بن مساعد الحازمي	ShamelaY19	36120	0.43954
		المسائل المهمة فيما يحتاج إليه العاقد عند الخطوب المدلهمة	شمس الدين أبي عبد الله محمد بن أحمد ابن سعيد النابلسي الدمشقي، الحلبي، المقدسي، المكي الحنبلي (المتوفى: 855هـ)	ShamAY	8550	0.43948
		فتاوى اللجنة الدائمة - المجموعة الثانية	اللجنة الدائمة للبحوث العلمية والإفتاء	ShamelaY19	21772	0.43945
		غاية المرام وحجة الخصام - الجزء1	السيد هاشم البحراني	Masaha	358	0.43943
		الديمقراطيّة على ضوء نظريّة الإمامة والشورى	الشيخ محمّد سند	Rafed	1240	0.43939
		عجالة الراغب المتمني في تخريج كتاب «عمل اليوم والليلة» لابن السني	أبو أسامة، سليم بن عيد الهلالي	ShamelaY19	123672	0.43932
		تعليقات علي رسالة في القضاء عن الميت	عبدالحسين لاري	Ghbook	11261	0.43927
		وجوب العدل وتحريم الظلم على الناس كافة	صالح بن محمد اللحيدان	ShamAY	31475	0.43922
		جزءٌ فيه شروط النصارى وبذيله أحاديث لأبي محمد عبد الوهاب بن أحمد الكلابي	عبد الله بن أحمد بن ربيعة بن زبر الربعي، أبو محمد (المتوفى: 329هـ)	ShamAY	27091	0.43918
		أسباب نزول القرآن	أبي الحسن علي بن أحمد الواحدي	Rafed	1483	0.43916
		عناية المسلمين بالوقف خدمة للقرآن الكريم	عبد الوهاب بن إبراهيم أبو سليمان	ShamAY	11312	0.43912
		خزانة التّواريخ النجديّة [ج ١]	عبد الله بن عبد الرحمن بن صالح آل بسام	Rafed	2163	0.43912
		شرح ابن عقيل - المكتبة التجارية	ابن عقيل، عبد الله بن عبد الرحمن العقيلي الهمداني المصري (المتوفى: 769هـ)	ShamAY	34699	0.43911
		 الموسوعة الكبرى عن فاطمة الزهراء ( س ) 	 اسماعيل الأنصاري الزنجاني الخوئيني 	ABLibrary	7819	0.43911
		صلح الحديبيه وبيعه الرضوان: قراءه جديده في الاهداف وسير الاحداث ومصادر الروايه	سامي بدري	Ghbook	15073	0.43908
		الفتاوى الذهبية في بيع وشراء الذهب	محمد بن صالح بن محمد العثيمين (المتوفى: 1421هـ)	ShamAY	21576	0.43905
		إيضاح المدارك في الإفصاح عن العواتك - سلسلة لقاء العشر الأواخر بالمسجد الحرام (16)	محمّد بن محمّد بن عبد الرزّاق الحسيني، أبو الفيض، الملقّب بمرتضى، الزَّبيدي (المتوفى: 1205 هـ)	ShamAY	32473	0.43905
		إحقاق الحقّ وإزهاق الباطل [ج ١٥]	السيّد نور الله الحسيني المرعشي التستري	Rafed	2754	0.43903
		دراسات في أصول اللغات العربية	أبو مجاهد عبد العزيز بن عبد الفتاح بن عبد الرحيم بن الملاَّ محمد عظيم القارئ المدني	ShamAY	10206	0.43901
		الشكر لابن أبي الدنيا	أبو بكر عبد الله بن محمد بن عبيد بن سفيان بن قيس البغدادي الأموي القرشي المعروف بابن أبي الدنيا (المتوفى: 281هـ)	ShamAY	13036	0.43901
		 كلمات مكنونة من علوم أهل الحكمة والمعرفة 	 الفيض الكاشاني 	ABLibrary	8578	0.43901
		ليس في كلام العرب	الحسين بن أحمد بن خالويه، أبو عبد الله (المتوفى: 370هـ)	ShamAY	31757	0.439
		الأصول الأصلية و القواعد الشرعية	السيد عبد الله شبر	Masaha	1501	0.43897
		احذر سوء الخاتمة	أزهري أحمد محمود	ShamelaY19	22387	0.43896
		 الدر المنثور في التفسير بالمأثور 	 جلال الدين السيوطي 	ABLibrary	910	0.43896
		فتح الغفار الجامع لأحكام سنة نبينا المختار	الحسن بن أحمد بن يوسف بن محمد بن أحمد الرُّباعي الصنعاني (المتوفى: 1276هـ)	ShamAY	6610	0.43895
		الروض الفسيح في بيان الفوارق بين المهدي و المسيح عليهما السلام	محمد باقر الهي قمي	Ghbook	6605	0.43892
		أحكام اللمس في الطهارة	عبد الله بن معتق السهلي	ShamAY	12179	0.43891
		ردة ولا ابا بكر لها - أبو الحسن الندوي	علي أبو الحسن بن عبد الحي بن فخر الدين الندوي (المتوفى: 1420هـ)	ShamAY	999	0.4389
		منائح الكرم في أخبار مكة والبيت وولاة الحرم [ج ٢]	علي بن تاج الدين بن تقي الدين السنجاري	Rafed	2690	0.43885
		ديوانُ الزُّخرفِ الصغيرُ		ShamAY	37884	0.43883
		اكتفاء القنوع بما هو مطبوع، أشهر التآليف العربية في المطابع الشرقية والغربية	ادوارد كرنيليوس فانديك (المتوفى: 1313هـ)	ShamAY	9199	0.43881
		مذكرات أحمد باي وحمدان خوجة وبو ضربة	أحمد باي بن محمد الشريف بن أحمد القلي (المتوفى: 1850 م)	ShamAY	31829	0.43874
		كتاب الذكر والدعاء في ضوء الكتاب والسنة	عبد الرزاق بن عبد المحسن البدر	ShamAY	31318	0.4387
		سيّدة النساء فاطمة الزهراء عليها السلام	علي موسى الكعبي	Rafed	127	0.43869
		وداع الرسول صلى الله عليه وسلم لأمته - دروس، ووصايا، وعبر، وعظات	د. سعيد بن علي بن وهف القحطاني	ShamelaY19	96542	0.43866
		طريقة كمية لدراسة معاجم التراجم الإسلامية في العصور الوسطى	رجاردو بليت	ShamAY	4991	0.43865
		تَسْهِيلُ الطُّرُقَاتِ فِي نَظْمِ الوَرَقَاتِ	العمريطي	ShamAY	37586	0.43862
		إحقاق الحقّ وإزهاق الباطل [ج ٢٧]	آية الله السيّد شهاب الدين الحسيني المرعشي النجفي	Rafed	2795	0.4386
		وسائل الشيعة [ج ١]	محمد بن الحسن الحرّ العاملي [ العلامة الشيخ حرّ العاملي ]	Rafed	280	0.43857
		المصحف في الروايات و الاثار	مرتضي عسكري	Ghbook	7586	0.43857
		الإفصاح في فقه اللغة [ج ٢]	حسين يوسف موسى و عبدالفتاح الصعيدي	Rafed	3080	0.43855
		التدليس والمدلسون	حماد بن محمد الأنصاري الخزرجي السعدي (المتوفى: 1418ه)	ShamelaY19	22949	0.43853
		 كامل الصناعة الطبية 	 علي بن العباس الأهوازي ( المجوسي ) 	ABLibrary	9846	0.43853
		الانتماء في الشعر الجاهلي * دراسة *	فاروق أحمد اسليم	ShamAY	34462	0.4385
		أثر تعدد الآراء النحوية في تفسير الآيات القرآنية	الدكتور سامي عوض ـ ياسر محمّد مطره جي	ShamAY	37038	0.43847
		الأصول الأصلية والقواعد الشرعية	السيد عبد الله شبر	Masaha	2410	0.43847
		فتوح البلدان	أبوالحسن البلاذري	Rafed	2401	0.43845
		الاعتقاد والهداية إلى سبيل الرشاد على مذهب السلف وأصحاب الحديث	أحمد بن الحسين بن علي بن موسى الخُسْرَوْجِردي الخراساني، أبو بكر البيهقي (المتوفى: 458 هـ)	ShamAY	34009	0.43844
		الغرباء للآجري	أبو بكر محمد بن الحسين بن عبد الله الآجُرِّيُّ البغدادي (المتوفى: 360هـ)	ShamAY	13045	0.43843
		البداء في القرآن الكريم	المجمع العالمي لاهل البيت عليهم السلام	Ghbook	7530	0.43841
		الجوهر السامي في ترجمه العلامه السيدعلي الامامي	محمدرضا شفتي	Ghbook	12790	0.43839
		 مسائل مهمة حول رؤية الهلال 	 الشيخ ناصر مكارم الشيرازي 	ABLibrary	9688	0.43836
		حياه ابن ابي عقيل و فقهه (الحج)	ابن ابي عقيل عماني	Ghbook	3499	0.43836
		مسائل خلافية بين الفارسي وابن يعيش	الدكتور إبراهيم البب ـ هند خيربك	ShamAY	37071	0.43833
		تذكرة الفقهاء [ج ١٤]	الحسن بن يوسف بن علي المطّهر [ العلامة الحلّي ]	Rafed	409	0.43826
		الإفاضة من عرفات قبل غروب الشمس لمن وقف نهارا	عبد الله السكاكر	ShamAY	36655	0.43814
		مصادر السيرة النبوية	ضيف الله بن يحي الزهراني	Sham19Y	11576	0.43813
		مشاركات أبي محمد الألفي	أبو محمد أحمد شحاته الألفي	ShamAY	33054	0.43812
		الإيمان والكفر وآثارهما على الفرد والمجتمع	عباس ذهبيات	Rafed	746	0.43812
		بلغه الطالب في التعليق علي بيع المكاسب	آيت الله العظمي سيد محمد رضا گلپايگاني	Ghbook	10370	0.43808
		مسند الإمام الشهيد أبي عبدالله الحسين بن علي عليهما السلام [ج ٣]	الشيخ عزيز الله العطاردي	Rafed	3224	0.43806
		طبقات المفسرين للداوودي	محمد بن علي بن أحمد، شمس الدين الداوودي المالكي (المتوفى: 945هـ)	ShamAY	1451	0.43805
		المسح على الرجلين في الوضوء	السيد علي الحسيني الميلاني	Masaha	421	0.43803
		 أخبار مكة في قديم الدهر وحديثه 	 محمد بن اسحاق ابن العباس الفاكهي المكي 	ABLibrary	8925	0.438
		سلوة الكئيب بوفاة الحبيب صلى الله عليه وسلم	محمد بن عبد الله (أبي بكر) بن محمد ابن أحمد بن مجاهد القيسي الدمشقي الشافعي، شمس الدين، الشهير بابن ناصر الدين (المتوفى: 842هـ)	ShamAY	6594	0.43799
		أصول الحديث عند الإمام أبي حنيفة	أحمد يوسف أبو حلبية	ShamAY	37333	0.43787
		المساهمة في الشركات التي أعلنت توقفها عن الأنشطة المحرمة	عبد المجيد بن صالح بن عبد العزيز المنصور	ShamAY	36309	0.43785
		ترتيب اصلاح المنطق لابن السكيت	محمد حسن بكائي	ShamAY	34789	0.43784
		المسائل التي حلف عليها أحمد بن حنبل	أبو الحسين ابن أبي يعلى، محمد بن محمد (المتوفى: 526هـ)	ShamAY	6117	0.43782
		 بحار الأنوار 	 العلامة المجلسي 	ABLibrary	770	0.43781
		تاريخ بخارى / تعريب	أبو بكر محمد بن جعفر النرشخي (المتوفى: 348 هـ)	ShamAY	33828	0.43777
		اهل البيت عليهم السلام سفينه النجاه	عادل علوي	Ghbook	4528	0.43775
		مزاعم وأخطاء وتناقضات وشبهات بودلي في كتابه «الرسول، حياة محمد» دراسة نقدية	مهدي بن رزق الله أحمد	ShamAY	11450	0.43773
		مصادر السيرة النبوية	ضيف الله بن يحي الزهراني	ShamAY	11576	0.43773
		النّحو الواضح	٣٣١ صفحة	Rafed	1997	0.43773
		مائة سؤال في النصرانية ليس لها إجابة	خطاب المصري	ShamAY	35362	0.43772
		المستغيثين بالله تعالى عند المهمّات والحاجات	أبو القاسم خلف بن عبد الملك بن مسعود بن بشكوال الخزرجي الأنصاري الأندلسي (المتوفى: 578هـ)	ShamAY	12845	0.43765
		الإجماع لابن المنذر ت أبي عبد الأعلى	أبو بكر محمد بن إبراهيم بن المنذر النيسابوري	ShamelaY19	151100	0.43757
		مفتاح الكرامة في شرح قواعد العلّامة [ج ٨]	السيّد محمّد جواد الحسيني العاملي	Rafed	2120	0.43755
		البهائية الضالة ... نشأتها وانحرافاتها	راشد بن عبد المعطي بن محفوظ	ShamAY	33286	0.43754
		الإرهاب والعنف والتطرف في ضوء القرآن والسنة	عبد الله بن الكيلاني الأوصيف	ShamAY	33368	0.43753
		الشيعه في القرآن	آيت الله العظمي حسيني	Ghbook	7966	0.43751
		زهر العريش في تحريم الحشيش	أبو عبد الله بدر الدين محمد بن عبد الله بن بهادر الزركشي الشافعي (المتوفى: 794ه)	ShamelaY19	37338	0.4375
		المراح في المزاح	محمد بن محمد بن محمد الغزي العامري الدمشقي، أبو البركات، بدر الدين ابن رضي الدين (المتوفى: 984هـ)	ShamAY	4126	0.43749
		مناقب الشافعي للبيهقي	أبو بكر أحمد بن الحسين البيهقي (384 - 458 ه)	ShamelaY19	22797	0.43746
		الرسالة المحرقة على أهل الرفض والزدقة		ShamAY	35624	0.43745
		الرسالة السعدية	العلامة الحلي	Masaha	1070	0.43745
		الجزء الأول من غرر الفوائد المجموعة في بيان ما وقع في صحيح مسلم من الأحاديث المقطوعة	يحيى بن علي بن عبد الله بن علي بن مفرج، أبو الحسين، رشيد الدين القرشي الاموي النابلسي ثم المصري، المعروف بالرشيد العطار (المتوفى: 662هـ)	ShamAY	2749	0.43744
		المنصوب على نزع الخافض في القرآن	إبراهيم بن سليمان البعيمي	Sham19Y	8953	0.4374
		مرآه الكتب	علي بن موسي ثقه السلام تبريزي	Ghbook	7085	0.43738
		الشرح المختصر على نظم الآجرومية	أبو عبد الله، أحمد بن عمر بن مساعد الحازمي	Sham19Y	36106	0.43737
		الإخلاص	عبد المحسن بن حمد العباد البدر	ShamAY	34875	0.43732
		فتح الغفار الجامع لأحكام سنة نبينا المختار	الرباعي	Sham19Y	6610	0.43731
		 الشامل في الصناعة الطبية 	 ابن النفيس 	ABLibrary	9917	0.4373
		هل أنت من المراقبين لله تعالى؟	أزهري أحمد محمود	Sham19Y	36392	0.43729
		مرتكزات التضامن والوحدة	عطية سالم	ShamAY	33408	0.43727
		كتاب الذكر والدعاء في ضوء الكتاب والسنة	عبد الرزاق بن عبد المحسن البدر	ShamelaY19	31318	0.43727
		المهدي الموعود في الاديان السماويه الثلاث	موسسه تحقيقات و نشر معارف اهل البيت عليهم السلام	Ghbook	6633	0.43726
		تعليقة امل الامل	افضل الدين ابوحامد كرماني	Ghbook	9014	0.43724
		المولد النبوي، بين المتبعين والمبتدعين	مازن السرساوي	ShamAY	36629	0.43723
		الدكتور عبد الرحمن بارود شاعر المقاومة دراسة نقدية	حسني محمد العطار	ShamAY	34451	0.43721
		كتاب أصول الدين	جمال الدين أحمد بن محمد بن سعيد الغزنوي الحنفي (المتوفى: 593هـ)	ShamAY	6371	0.43718
		 إعانة الطالبين 	 البكري الدمياطي 	ABLibrary	998	0.43718
		كتب الغريب: (غريب القرآن)، (غريب الحديث) ... (غريب اللغة) بين حقيقة معنى (الغريب) وواقع التأليف	محمد كشاش	ShamAY	37162	0.43717
		أيها المذنب بئس ما اخترت	أزهري أحمد محمود	ShamelaY19	115125	0.43717
		رسالة أبي داود إلى أهل مكة وغيرهم في وصف سننه	أبو داود سليمان بن الأشعث بن إسحاق بن بشير بن شداد بن عمرو الأزدي السَِّجِسْتاني (المتوفى: 275هـ)	ShamAY	6013	0.43711
		الأحاديث والآثار الواردة في سنة الجمعة القبلية	د. إبراهيم بن علي بن عبيد العبيد	ShamAY	36330	0.43709
		مختصر العلامة خليل	خليل بن إسحاق بن موسى، ضياء الدين الجندي المالكي المصري (المتوفى: 776هـ)	ShamAY	11355	0.43705
		ختان الإناث بين علماء الشريعة والأطباء	الدكتورة مريم إبراهيم هندي	ShamAY	33221	0.43703
		 الدر المنثور في التفسير بالمأثور 	 جلال الدين السيوطي 	ABLibrary	911	0.43703
		 إعانة الطالبين 	 البكري الدمياطي 	ABLibrary	999	0.43701
		الآيات القرآنية الواردة في المستهزئين بالإسلام ودعاته - دراسة موضوعية	سامي القدومي	ShamAY	36687	0.43699
		الجوهر المنضد في طبقات متأخري أصحاب أحمد	يوسف بن حسن بن أحمد بن حسن ابن عبد الهادي الصالحي، جمال الدين، ابن المبرد الحنبلي (المتوفى: 909 ه)	Sham19Y	17657	0.43699
		الصحيفه النبويه الجامعه	محمد باقر بن مرتضي موحد ابطحي اصفهاني	Ghbook	9855	0.43698
		إيقاعات الزمن الراقص	علي السباعي	ShamAY	34527	0.43695
		العقد الثمين في شرح منظومة الشيخ ابن عثيمين " رحمه الله تعالى "	خالد المشيقح	ShamAY	37521	0.43689
		فقه الواقع - الألباني	محمد ناصر الدين الألباني (المتوفى: 1420ه)	Sham19Y	710	0.43687
		الإعجاز العددي للقرآن الكريم	عبدالرزاق نوفل	Rafed	3169	0.43686
		الجغرافيا المناخية والنباتية	عبد العزيز طريح شرف	ShamAY	2021	0.43684
		وسائل الشّيعة [ج ٢٤]	محمد بن الحسن الحرّ العاملي [ العلامة الشيخ حرّ العاملي ]	Rafed	341	0.43683
		عرض ونقد دراسة نقدية وتوجيهية لكتاب دراسة عن الفرق في تاريخ المسلمين الخوارج والشيعة	علي بن محمد بن ناصر الفقيهي	ShamAY	3519	0.43681
		الأذان والإقامة - المفهوم، والفضائل، والآداب، والشروط في ضوء الكتاب والسنة	د. سعيد بن على بن وهف القحطاني	ShamelaY19	96457	0.4368
		 سرور أهل الإيمان في علامات ظهور صاحب الزمان ( عج ) 	 السيد بهاء الدين علي النيلي النجفي 	ABLibrary	7545	0.4368
		السهل المفيد فى أحكام التجويد		ShamAY	36961	0.43675
		 الذريعة 	 آقا بزرگ الطهراني 	ABLibrary	864	0.43668
		الإفصاح عن أحاديث النكاح	أحمد بن محمد بن علي بن حجر الهيتمي السعدي الأنصاري، شهاب الدين شيخ الإسلام، أبو العباس (المتوفى: 974هـ)	ShamAY	6247	0.43667
		التكافل الاجتماعي	-	ShamAY	1908	0.43667
		أسباب النزول ت زغلول	أبو الحسن علي بن أحمد بن محمد بن علي الواحدي، النيسابوري، الشافعي (المتوفى: 468هـ)	ShamAY	11456	0.43667
		الجامع لعلوم الإمام أحمد - شرح الأحاديث والآثار	إبراهيم النحاس	ShamelaY19	20866	0.43664
		 طب الأئمة ( ع ) 	 السيد عبد الله شبر 	ABLibrary	7937	0.43664
		المسائل الشرعية	موسي شبيري زنجاني	Ghbook	9600	0.43663
		الشوارد = ما تفرد به بعض أئمة اللغة	رضي الدين الحسن بن محمد بن الحسن القرشي الصغاني (المتوفى: 650ه)	ShamelaY19	23427	0.4366
		 فضالة الخوان في طيبات الطعام والألوان 	 ابن رزين التجيبي 	ABLibrary	9840	0.43659
		تلخيص كتاب التعريف والإعلام بما أبهم من القرآن لبحرق اليمني	بَحرَق اليمني	ShamAY	36835	0.43658
		انوار الفقاهه - كتاب المزارعه	حسن بن جعفر بن خضر نجفي كاشف الغطاء	Ghbook	12059	0.43655
		المباحث المرضية المتعلقة ب (من) الشرطية	عبد الله بن يوسف بن أحمد بن عبد الله ابن يوسف، أبو محمد، جمال الدين، ابن هشام (المتوفى: 761ه)	Sham19Y	6991	0.43638
		تحقيق الرجحان بصوم يوم الشك من رمضان	مرعي بن يوسف بن أبى بكر بن أحمد الكرمى المقدسي الحنبلى (المتوفى: 1033هـ)	ShamAY	11087	0.43637
		من هم قتله الحسين ( عليه السلام ) ؟	آيت الله علي حسيني ميلاني	Ghbook	4784	0.43633
		الموتلف من المختلف بين ائمه السلف و هو منتخب الخلاف	سيدمهدي رجايي	Ghbook	15628	0.43631
		المعقوليه السياسيه التاريخيه لنظريه الامامه عند الشيعه الاماميه	محمود عكام	Ghbook	6243	0.43629
		جواب في الحلف بغير الله والصلاة إلى القبور، ويليه: فصل في الاستغاثة	تقي الدين أبو العباس أحمد بن عبد الحليم بن عبد السلام بن عبد الله بن أبي القاسم بن محمد ابن تيمية الحراني الحنبلي الدمشقي (المتوفى: 728هـ)	ShamAY	21565	0.43628
		ندوة الشاعر علي الجارم من إصدارات مجمع اللغة العربية بالقاهرة	مجموعة من المؤلفين	ShamAY	34517	0.43626
		قره عين الأخيار لتكملة رد المحتار علي الدر المختار	علاء الدين محمد بن (محمد أمين المعروف بابن عابدين) بن عمر بن عبد العزيز عابدين الحسيني الدمشقي (المتوفى: 1306هـ)	ShamAY	918	0.43625
		الكنز الثمين في سؤالات ابن سنيد لابن عثيمين	محمد بن صالح بن محمد العثيمين (المتوفى: 1421ه)	Sham19Y	14242	0.43624
		التاريخ المنصوري = تلخيص الكشف والبيان في حوادث الزمان	أبو الفضائل محمد بن علي بن نظيف الحموي	ShamAY	6607	0.4362
		أحكام الاستعراض بالسيارات (التفحيط) دراسة فقهية مقارنة	فاطمة الجار الله	ShamAY	36691	0.43619
		نموذج لمجموعة اسئلة حول موقع المراة في النظام السياسي الاسلامي	آيت الله شيخ محمد اسحاق فياض	Ghbook	15349	0.43616
		جزء فيه شروط النصارى وبذيله أحاديث لأبي محمد عبد الوهاب بن أحمد الكلابي	عبد الله بن أحمد بن ربيعة بن زبر الربعي، أبو محمد (المتوفى: 329ه)	Sham19Y	27091	0.43613
		الكنز الأكبر في الأمر بالمعروف والنهي عن المنكر [ضمن سلسلة لقاءات العشر برقم (252)]	تقي الدين أبو بكر بن عبد الله بن قاضي عجلون الدمشقي الشافعي (814 - 928 ه)	ShamelaY19	132427	0.43608
		الأحكام والآداب المستفادة من سورة الإسراء		ShamAY	36862	0.43604
		الذّريعة إلى تصانيف الشّيعة [ج ٢٦]	الشيخ آقا بزرك الطهراني	Rafed	511	0.43603
		قرة الأبصار (نظم)	عبد العزيز بن عبد الواحد الميموني	ShamAY	37402	0.43598
		المعجم المفصل في النحو العربي	عزيزه فوال بابتي	Ghbook	16354	0.43598
		خلاصة الأحكام في مهمات السنن وقواعد الإسلام	أبو زكريا محيي الدين يحيى بن شرف النووي (المتوفى : 676هـ)	ShamAY	5920	0.43597
		الفكر والأسلوب في شعر عبد السلام المقدسي	الدكتور علي حيدر - الدكتور عيسى فارس - ماهر عبد القادر	ShamAY	34494	0.4359
		 الذريعة 	 آقا بزرگ الطهراني 	ABLibrary	848	0.4359
		ديوان ابن رشيق القيرواني الأزدي	أبو علي الحسن بن رشيق المعروف بالقيرواني (390 ـ 463 هـ)	ShamAY	37868	0.43588
		خزانة التواريخ النجدية  - الجزء1	عبد الله بن عبد الرحمان آل بسام	Masaha	4688	0.43588
		صفة صاحب الذوق السليم ومسلوب الذوق اللئيم	عبد الرحمن بن أبي بكر، جلال الدين السيوطي (المتوفى: 911هـ)	ShamAY	1345	0.43583
		أرجح الأقوال في حكم كشف الفخذ للرجال	عبد العزيز قاري محمد	ShamAY	36226	0.43579
		ديوان مروان ابن أبي حفصة	مروان بن سلمان بن يحيى بن أبي حفصة، كنيته أبو الهيندام أو أبو السمط، ولقبه ذو الكمر. ( 105 - 182 هـ / 723 - 798 م )	ShamAY	37859	0.43578
		فتوح البلدان	أحمد بن يحيى بن جابر بن داود البَلَاذُري (المتوفى: 279هـ)	ShamAY	12221	0.43575
		فتح الودود في شرح سنن أبي داود	السندي، محمد بن عبد الهادي	ShamelaY19	20591	0.43573
		المغني في تصريف الأفعال	محمّدُ بنُ عبدِ الخالقِ بنِ عليِّ بنِ عضيمةَ (المتوفى: 1403هـ)	ShamAY	8653	0.43569
		مسند الدارمي ت الزهراني	أبو محمد عبد الله بن عبد الرحمن الدارمي	Sham19Y	36114	0.43569
		من حديث النبي(ص) يكون لهذه الأُمة إثنا عشر قيماً	السيد مرتضى العسكري	Masaha	436	0.43563
		المنهج التقريبي السليم	مرتضي علي الباشا	Ghbook	10520	0.43561
		الجهاد لعبد الله بن المبارك - ط المطبوعات الحديثة (مقابل)	عبد الله بن المبارك المروزي	ShamAY	33661	0.43559
		تيسير وتكميل شرح ابن عقيل على ألفيّة ابن مالك [ج ٣]	الدكتور محمّد علي سلطاني	Rafed	2781	0.43559
		الذهب الأبيض حقيقته وأحكامه الشرعية	عبد الرحمن بن فهد الدوسري	ShamAY	36327	0.43557
		الشيخ سلمان العوده تواب عواد	آيت الله العظمي جعفر سبحاني	Ghbook	10525	0.43557
		ما يجب على المسلم معرفته والعمل به	عبد الله بن جار الله آل جار الله	ShamAY	35580	0.43554
		غيث النفع في القراءات السبع	علي بن محمد بن سالم، أبو الحسن النوري الصفاقسي المقرئ المالكي (المتوفى: 1118ه)	ShamelaY19	27083	0.43554
		أثر علم أصول الفقه في تحقيق التميز في الدراسات الفقهية المعاصرة	أحمد الضويحي	ShamAY	37595	0.43551
		تراجم الشخصيات من موقع ذاكرة الأزهر	مجموعة من المؤلفين	ShamAY	38310	0.4355
		المسائل الاسلاميه المختصره	آيت الله العظمي سيد محمد حسيني شيرازي	Ghbook	7814	0.43542
		بغية الوعاة في طبقات اللغويين والنحاة	عبد الرحمن بن أبي بكر، جلال الدين السيوطي (المتوفى: 911هـ)	ShamAY	6744	0.4354
		الأموال لابن زنجويه	أبو أحمد حميد بن مخلد بن قتيبة بن عبد الله الخرساني المعروف بابن زنجويه (المتوفى: 251هـ)	ShamAY	338	0.43538
		 خزانة التواريخ النجدية 	 عبد الله بن عبد الرحمن آل بسام 	ABLibrary	9043	0.43538
		صحيح سنن أبي داود ط غراس	الشيخ محمد ناصر الدين الألباني (المتوفى: 1420 ه)	ShamelaY19	25881	0.43536
		نصيحة جامعة لعموم أهل الإسلام والإيمان	فيصل بن عبد العزيز آل مبارك	ShamAY	35648	0.43534
		صراط النجاه في اجوبه الاستفتائات	آيت الله العظمي ميرزا جواد تبريزي	Ghbook	10142	0.43534
		يوميات شامية = الحوادث اليومية من تاريخ أحد عشر وألف ومية	محمد بن عيسى بن محمود بن كنان (المتوفى: 1153هـ)	ShamAY	397	0.43533
		اهل البيت عليهم السلام في القرآن الكريم الفاتحه و البقره	علي جلاييان اكبرنيا	Ghbook	15535	0.43531
		طبقات المفسرين للداوودي - ط العلمية = التراجم	محمد بن علي بن أحمد، شمس الدين الداوودي المالكي (المتوفى: 945هـ)	ShamAY	38009	0.43525
		رياض الصالحين بالعربية والإنجليزية	يحيى بن شرف النووي أبو زكريا	ShamAY	38643	0.43524
		مجمع الزوائد ومنبع الفوائد	نور الدين علي بن أبي بكر الهيثمي	ShamAY	34120	0.43519
		ابو محمد الصوري وشعره في الغدير	الشيخ عبد الحسين الأميني النجفي	Masaha	28	0.43519
		علم نفس النمو من الجنين إلى الشيخوخة	عادل عز الدين الأشول	ShamAY	10751	0.43518
		الاصول الاصليه و القواعد الشرعيه	عبدالله بن محمدرضا شبر حسيني كاظميني	Ghbook	11912	0.43518
		المسح على الرّجلين في الوضوء	السيّد علي الحسيني الميلاني	Rafed	1177	0.43516
		الأربعون حديثا في المهدي	أبو نعيم الأصبهاني	ShamAY	35231	0.43512
		مظاهر الطبيعة في شعر حازم القرطاجني	الدكتور عيسى فارس ـ الدكتورة رامية محفوض ـ نبيل سالم سلمان	ShamAY	34516	0.43511
		أخبار مكّة في قديم الدّهر وحديثه [ج ٢]	أبي عبد الله محمّد بن إسحاق ابن العبّاس الفاكهي المكّي	Rafed	2101	0.43509
		الكواكب الدراري في ترجمة بعض من طعن من رجال البخاري	أحمد سكر	ShamAY	35892	0.43508
		التذكرة في علوم الحديث لابن الملقن	ابن الملقن سراج الدين أبو حفص عمر بن علي بن أحمد الشافعي المصري (المتوفى: 804ه)	ShamelaY19	23640	0.43508
		اجوبه المسائل اللبنانيه ( الاستفتاءات المرتبطه بالحج و العمره )	آيت الله العظمي سيد محمد حسيني شيرازي	Ghbook	2296	0.43507
		أنوار الفقاهة (كتاب الغضب)	الشيخ حسن كاشف الغطاء	Masaha	912	0.43505
		التحديات الاجتماعية التربوية المعاصرة للمرأة المسلمة	فاتن أبو شوقة	ShamAY	33469	0.43501
		الصبر والثواب عليه لابن أبي الدنيا	أبو بكر عبد الله بن محمد بن عبيد بن سفيان بن قيس البغدادي الأموي القرشي المعروف بابن أبي الدنيا (المتوفى: 281هـ)	ShamAY	8259	0.435
		ثلاث رسائل فقهية	آيت الله العظمي لطف اللّه صافي گلپايگاني	Ghbook	9158	0.435
		 تاريخ صنعاء 	 اسحاق بن يحيى الطبري الصنعاني 	ABLibrary	8993	0.43498
		بحث عن السيرة النبوية	-	ShamelaY19	31468	0.43497
		ديوان الخنساء	تماضر بنت عمرو والمعروفة بـ الخنساء	ShamAY	37828	0.43496
		رفع الستر عن كيفية إدخال الميت وتوجيهه إلى القبلة في القبر	الإمام محمد عبد الحي اللكنوي (ت1304هـ)	ShamAY	36021	0.43492
		موسوعة فضائل سور وآيات القرآن - القسم الصحيح	محمد بن رزق بن طرهوني	ShamelaY19	144114	0.43485
		مثير العزم الساكن إلى أشرف الأماكن ط الراية	جمال الدين أبو الفرج عبد الرحمن بن علي بن محمد الجوزي (المتوفى: 597هـ)	ShamAY	26674	0.43484
		رجال تركوا بصمات علي قسمات التاريخ	لطيف قزويني	Ghbook	7098	0.43482
		بحار الأنوار [ج ٤٧]	الشيخ محمّد باقر بن محمّد تقي المجلسي	Rafed	984	0.43481
		كتب أثنى عليها العلماء	عبد الإله الشايع	ShamAY	37632	0.4348
		بحوث في الرؤيا والأحلام	الشيخ محمّد جواد الطبسي	Rafed	1162	0.4348
		مجموعة أجزاء حديثية مسألة سبحان	أبو عبد الله إبراهيم بن محمد بن عرفة بن سليمان بن المغيرة بن حبيب العتكي الأزدي الواسطي المعروف بنِفْطَوَيْهِ (المتوفى: 323هـ)	ShamAY	12957	0.43476
		نقض قول من تبع الفلاسفة في دعواهم أن الله لا داخل العالم ولا خارجه	محمد بن عبد الرحمن الخميس	ShamAY	35599	0.43473
		 موسوعة الإمام الهادي ( ع ) 	 الشيخ أبو القاسم الخزعلي 	ABLibrary	7843	0.43472
		المباحث المرضية المتعلقة بـ (من) الشرطية	عبد الله بن يوسف بن أحمد بن عبد الله ابن يوسف، أبو محمد، جمال الدين، ابن هشام (المتوفى: 761هـ)	ShamAY	6991	0.4347
		فضائل الصيام وقيام صلاة التراويح - مفهوم، وفوائد، وفضائل، وخصائص	د. سعيد بن علي بن وهف القحطاني	ShamAY	1864	0.43469
		حاشيه علي رساله في قاعده من ملك	ملا عبد اللّٰه بن محمد حسن مامقاني	Ghbook	11253	0.43463
		 المحيط في اللغة 	 الصاحب بن عباد 	ABLibrary	9784	0.4346
		أصول الإيمان لابن باز	عبد العزيز بن عبد الله بن باز (المتوفى: 1420هـ)	ShamAY	11179	0.43455
		الإعلان بالتوبيخ لمن ذم التاريخ	السخاوي، شمس الدين	ShamAY	37134	0.43454
		 الكوثر في أحوال فاطمة بنت النبي الأعظم ( ع ) 	 السيد محمد باقر الموسوي 	ABLibrary	7687	0.43454
		تفسير آية "أقم الصلاة لدلوك الشمس"	علي القضيب	ShamAY	33138	0.43452
		قوت المغتذين بفتح المقتدين	الإمام محمد عبد الحي اللكنوي (ت1304هـ)	ShamAY	36023	0.43451
		 الذريعة 	 آقا بزرگ الطهراني 	ABLibrary	850	0.43451
		دور الامام الصادق عليه السلام في الحركه العلميه في صدر الاسلام	محمد واعظ زاده خراساني	Ghbook	5014	0.43446
		ديوان الشماخ بن ضرار	الشماخ بن ضرار بن حرملة بن سنان المازني الذبياني الغطفاني.	ShamAY	37892	0.43444
		المصلحة المرسلة محاولة لبسطها ونظرة فيها	علي محمد جريشة	ShamAY	8938	0.4344
		درجة حديث الصدوق ومن في مرتبته	عبد العزيز التخيفي	ShamAY	37275	0.43439
		قتله الامام الحسين ( عليه السلام ) و الجزاء الدنيوي	آيت الله العظمي سيد محمد حسيني شيرازي	Ghbook	7774	0.43438
		طب النبي للمستغفري	المُسْتَغْفِرِيُّ	ShamAY	35237	0.43432
		 نقش الفصوص 	 ابن عربي 	ABLibrary	8735	0.43423
		الجوهر المنضد في طبقات متأخري أصحاب أحمد	يوسف بن حسن بن أحمد بن حسن ابن عبد الهادي الصالحي، جمال الدين، ابن المِبْرَد الحنبلي (المتوفى: 909 هـ)	ShamAY	32329	0.43422
		جزء فيه شروط النصارى وبذيله أحاديث لأبي محمد عبد الوهاب بن أحمد الكلابي	عبد الله بن أحمد بن ربيعة بن زبر الربعي، أبو محمد (المتوفى: 329ه)	ShamelaY19	27091	0.4342
		 أخبار مكة في قديم الدهر وحديثه 	 محمد بن اسحاق ابن العباس الفاكهي المكي 	ABLibrary	8923	0.43419
		وصية الشيخ السلمي	محمد بن الحسين بن محمد بن موسى بن خالد بن سالم النيسابوري، أبو عبد الرحمن السلمي (المتوفى: 412ه)	Sham19Y	6890	0.43417
		آرشيو دروس خارج اصول آيت الله شيخ محمداسحاق فياض 36-35	آيت الله شيخ محمد اسحاق فياض	Ghbook	14507	0.43417
		المحيط في اللّغة [ج ٩]	إسماعيل بن عبّاد [ كافي الكفاة ]	Rafed	2867	0.43414
		دراسة في المنهج والتطبيق .. علم النحو	علاء إسماعيل الحمزاوي	ShamAY	37048	0.43413
		تطور المذهب الاشعري في خراسان (334 - 485هـ / 945 - 1092م)	نور سعد محسن البياتي	ShamAY	37776	0.43398
		مرويات ابن الجوزي في صيد الخاطر - دراسة نقدية	أحمد العتيبي	ShamAY	34132	0.43397
		الإجماع لابن المنذر - ت: أبو عبد الأعلى المصري	الواحدي :: ابن المنذر	ShamAY	33196	0.43395
		نظرات في أشرطة سيرة الصديق والفاروق للدكتور طارق السويدان	أبو عبد الله الذهبي	ShamAY	35805	0.43393
		 مسند الإمام الباقر ( ع ) 	 الشيخ عزيز الله عطاردي 	ABLibrary	7713	0.43393
		الشمس في نصف الليل	أبو شكيب محمد تقي الدين بن عبد القادر الهلالي (المتوفى: 1407هـ)	ShamAY	10410	0.43392
		أمريكا والانهيار الحضاري... حقيقة أم وهم؟!	خباب بن مروان الحمد	ShamAY	37729	0.43388
		الأوسط في السنن والإجماع والاختلاف	أبو بكر محمد بن إبراهيم بن المنذر النيسابوري (المتوفى: 319ه)	ShamelaY19	21113	0.43386
		الأضواء البهجة في إبراز دقائق المنفرجة - مختصر محقق على نسخة لزكرياء الانصاري	الواحدي :: الأنصاري، زكريا	ShamAY	34493	0.43384
		 حديقة الأزهار في ماهية العشب والعقار 	 أبو القاسم بن محمد الأندلسي الغساني ( الوزير ) 	ABLibrary	9963	0.43384
		جزء فيه ذكر حال عكرمة مولى عبد الله بن عباس وما قيل فيه - لقاء العشر الأواخر بالمسجد الحرام (12)	عبد العظيم بن عبد القوي بن عبد الله، أبو محمد، زكي الدين المنذري (المتوفى: 656 هـ)	ShamAY	32396	0.43382
		نبذه مختصرة من حياة الشيخ الفياض	آيت الله شيخ محمد اسحاق فياض	Ghbook	15348	0.43381
		دلائل النبوة - الجزء1	الحافظ أبي نعيم الأصبهاني	Masaha	2186	0.43376
		فتوح البلدان	أحمد بن يحيى البلاذري‏	Masaha	2329	0.43375
		أحاديث تعظيم الربا على الزنا «دراسة نقدية»	أبو عمر علي بن عبد الله بن شديد الصياح المطيري	ShamAY	32010	0.43367
		الربا و البنك الاسلامي	آيت الله العظمي ناصرمكارم شيرازي	Ghbook	3285	0.43367
		طبقات المحدثين بأصبهان والواردين عليها  - الجزء1	عبد الله بن محمد أبو الشيخ	Masaha	3974	0.43367
		مسألة تقديم وقت أذان الفجر، وتأخير توقيت العشاء	الشيخ عدنان بن محمد العرعور	ShamelaY19	147098	0.43361
		شرح الأزهرية	خالد بن عبد الله بن أبي بكر بن محمد الجرجاوي الأزهري، زين الدين المصري، وكان يعرف بالوقاد (المتوفى: 905ه)	ShamelaY19	96610	0.43358
		الخلاصةُ في صفات المربي الصالح	الواحدي :: علي بن نايف الشحود	ShamAY	36086	0.43357
		المخصّص [ج ١٣]	أبي الحسن علي بن إسماعيل بن سيده المرسي [ ابن سيده ]	Rafed	3560	0.43355
		الملائكه في التراث الاسلامي	حسين النصراوي	Ghbook	12303	0.43355
		الذّريعة إلى تصانيف الشّيعة [ج ١٧]	الشيخ آقا بزرك الطهراني	Rafed	476	0.43354
		السنة النبوية في مواجهة التحديات	إسحاق السعدي	ShamAY	37331	0.43349
		مثير العزم الساكن إلى أشرف الأماكن ط الراية	جمال الدين أبو الفرج عبد الرحمن بن علي بن محمد الجوزي (المتوفى: 597ه)	ShamelaY19	26674	0.43349
		علم نفس النمو من الجنين إلى الشيخوخة	عادل عز الدين الأشول	Sham19Y	10751	0.43349
		الوجيز النفيس في معرفة التدليس (بحث منشور في مجلة مركز البحوث والدراسات في الوقف السني -بغداد 2005م)	أبو ذر عبد القادر بن مصطفى بن عبد الرزاق المحمدي	ShamAY	519	0.43347
		الدرر السنية في دراسة المقدمة الآجرومية	أبو بكر ماهر بن عبد الوهاب علوش	ShamAY	37049	0.43345
		المخصّص [ج ١١]	أبي الحسن علي بن إسماعيل بن سيده المرسي [ ابن سيده ]	Rafed	3556	0.43345
		السيرة النبوية - ت سعد ط الجيل	عبد الملك بن هشام بن أيوب الحميري المعافري أبو محمد	ShamAY	34440	0.43341
		منتخب من صحاح الجوهري	أبو نصر إسماعيل بن حماد الجوهري الفارابي (المتوفى: 393ه)	ShamelaY19	28100	0.43341
		 المختصر الكبير في سيرة النبي محمد ( ص ) 	 ابن جماعة 	ABLibrary	7699	0.43339
		فهم الصوفية واستشراف أثرها في السياسة الأمريكية	هيلمستروف	ShamAY	37781	0.43334
		صلاة الخوف - مفهوم، وسماحة، وأنواع، وكيفية، وأحكام في ضوء الكتاب والسنة	د. سعيد بن علي بن وهف القحطاني	ShamelaY19	96503	0.43329
		الجزء الموجود من كتاب السنة للطبراني	الطبراني	ShamAY	35253	0.43319
		آية التطهير ـ شبهات وردود	حسن عبد الله	Masaha	37	0.43319
		تمشي على استحياء	عبد الملك القاسم	ShamAY	34915	0.43315
		ثمرات التدوين من مسائل ابن عثيمين	الواحدي :: أحمد القاضي	ShamAY	36242	0.43314
		إتحاف ذوي الإتقان بحكم الرهان	حسن بن عمار بن علي الشرنبلالي المصري الحنفي (المتوفى: 1069ه)	ShamelaY19	96849	0.4331
		الزهد	الحسين بن سعيد الكوفي الأهوازي	Masaha	505	0.4331
		أصل زيد الزراد	زيد الزراد	Masaha	536	0.4331
		الزهد لابن أبي الدنيا	أبو بكر عبد الله بن محمد بن عبيد بن سفيان بن قيس البغدادي الأموي القرشي المعروف بابن أبي الدنيا (المتوفى: 281هـ)	ShamAY	8216	0.43296
		لنكن من المجتهدين  ..	محمد رضا حسيني شيرازي	Ghbook	8079	0.43287
		آداب الحوار وقواعد الاختلاف	عمر بن عبد الله كامل	ShamAY	2032	0.43282
		صحيفة همام بن منبه	أبو عقبة همام بن منبه بن كامل بن سيج اليماني الصنعاني الأبناوي (المتوفى: 131هـ)	ShamAY	7776	0.43281
		إحقاق الحقّ وإزهاق الباطل [ج ٤]	السيّد نور الله الحسيني المرعشي التستري	Rafed	2711	0.43274
		يوم في بيت الرسول	عبد الملك القاسم	ShamAY	37414	0.43264
		تذكير الشباب بما جاء في إسبال الثياب	عبد الله آل جار الله	ShamAY	36210	0.43262
		المرفوعات في كتاب البيان في غريب اعراب القرآن – لأبى البركات الأنباري (عبدالكريم بشير حجا	عبد الكريم بشير حجا	ShamAY	35923	0.43255
		التوسل بالنبي (ص) والتبرك بآثاره	مرتضي عسكري	Ghbook	7541	0.43255
		حكم تكرار الجماعة في المسجد	محمد طاهر حكيم	ShamAY	12149	0.43254
		آيه التطهير شبهات و ردود	حسن عبدالله	Ghbook	7507	0.43254
		من آثار الفكر التكفيري على مخيم نهر البارد	محمد أحمد عبد الغني	ShamAY	33388	0.43249
		أحكام القرآن للطحاوي	أبو جعفر أحمد بن محمد بن سلامة بن عبد الملك بن سلمة الأزدي الحجري المصري المعروف بالطحاوي (المتوفى : 321هـ)	ShamAY	10765	0.43249
		ديوان أبي الشيص الخزاعي	أبو الشيص، محمد بن على بن عبدالله بن رزين الخزاعى 196 هـ	ShamAY	37814	0.43248
		الشرح المختصر على نظم المقصود	أبو عبد الله، أحمد بن عمر بن مساعد الحازمي	ShamAY	838	0.43247
		 آكام المرجان في ذكر المدائن المشهورة في كل مكان 	 إسحاق بن حسين المنجم 	ABLibrary	8918	0.43243
		 موسوعة قرى ومدن لبنان 	 طوني مفرج 	ABLibrary	9272	0.43241
		السُّنَنُ وَالأحْكَامُ عَن المُصْطَفَى عَلَيهِ أَفْضَل الصَّلاَة والسَّلاَم	ضياء الدين أبو عبد الله محمد بن عبد الواحد المقدسي (المتوفى: 643هـ)	ShamAY	31613	0.4324
		قضيه الشيعه	آيت الله العظمي سيد محمد حسيني شيرازي	Ghbook	7776	0.43238
		الآثار الواردة عن أهل السنة في الصحابة من خلال كتب الرجال إلى القرن الرابع	د. صالح بن محمد العقيل	ShamAY	35659	0.43237
		حدود العالم من المشرق إلى المغرب‏	مجهول من القرن الرابع	Masaha	4570	0.43235
		كل شىء عن الثالوث		ShamAY	35577	0.43232
		الفوائد الموضوعة في الأحاديث الموضوعة	مرعي بن يوسف بن أبى بكر بن أحمد الكرمى المقدسي الحنبلى (المتوفى: 1033هـ)	ShamAY	6051	0.43229
		تحفة الطلبة في تحقيق مسح الرقبة	الإمام محمد عبد الحي اللكنوي (ت1304هـ)	ShamAY	36015	0.43223
		تحفة الأريب بما في القرآن من الغريب	أبو حيان محمد بن يوسف بن علي بن يوسف بن حيان أثير الدين الأندلسي (المتوفى: 745هـ)	ShamAY	31751	0.43219
		روي عن نهضه الامام الحسين عليه السلام	آيت الله العظمي سيد محمد حسيني شيرازي	Ghbook	7889	0.43215
		نزع الخافض في الدرس النحوي	حسين الحبشي	ShamAY	37062	0.43212
		القدر للفريابي محققا	أبو بكر جعفر بن محمد بن الحسن بن المُسْتَفاض الفِرْيابِي (المتوفى: 301هـ)	ShamAY	11333	0.43205
		خطورة التكفير وما يترتب عليه من أحكام	بيان هيئة كبار العلماء حول التكفير والتفجير، وفتوى الشيخ عبد العزيز بن باز	ShamAY	766	0.43203
		أثر العناصر غير اللغوية في صياغة المعنى	د. رشيد بلحبيب	ShamAY	37181	0.43201
		 مجموعة آثار السلمي 	 السلمي 	ABLibrary	8706	0.43201
		رسالة الحقوق	الناشر: مكتبة الإمام حسن (ع) العامّة	Rafed	1561	0.43199
		حقيقه مصحف عند الشيعه	اكرم بركات عاملي	Ghbook	4850	0.43198
		مختصر العبارات لمعجم مصطلحات القراءات	إبراهيم بن سعيد بن حمد الدوسري	ShamelaY19	30049	0.43193
		عقيدة الإمام أبي علي الهاشمي الحنبلي	أبو علي بن أبي موسى الهاشمي	ShamAY	35744	0.43191
		الزام النواصب بامامة علي بن ابيطالب عليه السلام	مفلح بن حسين صميري	Ghbook	15860	0.43189
		البدع والمخالفات في الحج	عبد المحسن بن محمد السميح - خالد بن عيسى العسيري - يوسف بن عبد الله الحاطي	ShamAY	30915	0.43187
		ثنتان وسبعون في النار وواحدة في الجنة		ShamAY	35625	0.43184
		وسائل الشيعة [ج ١٦]	محمد بن الحسن الحرّ العاملي [ العلامة الشيخ حرّ العاملي ]	Rafed	310	0.43181
		 منتخب الأنوار في تاريخ الأئمة الأطهار ( ع ) 	 محمد بن همام الإسكافي 	ABLibrary	7792	0.43176
		حياة التابعين	ياسر بن أحمد بن محمود بن أحمد بن أبي الحمد الكويس الحمداني	ShamelaY19	37568	0.43175
		وصية الشيخ السلمي	محمد بن الحسين بن محمد بن موسى بن خالد بن سالم النيسابوري، أبو عبد الرحمن السلمي (المتوفى: 412هـ)	ShamAY	6890	0.43168
		 مسند الإمام الصادق ( ع ) 	 الشيخ عزيز الله عطاردي 	ABLibrary	7721	0.43168
		أحكام القضاء في الصيام	عواض بن هلال العمري	Sham19Y	12178	0.43164
		هواتف الجنان للخرائطي	أبو بكر محمد بن جعفر بن محمد بن سهل بن شاكر الخرائطي (المتوفى: 327ه)	Sham19Y	28183	0.43163
		المختصر الكبير في سيرة النبي محمد(ص)	عبد العزيز ابن جماعة الكناني	Masaha	2867	0.4315
		شرح الأزهرية	خالد بن عبد الله بن أبي بكر بن محمد الجرجاويّ الأزهري، زين الدين المصري، وكان يعرف بالوقاد (المتوفى: 905هـ)	ShamAY	1950	0.43144
		رسالة في خبر تزويج ام كلثوم من عمر	السيّد علي الحسيني الميلاني	Rafed	222	0.43144
		صلاه ابي بكر في مرض النبي ( صلي الله عليه و آله )	آيت الله علي حسيني ميلاني	Ghbook	4799	0.43142
		القبور لابن أبي الدنيا - ط أطلس الخضراء = مقابل	أبو بكر عبد الله بن محمد ابن أبي الدنيا	ShamAY	38162	0.43141
		بغية الوعاة في طبقات اللغويين والنحاة	عبد الرحمن بن أبي بكر، جلال الدين السيوطي (المتوفى: 911هـ)	ShamAY	38016	0.43137
		الاحكام الواضحه: فتاوي محمد الفاضل اللنكراني	محمد فاضل لنكراني	Ghbook	15248	0.43135
		المصحف في الروايات والآثار	السيد مرتضى العسكري	Masaha	422	0.43127
		بناء المقاله الفاطميه	سيد جمال الدين احمد بن موسي بن طاووس ابن طاووس  ( صاحب عين العبره و بناء المقاله العلويه )	Ghbook	2479	0.43125
		السَّبْحة الثّمينة نظم السَّفينة	أحمد مَشهور :: أحمد مشهور	ShamAY	37468	0.43119
		زكي المحاسبي المربي الأديب والشاعر الناقد	سماء زكي المحاسني	ShamAY	38624	0.43119
		المسح علي الرجلين في الوضوء	آيت الله علي حسيني ميلاني	Ghbook	4554	0.43119
		أثر وسائل السفر الحديثة على رخص السفر وعلى سفر المرأة بدون محرم	د. حميد فرحان العفيف	ShamAY	36679	0.43114
		 الموسوعة الكبرى عن فاطمة الزهراء ( س ) 	 اسماعيل الأنصاري الزنجاني الخوئيني 	ABLibrary	7832	0.43105
		صفات رب العالمين لابن المحب الصامت، من بداية (باب الرزق)، إلى نهاية (باب نزول الله جل ثناؤه يوم القيامة)	شمس الدين ابن المحب الصامت (712 ه - 789 ه)	ShamelaY19	132403	0.43103
		جامع المسانيد لابن الجوزي	ابن الجوزي، عبد الرحمن بن علي (المتوفى: 597 ه)	Sham19Y	148271	0.43103
		مدى حق الولي المتعلق بمرض المولى عليه	عبد الناصر أبو البصل	ShamAY	36705	0.43099
		أسباب الإرهاب والعنف والتطرف دراسة تحليلية	أسماء بنت عبد العزيز الحسين	ShamAY	33359	0.43099
		أخلاق حملة القرآن للآجري - ت: الألفي	الآجري	ShamAY	34101	0.43099
		ابحاث في علم التجويد	غانم قدوري الحمد	Ghbook	2751	0.43099
		هل تزوج عمر بام كلثوم	خليفه عبيد كلباني عماني	Ghbook	7733	0.43099
		الشرح المختصر على نظم المقصود	أبو عبد الله، أحمد بن عمر بن مساعد الحازمي	Sham19Y	36120	0.43094
		النحوالجامع	السيدحميد الجزائري	Ghbook	14951	0.43094
		أحاديث لا تصح	سليمان بن صالح الخراشي	ShamAY	33055	0.43087
		مجلة مجمع الفقه الإسلامي التابع لمنظمة المؤتمر الإسلامي بجدة	تصدر عن منظمة المؤتمر الاسلامي بجدة	ShamAY	8356	0.43086
		الإيجاز والعرض فى أن إعفاء اللحية فرض	علاء الدين جابر أبو السعود	ShamAY	36377	0.43082
		الحجة في بيان المحجة وشرح عقيدة أهل السنة	إسماعيل بن محمد بن الفضل بن علي القرشي الطليحي التيمي الأصبهاني، أبو القاسم، الملقب بقوام السنة (المتوفى: 535هـ)	ShamAY	6446	0.43082
		الزيارات بدمشق‏	محمود بن محمد عدوي الزوكاري	Masaha	4758	0.43081
		كيفية صلاة النبي صلى الله عليه وسلم	عبد العزيز بن عبد الله بن باز (المتوفى: 1420ه)	Sham19Y	31227	0.43075
		هواتف الجنان للخرائطي	أبو بكر محمد بن جعفر بن محمد بن سهل بن شاكر الخرائطي (المتوفى: 327ه)	ShamelaY19	28183	0.43068
		الإلمام بأحاديث الأحكام (ومعه حاشية شمس الدين بن عبد الهادي)	تقي الدين أبو الفتح محمد بن علي بن وهب بن مطيع القشيري، المعروف بابن دقيق العيد (المتوفى: 702 هـ)	ShamAY	32411	0.4306
		صلاه ابي بكر في مرض النبي ( صلي الله عليه و آله )	آيت الله علي حسيني ميلاني	Ghbook	7743	0.4306
		الأسماء والصفات للبيهقي ت عميرة	أبو بكر أحمد بن الحسين بن علي بن موسى البيهقي (المتوفى: 458 هـ)	ShamAY	33978	0.43058
		القومية العربية	عبد الله عزام	ShamAY	33471	0.43057
		التكملة والذيل على درة الغواص = التكملة فيما يلحن فيه العامة (مطبوع ضمن «درة الغواص وشرحها وحواشيها وتكملتها»)	أبو منصور موهوب بن أحمد بن محمد بن الخضر الجواليقي	ShamAY	38972	0.43057
		وداع الرسول صلى الله عليه وسلم لأمته - دروسٌ، ووصايا، وعبرٌ، وعظات	د. سعيد بن علي بن وهف القحطاني	ShamAY	1924	0.43051
		مناسك الحج	آيت الله العظمي سيد محمد حسيني شيرازي	Ghbook	7846	0.43047
		الغارة على العالم الإسلامي	ألفريد لوشاتليه (المتوفى: 1929 م)	ShamelaY19	96607	0.43045
		الأذان والإقامة - المفهوم، والفضائل، والآداب، والشروط في ضوء الكتاب والسنة	د. سعيد بن على بن وهف القحطاني	Sham19Y	96457	0.43041
		 الزيارات ( بدمشق ) 	 القاضي محمود الزوكاري 	ABLibrary	9117	0.4304
		تحفة الأخيار ببيان جملة نافعة مما ورد في الكتاب والسنة من الأدعية والأذكار	عبد العزيز بن عبد الله بن باز (المتوفى: 1420هـ)	ShamAY	31303	0.43035
		المرأة في حياة إمام الدعوة الشيخ محمد بن عبدالوهاب (مطبوع ضمن بحوث ندوة دعوة الشيخ محمد بن عبد الوهاب، الجزء الأول)	حمد بن محمد بن جاسر آل جاسر (المتوفى: 1421ه)	Sham19Y	8548	0.43035
		كتاب التوحيد	محمد بن علي بن بابويه شيخ صدوق	Ghbook	797	0.43034
		رسالة في الرضاع	الشيخ مرتضى الأنصاري	Masaha	1599	0.43034
		رواة الغدير من الصحابة والتابعين والعلماء	الشيخ عبد الحسين الأميني النجفي	Masaha	286	0.43032
		موسوعة الإمام الجواد(ع) - الجزء1	الشيخ أبو القاسم الخزعلي‏	Masaha	3286	0.4302
		تعريب‏ تاريخ سجستان	مجهول	Masaha	4659	0.43019
		إليك يا زوجي	سلطان العمري	ShamAY	35185	0.43018
		بيع المرابحة والتقسيط ودورها في المعاملات المصرفية في الفقه الإسلامي	البروفيسور / المكاشفي طه الكباشي	ShamAY	36259	0.43008
		الصفة تاريخها - أصحابها	محمود محمد حمو	ShamAY	37155	0.43008
		التوحيد لابن خزيمة - ت: الزهيري	أبو بكر محمد بن إسحاق بن خزيمة	ShamAY	33974	0.43005
		المنهج الصحيح	عبد الله بن محمد الغنيمان	ShamelaY19	36516	0.43004
		آرشيو دروس خارج فقه آيت الله العظمي بشير حسين نجفي 37-36	آية الله العظمي الشيخ بشير حسين النجفي	Ghbook	14511	0.43004
		المنتظم في تاريخ الملوك والأمم	عبد الرحمن بن علي بن محمد بن الجوزي أبو الفرج	ShamAY	34611	0.43003
		تاريخ الإسلام ووفيات المشاهير والأعلام [ج ٤٨]	شمس الدين محمّد بن أحمد بن عثمان الذّهبي	Rafed	3644	0.43001
		شهر رمضان ربيع القرآن	عادل علوي	Ghbook	4623	0.42995
		الكلمات المتشابهة في القرآن	عبد اللطيف البلوشي	ShamAY	36828	0.42988
		الغلو الأسباب والعلاج	ناصر العقل	ShamAY	1134	0.42986
		آكام المرجان	إسحاق بن الحسين	Rafed	1916	0.42982
		قرة العيون في الكلام على إن بكسر الهمزة وتشديد النون للسنديوني		ShamAY	37069	0.42981
		إفادة الفضلاء ببعض أحكام الحناء	خالد الغرباني	ShamAY	36713	0.4298
		مجمع الزوائد ومنبع الفوائد	أبو الحسن نور الدين علي بن أبي بكر بن سليمان الهيثمي (المتوفى: 807هـ)	ShamAY	1530	0.42979
		القدس في الشعر العربي الحديث في سوريه و لبنان و فلسطين (1948-2000 م.)	جهاد فيض الاسلام	Ghbook	14945	0.42978
		ما هي العلاقه بين الحي و الميت	خليفه عبيد كلباني عماني	Ghbook	7697	0.42978
		دلائل النبوة في غزوة الأحزاب	خليل بن إبراهيم ملا خاطر	ShamAY	37440	0.42974
		الأسماء والصفات	أبي بكر أحمد بن الحسين البيهقي	Rafed	3332	0.42973
		رياض الصالحين ط الرسالة	أبو زكريا محيي الدين يحيى بن شرف النووي (المتوفى: 676هـ)	ShamAY	12014	0.42972
		أحكام التيمم دراسة فقهية مقارنة	رائد بن حمدان بن حميد الحازمي	ShamelaY19	122171	0.42972
		إعانة المحتاج من كتاب المنهاج	شريف بن علي الراجحي	ShamAY	35456	0.42971
		محمد عمارة داعية الإحياء والتجديد الإسلامي	عبد الرزاق عيسى	ShamAY	38611	0.42971
		 سبع رسائل 	 المحقق الدواني / ملا اسماعيل خواجوئي 	ABLibrary	8446	0.42969
		هذا هو النظام الاسلامي	آيت الله العظمي سيد محمد حسيني شيرازي	Ghbook	7859	0.42968
		الإرهاب ومرادفاته من البغي والإفساد في ضوء آيات الكتاب	عبد الرحمن بن جميل بن عبد الرحمن قصاص	ShamAY	33371	0.42957
		أحكام القضاء في الصيام	عواض بن هلال العمري	ShamAY	12178	0.42954
		أسلوب الحوار من خلال سيرة مصعب بن عمير - رضي الله عنه - وتطبيقاته التربوية	عدنان بن سليمان بن مسعد الجابري	ShamAY	31924	0.42954
		منظومةَ: "المفيد في التجويد"	شهاب الدين الطيبي	ShamAY	36792	0.42951
		شرح الورقات في أصول الفقه - المحلي	جلال الدين محمد بن أحمد بن محمد بن إبراهيم المحلي الشافعي (المتوفى: 864ه)	ShamelaY19	21547	0.4295
		وسائل الشيعة [ج ٢٣]	محمد بن الحسن الحرّ العاملي [ العلامة الشيخ حرّ العاملي ]	Rafed	340	0.42947
		بيانات مجمع الفقه الإسلامي التابع لمنظمة المؤتمر الإسلامي	مجموعة من المؤلفين	ShamAY	33190	0.42946
		نسخة نبيط بن شريط الأشجعي (نبيط بن شريط: له صحبة)	اللُّكِّيُّ	ShamAY	26556	0.42938
		ملخص من مسند أبي يوسف يعقوب بن شيبة بن الصلت من مسند عمر بن الخطاب	الواحدي :: يعقوب بن شيبة	ShamAY	33647	0.42938
		الغدير	عبدالحسين اميني ( علامه اميني )	Ghbook	9638	0.42926
		تنبيه الخلان بتكميل مورد الظمآن "مطبوع ضمن كتاب دليل الحيران على مورد الظمآن"	أبو محمد بن عبد الواحد بن أحمد بن عاشر الأنصاري الأندلسي، المغربي الفاسي (المتوفى: 1090ه)	Sham19Y	10011	0.42925
		تفصيل الشريعه في شرح تحرير الوسيله : كتاب الغصب و احياء الموات و المشتركات و الل...	محمد فاضل لنكراني	Ghbook	9831	0.42925
		باب فاطمه صلوات الله وسلامه عليها بين سلطه الشريعه وشريعه السلطه	نبيل قدوري الحسني	Ghbook	12306	0.42925
		 المولودين 	 حنين بن اسحاق 	ABLibrary	9809	0.42917
		رسالة في صلاة ابى بكر	السيّد علي الحسيني الميلاني	Rafed	218	0.42909
		تفسير الامام العسكري عليه السلام	جمعي از راويان	Ghbook	2484	0.42909
		القصيدة الوضاحية في مدح السيدة عائشة أم المؤمنين رضي الله عنها - سلسلة لقاء العشر الأواخر بالمسجد الحرام (33)	أبو عمران الفليشيّ موسى بن محمد بن عبد الله الكفيف المَرِيِّي الأندلسي المعروف بابن بهيج (المتوفى: بعد 496 هـ)	ShamAY	32549	0.42908
		كربلا في الرشيف العثماني	قايا ديلك	Ghbook	11095	0.42907
		المداينة	محمد بن صالح بن محمد العثيمين (المتوفى: 1421ه)	Sham19Y	8543	0.42902
		كربلاء في الأرشيف العثماني	ديلك قايا	Rafed	2474	0.42899
		تاريخ الإسلام ووفيات المشاهير والأعلام [ج ٤٥]	شمس الدين محمّد بن أحمد بن عثمان الذّهبي	Rafed	3637	0.42883
		علم فهرسة الحديث، نشأته، تطوره، أشهر ما دون فيه	يوسف عبد الرحمن المرعشلي	ShamelaY19	37635	0.42879
		المهدي عليه السلام لايري ولكن معنا	واحد تحقيقات مسجد مقدس جمكران	Ghbook	16161	0.42876
		إنباء الغمر بأبناء العمر - ط العلمية	الإمام / شهاب الدين أبي الفضل أحمد بن علي بن حجر العسقلاني	ShamAY	33811	0.42875
		حول مشروعيه الجمع في الصلاه و صلاه التراويح	خليفه عبيد كلباني عماني	Ghbook	7640	0.42874
		 منظومة أسماء الله الحسنى 	 عبد القادر الجيلاني 	ABLibrary	8723	0.42864
		الشوارد = ما تفرد به بعض أئمة اللغة	رضي الدين الحسن بن محمد بن الحسن القرشي الصغاني (المتوفى: 650هـ)	ShamAY	23427	0.42859
		الفوائد الثمينه من كتاب اخبار المدينه	محمد رضا حسيني جلالي	Ghbook	10645	0.42859
		آرشيو دروس خارج اصول آيت الله سيد عليرضا حائري 34-33	آيت  الله سيد عليرضا حائري	Ghbook	14497	0.42856
		آيه الولايه	آيت الله علي حسيني ميلاني	Ghbook	7510	0.42856
		التعليل بقول ذلك بأن دراسة قرآنية		ShamAY	36824	0.42855
		المطهر المقدسي ومنهجه التاريخي في كتاب البدء والتاريخ	محمد البساطي	ShamAY	37136	0.42855
		الثقات لابن حبان - ط العلمية = التراجم	أبو حاتم بن حبان (354هـ)	ShamAY	38017	0.42854
		حياة التابعين	ياسر بن أحمد بن محمود بن أحمد بن أبي الحمد الكويس الحمداني	Sham19Y	37568	0.42853
		اوقات الصلوات	آيت الله العظمي لطف اللّه صافي گلپايگاني	Ghbook	9161	0.42848
		التدوين في اخبار قزوين	عبدالكريم بن محمد رافعي قزويني	Ghbook	9229	0.42845
		آثار تعليم القرآن الكريم على الفرد والمجتمع - الأثر الإيماني	محمد غيلان	ShamAY	36760	0.42842
		الوجيز في فقه السنة والكتاب العزيز	عبد العظيم بن بدوي بن محمد	Sham19Y	98086	0.42842
		ولاده الامام المهدي ( عجل الله تعالي فرجه الشريف )	آية الله العظمي الشيخ بشير حسين النجفي	Ghbook	4590	0.42842
		الدرة السنية منظومة في علم الفرائض (مطبوع مع الكوكب الزهري نظم مختصر الأخضري)	أبو عبد الله محمد عبد القادر بن محمد بن المختار بن أحمد العالم القبلوي الجزائري المالكي الشهير بالشيخ باي بلعالم (المتوفى: 1430ه)	ShamelaY19	95865	0.42835
		الكميت وشعره في الغدير	الشيخ عبد الحسين الأميني النجفي	Masaha	386	0.42835
		أثر العلماء في تحقيق رسالة المسجد	د. ناصر بن عبد الكريم العقل	ShamAY	30925	0.42833
		تذكرة الفقهاء [ج ٢]	الحسن بن يوسف بن علي المطّهر [ العلامة الحلّي ]	Rafed	356	0.42833
		الدرر في اختصار المغازي و السير	يوسف بن عبدالله نمري اندلسي ابن عبد البر	Ghbook	9183	0.42832
		الشهيد بن الصديق عبد الله بن أبي بكر رضي الله عنه	نضال دويكات	ShamAY	35885	0.42826
		الامام العاشر: الامام علي بن محمد الهادي ( عليه السلام )	لجنه التحرير في موسسه طريق الحق	Ghbook	4022	0.42826
		السنَّة النبويَّة مكانتها و أثرها في حياة مسلمي البوسنة و الهرسك رسالة أكاديميَّة أعدَّت لنيل الدرجة العالميَّة (الدكتوراة) من قسم السنة و علوم الحديث بكليَّة أصول الدين في جامعة أم درمان الإسلاميَّة	أحمد عبد الكريم نجيب	ShamAY	37363	0.42824
		جزء فيه ذكر حال عكرمة مولى عبد الله بن عباس وما قيل فيه - لقاء العشر الأواخر بالمسجد الحرام (12)	عبد العظيم بن عبد القوي بن عبد الله، أبو محمد، زكي الدين المنذري (المتوفى: 656 ه)	Sham19Y	17794	0.42824
		السيده فاطمه الزهراء سلام الله عليها	وارث كندي	Ghbook	3780	0.42823
		حياة التابعين	يَاسِر بْنُ أَحْمَدَ بْنِ محْمُودِ بْنِ أَحْمَدَ بْنِ أَبي الحَمْدِ الْكُوَيِّس الحَمَدَاني	ShamAY	1079	0.4282
		تحفة الكرام في أخبار الأهرام	الواحدي :: السيوطي	ShamAY	36059	0.42817
		شاعرات العرب في الجاهلية والإسلام	بشير يموت البيروتي (المتوفى: بعد 1347هـ)	ShamAY	21508	0.42816
		صلاة الغائب - دراسة فقهية مقارنة	حسام الدين بن موسى محمد بن عفانة	ShamAY	982	0.42816
		الشافية في علمي التصريف والخط	عثمان بن عمر بن أبي بكر بن يونس، أبو عمرو جمال الدين ابن الحاجب الكردي المالكي (المتوفى: 646هـ)	ShamAY	31710	0.4281
		اهل البيت عليهم السلام في القرآن	آيت الله العظمي حسيني	Ghbook	7920	0.42808
		الصلاة على رسول الله - صلى الله عليه وآله وسلم - فضلها ومعناها وكيفيتها ومواضعها والتحذير من تركها	شحاتة محمد صقر	ShamelaY19	36170	0.42806
		التربية العقدية للعسكرية في القرآن الكريم في مسائل الإيمان		ShamAY	36868	0.42798
		الكامل في اللغة العربية	عبد اللطيف السعيد	ShamAY	34496	0.42795
		هواتف الجنان للخرائطي	أبو بكر محمد بن جعفر بن محمد بن سهل بن شاكر الخرائطي (المتوفى: 327هـ)	ShamAY	28183	0.42794
		حكم الغناء في مذهب المالكية	أبو سفيان مصطفى باحُّو السلاوي المغربي	ShamAY	2057	0.4279
		من معالم الفكر السياسي للامام الصادق ( عليه السلام )	محمد باقر ناصري	Ghbook	5022	0.42782
		تحفة السلاك في فضائل السواك	أحمد الزاهد	ShamAY	36058	0.42778
		آيه المباهله	آيت الله علي حسيني ميلاني	Ghbook	4802	0.42776
		 التتمة في تواريخ الأئمة ( ع ) 	 السيد تاج الدين العاملي 	ABLibrary	7455	0.42774
		آرشيو دروس خارج اصول آيت الله شيخ هادي آل راضي 37-36	آيت الله شيخ هادي آل راضي	Ghbook	14512	0.42774
		29 سببا للانهزامية في الدعوة إلى الله	خالد بن إبراهيم الصقعبي	ShamAY	33513	0.42773
		الكنز الثمين في سؤالات ابن سنيد لابن عثيمين	محمد بن صالح بن محمد العثيمين (المتوفى: 1421هـ)	ShamAY	31962	0.42766
		آكام المرجان في ذكر المدائن المشهورة في كل مكان‏	إسحاق بن حسين المنجم	Masaha	4478	0.42765
		كتاب الأفعال [ج ٣]	أبي عثمان سعيد بن محمد المعافري السرقسطي	Rafed	2692	0.42762
		إحقاق الحقّ وإزهاق الباطل [ج ٦]	السيّد نور الله الحسيني المرعشي التستري	Rafed	2716	0.42761
		المباحث المفيدة في تحديد عرض المسعى وحكم توسعته الجديدة	جابر الحوسني	ShamAY	36625	0.42751
		تاريخ ابن حجي «حوادث ووفيات: 796 ه - 815 ه»	شهاب الدين أبو العباس أحمد بن حجي السعدي الحسباني الدمشقي (751 ه - 816 ه)	ShamelaY19	19065	0.42751
		 العوالم ، السيدة الزهراء ( س ) 	 الشيخ عبد الله البحراني 	ABLibrary	7612	0.42748
		موسوعات الفقه الإسلامي أو معاجم القوانين الفقهية	الكتاني، محمد المنتصر	ShamAY	5190	0.4274
		الحوار مع أصحاب الأديان مشروعيته وشروطه وآدابه	أحمد بن سيف الدين تركستاني	ShamAY	1132	0.42736
		منزلة الصلاة في الإسلام - المفهوم، والحكم، والمنزلة، والخصائص، وحكم الترك، والفضائل في ضوء الكتاب والسنة	د. سعيد بن علي بن وهف القحطاني	ShamAY	1793	0.42736
		المختصر الكبير في سيرة الرسول صلى الله عليه وسلم	عبد العزيز بن محمد بن إبراهيم، ابن جماعة الكناني، الحموي الأصل، الدمشقيّ المولد، ثم المصري، عز الدين (المتوفى: 767هـ)	ShamAY	6593	0.42733
		الأثر الأمني لتعليم القرآن الكريم على الفرد والمجتمع	عبد العزيز بن فهد الريس	ShamAY	36775	0.42728
		الأعياد المحدثة	لطف الله خوجه	ShamAY	33184	0.42725
		بشارات العهد الجديد بمحمد صلى الله عليه وسلم		ShamAY	35349	0.42721
		أمي	الشيخ خالد بن محمد الراشد	ShamAY	35169	0.42721
		ضعيف الأدب المفرد للإمام البخاري	محمد بن إسماعيل بن إبراهيم بن المغيرة البخاري، أبو عبد الله (المتوفى: 256ه)	Sham19Y	1346	0.42721
		العصرانيون وموقفهم من النص	حمود السلامه	ShamAY	37768	0.42718
		حكم الغناء في مذهب المالكية	أبو سفيان مصطفى باحو السلاوي المغربي	ShamelaY19	96939	0.4271
		نخبة الفكر - كمال الدين الشمني - نهائي	كمال الدين الشمني (821هـ)	ShamAY	37305	0.42706
		 الكامل في التاريخ 	 ابن الأثير 	ABLibrary	8254	0.42704
		تحرير المنقول وتهذيب علم الأصول	علاء الدين أبو الحسن علي بن سليمان المرداوي الدمشقي الصالحي الحنبلي (المتوفى: 885 هـ)	ShamAY	32445	0.42696
		أحكامُ ميراث المرأة ِ في الفقه الإسلامي	ورود عادل إبراهيم عَورتاني	ShamAY	35899	0.42696
		تاريخ بيت المقدس	جمال الدين أبو الفرج عبد الرحمن بن علي بن محمد الجوزي (المتوفى: 597هـ)	ShamAY	10927	0.42695
		الرد على مزاعم المستشرقين جولد تسهير ويوسف شاخت ومن أيدهما من المستغربين	عبد الله بن عبد الرحمن الخطيب	ShamAY	7627	0.42694
		ألفية العراقي المسماة ب: التبصرة والتذكرة في علوم الحديث	أبو الفضل زين الدين عبد الرحيم بن الحسين بن عبد الرحمن بن أبي بكر بن إبراهيم العراقي (المتوفى: 806ه)	Sham19Y	5902	0.42688
		الوجيز في أحكام الجراحة الطبية	فهد الحزمي	ShamAY	36431	0.42687
		دليل تحرير الوسيلة (الوصية)	علي اكبر سيفي مازندراني	Ghbook	9145	0.42686
		القول السديد في علم التجويد	على الله بن علي أبو الوفا	ShamAY	1491	0.42683
		السبق التربوي: مفهومه ومنهجه ومعالمه في ضوء النهج الإسلامي	خالد بن حامد الحازمي	ShamAY	10397	0.42676
		إعلام النبلاء بتاريخ حلب الشهباء [ج ٥]	محمد راغب بن محمود بن هاشم الطبّاخ الحلبي	Rafed	2380	0.42675
		ذيل لب اللباب في تحرير الأنساب	أحمد بن أحمد بن محمد بن أحمد ابن إبراهيم العجمي الشافعي الوفائي المصري الأزهري، شهاب الدين (المتوفى: 1086ه)	ShamelaY19	96236	0.42673
		 صراط النجاة ( تعليق الميرزا التبريزي ) 	 السيد الخوئي 	ABLibrary	9494	0.42668
		منتقى الأذكار	د خالد بن عبد الرحمن بن علي الجريسي	ShamAY	21522	0.42667
		ترميز كتب الحديث لمحمد الأشقر	سليمان الأشقر، محمد	ShamAY	37271	0.42667
		اليوم الموعود بين الفكر المادي و الديني 	محمد صدر	Ghbook	16498	0.42667
		أحاديث القراءة الواردة في صلاتي الظهر والعصر	إبراهيم بن علي بن عبيد العبيد	ShamAY	12171	0.42665
		المقاصد الشرعية والأبعاد المصلحية لنظام الوقف في ضوء القرآن الكريم والسنة النبوية	عبد الرحمن قصاص	ShamAY	36424	0.42661
		رسالة لشيخ الإسلام محمد بن عبد الوهاب يجيب فيها عن سؤال حول معنى لا إله إلا الله	محمد بن عبد الوهاب بن سليمان التميمي النجدي (المتوفى: 1206ه)	ShamelaY19	30882	0.42656
		العتره في الكتاب و السنه و الصلاه عليهم	محمد حسن نائيني	Ghbook	5280	0.42655
		النزهة المبهجة في تشحيذ الاذهان و تعديل الامزجة	داود بن عمر انطاكي	Ghbook	10005	0.42651
		شرح الورقات في أصول الفقه - المحلي	جلال الدين محمد بن أحمد بن محمد بن إبراهيم المحلي الشافعي (المتوفى: 864هـ)	ShamAY	984	0.42649
		كتاب في المنطق	الفارابي، أبو نصر	ShamAY	35932	0.42643
		مساله في الاراده	محمد بن  محمد بن نعمان شيخ مفيد	Ghbook	2716	0.42642
		 تفسير كتاب دياسقوريدوس 	 ابن البيطار 	ABLibrary	9890	0.42639
		إرشاد الأخيار إلى حكم نكاح الشغار	محمد بن عبد الله الإمام	ShamAY	36716	0.42637
		كتاب مثارات الغلط في الأدلة (مطبوع مع: مفتاح الوصول إلى بناء الفروع على الأصول)	أبو عبد الله محمد بن أحمد الحسني التلمساني (المتوفى: 771)	ShamelaY19	147914	0.42636
		مسائل تحليل الحائض من الإحرام - سلسلة لقاء العشر الأواخر بالمسجد الحرام (21)	هبة الله بن عبد الرحيم بن إبراهيم أبو القاسم، شرف الدين ابن البارزي الجهني الحموي (المتوفى: 738 هـ)	ShamAY	32475	0.42635
		الأوسط في السنن والإجماع والاختلاف	أبو بكر محمد بن إبراهيم بن المنذر النيسابوري (المتوفى: 319هـ)	ShamAY	21113	0.4263
		نسخة نبيط بن شريط الأشجعي (نبيط بن شريط: له صحبة)	اللكي	ShamelaY19	26556	0.4263
		الأساليب النبوية والعصرية في فك الحصار عن الدعوة الإسلامية	رمضان الزيان	ShamAY	33464	0.42629
		فضائل الأشهر الثلاثة	الشيخ الصدوق	Masaha	702	0.42628
		الجمع بين العمره و الحج في اشهر الحج	مرتضي عسكري	Ghbook	10559	0.42627
		فنون الأفنان في عيون علوم القرآن	جمال الدين أبو الفرج عبد الرحمن بن علي بن محمد الجوزي (المتوفى: 597هـ)	ShamAY	1402	0.42625
		هدى الطالب إلى شرح المكاسب [ج ٢]	السيّد محمّد جعفر الجزائري المروّج	Rafed	2999	0.42623
		سير السلف الصالحين لإسماعيل بن محمد الأصبهاني	إسماعيل بن محمد بن الفضل بن علي القرشي الطليحي التيمي الأصبهاني، أبو القاسم، الملقب بقوام السنة (المتوفى: 535ه)	ShamelaY19	21493	0.42621
		مدة الحمل في الشريعة الإسلامية وعند الأطباء	أبو بكر دكوري	ShamAY	36703	0.4262
		مناصحة الإمام وهب بن منبه لرجل تأثر بمذهب الخوارج	عبد السلام بن برجس بن ناصر آل عبد الكريم (المتوفى: 1425هـ)	ShamAY	6556	0.42615
		الفقه الميسر في ضوء الكتاب والسنة	مجموعة من المؤلفين	ShamAY	1774	0.42609
		 بشارة أحمد في الإنجيل 	 محمد الحسيني الريس 	ABLibrary	800	0.42609
		مقالات في اللغة والتربية	عبد اللطيف السعيد	ShamAY	37187	0.42606
		شرح الصدر بذكر ليلة القدر	أبو زرعة ولي الدين أحمد بن عبد الرحيم العراقي (826 هـ)	ShamAY	34306	0.42602
		دعوة الحق بين المسيحية و الإسلام		ShamAY	35363	0.42601
		حروف المعاني والصفات	عبد الرحمن بن إسحاق البغدادي النهاوندي الزجاجي، أبو القاسم (المتوفى: 337هـ)	ShamAY	6989	0.42596
		تنبيه الخلان بتكميل مورد الظمآن "مطبوع ضمن كتاب دليل الحيران على مورد الظمآن"	أبو محمد بن عبد الواحد بن أحمد بن عاشر الأنصاري الأندلسي، المغربي الفاسي (المتوفى: 1090هـ)	ShamAY	10011	0.42595
		الوجوه والنظائر الحديثية وأثرها في فقه الحديث	د. مصطفى حميداتو	ShamAY	37267	0.42594
		منتخب من صحاح الجوهري	أبو نصر إسماعيل بن حماد الجوهري الفارابي (المتوفى: 393هـ)	ShamAY	28100	0.42594
		أحوال النبي صلى الله عليه وسلم	د. مهران ماهر عثمان نوري	ShamAY	37390	0.42594
		 في رحاب أهل البيت ( ع ) 	 لجنة بحوث المجمع العالمي لأهل البيت ( ع ) 	ABLibrary	8542	0.42594
		كشف الجاني محمد التيجاني	عثمان بن محمد آل خميس الناصري أبو محمد التميمي	ShamAY	35569	0.42593
		ذيل لب اللباب في تحرير الأنساب	أحمد بن أحمد بن محمد بن أحمد ابن إبراهيم العجمي الشافعيّ الوفائي المصري الأزهري، شهاب الدين (المتوفى: 1086هـ)	ShamAY	1734	0.42591
		 خلاصة القانون في الطب ( قانونچه ) 	 محمود بن محمد الچغميني 	ABLibrary	9938	0.42591
		الروح القدس في عقيدة النصارى “ دراسة نقدية في ضوء المصادر الدينية ”		ShamAY	35353	0.42587
		عجالة المعرفة في اصول الدين	الشيخ ظهير الدين ابي الفضل محمد بن سعيد بن هبة الله بن الحسن الراوندي	Rafed	199	0.42584
		 الدرر في اختصار المغازي والسير 	 ابن عبد البر 	ABLibrary	7522	0.42583
		أحكام رؤية الهلال	الشيخ عدنان بن محمد العرعور	ShamelaY19	147089	0.42582
		أسنى المطالب( مناقب الاسد الغالب ممزق الكتائب و مظهر العجائب)	شمس الدين محمد الجزري	Masaha	1833	0.42578
		النظر من النسوة للرجال بغير شهوة	محمد العماري	ShamAY	305	0.42574
		لا للحسد ..	آيت الله العظمي سيد محمد حسيني شيرازي	Ghbook	7797	0.42571
		ملاحظات حول الانتحابات	علي كوراني	Ghbook	15119	0.4257
		الشيخ عبدالله بن قعود رحمه الله الخطيب المفوه والعالم الناصح والمفتي المحقق	وضحاء عطا الله	ShamAY	35799	0.42567
		مقالات لغوية لابن عقيل الظاهري	ابن عقيل الظاهري	ShamAY	37172	0.42566
		غاية السول في سيرة الرسول	عبد الباسط بن خليل بن شاهين الملطي، ثم القاهري، زين الدين (المتوفى: 920هـ)	ShamAY	6591	0.42564
		ذي قار وبطائحها في العصر الإسلامي (1 - 656هـ / 622 - 1258م) دراسة في أحوالها الاجتماعية والاقتصادية	ميادة العكيلي	ShamAY	37158	0.42562
		مسند الإمام الشهيد أبي عبد الله الحسين بن علي(ع) - الجزء1	عزيز الله عطاردي‏	Masaha	2437	0.4256
		إحقاق الحقّ وإزهاق الباطل [ج ٢٤]	آية الله السيّد شهاب الدين الحسيني المرعشي النجفي	Rafed	2792	0.42559
		الأحاديث الورادة في خبر القحطاني	فيصل سعيد محمد الصاعدي	ShamAY	431	0.42558
		الأمالي	أبي جعفر محمّد بن الحسن بن علي بن الحسن الطّوسي [ شيخ الطائفة ]	Rafed	1271	0.42556
		الإجماع في الشريعة الإسلامية	رشدي عليان	ShamAY	8711	0.42554
		مجموعة فتاوى ابن الجنيد	الشيخ علي پناه الاشتهاردي	Rafed	1297	0.42552
		الصلاه خير من النوم	المجمع العالمي لاهل البيت عليهم السلام	Ghbook	7572	0.42552
		زكاة بهيمة الأنعام السائمة الإبل، والبقر، والغنم في ضوء الكتاب والسنة - مفهوم, وشروط, وأحكام, ومسائل	د. سعيد بن علي بن وهف القحطاني	ShamelaY19	96488	0.42547
		آل البيت لعثمان الخميس	محمد بن عبد الرحمن الخميس	ShamAY	35670	0.42546
		الذّريعة إلى تصانيف الشّيعة [ج ١٣]	الشيخ آقا بزرك الطهراني	Rafed	463	0.42545
		شعر شوقي في ميزان النقد	محمد مصطفى المجذوب	ShamAY	12255	0.42541
		محتويات كتب التربية الوطنية والمدنية المقررة في فلسطين كأحد التحديات التربوية المعاصرة للإسلام (دراسة تحليلية)	د. عبد الهادي مصالحة	ShamAY	37716	0.42539
		 الأسماء والصفات 	 أحمد بن الحسين البيهقي 	ABLibrary	8333	0.42536
		المذكرة في شرح المقدمة	سليمان بن خالد الحربي	ShamAY	36831	0.42534
		حكم تولي المرأة الخطابة وإمامة المصلين	مهران عثمان	ShamAY	33217	0.42533
		الوجيز في فقه السنة والكتاب العزيز	عبد العظيم بن بدوي بن محمد	ShamAY	31599	0.42529
		معارك العرب	أحمد الشقيري	ShamAY	37697	0.42524
		الأباب في ضبط اسم الكتاب	أبو ذر عبد القادر بن مصطفى بن عبد الرزاق المحمدي	ShamelaY19	117134	0.42523
		ضعيف الأدب المفرد للإمام البخاري	محمد بن إسماعيل بن إبراهيم بن المغيرة البخاري، أبو عبد الله (المتوفى: 256هـ)	ShamAY	1346	0.42522
		رسالة الصفات للخطيب البغدادي	الخطيب البغدادي	ShamAY	35236	0.4252
		المخصّص [ج ١٠]	أبي الحسن علي بن إسماعيل بن سيده المرسي [ ابن سيده ]	Rafed	3555	0.42513
		من هم الشيعه ؟	آيت الله العظمي سيد محمد حسيني شيرازي	Ghbook	7845	0.42506
		الفتح الكبير في ضم الزيادة إلى الجامع الصغير	عبد الرحمن بن أبي بكر، جلال الدين السيوطي (المتوفى: 911هـ)	ShamAY	1975	0.42505
		التكافل الاجتماعي في الإسلام إنفاق العفو نموذجا	مصطفى محمد عبد السلام	ShamAY	36235	0.42504
		إعراب لامية الشنفرى	أبو البقاء عبد الله بن الحسين بن عبد الله العكبري البغدادي محب الدين (المتوفى: 616هـ)	ShamAY	6998	0.42498
		روضة التقرير في اختلاف القراءات بين الإرشاد والتيسير	علي بن أبي محمد بن أبي سعد بن الحسن الواسطي المعروف بالديواني (663 - 743 ه)	ShamelaY19	145211	0.42496
		أمريكا واسرائيل وعقدة الدم	الشيخ الدكتور / عبد العزيز بن مصطفى كامل	ShamAY	37730	0.42488
		عشاريات السيوطي	عبد الرحمن بن أبي بكر، جلال الدين السيوطي (المتوفى: 911ه)	Sham19Y	30315	0.42486
		الشقائق النعمانيه في علماء الدوله العثمانيه	أحمد بن مصطفى بن خليل، أبو الخير، عصام الدين طاشكبري زاده (المتوفى: 968ه)	Sham19Y	6723	0.42485
		الذهب المسبوك بما يجب على المرأة من السلوك	أبو أنس ماجد إسلام البنكاني :: ماجد البنكاني	ShamAY	36583	0.42479
		سرور أهل الإيمان	السيد بهاء الدين علي بن عبد الكريم النيلي النجفي	Rafed	739	0.42471
		أثر التقنيات الحديثة في خدمة الدعوة والعلوم الإسلامية – السنة النبوية أنموذجا		ShamAY	37744	0.42467
		المقصور والممدود لابن ولاد	ابن ولاد أبو العباس أحمد بن محمد بن الوليد التميمي المصري (المتوفى: 332ه)	Sham19Y	14565	0.42459
		الأحاديث المرفوعة والموقوفة في كتاب «حياة الحيوان الكبرى» للدميري، من بداية حرف (التاء) إلى نهاية حرف (الجيم)، تخريجا ودراسة	إبراهيم بن عبد الله المديهش	Sham19Y	97978	0.42453
		 الرحمة في الطب والحكمة 	 جلال الدين السيوطي 	ABLibrary	9950	0.4245
		 المحيط في اللغة 	 الصاحب بن عباد 	ABLibrary	9778	0.4245
		كتاب الأربعين في إرشاد السائرين إلى منازل المتقين أو الأربعين الطائية	محمد بن محمد بن علي، أبو الفتوح الطائي الهمذاني (المتوفى: 555هـ)	ShamAY	26842	0.42447
		الإمامة في الصلاة - مفهوم، وفضائل، وأنواع، وآداب، وأحكام في ضوء الكتاب والسنة	د. سعيد بن علي بن وهف القحطاني	ShamelaY19	96459	0.42446
		رساله في التحيه و السلام	آيت الله العظمي سيد محمد حسيني شيرازي	Ghbook	8162	0.42439
		 المآثر السلطانية ( تاريخ ايران وحروبها مع روسيا ) 	 عبد الرزاق بيك الدنبلي ( تعريب : محمد سيد ابو زيد ) 	ABLibrary	8262	0.42438
		البلد الامين	تقي الدين ابراهيم بن حسن كفعمي	Ghbook	2404	0.42436
		المنتخب من صحيح السنة النبوية (وهو المنهج المقرر للمرحلة الأولى من كلية العلوم الإسلامية - جامعة الأنبار)	الدكتور ماهر ياسين الفحل	ShamAY	1766	0.42432
		كتاب الأفعال [ج ٢]	أبي عثمان سعيد بن محمد المعافري السرقسطي	Rafed	2681	0.42431
		القبور لابن أبي الدنيا	أبو بكر عبد الله بن محمد بن عبيد بن سفيان بن قيس البغدادي الأموي القرشي المعروف بابن أبي الدنيا (المتوفى: 281هـ)	ShamAY	10628	0.42428
		أعلام المدرسة الحديثية البغدادية المعاصرة - أصالة وإبداع	أبو ذر عبد القادر بن مصطفى بن عبد الرزاق المحمدي	ShamelaY19	95844	0.42428
		 العروة الوثقى مع التعليقات 	 السيد اليزدي 	ABLibrary	9399	0.42428
		معجم البابطين للشعراء العرب المعاصرين (محذوف الأشعار)	فريق من الباحثين مذكورة أسماؤهم في خانة المؤلف.	ShamAY	35886	0.42426
		كتاب الأربعين في إرشاد السائرين إلى منازل المتقين أو الأربعين الطائية	محمد بن محمد بن علي، أبو الفتوح الطائي الهمذاني (المتوفى: 555ه)	ShamelaY19	26842	0.4242
		أثر تعليم القرآن الكريم في حفظ الأمن	عبد القادر الخطيب	ShamAY	36766	0.42419
		العقوبات الماليَّة	عبد الرحمن السحيم	ShamAY	36616	0.42419
		الذريّة الطاهرة	أبي بشر محمّد بن أحمد الرازي الدولابي	Rafed	1090	0.42419
		حديث "عليكم بسنتي و سنه الخلفاء الراشدين" و نقد آن	آيت الله علي حسيني ميلاني	Ghbook	4817	0.42419
		فضائل سعد لابن عساكر	ابن عساكر، أبو القاسم	ShamAY	35228	0.42414
		رساله في المتعتين	آيت الله علي حسيني ميلاني	Ghbook	4794	0.42414
		المجامع الفقهية وأثرها في الاجتهاد المعاصر والتطلعات لمجمع فقهي منشود	غانم غالب غانم	ShamelaY19	96298	0.42413
		 الموسوعة الكبرى عن فاطمة الزهراء ( س ) 	 اسماعيل الأنصاري الزنجاني الخوئيني 	ABLibrary	7817	0.42413
		مسلم بن عقيل عليه السلام قصه التطير	سيد علي جمال أشرف	Ghbook	16507	0.42412
		القول فى المسكرات	محمد الحامد	ShamAY	34325	0.42411
		مختصر تنزيه المسجد الحرام عن بدع الجهلة العوام - سلسلة لقاء العشر الأواخر بالمسجد الحرام (4)	محمد بن أحمد بن الضياء محمد القرشي العمري المكي الحنفي، بهاء الدين أبو البقاء، المعروف بابن الضياء (المتوفى: 854 هـ)	ShamAY	32390	0.4241
		أعلام السيرة النبوية في القرن الثاني للهجرة	فاروق بن محمود بن حسن حمادة	ShamAY	7512	0.4241
		الإستبصار [ج ٣]	أبي جعفر محمّد بن الحسن بن علي بن الحسن الطّوسي [ شيخ الطائفة ]	Rafed	1320	0.42409
		الحجة في القراءات السبع	الحسين بن أحمد بن خالويه، أبو عبد الله (المتوفى: 370ه)	ShamelaY19	26140	0.42408
		الكلم الطيب	تقي الدين أبو العباس أحمد بن عبد الحليم بن عبد السلام بن عبد الله بن أبي القاسم بن محمد ابن تيمية الحراني الحنبلي الدمشقي (المتوفى: 728هـ)	ShamAY	21578	0.42403
		رياض العلماء و حياض الفضلاء 	عبدالله الافندي الاصفهاني	Ghbook	16246	0.42402
		زكاة عروض التجارة والأسهم والسندات - مفهوم, وشروط، وفروق، وأنواع، وأحكام في ضوء الكتاب والسنة	د. سعيد بن علي بن وهف القحطاني	ShamelaY19	96489	0.42398
		تحقيق كتاب البدور السافرة في أمور الآخرة	السيوطي	ShamAY	34815	0.42395
		المحيط في اللّغة [ج ٣]	إسماعيل بن عبّاد [ كافي الكفاة ]	Rafed	2860	0.42395
		المقرر على أبواب المحرر	يوسف بن ماجد بن أبي المجد المقدسي الحنبلي	ShamelaY19	22884	0.42394
		التعزير، احكامه و حدوده	آيت الله العظمي لطف اللّه صافي گلپايگاني	Ghbook	9159	0.42394
		الامه الواحده	ايوب حائري	Ghbook	11216	0.42394
		من استفتاءات الحج عام 1421ق	آيت الله العظمي سيد محمد حسيني شيرازي	Ghbook	7835	0.42389
		الكافي [ج ٤]	أبو جعفر محمّد بن يعقوب الكليني الرازي	Rafed	992	0.42388
		العروة الوثقى فيما تعم به البلوى (المحشّٰى)  - الجزء1	السيد محمد كاظم اليزدي	Masaha	3487	0.42386
		ديوان الأعشى	ميمون بن قيس بن جندل، من بني قيس بن ثعلبة الوائلي، أبو بَصير، المعروف بأعشى قيس المتوفى سنة (629 م)	ShamAY	37928	0.42383
		أخبار أبي حفص عمر بن عبد العزيز رحمه الله وسيرته	أبو بكر محمد بن الحسين بن عبد الله الآجري البغدادي (المتوفى: 360ه)	Sham19Y	6650	0.42381
		سير السلف الصالحين لإسماعيل بن محمد الأصبهاني	إسماعيل بن محمد بن الفضل بن علي القرشي الطليحي التيمي الأصبهاني، أبو القاسم، الملقب بقوام السنة (المتوفى: 535هـ)	ShamAY	21493	0.4238
		بسط الكف في إتمام الصف	عبد الرحمن بن أبي بكر، جلال الدين السيوطي (المتوفى: 911ه)	Sham19Y	6257	0.42377
		تذكير النابهين بسير أسلافهم حفاظ الحديث السابقين واللاحقين	ربيع بن هادي المدخلي	ShamAY	33029	0.42368
		 الضوء اللامع لأهل القرن التاسع 	 شمس الدين السخاوي 	ABLibrary	953	0.42368
		هدي النبي في رمضان	سامي محمد	ShamAY	36114	0.42363
		قضايا الشعر المعاصر من إصدارات مجمع اللغة العربية بالقاهرة	مجموعة من المؤلفين	ShamAY	34513	0.42358
		الديباج لأبي عبيدة	أبو عبيدة معمر بن المثنى التيمى (المتوفى: 209ه)	Sham19Y	636	0.42357
		المقتصر من شرح المختصر	جعفر بن حسن محقق حلي	Ghbook	15614	0.42353
		النبذة العثيمينية في مصطلح الحديث - سلسلة متون الكتب ومختصراتها (2)	حازم خنفر	ShamelaY19	132517	0.42351
		مسألة تقديم وقت أذان الفجر، وتأخير توقيت العشاء	الشيخ عدنان بن محمد العرعور	Sham19Y	147098	0.42345
		فضائل أمير المؤمنين(ع)	ابن عقدة الكوفي‏	Masaha	2871	0.42344
		المفتاح في الصرف	أبو بكر عبد القاهر بن عبد الرحمن بن محمد الفارسي الأصل، الجرجاني الدار (المتوفى: 471ه)	Sham19Y	11562	0.42342
		الشقائق النعمانيه في علماء الدوله العثمانيه	أحمد بن مصطفى بن خليل، أبو الخير، عصام الدين طاشْكُبْري زَادَهْ (المتوفى: 968هـ)	ShamAY	6723	0.42339
		القصيدة الوضاحية في مدح السيدة عائشة أم المؤمنين رضي الله عنها - سلسلة لقاء العشر الأواخر بالمسجد الحرام (33)	أبو عمران الفليشي موسى بن محمد بن عبد الله الكفيف المريي الأندلسي المعروف بابن بهيج (المتوفى: بعد 496 ه)	Sham19Y	17861	0.42338
		زبدة الاحكام	آيت الله العظمي سيد روح الله موسوي الخميني	Ghbook	10238	0.42337
		 عبقات الأنوار في إمامة الأئمة الأطهار ( فارسي ) 	 السيد حامد النقوي 	ABLibrary	8507	0.42334
		 كتاب القولنج 	 محمد بن زكريا الرازي 	ABLibrary	9817	0.42333
		كربلاء في الأرشيف العثماني‏	قايا ديلك	Masaha	4091	0.42329
		معجم المعاجم	أحمد الشرقاوي إقبال (معاصر)	ShamAY	34708	0.42328
		ضعفاء العقيلي (التأصيل)	أبو جعفر، محمد بن عمرو بن موسى بن حماد، العُقيلي الحجازي	ShamAY	34664	0.42328
		الائمة الاثنا عشر عليهم السلام	هاشم معروف الحسني	Ghbook	6053	0.42328
		إتحاف ذوي الرسوخ بمن رمي بالتدليس من الشيوخ الأنصاري	حماد بن محمد الأنصاري الخزرجي السعدي (المتوفى: 1418هـ)	ShamAY	35780	0.42327
		اذا شئت النجاه فزر حسينا	مصطفي الخاتمي	Ghbook	12313	0.42322
		سرور أهل الإيمان في علامات ظهور صاحب الزمان (عج)	علي بن عبد الكريم النيلي	Masaha	2219	0.42322
		وسائل الشيعة [ج ٤]	محمد بن الحسن الحرّ العاملي [ العلامة الشيخ حرّ العاملي ]	Rafed	292	0.42321
		ألفية العراقي المسماة بـ: التبصرة والتذكرة في علوم الحديث	أبو الفضل زين الدين عبد الرحيم بن الحسين بن عبد الرحمن بن أبي بكر بن إبراهيم العراقي (المتوفى: 806هـ)	ShamAY	5902	0.4232
		الأحاديث الواردة في قراءة سورة الكهف يوم الجمعة	عبد الله بن فوزان بن صالح الفوزان	ShamAY	32091	0.4232
		البيان الملمع عن ألفاظ اللمع للحاجيني	أحمد سهل الحاجيني	ShamAY	37510	0.42317
		مقتطفات من تاريخ المدينه المنوره	آيت الله العظمي سيد محمد حسيني شيرازي	Ghbook	7831	0.42315
		الذرية الطاهرة	أبو بشر الدولابي	Masaha	2025	0.42312
		أخبار وحكايات لأبي الحسن الغساني	محمد بن الفيض بن محمد بن الفياض أبو الحسن ويقال أبو الفيض الغساني (المتوفى: 315هـ)	ShamAY	5650	0.42311
		الضبط بالتقعيد للمتشابه اللفظي في القرآن المجيد	الشيخ فواز بن سعد بن عبد الرحمن الحنين	ShamAY	36976	0.42308
		كتاب الرقى والطب	د.طارق الطواري	ShamAY	34885	0.42303
		معجم المسائل النحوية والصرفية الواردة في القرآن الكريم	الدكتور ف. عبد الرحيم (=فانيامبادي عبد الرحيم)	ShamAY	11928	0.42303
		المشروع الأمريكي في احتلال العراق وأثره في تغيير خارطة المنطقة	أبو ذر عبد القادر بن مصطفى بن عبد الرزاق المحمدي	ShamelaY19	96328	0.42303
		 أخبار مكة في قديم الدهر وحديثه 	 محمد بن اسحاق ابن العباس الفاكهي المكي 	ABLibrary	8922	0.42303
		وسائل الوصول إلى شمائل الرسول صلى الله عليه وآله وسلم	يوسف بن إسماعيل بن يوسف النَّبْهَاني (المتوفى: 1350هـ)	ShamAY	23694	0.42302
		 عين الحياة ( ويليه رسالة آطريلال ) 	 محمد بن يوسف الهروي / عماد الدين الشيرازي 	ABLibrary	9953	0.42302
		القاموس المحيط	مجد الدين أبو طاهر محمد بن يعقوب الفيروزآبادى (المتوفى: 817هـ)	ShamAY	7283	0.42301
		انوار الفقاهه - كتاب الغصب	حسن بن جعفر بن خضر نجفي كاشف الغطاء	Ghbook	12062	0.42301
		روضة التقرير في اختلاف القراءات بين الإرشاد والتيسير	علي بن أبي محمد بن أبي سعد بن الحسن الواسطي المعروف بالديواني (663 - 743 ه)	Sham19Y	145211	0.42297
		حكم البطاقات الإئتمانية	أ. د محمد محروس المدرس الأعظمي	ShamAY	36265	0.42296
		بحار الأنوار [ج ٧٦]	الشيخ محمّد باقر بن محمّد تقي المجلسي	Rafed	1099	0.42296
		إصلاح أمالي القالي وما أُلحق به	الأستاذ صبحي البصّام	ShamAY	35916	0.42295
		الدرر في اختصار المغازي والسير	النمري، الحافظ يوسف بن البر	Sham19Y	10695	0.42293
		الأحاديث المرفوعة والموقوفة في كتاب «حياة الحيوان الكبرى» للدَّمِيري، من بداية حرف (التاء) إلى نهاية حرف (الجيم)، تخريجاً ودراسة	إبراهيم بن عبد الله المديهش	ShamAY	31589	0.42292
		 الذريعة 	 آقا بزرگ الطهراني 	ABLibrary	849	0.4229
		رحلة الهولندي الدكتور ليونهارت راوولف	لئونارد راوولف	Ghbook	9525	0.42289
		مسائل علي بن جعفر و مستدركاتها	علي بن جعفر(ع)	Masaha	1007	0.42289
		شرح ابن طولون [ج ١]	أبي عبد الله شمس الدين محمّد بن علي بن طولون الدمشقي الصالحي [ ابن طولون ]	Rafed	1864	0.42287
		 الحلل السندسية في الأخبار والآثار الأندلسية 	 شكيب أرسلان 	ABLibrary	9039	0.42286
		النكت الشنيعة في بيان الخلاف بين الله تعالى والشيعة - رسالة تبحث في مخالفات الشيعة للقرآن	فصيح الدين، إبراهيم بن صبغة الله بن أسعد الحيدري البغدادي (المتوفى: 1299هـ)	ShamAY	527	0.42285
		العقيقة في الفقه الإسلامي	مريم إبراهيم هندي	ShamAY	36393	0.42285
		فهرسة علي بن خليفة المساكني	أبو الحسن علي بن خليفة بن رزق الله بن عبد الواحد بن علي المساكني (المتوفى: 1172هـ)	ShamAY	10732	0.42285
		الفتاوى المعاصرة في الحياة الزوجية	علي بن نايف الشحود	ShamAY	37678	0.42274
		الائمة الاثنا عشر عليهم السلام	آيت الله العظمي جعفر سبحاني	Ghbook	6094	0.4227
		الأربعون القرآنية	أحمد بن عبد الرزاق آل إبراهيم العنقري التميمي الكويتي	ShamelaY19	36497	0.42269
		صلاة الكسوف، أحكام ومسائل	إحسان العتيبي	ShamAY	36588	0.42267
		علم فهرسة الحديث، نشأته، تطوره، أشهر ما دون فيه	يوسف عبد الرحمن المرعشلي	Sham19Y	37635	0.42265
		إعلام السائلين عن كتب سيد المرسلين لابن طولون	شمس الدين محمد بن علي بن خمارويه بن طولون الدمشقي الصالحي الحنفي (المتوفى: 953ه)	Sham19Y	9701	0.42264
		تنشئة الطفل وسبل الوالدين في معاملته ومواجهة مشكلاته	دكتور زكريا الشربينى- دكتورة يسرية صادق	ShamAY	8354	0.4226
		التبيين لأسماء المدلسين	برهان الدين الحلبي أبو الوفا إبراهيم بن محمد بن خليل الطرابلسي الشافعي سبط ابن العجمي (المتوفى: 841هـ)	ShamAY	1187	0.4226
		حقوق آل البيت عليهم السلام في الكتاب و السنه باتفاق الامه	محمد حسين حاج عاملي	Ghbook	7130	0.42259
		الغارة على العالم الإسلامي	ألفريد لوشاتليه (المتوفى: 1929 م)	ShamAY	1947	0.42256
		أخبار أبي حفص عمر بن عبد العزيز رحمه الله وسيرته	أبو بكر محمد بن الحسين بن عبد الله الآجُرِّيُّ البغدادي (المتوفى: 360هـ)	ShamAY	6650	0.4225
		تذكير النابهين بسير أسلافهم حفاظ الحديث السابقين اللاحقين	ربيع بن هادي المدخلي	ShamAY	37348	0.4225
		تراجم الرجال الجزء - الجزء2	السيد أحمد الحسيني	Masaha	550	0.42246
		الرواة المتروكون في مسند الإمام أحمد - جمع ودراسة	عامر بن حسن صبري	ShamAY	35216	0.42236
		عمدة الأحكام من كلام خير الأنام صلى الله عليه وسلم	عبد الغني بن عبد الواحد بن علي بن سرور المقدسي الجماعيلي الدمشقي الحنبلي، أبو محمد، تقي الدين (المتوفى: 600ه)	Sham19Y	6075	0.42235
		الدرر في اختصار المغازي والسير	النمري، الحافظ يوسف بن البر	ShamAY	10695	0.42234
		شَاعِرُ المَلْيُون أخْطَاءٌ شَرْعِيَّةٌ، ومُغَالَطَةٌ شِعْرِيَّةٌ	أبو صفوان ذياب بن سعد بن علي بن حمدان بن أحمد بن محفوظ آل حمدان الغامدي الأزدي نسبا، ثم الطائفي مولدا	ShamAY	32440	0.4223
		الفائزون بدعاء النبي صلى الله عليه وسلم	توفيق عمر سيدي	ShamAY	35161	0.4223
		إعلام النبلاء بتاريخ حلب الشهباء [ج ٣]	محمد راغب بن محمود بن هاشم الطبّاخ الحلبي	Rafed	2363	0.42224
		إحقاق الحقّ وإزهاق الباطل [ج ٢٨]	آية الله السيّد شهاب الدين الحسيني المرعشي النجفي	Rafed	2796	0.42223
		حول مسائل الحج	آيت الله العظمي سيد محمد رضا گلپايگاني	Ghbook	3498	0.4222
		الي الرفيق الاعلي : احداث  الايام  الاخيرة من عمر نبي الاسلام ( صلي الله عليه و ...	مهدي خداميان آراني	Ghbook	9579	0.42219
		ورد اليوم والليلة	د خالد بن عبد الرحمن بن علي الجريسي	ShamelaY19	21520	0.42218
		المسائل الفقهية المتعلقة بالجندي المسلم في الحج	عبد العزيز عرب	ShamAY	36646	0.42214
		الأوسط من السنن والإجماع والاختلاف	أبو بكر محمد بن إبراهيم بن المنذر النيسابوري (المتوفى: 319هـ)	ShamAY	34282	0.42211
		منتقى الأذكار	د خالد بن عبد الرحمن بن علي الجريسي	ShamelaY19	21522	0.42211
		سيده النساء فاطمه الزهراء ( سلام الله عليها )	علي موسي الكعبي	Ghbook	3873	0.42207
		قلائد المرجان في بيان الناسخ والمنسوخ في القرآن	مرعي بن يوسف بن أبى بكر بن أحمد الكرمى المقدسي الحنبلى (المتوفى: 1033هـ)	ShamAY	5517	0.42205
		نفحات النسمات في وصول إهداء الثواب للأموات للسروجي	أحمد بن إبراهيم بن عبد الغني السروجي، أبو العباس، شمس الدين (المتوفى: 710هـ)	ShamAY	26925	0.42204
		رسالة لطيفة جامعة في أصول الفقه المهمة	أبو عبد الله، عبد الرحمن بن ناصر بن عبد الله بن ناصر بن حمد آل سعدي (المتوفى: 1376هـ)	ShamAY	9527	0.42203
		الطيوريات	أبو طاهر السِّلَفي	ShamAY	9634	0.42202
		الاعتقاد والهداية إلى سبيل الرشاد على مذهب السلف وأصحاب الحديث	أحمد بن الحسين بن علي بن موسى الخُسْرَوْجِردي الخراساني، أبو بكر البيهقي (المتوفى: 458هـ)	ShamAY	12997	0.422
		 الموسوعة الكبرى عن فاطمة الزهراء ( س ) 	 اسماعيل الأنصاري الزنجاني الخوئيني 	ABLibrary	7839	0.42199
		من عيب على مسلم إخراج حديثه والإجابة عنه	ربيع بن هادي المدخلي	ShamAY	32999	0.42198
		تهذيب الآثار - الجزء المفقود	محمد بن جرير بن يزيد بن كثير بن غالب الآملي، أبو جعفر الطبري (المتوفى: 310ه)	Sham19Y	5597	0.42198
		نصوص امامة الحجة بن الحسن المنتظر ( عجل الله فرجه الشريف )	محمد سعيد طباطبائي حكيم	Ghbook	4358	0.42194
		نَظْمُ مُجَدِّدُ العَوَافِي مِنْ رَسْمَيِ العَرُوضِ وَالقَوَافِي	سيدي محمد بن عبد الله العلوي الشنقيطي	ShamAY	34487	0.42189
		تذكرة الفقهاء [ج ١٥]	الحسن بن يوسف بن علي المطّهر [ العلامة الحلّي ]	Rafed	410	0.42187
		المدرج إلى المدرج (مطبوع ضمن مجموعة رسائل في الحديث: المدرج الى المدرج للسيوطي، مسند المقلين عن الامراء والسلاطين لتمام الرازي)	عبد الرحمن بن أبي بكر، جلال الدين السيوطي (المتوفى: 911هـ)	ShamAY	5955	0.42184
		ولادة أمير المؤمنين(ع) في الكعبة	الشيخ عبد الحسين الأميني النجفي	Masaha	486	0.42181
		بحث عن السيرة النبوية	-	ShamAY	31468	0.42177
		زينب عليها السلام سر من اسرار اهل الكساء عليهم السلام	محمد السند	Ghbook	15222	0.42172
		أصول السنة، ومعه رياض الجنة بتخريج أصول السنة	أبو عبد الله محمد بن عبد الله بن عيسى بن محمد المري، الإلبيري المعروف بابن أبي زَمَنِين المالكي (المتوفى: 399هـ)	ShamAY	9698	0.42171
		النظر من النسوة للرجال بغير شهوة	محمد العماري	ShamelaY19	36440	0.4217
		 الذريعة 	 آقا بزرگ الطهراني 	ABLibrary	844	0.4217
		كتب غريب القرآن الكريم	الدكتور حسين محمد نصار	ShamAY	11350	0.42168
		الصلاة على رسول الله - صلى الله عليه وآله وسلم - فضلها ومعناها وكيفيتها ومواضعها والتحذير من تركها	شحاتة محمد صقر	Sham19Y	36170	0.42167
		هل تعرف هذا اليوم	أبو إسلام أحمد بن علي	ShamAY	34933	0.42164
		الأذان والإقامة - المفهوم، والفضائل، والآداب، والشروط في ضوء الكتاب والسنة	د. سعيد بن على بن وهف القحطاني	ShamAY	1804	0.42157
		بزوغ الهلال في الخصال الموجبة للظلال	عبد الرحمن بن أبي بكر، جلال الدين السيوطي (المتوفى: 911هـ)	ShamAY	213	0.42144
		الإشارة في معرفة الأصول والوجازة في معنى الدليل	أبو الوليد سليمان بن خلف الباجي الأندلسي (المتوفى: سنة 474 هـ)	ShamAY	38890	0.42139
		 أصحاب أمير المؤمنين ( ع ) والرواة عنه 	 الشيخ محمد هادي الأميني 	ABLibrary	7413	0.42139
		الصحيح من أحاديث السيرة النبوية	أبو عمر، محمد بن حمد الصوياني	ShamelaY19	123669	0.42131
		الغارة التنصيرية على أصالة القرآن الكريم	د. عبد الراضي محمد عبد المحسن	ShamAY	8519	0.42128
		عمدة الأحكام من كلام خير الأنام صلى الله عليه وسلم	عبد الغني بن عبد الواحد بن علي بن سرور المقدسي الجماعيلي الدمشقي الحنبلي، أبو محمد، تقي الدين (المتوفى: 600هـ)	ShamAY	6075	0.42128
		فتوح البلدان	احمد بن يحيي بلاذري	Ghbook	9466	0.42125
		جامع المسائل	محمد فاضل لنكراني	Ghbook	10091	0.4212
		تاج المواليد	الشيخ ابو علي الفضل بن الحسن الطبرسي	Masaha	1949	0.42117
		رحلة الخط العربي من المسند… إلى الحديث	أحمد شوحان	ShamAY	37171	0.42116
		المحكم والمحيط الأعظم [ج ٧]	أبي الحسن علي بن إسماعيل بن سيده المرسي [ ابن سيده ]	Rafed	1445	0.42112
		الإمام المهدي و مستقبل العالم في ضوء الكتاب و السنة	جعفر الهادي	Masaha	4086	0.42109
		أصناف التراجمة في ديوان الإنشاء المملوكي	أ. د. سمير الدروبي	ShamAY	35918	0.42107
		الرضاع	طارق الطواري	ShamAY	36585	0.42102
		دليل تحرير الوسيلة (الصيد و الذباحة)	علي اكبر سيفي مازندراني	Ghbook	9147	0.42098
		وسائل الشيعة [ج ٢٠]	محمد بن الحسن الحرّ العاملي [ العلامة الشيخ حرّ العاملي ]	Rafed	337	0.42094
		فحولة الشعراء - ت عويضة	الواحدي :: الأصمعي	ShamAY	34501	0.42093
		 إتحاف الورى بأخبار أم القرى 	 عمر بن محمد ابن فهد 	ABLibrary	8942	0.4209
		تهذيب الآثار - الجزء المفقود	محمد بن جرير بن يزيد بن كثير بن غالب الآملي، أبو جعفر الطبري (المتوفى: 310هـ)	ShamAY	5597	0.42085
		شرح وتعليق على الباب الثامن من المدخل إلى الصحيح للحاكم أبي عبدالله (ذكر من عيب على مسلم)	ربيع بن هادي المدخلي	ShamAY	37351	0.42084
		الصحيح المسند من آثار الصحابة في الزهد والرقائق والأخلاق والأدب	عبد الله بن فهد الخليفي	ShamelaY19	37620	0.42083
		الذّريعة إلى تصانيف الشّيعة [ج ٤]	الشيخ آقا بزرك الطهراني	Rafed	443	0.42078
		استفتائات حول الحجاب و النظر	آيت الله العظمي سيد محمد حسيني شيرازي	Ghbook	7876	0.42076
		الحياة السياسية للامامين العسكريين عليهما السلام	محمد السند	Ghbook	15156	0.42076
		الشهادة الثالثة واجبة وجزئية	نجاح الطائي	Ghbook	14677	0.42073
		الانفعالات الإنسانية وضبطها بتعلم القرآن الكريم		ShamAY	36865	0.42072
		زواج المتعه في كتب اهل السنه ، مع رد الشبهات	علاء الدين امير محمد كاظمي موسوي قزويني	Ghbook	4592	0.4207
		التوجيه الإسلامي للنمو الإنساني عند طلاب التعليم العالي	عبد الرحمن بن عبد الله الزيد	ShamAY	10319	0.42068
		الإنصاف في معرفة الراجح من الخلاف للمرداوي	علاء الدين أبو الحسن علي بن سليمان المرداوي الدمشقي الصالحي الحنبلي (المتوفى: 885ه)	ShamelaY19	21609	0.42066
		الصحيح المسند من آثار الصحابة في الزهد والرقائق والأخلاق والأدب	عبد الله بن فهد الخليفي	ShamAY	1124	0.42065
		دراسة الأحاديث والآثار الواردة في ابتداء رمي الجمار أيام التشريق	عبد العزيز بن محمد السعيد	ShamAY	33222	0.42063
		الوجيز في شرح قراءات القرأة الثمانية أئمة الأمصار الخمسة	أبو علي الحسن بن علي بن إبراهيم بن يزداد الأَهْوَازي (المتوفى: 446هـ)	ShamAY	1113	0.42062
		 أصول تركيب الأدوية 	 محمد بن علي بن عمر السمرقندي 	ABLibrary	9883	0.42059
		كشف الستر عما ورد في السفر إلى القبر	حماد بن محمد الأنصاري	ShamAY	36142	0.42058
		تاريخ الجزائر المعاصر	الزبيري، محمد العربي	ShamelaY19	123659	0.42057
		أثر دعوة الشيخ محمد بن عبد الوهاب في حركة عثمان بن فودي الإصلاحية في غرب أفريقيا (مطبوع ضمن بحوث ندوة دعوة الشيخ محمد بن عبد الوهاب)	مصطفى مسعد	ShamAY	7482	0.42055
		سؤالٌ وجوابٌ يتعلق بقصة حاطب بن أبي بلتعة رضي الله عنه	علوي السقاف	ShamAY	35877	0.42048
		النبي صلي الله عليه و آله: قمه للانسانيه بحوث شيخ محمد السند	محمد السند	Ghbook	15173	0.42042
		السبيكة الذهبية على المنظومة الرحبية	الواحدي :: فيصل المبارك	ShamAY	36517	0.4204
		التطريف في التصحيف	عبد الرحمن بن أبي بكر، جلال الدين السيوطي (المتوفى: 911هـ)	ShamAY	6001	0.42032
		صلاة المؤمن - مفهوم، وفضائل، وآداب، وأنواع، وأحكام، وكيفية في ضوء الكتاب والسنة	د. سعيد بن علي بن وهف القحطاني	ShamAY	1930	0.42031
		المحكم والمحيط الأعظم [ج ١٠]	أبي الحسن علي بن إسماعيل بن سيده المرسي [ ابن سيده ]	Rafed	1456	0.4203
		الامام جعفر الصادق عليه السلام و وحده المسلمين	مصطفي رافعي	Ghbook	4995	0.4203
		دور اللهجة في التقعيد النحوي	علاء إسماعيل الحمزاوي	ShamAY	37086	0.42028
		صلاة الاستخارة - مسائل فقهية وفوائد تربوية	عقيل بن سالم الشهري	ShamAY	32158	0.42027
		اللؤلؤ النظيم في روم التعلم والتعليم	الأنصاري، زكريا	ShamAY	36162	0.42026
		مسائل حديثه	آيت الله العظمي سيد محمد حسيني شيرازي	Ghbook	7817	0.42025
		الصلاة على رسول الله - صلى الله عليه وآله وسلم - فضلها ومعناها وكيفيتها ومواضعها والتحذير من تركها	شحاتة محمد صقر	ShamAY	568	0.42022
		جمع المعلومات عن مصر	حامد عبد الله ربيع	ShamAY	33279	0.42015
		مشكلات العالم الإسلامي الثقافية والفكرية والدينية ومعالجاتها في فكر مالك بن نبي	د. عصام عدوان	ShamAY	33487	0.42012
		اقتربت الساعة فتوبوا أيها المذنبون	جابر بن موسى بن عبد القادر بن جابر أبو بكر الجزائري	ShamAY	3255	0.42006
		 مسند الإمام الصادق ( ع ) 	 الشيخ عزيز الله عطاردي 	ABLibrary	7715	0.42006
		معالم الوسطية والتيسير والاعتدال في سيرة الشيخ فيصل بن عبد العزيز آل مبارك	محمد بن حسن المبارك	ShamAY	35868	0.42003
		 قصص وأخبار جرت في عمان 	 محمد بن عامر المعولي الأفوي 	ABLibrary	9157	0.42003
		الحكمة من ابتلاء الأطفال بالمكاره والآلام	علي بن سعيد العبيدي	ShamAY	35082	0.41998
		أدلة تغطية الوجه من الكتاب والسنة	علي العماري	ShamAY	36225	0.41995
		على عتبات الحضارة - بحث في السنن وعوامل التخلق والانهيار	بتول أحمد جندية	ShamelaY19	36538	0.41995
		هكذا الشيعه	آيت الله العظمي سيد محمد حسيني شيرازي	Ghbook	7860	0.41994
		علم فهرسة الحديث، نشأته، تطوره، أشهر ما دُوِّنَ فيه	يوسف عبد الرحمن المرعشلي	ShamAY	997	0.41993
		مسائل تحليل الحائض من الإحرام - سلسلة لقاء العشر الأواخر بالمسجد الحرام (21)	هبة الله بن عبد الرحيم بن إبراهيم أبو القاسم، شرف الدين ابن البارزي الجهني الحموي (المتوفى: 738 ه)	Sham19Y	17261	0.41993
		فَتَاوَى فِي المَسْح على الخفين	الواحدي :: ابن جبرين	ShamAY	37647	0.41992
		الصَّحيِحُ من أحاديث السّيرة النبوية	أبو عمر، محمد بن حمد الصوياني	ShamAY	31747	0.41992
		حقوق المراه في الاسلام	آيت الله العظمي حسيني	Ghbook	8028	0.41989
		عدد التكبيرات في صلاه الميت	المجمع العالمي لاهل البيت عليهم السلام	Ghbook	7670	0.41988
		العامي الفصيح من إصدارات مجمع اللغة العربية بالقاهرة	مجمع اللغة العربية بالقاهرة	ShamAY	37208	0.41985
		مجمع الضمانات في مذهب الامام الأعظم أبي حنيفة النعمان	أبو محمد بن غانم بن محمد البغدادي ـ سنة الوفاة 1030هـ	ShamAY	34213	0.41983
		اجتماع الجمعة والعيد الاتجاهات والشذوذات	فؤاد الهاشمي	ShamAY	36685	0.4198
		نسخة الزبير بن عدي	الزبير بن عدي أبو عدي الهمداني اليامي الكوفي، قاضي الري (المتوفى: 131ه)	ShamelaY19	29699	0.41967
		شهيد باخمري (دراسة موجزة عن الشهيد الثائر)	ظافر عبيس الجياشي	Ghbook	15734	0.41966
		درة القلوب الإخلاص	أزهري أحمد محمود	ShamelaY19	36387	0.41964
		مجمع الضمانات	أبو محمد غانم بن محمد البغدادي الحنفي (المتوفى: 1030ه)	ShamelaY19	21639	0.41958
		شرح الأصول من الحلقة الثانية [ج ٢]	الشيخ محمّد صنقور علي البحراني	Rafed	757	0.41953
		بهجه المومنين في زياره الطيبات و الطيبين	عادل علوي	Ghbook	4617	0.41948
		إحقاق الحقّ وإزهاق الباطل [ج ١٣]	السيّد نور الله الحسيني المرعشي التستري	Rafed	2750	0.41947
		الكلم الطيب	تقي الدين أبو العباس أحمد بن عبد الحليم بن عبد السلام بن عبد الله بن أبي القاسم بن محمد ابن تيمية الحراني الحنبلي الدمشقي (المتوفى: 728ه)	ShamelaY19	21578	0.41946
		الإنصاف في معرفة الراجح من الخلاف للمرداوي	علاء الدين أبو الحسن علي بن سليمان المرداوي الدمشقي الصالحي الحنبلي (المتوفى: 885ه)	Sham19Y	21609	0.41938
		إيضاح البيان عن معنى أم القرآن	سُلَيمانُ بنُ عَبدِ القَوي الطُّوفِي الحَنبَلِي	ShamAY	33099	0.41931
		زيادات واستدراكات ألحقها محققا النعت الأكمل بالكتاب من وفاة المؤلف حتى نهاية القرن الرابع عشر الهجري	محمد مطيع الحافظ	ShamelaY19	147072	0.41931
		نهج الشيعه	آيت الله العظمي سيد محمد حسيني شيرازي	Ghbook	7858	0.41931
		وسائل الشيعة [ج ١١]	محمد بن الحسن الحرّ العاملي [ العلامة الشيخ حرّ العاملي ]	Rafed	303	0.41929
		الإنجيل قادني إلى الإسلام	م.ج. لوبلا	ShamAY	35333	0.41925
		زواج المتعة في كتب أهل السنة	د. السيد علاء الدين القزويني	Masaha	292	0.41925
		الجزء التاسع من أخبار أبي علي الكوكبي - مخطوط	أبو علي الحسين بن القاسم بن جعفر الكوكبي	ShamAY	32845	0.41922
		طبقات صلحاء اليمن/ المعروف بتاريخ البريهي	عبد الوهاب بن عبد الرحمن البريهي السكسكي اليمني (المتوفى: 904ه)	Sham19Y	6641	0.41915
		مناقب الإمام علي بن أبي طالب عليه السلام	أبي الحسن علي بن محمّد الشافعي [ ابن المغازلي ]	Rafed	3743	0.41912
		الامام الرابع: علي بن الحسين (عليه السلام) زين العابدين	لجنه التحرير في موسسه طريق الحق	Ghbook	6346	0.41912
		الإسلام وقانون الأحوال الشخصية	محمد الغزالي	ShamAY	33242	0.41911
		تجليات تهافت المنطق الحداثي في نقد النص الديني	عز الدين معميش	ShamAY	35769	0.4191
		 طب الفقراء والمساكين 	 ابن جزار القيرواني 	ABLibrary	9837	0.41907
		وضوء عثمان بن عفان من النشاه الي الانتشار	علي شهرستاني	Ghbook	10947	0.41906
		النظام الاشتقاقي في الجملة العربية	أمين لقمان	ShamAY	37240	0.419
		الناسخ والمنسوخ للمقري	أبو القاسم هبة الله بن سلامة بن نصر بن علي البغدادي المقري (المتوفى: 410هـ)	ShamAY	5515	0.419
		الأباب في ضبط اسم الكتاب	أبو ذر عبد القادر بن مصطفى بن عبد الرزاق المحمدي	Sham19Y	117134	0.41899
		أخذ المضحي من شعره وظفره	فؤاد الهاشمي	ShamAY	36686	0.41894
		قم عاصمه الحضاره الشيعيه	محمد جواد طبسي	Ghbook	13047	0.41893
		درة الضرع لحديث أم زرع	عبد الكريم بن محمد بن عبد الكريم، أبو القاسم الرافعي القزويني الشافعي (المتوفى: 623هـ)	ShamAY	32172	0.41892
		الكنز اللغوي في اللَسَن العربي	ابن السكيت، أبو يوسف يعقوب بن إسحاق (المتوفى: 244هـ)	ShamAY	8533	0.4189
		الإصابة في تمييز الصحابة [ج ٧]	أحمد بن علي بن حجر العسقلاني	Rafed	3427	0.41889
		جهود المحدثين في بيان علل الحديث	أبو عمر علي بن عبد الله بن شديد الصياح المطيري	ShamAY	11140	0.41885
		رساله احكام الصوم	آيت الله العظمي سيد محمد حسيني شيرازي	Ghbook	8160	0.41883
		الوجوه والنظائر في القرآن الكريم	د. سليمان بن صالح القرعاوي	ShamAY	36809	0.41881
		المقصور والممدود لابن ولاد	ابن ولاد أبو العباس أحمد بن محمد بن الوليد التميمي المصري (المتوفى: 332هـ)	ShamAY	32013	0.41878
		ادوار علم الفقه و اطواره	علي بن محمد رضا بن هادي نجفي ( كاشف الغطاء )	Ghbook	9002	0.41877
		أحكام الخلع	عبد الرحمن بن عبد الله السحيم :: عبد الرحمن السحيم	ShamAY	36465	0.41875
		دفع التلبيس والالتباس في مسألة الربا في النقود التي بين الناس (الرد الثاني على مراد شكري)	مشهور آل سلمان	ShamAY	36650	0.41874
		الذّريعة إلى تصانيف الشّيعة [ج ١٥]	الشيخ آقا بزرك الطهراني	Rafed	468	0.41872
		شفاء السالك في إرسال مالك للقاري	علي القاري (1014 هـ)	ShamAY	34578	0.4187
		معجم رجال الحديث و تفصيل طبقات الرواه	آيت الله العظمي سيد ابوالقاسم خوئي	Ghbook	9009	0.41867
		آلاف الروايات في غلو الشيعة في الأئمة		ShamAY	35643	0.41865
		ديوان الإمام الشافعي	أبى عبد الله محمد بن ادريس الشافعى المتوفى عام 204 هـ	ShamAY	37916	0.41862
		منازل الأحزان وعبرة اليقظان النار	أزهري أحمد محمود	ShamelaY19	36429	0.41856
		طبقات صلحاء اليمن/ المعروف بتاريخ البريهي	عبد الوهاب بن عبد الرحمن البريهي السكسكي اليمني (المتوفى: 904هـ)	ShamAY	6641	0.41849
		أم المؤمنين زينب بنت جحش	خالد الحمودي	ShamelaY19	36567	0.41849
		قاعدة القرعة	حسين كريمي قمي	Ghbook	9551	0.41849
		أخي احذر الإشاعة	عبد العزيز السدحان	ShamAY	35142	0.41842
		موسوعة قرى ومدن لبنان [ج ٦]	طوني مفرّج	Rafed	2583	0.41842
		 الشامل في الصناعة الطبية 	 ابن النفيس 	ABLibrary	9920	0.41829
		دراسه في تبليغ آيات البرائه	هاشم موسوي	Ghbook	4557	0.41828
		المختار من كتاب اللهو والملاهي	أبو القاسم عبيد الله بن عبد الله المعروف بابن خرداذبة (المتوفى: نحو 280هـ)	ShamAY	785	0.41827
		معجزات القرآن العلمية	حامد حسين قدير	ShamAY	4119	0.41824
		 الموسوعة الكبرى عن فاطمة الزهراء ( س ) 	 اسماعيل الأنصاري الزنجاني الخوئيني 	ABLibrary	7823	0.41824
		وسائل الشيعة [ج ٢٩]	محمد بن الحسن الحرّ العاملي [ العلامة الشيخ حرّ العاملي ]	Rafed	364	0.4182
		الجوهر المكنون في شرح رسالة قالون	الواحدي	ShamAY	36958	0.41819
		أحاديث ربا الفضل وأثرها في العلة والحكمة في تحريم الربا	محمد بن علي بن حسين الحريري	ShamAY	36462	0.41816
		معجم المعاجم	أحمد الشرقاوي إقبال	Rafed	2969	0.41816
		أمالي ابن المزرع	يموت بن المزرع العبدي، من عبد القيس، البصري، أبو بكر (المتوفى: 304هـ)	ShamAY	651	0.41815
		أم المؤمنين عائشة بنت أبي بكر	خالد الحمودي	ShamelaY19	36561	0.41812
		دراسة في سند زيارة عاشوراء	جعفر التبريزي	Rafed	394	0.41808
		منظومه ابن الاعسم في الماكل و المشرب	محمدعلي بن الشيخ حسين الزبيدي النجفي	Ghbook	11916	0.41805
		 الدر المنثور في التفسير بالمأثور 	 جلال الدين السيوطي 	ABLibrary	914	0.41803
		العلو للعلي الغفار في إيضاح صحيح الأخبار وسقيمها	شمس الدين أبو عبد الله محمد بن أحمد بن عثمان بن قَايْماز الذهبي (المتوفى: 748هـ)	ShamAY	6463	0.41802
		نواقض الإسلام	عبد العزيز بن عبد الله بن باز (المتوفى: 1420هـ)	ShamAY	30869	0.41798
		هل تعرف الصلاه	آيت الله العظمي سيد محمد حسيني شيرازي	Ghbook	7925	0.41792
		رسالة في حديث الاقتداء بالشيخين	السيّد علي الحسيني الميلاني	Rafed	216	0.4179
		الإمامة في الصلاة - مفهوم، وفضائل، وأنواع، وآداب، وأحكام في ضوء الكتاب والسُّنَّة	د. سعيد بن علي بن وهف القحطاني	ShamAY	1806	0.41786
		دلائل الامامه ( الامام الباقر عليه السلام )	طبري امامي ( صغير ) ابوجعفر محمد بن جرير بن رستم ( قرن 4و5 ق ) ( صاحب دلائل الامامه )	Ghbook	6284	0.41786
		المجروحين لابن حبان (دار الوعي)	أبو حاتم محمد بن حبان البستي	ShamAY	34602	0.41784
		الجملة الدنيا والجملة الموسعة في كتاب سيبويه	علاء إسماعيل الحمزاوي	ShamAY	37169	0.41783
		اقتصادنا	السيد محمد باقر الصدر	Masaha	624	0.41777
		وسائل الشيعة [ج ٢٢]	محمد بن الحسن الحرّ العاملي [ العلامة الشيخ حرّ العاملي ]	Rafed	339	0.41766
		الجمل و العقود في العبادات (الحج)	محمد بن حسن شيخ طوسي ( شيخ الطائفه )	Ghbook	3481	0.41761
		وسائل الوصول إلى شمائل الرسول(ص)	علي بن أحمد السمهودي‏	Masaha	3032	0.41759
		نحو مير = مبادئ قواعد اللغة العربية	علي بن محمد بن علي الشريف الحسيني الجرجاني المعروف بسيد مير شريف (المتوفى: 816ه)	ShamelaY19	38149	0.41744
		 مسند الإمام الحسين ( ع ) 	 الشيخ عزيز الله عطاردي 	ABLibrary	7703	0.41741
		تحقيق رياض الصالحين للألباني	أبو زكريا محيي الدين يحيى بن شرف النووي (المتوفى: 676هـ)	ShamAY	512	0.41733
		عوالم العلوم (الجزء 56) في الاذكار والصلوات	محمد باقر بن مرتضي موحد ابطحي اصفهاني	Ghbook	15277	0.41733
		انوار الفقاهه - كتاب الاجاره	حسن بن جعفر بن خضر نجفي كاشف الغطاء	Ghbook	12074	0.41728
		حجية القياس والرد على من أنكره	إسلام محمود دربالة :: إسلام دربالة	ShamAY	37563	0.41724
		الذخيره في العقبي في موده ذوي القربي	سيدمهدي رجايي	Ghbook	15611	0.41724
		ترجمه الامام الحسين و مقتله من القسم غيرالمطبوع من كتاب الطبقات الكبير	محمد بن سعد كاتب واقدي ( ابن سعد )	Ghbook	5946	0.41724
		 بهجة النظر في إثبات الوصاية والإمامة للأئمة الاثني عشر ( ع ) 	 السيد هاشم البحراني 	ABLibrary	7444	0.4172
		 موسوعة الإمام العسكري ( ع ) 	 الشيخ أبو القاسم الخزعلي 	ABLibrary	7847	0.41719
		عشاريات السيوطي	عبد الرحمن بن أبي بكر، جلال الدين السيوطي (المتوفى: 911ه)	ShamelaY19	30315	0.41718
		 من لا يحضره الطبيب ( طبيبك قبل وصول الطبيب ) 	 محمد بن زكريا الرازي 	ABLibrary	9829	0.41715
		الإسلام والدستور	توفيق بن عبد العزيز السديري	ShamelaY19	31485	0.41709
		دليل الإجماع في ختان الإناث	أبو بكر خليل	ShamAY	36399	0.417
		إيناس الناس بتفاحة أبي جعفر النحاس	أبو البهاء، حازم أحمد حسني خنفر	ShamAY	32290	0.41697
		مستدرك عوالم العلوم و المعارف‏ - الجزء11-1	الشيخ عبد الله البحراني الأصفهاني‏	Masaha	2228	0.41697
		أحكام السلام والمصافحة بين الجنسين في ضوء القرآن والسنة	رياض المسيميري	ShamAY	36692	0.41689
		 تاريخ معرة النعمان 	 محمد سليم الجندي 	ABLibrary	9005	0.41688
		عوالم العلوم و المعارف - الجزء1	الشيخ عبد الله البحراني الأصفهاني‏	Masaha	2304	0.41688
		المُعْجَمُ الكَبِير للطبراني قِطْعَةٌ مِنَ المُجَلَّدِ الحَادِي والعِشْرِينَ (يَتَضَمَّنُ جُزْءًا مِنْ مُسْنَدِ النُّعْمَانِ بْنِ بَشِيرٍ)	سليمان بن أحمد بن أيوب بن مطير اللخمي الشامي، أبو القاسم الطبراني (المتوفى: 360هـ)	ShamAY	1428	0.41687
		آية المودة وعلاقتها بالإمامة	طه الدليمي	ShamAY	37800	0.41684
		موسوعات الفقه الإسلامي أو معاجم القوانين الفقهية	محمد منتصر الكتاني	Sham19Y	5190	0.41684
		تحفة الوفد بما ورد في سورتي الخلع والحفد	أبو يعلى البيضاوي	ShamAY	36875	0.41682
		خصائص مسند الإمام أحمد	محمد بن عمر بن أحمد بن عمر بن محمد الأصبهاني المديني، أبو موسى (المتوفى: 581هـ)	ShamAY	11174	0.4168
		أربعون حديثا في فضل القرآن للحسيني	عبد الرحمن بن عبد الله بلفقيه الحسيني التريمي الحضرمي (1162 هـ)	ShamAY	33541	0.41679
		الشيخ محمد بن عبد الوهاب حياته ودعوته في الرؤية الاستشراقية	ناصر بن إبراهيم بن عبد الله التويم	ShamelaY19	31079	0.41669
		الزهر الفياح قوت القلوب وغذاء الأرواح محبة الله جل وعز وعلاماتها	أزهري أحمد محمود	ShamelaY19	36424	0.41664
		الإمامة والتبصرة من الحيرة	أبو الحسن علي بن الحسين بن بابويه القمي	Rafed	693	0.4166
		المسائل الجاروديه	محمد بن  محمد بن نعمان شيخ مفيد	Ghbook	2461	0.41658
		كلمة الإخلاص وتحقيق معناها	عبد الرحمن بن أحمد بن رجب الحنبلي (المتوفى: 795هـ)	ShamAY	696	0.41657
		ابن رُشيد الفهري السّبتي ورحلته ملء العيبة	علي إبراهيم كردي	ShamAY	35807	0.41656
		حركة تقنين الفقه الإسلامي	عامر بن عيسى اللهو	ShamAY	36485	0.41649
		وسائل الوصول إلى شمائل الرسول صلى الله عليه وآله وسلم	يوسف بن إسماعيل بن يوسف النبهاني (المتوفى: 1350ه)	ShamelaY19	23694	0.41649
		جهود أئمة الدعوة السلفية بنجد في التصدي للعنف والإرهاب من خلال الدعوة إلى فقه إنكار المنكر	صالح بن عبد الله الفريح	ShamAY	1179	0.41648
		كربلاء ، الثوره و الماساه	احمد حسين يعقوب اردني	Ghbook	7139	0.41647
		متخير الألفاظ	أحمد بن فارس بن زكرياء القزويني الرازي، أبو الحسين (المتوفى: 395هـ)	ShamAY	31825	0.41642
		سبعون حديثاً في الجهاد	أبو عبد الله عبيد الله بن محمد بن محمد بن حمدان العُكْبَري المعروف بابن بَطَّة العكبري (المتوفى: 387هـ)	ShamAY	1582	0.41633
		زكاة بهيمة الأنعام السائمة الإبل، والبقر، والغنم في ضوء الكتاب والسنة - مفهوم, وشروط, وأحكام, ومسائل	د. سعيد بن علي بن وهف القحطاني	ShamAY	1840	0.41631
		نخبة الفكر في مصطلح أهل الأثر (مطبوع ملحقا بكتاب سبل السلام)	أبو الفضل أحمد بن علي بن محمد بن أحمد بن حجر العسقلاني (المتوفى: 852ه)	Sham19Y	5940	0.41629
		الاتجاهات الانسانيه في فقه الامام جعفر الصادق عليه السلام	حسن عباس نصر الله	Ghbook	4974	0.41628
		الموسوعة القرآنيّة خصائص السور [ج ١٢]	الناشر: دار التقريب بين المذاهب الإسلامية	Rafed	3745	0.41626
		مسند الإمام الشهيد أبي عبدالله الحسين بن علي عليهما السلام [ج ١]	الشيخ عزيز الله العطاردي	Rafed	3222	0.41625
		حاشية الرحبية في علم الفرائض	الواحدي :: عبد الرحمن بن قاسم	ShamAY	36637	0.41623
		حوادث دمشق اليومية	أحمد بن بدير، شهاب الدين الحلاق البديري (المتوفى: بعد 1175هـ)	ShamAY	404	0.41622
		المساجد و الاماكن الاثريه	عبدالرحمن خويلد	Ghbook	10647	0.41621
		الخصائص اللغوية لراوية حفص .. دراسة في البنية والتركيب	علاء إسماعيل الحمزاوي	ShamAY	36960	0.4162
		الجوس في المنسوب إلى دوس	الدكتور/ مرزوق بن هياس آل مرزوق الزهراني	ShamelaY19	36105	0.4162
		تاريخ الإسلام ووفيات المشاهير والأعلام [ج ٢٩]	شمس الدين محمّد بن أحمد بن عثمان الذّهبي	Rafed	3559	0.41619
		دليل المحبه	محمد محمدي ري شهري	Ghbook	16001	0.41617
		التداوي بالقرآن الكريم بين الالتزام والتجاوز	أحمد إسماعيل	ShamAY	34878	0.41615
		التبيان في تفسير غريب القرآن	شهاب الدين أحمد بن محمد الهائم المصري	ShamAY	34046	0.41613
		 موسوعة كربلاء 	 لبيب بيضون 	ABLibrary	7864	0.41613
		مفتاح الكرامة في شرح قواعد العلّامة [ج ٧]	السيّد محمّد جواد الحسيني العاملي	Rafed	2119	0.41613
		التقية .. الوجه الآخر		ShamAY	35638	0.41612
		البكاء علي الميت	محمد جواد طبسي	Ghbook	11208	0.41611
		نيل رضا المعصوم ( صلي الله عليه و آله و سلم )	آيت الله العظمي حسيني	Ghbook	7965	0.41609
		تذكرة الفقهاء [ج ٣]	الحسن بن يوسف بن علي المطّهر [ العلامة الحلّي ]	Rafed	358	0.41608
		 شرح الأسباب والعلامات ( شرح نفيس الكرماني ) 	 نجيب الدين السمرقندي 	ABLibrary	9946	0.41607
		رسالة في المفطرات الطبية العلاجية والتشخيصية	الواحدي :: وسيم فتح الله	ShamAY	36346	0.41605
		معجم الشعراء	محمد بن عمران مرزباني	Masaha	2355	0.41603
		التمهيد لما في الموطأ من المعاني والأسانيد	أبو عمر يوسف بن عبد الله بن محمد بن عبد البر بن عاصم النمري القرطبي (المتوفى: 463هـ)	ShamAY	1719	0.41602
		القول الأصدق في بيان ما خالف فيه الأصبهاني الأزرق	نور الدين علي بن محمد بن حسن بن إبراهيم بن عبد الله المصري الملقب بالضباع (المتوفى: 1380ه)	ShamelaY19	21530	0.41598
		أصحاب الإمام أمير المؤمنين عليه السلام والرّواة عنه [ج ١]	الدكتور الشيخ محمّد هادي الأميني	Rafed	2545	0.41594
		طلوع الفجر في الليالي المقمره: دراسه موضوعيه حول مساله طلوع الفجر	محمد حسن لنگرودي	Ghbook	10107	0.41591
		قرب الاسناد	الشيخ ابي العباس الحميري	Masaha	546	0.4159
		زهر العريش في تحريم الحشيش	أبو عبد الله بدر الدين محمد بن عبد الله بن بهادر الزركشي الشافعي (المتوفى: 794هـ)	ShamAY	459	0.41588
		كتاب الألفاظ (أقدم معجم في المعاني)	ابن السكيت، أبو يوسف يعقوب بن إسحاق (المتوفى: 244هـ)	ShamAY	31763	0.41583
		القراءات روايتا ورش وحفص دراسة تحليلية مقارنة	حليمة سال	ShamAY	31809	0.4158
		الأسهم والمعاملات المالية المعاصرة	د. يوسف بن عبد الله الشبيلي	ShamAY	36513	0.41578
		تحية المسجد	محمد ضياء الرحمن الأعظمي	ShamAY	10052	0.41578
		من الذي قال بالنص علي الامامه	خليفه عبيد كلباني عماني	Ghbook	7714	0.41574
		منازل السائرين	أبو إسماعيل عبد الله بن محمد بن علي الأنصاري الهروي (المتوفى: 481هـ)	ShamAY	6876	0.41568
		نواقض الإسلام	عبد العزيز بن عبد الله بن باز (المتوفى: 1420ه)	ShamelaY19	30869	0.41567
		التكافل الاجتماعي	-	Sham19Y	1908	0.41566
		المعالم المنهجية في تربية الأطفال	علي بن نايف الشحود	ShamAY	34836	0.41565
		الدارس في تاريخ المدارس‏  - الجزء1	عبد القادر بن محمد النعيمي الدمشقي	Masaha	4642	0.41564
		التوسل	الواحدي :: ياسر برهامي	ShamAY	34983	0.41563
		علم اللغة العربية	د. محمود فهمى حجازى	ShamAY	11299	0.41555
		رسالة في الجرح والتعديل - ت: الفريوائي	عبد العظيم بن عبد القوي المنذري أبو محمد	ShamAY	34040	0.41555
		تصحيح التصحيف وتحرير التحريف	صلاح الدين خليل بن أيبك الصفدي (المتوفى: 764ه)	ShamelaY19	31370	0.41553
		العزلة والانفراد	أبو بكر عبد الله بن محمد بن عبيد بن سفيان بن قيس البغدادي الأموي القرشي المعروف بابن أبي الدنيا (المتوفى : 281هـ)	ShamAY	26356	0.4155
		التقيه في الشريعه الاسلاميه	المجمع العالمي لاهل البيت عليهم السلام	Ghbook	7538	0.4155
		خزانة التّواريخ النجديّة [ج ٢]	عبد الله بن عبد الرحمن بن صالح آل بسام	Rafed	2164	0.41549
		عمدة عيون صحاح الأخبار في مناقب إمام الأبرار	ابن بطريق الحلي‏	Masaha	2303	0.41549
		رسوم التحديث في علوم الحديث	برهان الدين أبو إسحاق إبراهيم بن عمر بن إبراهيم بن خليل الجعبري (المتوفى: 732ه)	Sham19Y	5992	0.41548
		المنهج الصحيح	عبد الله بن محمد الغنيمان	ShamAY	33	0.41547
		التحفة الوسيمة شرح على الدرة اليتيمة	أبو عبد الله محمد عبد القادر بن محمد بن المختار بن أحمد العالم القبلوي الجزائري المالكي الشهير بالشيخ باي بلعالم (المتوفى: 1430 ه)	ShamelaY19	96175	0.41547
		موطأ مالك ت عبد الباقي	مالك بن أنس بن مالك بن عامر الأصبحي المدني (المتوفى: 179هـ)	ShamAY	1221	0.41543
		التتمة في تواريخ الأئمة(ع)	السيد تاج الدين الحسيني العاملي‏	Masaha	1921	0.41539
		التعقب المتواني على السلسلة الضعيفة للألباني	أحمد شحاتة السكندري :: ناصر الدين الألباني	ShamAY	33145	0.41538
		 الدر المنثور في التفسير بالمأثور 	 جلال الدين السيوطي 	ABLibrary	915	0.41538
		دراسه في علم النفس الاسلامي	ابوالقاسم حسيني	Ghbook	13984	0.41533
		حديث الضب الذي تكلم بين يدي النبي للطبراني	سليمان بن أحمد بن أيوب بن مطير اللخمي الشامي، أبو القاسم الطبراني (المتوفى: 360هـ)	ShamAY	28925	0.4153
		الأولياء لابن أبي الدنيا - ط أطلس الخضراء = مقابل	أبو بكر عبد الله بن محمد ابن أبي الدنيا	ShamAY	38128	0.41529
		همسات للآخره	حسن خضره سامي	Ghbook	4631	0.41529
		الحلقة الثّالثة في أسلوبها الثّاني [ج ٤]	الشيخ محمّد باقر الإيرواني	Rafed	775	0.41525
		مطلع البدرين فيمن يؤتى أجره مرتين	عبد الرحمن بن أبي بكر، جلال الدين السيوطي (المتوفى: 911ه)	ShamelaY19	26551	0.41524
		الإستبصار [ج ٤]	أبي جعفر محمّد بن الحسن بن علي بن الحسن الطّوسي [ شيخ الطائفة ]	Rafed	1321	0.41521
		الأخذ بالأسباب كقيمة إسلامية في القرآن الكريم وتطبيقاتها التربوية	محمد علي عزب	ShamAY	35081	0.41517
		الغزو الفكري ووسائله	عبد العزيز بن عبد الله بن باز (المتوفى: 1420ه)	Sham19Y	8829	0.41517
		معجزة النبات	هارون يحيى	ShamAY	35943	0.41516
		الرواية العربية البناء والرُّؤيا	سمر روحي الفيصل	ShamAY	34521	0.41515
		الوسائل والأساليب المعاصرة للدعوة الإسلامية	د. صالح الرقب	ShamAY	33395	0.41514
		وسائل الشيعة [ج ٢١]	محمد بن الحسن الحرّ العاملي [ العلامة الشيخ حرّ العاملي ]	Rafed	338	0.41513
		فتاوى اللجنة الدائمة - المجموعة الثانية	اللجنة الدائمة للبحوث العلمية والإفتاء	ShamAY	21772	0.41508
		حديث عيسى بن مريم وحديث الطير مع أبي بكر وحديث الضب مع النبي - مخطوط	عبد الرحمن بن إبراهيم بن أحمد، أبو محمد بهاء الدين المقدسي (المتوفى: 624هـ)	ShamAY	11492	0.41507
		البرهان في علوم القرآن للإمام الحَوفيِّ - سورة يوسف دارسة وتحقيقا	علي بن إبراهيم بن سعيد، أبو الحسن الحوفي (المتوفى: 430 هـ)	ShamAY	32385	0.41506
		 الذريعة 	 آقا بزرگ الطهراني 	ABLibrary	847	0.41505
		الإنصاف في معرفة الراجح من الخلاف للمرداوي	علاء الدين أبو الحسن علي بن سليمان المرداوي الدمشقي الصالحي الحنبلي (المتوفى: 885هـ)	ShamAY	21609	0.41501
		ورد اليوم والليلة	د خالد بن عبد الرحمن بن علي الجريسي	ShamAY	21520	0.41497
		فتح الغفور في وضع الأيدي على الصدور	محمد حياة السندي (المتوفى: 1163هـ)	ShamAY	1596	0.41485
		هِدايةُ الِمرتابِ إلى فضائلِ الآلِ والأصحابِ		ShamAY	35642	0.41479
		 في رحاب أهل البيت ( ع ) 	 لجنة بحوث المجمع العالمي لأهل البيت ( ع ) 	ABLibrary	8563	0.41474
		الجامعة العربية .. كيف تكون جامعة .. وكيف تصبح عربية	أحمد الشقيري	ShamAY	37691	0.41471
		من عاش بعد الموت لابن أبي الدنيا - ط أطلس الخضراء = مقابل	أبو بكر عبد الله بن محمد ابن أبي الدنيا	ShamAY	38047	0.41466
		عمدة الأحكام ت الزهيري	عبد الغني بن عبد الواحد بن علي بن سرور المقدسي الجماعيلي الدمشقي الحنبلي، أبو محمد، تقي الدين (المتوفى: 600هـ)	ShamAY	32112	0.41458
		 ديوان الأزري الكبير 	 الشيخ كاظم الأزري التميمي 	ABLibrary	926	0.41458
		 المواعظ والإعتبار في ذكر الخطط والآثار ( ط لندن ) 	 المقريزي 	ABLibrary	9237	0.41454
		قَلائِدِ المُرْجَان فِي تَخْرِيج حَدِيث إذا اجْتَمَعَ عِيدَان	فوزي الأثري	ShamAY	33070	0.41452
		 وسائل الوصول إلى شمائل الرسول ( ص ) 	 يوسف بن اسماعيل النبهاني 	ABLibrary	7882	0.41451
		الديباج لأبي عبيدة	أبو عبيدة معمر بن المثنى التيمى (المتوفى: 209هـ)	ShamAY	636	0.41449
		بذل المجهود في تحرير أسئلة تغير النقود	شمس الدين محمد بن عبد الله بن أحمد، الخطيب العمري التمرتاشي الغزي الحنفي (المتوفى: 1004 هـ)	ShamAY	436	0.41441
		حقيقه النهضه الحسينيه	مرتضي مطهري	Ghbook	5954	0.4144
		متن سفينة النجا في اصول الدين والفقه على مذهب الامام الشافعي نفعنا الله بعلومه	سالم الحضرمي	ShamAY	37367	0.41438
		الناشي الصغير وشعره في الغدير	الشيخ عبد الحسين الأميني النجفي	Masaha	434	0.41437
		القاموس المحيط	مجد الدين أبو طاهر محمد بن يعقوب الفيروزآبادى (المتوفى: 817ه)	Sham19Y	7283	0.41436
		صلاة الخوف - مفهوم، وسماحة، وأنواع، وكيفية، وأحكام في ضوء الكتاب والسنة	د. سعيد بن علي بن وهف القحطاني	ShamAY	1855	0.41434
		 الموسوعة الكبرى عن فاطمة الزهراء ( س ) 	 اسماعيل الأنصاري الزنجاني الخوئيني 	ABLibrary	7830	0.41434
		كتاب أمير المؤمنين(ع) وشعره في الغدير	الشيخ عبد الحسين الأميني النجفي	Masaha	114	0.41429
		موسوعة اليهود واليهودية والصهيونية	دكتور عبد الوهاب المسيري	ShamAY	32402	0.4142
		فتح الغفور بوضع اليدين على الصدور	جلال الدين السيوطي	ShamAY	36027	0.41418
		عرفوا الحق فتركوا الباطل	شحاتة محمد صقر	ShamAY	939	0.41417
		إعلام السائلين عن كتب سيد المرسلين لابن طولون	شمس الدين محمد بن علي بن خمارويه بن طولون الدمشقي الصالحي الحنفي (المتوفى: 953هـ)	ShamAY	9701	0.41417
		توجيه اللمع لابن الخباز دراسة لغويّة ونحويّة	رعد كريم حسن	ShamAY	37229	0.41413
		الانتخاب لكشف الأبيات المشكلة الإعراب	علي بن عَدْلان بن حماد بن علي الربعي الموصلي (المتوفى: 666هـ)	ShamAY	6999	0.41405
		 الشامل في الصناعة الطبية 	 ابن النفيس 	ABLibrary	9921	0.41405
		ثواب الاعمال و عقاب الاعمال	محمد بن علي بن بابويه شيخ صدوق	Ghbook	2493	0.41403
		اللآلي المنثورة في الأحاديث المشهورة للزركشي	الزركشي، بدر الدين	ShamAY	33924	0.41397
		إحقاق الحقّ وإزهاق الباطل [ج ١١]	السيّد نور الله الحسيني المرعشي التستري	Rafed	2748	0.41397
		جزئيه « حي علي خير العمل » في الاذان	المجمع العالمي لاهل البيت عليهم السلام	Ghbook	7624	0.41396
		مجمع الضمانات	أبو محمد غانم بن محمد البغدادي الحنفي (المتوفى: 1030هـ)	ShamAY	21639	0.41374
		نهاية الأرب في معرفة أنساب العرب	أبو العباس أحمد بن علي القلقشندي (المتوفى: 821هـ)	ShamAY	31382	0.41373
		الموشح في مآخذ العلماء على الشعراء	أبو عبيد الله بن محمد بن عمران بن موسى المرزباني (المتوفى: 384ه)	Sham19Y	9427	0.41373
		أعلام المدرسة الحديثية البغدادية المعاصرة - أصالة وإبداع	أبو ذر عبد القادر بن مصطفى بن عبد الرزاق المحمدي	ShamAY	1631	0.41365
		حسن الظن بالله لابن أبي الدنيا	أبو بكر عبد الله بن محمد بن عبيد بن سفيان بن قيس البغدادي الأموي القرشي المعروف بابن أبي الدنيا (المتوفى: 281هـ)	ShamAY	13113	0.4136
		رسالة لشيخ الإسلام محمد بن عبد الوهاب يجيب فيها عن سؤال حول معنى لا إله إلا الله	محمد بن عبد الوهاب بن سليمان التميمي النجدي (المتوفى: 1206ه)	Sham19Y	30882	0.41353
		المداينة	محمد بن صالح بن محمد العثيمين (المتوفى: 1421هـ)	ShamAY	8543	0.41348
		جوامع الدعاء	د خالد بن عبد الرحمن بن علي الجريسي	ShamelaY19	21504	0.41346
		المراجعات	حسن شيرازي	Ghbook	7986	0.4134
		آرشيو دروس خارج فقه آيت الله شيخ هادي آل راضي 37-36	آيت الله شيخ هادي آل راضي	Ghbook	14509	0.41337
		منتخب الأنوار في تاريخ الأئمة الأطهار(ع)	محمد بن همام الاسكافي	Masaha	3292	0.41336
		منظومة الفضفري في القواعد الفقهية		ShamAY	37474	0.41335
		التصغير في ألقاب الأسر	إبراهيم بن عبد الله المديهش	ShamelaY19	145423	0.41335
		الاسماء و الصفات 	ابوبكر احمد بن الحسين بن علي البيهقي	Ghbook	2713	0.41332
		الفصول المهمه في معرفه الائمه (الامام الباقر عليه السلام)	ابن صباغ علي بن محمد	Ghbook	6279	0.41323
		صلاة الاستسقاء - مفهوم، وأسباب، وأنواع، وآداب، وآيات، وحكم، وأحكام في ضوء الكتاب والسنة	د. سعيد بن علي بن وهف القحطاني	Sham19Y	9832	0.41315
		بهجة النظر في إثبات الوصاية و الإمامة للأئمة الاثني عشر	السيد هاشم البحراني	Masaha	1948	0.41314
		التدليس والمدلسون	حماد بن محمد الأنصاري الخزرجي السعدي (المتوفى: 1418هـ)	ShamAY	22949	0.41305
		المسائل الفقهية لابن قداح	أبو علي عمر بن قداح الهواري (المتوفى: 734هـ)	ShamAY	6255	0.41301
		ذم الدنيا لابن أبي الدنيا - ط أطلس الخضراء = مقابل	أبو بكر عبد الله بن محمد ابن أبي الدنيا	ShamAY	38174	0.41301
		الثاني من حديث سفيان بن عيينة للطائي	على بن حرب بن محمد بن على الطائى، أبو الحسن الموصلى (المتوفى: 265هـ)	ShamAY	29708	0.413
		الفتاوى المعاصرة في الطلاق	علي بن نايف الشحود	ShamAY	37638	0.41292
		رسالة توضيح المسائل	آيت الله العظمي ناصرمكارم شيرازي	Ghbook	9582	0.41292
		عمدة عيون صحاح الأخبار في مناقب إمام الأبرار	شمس الدين يحيى بن الحسن الأسدي الربعي الحلّي [ الحافظ ابن البطريق ]	Rafed	1655	0.41289
		الموشح في مآخذ العلماء على الشعراء	أبو عبيد الله بن محمد بن عمران بن موسى المرزباني (المتوفى: 384هـ)	ShamAY	9427	0.41283
		الرد الوافر	محمد بن عبد الله (أبي بكر) بن محمد ابن أحمد بن مجاهد القيسي الدمشقي الشافعي، شمس الدين، الشهير بابن ناصر الدين (المتوفى: 842هـ)	ShamAY	6660	0.41282
		كيفيه الصلاه علي النبي ( صلي الله عليه و آله )	المجمع العالمي لاهل البيت عليهم السلام	Ghbook	7613	0.41282
		عرفوا الحق فتركوا الباطل	شحاتة محمد صقر	ShamelaY19	36162	0.41274
		تاريخ الكوفه	حسين براقي نجفي	Ghbook	7093	0.4127
		المفتاح في الصرف	أبو بكر عبد القاهر بن عبد الرحمن بن محمد الفارسي الأصل، الجرجاني الدار (المتوفى: 471هـ)	ShamAY	11562	0.41269
		مفاهيم أساسية مختصرة حول البيوع المعاصرة الجائز منها و المنهي عنها شرعاً	حسين شحاتة	ShamAY	36278	0.41264
		اليواقيت والضرب في تاريخ حلب	أبو الفداء عماد الدين إسماعيل بن علي بن محمود بن محمد ابن عمر بن شاهنشاه بن أيوب، الملك المؤيد، صاحب حماة (المتوفى: 732هـ)	ShamAY	465	0.41261
		دور الرسول - صلى الله عليه وسلم - في تحضّر العرب	محمد مسعد ياقوت	ShamAY	36109	0.41253
		بعض مجالس من تخريج الأذكار الواردة عن رسول الله صلى الله عليه و سلم	ابن حجر العسقلاني	ShamAY	33066	0.4125
		الفوائد والأخبار لابن دريد	أبو بكر محمد بن الحسن بن دريد الأزدي (المتوفى: 321ه)	ShamelaY19	26986	0.41245
		أربعون حديثا في فضل قل هو الله أحد	يوسف الأرميوني	ShamAY	36735	0.41236
		موسوعة حديث الثقلين [ج ٣]	مركز الأبحاث العقائديّة	Rafed	1420	0.41235
		وسائل الشيعة [ج ١٣]	محمد بن الحسن الحرّ العاملي [ العلامة الشيخ حرّ العاملي ]	Rafed	305	0.41231
		أخلاق العلماء للآجري	أبو بكر محمد بن الحسين بن عبد الله الآجُرِّيُّ البغدادي (المتوفى: 360هـ)	ShamAY	1311	0.41226
		تاريخ الجزائر المعاصر	الزبيري، محمد العربي	ShamAY	31737	0.4122
		الأحاديث والآثار الواردة في قنوت الوتر	الواحدي :: محمد بن عمر بازمول	ShamAY	36478	0.41219
		اقتطاف الأزاهر والتقاط الجواهر	أحمد بن يوسف بن مالك الرعيني الغرناطي ثم البيري، أبو جعفر الأندلسي (المتوفى: 779هـ)	ShamAY	813	0.41219
		الرصف لما روي عن النبي - صلى الله عليه وسلم - من الفعل والوصف ويليه شرح الغريب	محمد بن محمد بن عبد الله العاقولي (733 - 797 ه)	ShamelaY19	127700	0.41216
		 البكاء على الميت على ضوء السنة والسيرة 	 محمد جواد الطبسي 	ABLibrary	8370	0.41216
		جزئيه « البسمله » من القرآن و حكمها في الصلاه	المجمع العالمي لاهل البيت عليهم السلام	Ghbook	7623	0.41212
		تنشئة الطفل وسبل الوالدين في معاملته ومواجهة مشكلاته	دكتور زكريا الشربينى- دكتورة يسرية صادق	Sham19Y	8354	0.41208
		كتاب «سيرة النبي صلى الله عليه وسلم» للعلامة شبلي النعماني وتكملته للعلامة السيد سليمان الندوي	تقي الدين بن بدر الدين الندوي	ShamAY	11340	0.41204
		الإجارة على منافع الأشخاص	أ . د . علي محيى الدين القره داغي	ShamAY	36292	0.41203
		الوصول إلى نظم علم الأصول	حاكم المطيري	ShamAY	37470	0.41203
		تحفة الأقران في ما قرئ بالتثليث من حروف القرآن	أحمد بن يوسف بن مالك الرعيني الغرناطي ثم البيري، أبو جعفر الأندلسي (المتوفى: 779ه)	Sham19Y	1396	0.41203
		بحوث في علم الأصول [ج ٦]	آية الله السيّد محمّد باقر الصدر	Rafed	3923	0.41201
		أم المؤمنين زينب بنت خزيمة	خالد الحمودي	ShamelaY19	23230	0.41198
		الي نهضه ثقافيه اسلاميه	آيت الله العظمي سيد محمد حسيني شيرازي	Ghbook	8031	0.41193
		 عبقات الأنوار في إمامة الأئمة الأطهار ( فارسي ) 	 السيد حامد النقوي 	ABLibrary	8504	0.41188
		تقويم تعليم حفظ القرآن الكريم وتعليمه في حلقات جمعيات تحفيظ القرآن الكريم	د. إبراهيم بن سليمان آل هويمل	ShamAY	11103	0.41179
		نظرات استشرافية في فقه العلاقات الإنسانية بين المسلمين وغير المسلمين	د. حسن بن محمد سفر	ShamAY	1243	0.41174
		الثورة الإيرانية	موسى الموسوي	ShamAY	37683	0.41173
		الطب الجديد الكيميائي	كيمياوي	Ghbook	10040	0.41171
		موطأ مالك رواية يحي الليثي - ط الغرب الإسلامي	مالك بْنِ أَنَسٍ الأَصْبَحِيِّ	ShamAY	33934	0.41169
		 في رحاب أهل البيت ( ع ) 	 لجنة بحوث المجمع العالمي لأهل البيت ( ع ) 	ABLibrary	8532	0.41168
		المغني عن الحفظ والكتاب (مطبوع مع جنة المرتاب بنقد المغني عن الحفظ والكتاب لأبي إسحاق الحويني)	عمر بن بدر بن سعيد الوراني الموصلي الحنفي، ضياء الدين، أبو حفص (المتوفى: 622هـ)	ShamAY	1502	0.41161
		كيفية صلاة النبي صلى الله عليه وسلم	عبد العزيز بن عبد الله بن باز (المتوفى: 1420هـ)	ShamAY	31227	0.4116
		إحقاق الحقّ وإزهاق الباطل [ج ٣٣]	آية الله السيّد شهاب الدين الحسيني المرعشي النجفي	Rafed	2814	0.4116
		الجواهر الغوالي في ذكر الأسانيد العوالي للبديري - مخطوط (ن)	محمد بن محمد بن محمد بن أحمد البديري الحسيني، الدمياطيّ الأشعري الشافعيّ، أبو حامد (المتوفى: 1140هـ)	ShamAY	10632	0.41159
		تحصين المجتمع المسلم ضد الغزو الفكري	د. حمود بن أحمد بن فرج الرحيلي	ShamAY	10048	0.41156
		أصحاب أمير المؤمنين عليه السلام و الرواة عنه‏ - الجزء1	د. محمد هادي الأميني	Masaha	1834	0.41151
		الانوار البهيه في تواريخ الحجج الالهيه (الامام الهادي عليه السلام)	عباس قمي	Ghbook	4033	0.41145
		الدلائل في غريب الحديث	قاسم بن ثابت بن حزم العوفي السرقسطي، أبو محمد (المتوفى: 302ه)	Sham19Y	9654	0.41144
		على عتبات الحضارة - بحث في السنن وعوامل التخلق والانهيار	بتول أحمد جندية	ShamAY	339	0.41143
		حديث الضب الذي تكلم بين يدي النبي للطبراني	سليمان بن أحمد بن أيوب بن مطير اللخمي الشامي، أبو القاسم الطبراني (المتوفى: 360ه)	Sham19Y	28925	0.4114
		حديث الضب الذي تكلم بين يدي النبي للطبراني	سليمان بن أحمد بن أيوب بن مطير اللخمي الشامي، أبو القاسم الطبراني (المتوفى: 360ه)	ShamelaY19	28925	0.41137
		الغزو الفكري	ممدوح فخري	ShamAY	8831	0.41135
		انتخاب العوالي والشيوخ من فهارس شيخنا الامام المسند العطار أحمد بن عبيد الله العطار	عبد الرحمن بن محمد بن عبد الرحمن الكزبري الشافعي (المتوفى: 1262هـ)	ShamAY	5726	0.41134
		 خزانة التواريخ النجدية 	 عبد الله بن عبد الرحمن آل بسام 	ABLibrary	9044	0.41133
		نحن والأولاد في مآثر أهل بيت النبوّة عليهم السلام [ج ١]	حمزه عندليب	Rafed	1508	0.41131
		 الموسوعة الكبرى عن فاطمة الزهراء ( س ) 	 اسماعيل الأنصاري الزنجاني الخوئيني 	ABLibrary	7835	0.41127
		دليل الطالبين لكلام النحويين	مرعي بن يوسف بن أبى بكر بن أحمد الكرمى المقدسي الحنبلى (المتوفى: 1033هـ)	ShamAY	254	0.41125
		الأولياء لابن أبي الدنيا	أبو بكر عبد الله بن محمد بن عبيد بن سفيان بن قيس البغدادي الأموي القرشي المعروف بابن أبي الدنيا (المتوفى: 281هـ)	ShamAY	13003	0.41125
		الإلماع إلى معرفة أصول الرواية وتقييد السماع	عياض بن موسى بن عياض بن عمرون اليحصبي السبتي، أبو الفضل (المتوفى: 544ه)	Sham19Y	6030	0.41121
		المفصل في أحكام العقيقة	حسام الدين بن موسى محمد بن عفانة	ShamelaY19	37333	0.4112
		التمييز لمسلم	مسلم بن الحجاج أبو الحسن القشيري النيسابوري (المتوفى: 261هـ)	ShamAY	6048	0.41117
		تاريخ الإسلام ووفيات المشاهير والأعلام [ج ٣٧]	شمس الدين محمّد بن أحمد بن عثمان الذّهبي	Rafed	3584	0.41111
		 الموسوعة الكبرى عن فاطمة الزهراء ( س ) 	 اسماعيل الأنصاري الزنجاني الخوئيني 	ABLibrary	7827	0.41104
		قبسات من سيرة الامام الخميني (رحمه الله) والامام الخامنئي (دام ظله)	ايوب حائري	Ghbook	16063	0.41101
		رسوم التحديث في علوم الحديث	برهان الدين أبو إسحاق إبراهيم بن عمر بن إبراهيم بن خليل الجعبريّ (المتوفى: 732هـ)	ShamAY	5992	0.41095
		مختصر خليل - العلمية	الواحدي :: خليل بن إسحاق الجندي	ShamAY	34225	0.41094
		أحاديث القراءة في صلاة الفجر جمعا ودراسة	إبراهيم بن علي بن عبيد العبيد	Sham19Y	12137	0.41092
		الموجز في المتعة	علي بن الحسين‏ المحقق الكركي	Masaha	1148	0.41092
		تاملات في محراب الامام زين العابدين ( عليه السلام ) 	محمد عبدالستار سيد	Ghbook	6375	0.41091
		مختصر خليل في فقه إمام دار الهجرة	خليل بن إسحاق بن موسى المالكي	ShamAY	34226	0.4109
		حلية المتقين وثوب الصالحين الورع	أزهري أحمد محمود	ShamelaY19	35074	0.41089
		غاية الفكر	آية الله السيّد محمّد باقر الصدر	Rafed	2824	0.41088
		معجم الاحاديث الامام المهدي عليه السلام	موسسه المعارف الاسلاميه	Ghbook	16259	0.41087
		إيقاع المهن في شعر أبي تمام	حسان الحسن	ShamAY	34476	0.41085
		تُحْفَةُ الأَقْرَانِ في مَا قُرِئ بِالتَّثْلِيثِ مِنْ حُرُوفِ القُرْآنِ	أحمد بن يوسف بن مالك الرعيني الغرناطي ثم البيري، أبو جعفر الأندلسي (المتوفى: 779هـ)	ShamAY	1396	0.41082
		إتحاف القاري بسد بياضات فتح الباري	أبو الأشبال صغير أحمد شاغف البهاري الباكستاني	ShamelaY19	115119	0.41081
		نواسخ القرآن = ناسخ القرآن ومنسوخه ت آل زهوي	جمال الدين أبو الفرج عبد الرحمن بن علي بن محمد الجوزي (المتوفى: 597هـ)	ShamAY	1192	0.41077
		المسند الصحيح المختصر بنقل العدل عن العدل إلى رسول الله صلى الله عليه وسلم	مسلم بن الحجاج أبو الحسن القشيري النيسابوري (المتوفى: 261هـ)	ShamAY	1161	0.41075
		أبو العباس الضبي وشعره في الغدير	الشيخ عبد الحسين الأميني النجفي	Masaha	40	0.41075
		كتاب لب الأصول	الأنصاري، زكريا	ShamAY	37544	0.41074
		 كامل الصناعتين في البيطرة والزردقة ( الناصري ) 	 أبي بكر بن بدر الدين البيطار 	ABLibrary	9937	0.4107
		زيارات ذبيح آل محمد صلوات الله عليهم وسلّم العاشورائيّة	الشيخ حيدر تربتي الكربلائي	Rafed	2255	0.41065
		دروس في علم الأصول(خلاصة الحلقة الأولى)	محمد حسين‏ الأشكناني	Masaha	3802	0.41061
		المسائل الفقهية لابن قداح	أبو علي عمر بن قداح الهواري (المتوفى: 734ه)	Sham19Y	6255	0.41057
		معجم رجال الحديث - الجزء1	السيد أبو القاسم الموسوي الخوئي	Masaha	1229	0.41056
		رسالة في أن القرآن غير مخلوق ويليه رسالة الإمام أحمد إلى الخليفة المتوكل في مسألة القرآن	أبو إسحاق إبراهيم بن إسحاق بن إبراهيم بن بشير بن عبد الله البغدادي الحَرْبي (المتوفى: 285هـ)	ShamAY	6474	0.41053
		تفصيل الشريعه في شرح تحرير الوسيله : المضاربة، الشركة، المزارعة، المساقاة، الدين...	محمد فاضل لنكراني	Ghbook	9830	0.41052
		نحو معجم تاريخي للمصطلحات القرآنية المعرفة	د. الشاهد محمد البوشيخي	ShamAY	12108	0.4105
		مختصر سنن أبي داود للمنذري ت حلاق	الحافظ عبد العظيم بن عبد القوي المنذري (المتوفى: 656 ه)	ShamelaY19	20944	0.4105
		الدعاء آدابه وأسبابه	أبو محمد عبد الله بن أسعد اليافعي اليمني (768 هـ)	ShamAY	33730	0.41049
		ترجمة الامام الحسن عليه السلام	ابن سعد	Rafed	246	0.41038
		 وصف الأرض المقدسة في فلسطين 	 دانيال الراهب 	ABLibrary	9314	0.41032
		الحسبة	-	ShamelaY19	30956	0.4103
		أربعون وسيلة لتفعيل البيت المسلم في رمضان	حسين بن سعيد الحسنية	ShamAY	35195	0.41026
		أحاديث القراءة في صلاة الفجر جمعاً ودراسة	إبراهيم بن علي بن عبيد العبيد	ShamAY	12137	0.41022
		ديوان أوس بن حجر	أوس بن حجر بن مالك التميمي أبو شريح	ShamAY	37914	0.41019
		الجامع لعلوم الإمام أحمد - المقدمات	خالد الرباط، سيد عزت عيد [بمشاركة الباحثين بدار الفلاح]	ShamelaY19	20875	0.41019
		الإفادة من مال اليتيم في عقود المعاوضات والتبرعات	خالد بن علي بن محمد بن حمود بن علي المشيقح	ShamAY	12141	0.41012
		شقائق الاترنج في دقائق الغنج للسيوطي	الواحدي :: السيوطي	ShamAY	36061	0.41009
		من تكلم فيه وهو موثوق أو صالح الحديث	شمس الدين أبو عبد الله محمد بن أحمد بن عثمان بن قَايْماز الذهبي (المتوفى: 748هـ)	ShamAY	12095	0.41003
		الاتصال بالارواح	آيت الله العظمي ناصرمكارم شيرازي	Ghbook	3271	0.41003
		السلسبيل النقي في تراجم شيوخ البيهقي	أبو الطيب نايف بن صلاح بن علي المنصوري	Sham19Y	123667	0.40996
		من هم اهل البيت ؟	خليفه عبيد كلباني عماني	Ghbook	7718	0.40991
		رساله في حديث الوصيه بالثقلين الكتاب والسنه	آيت الله علي حسيني ميلاني	Ghbook	7742	0.4099
		العزلة والانفراد	ابن أبي الدنيا	ShamelaY19	26356	0.40985
		دور علي بن أبي طالب - رضي الله عنه - في غزوات وسرايا النبي -	عبد العزيز سليمان السلومي	ShamAY	37441	0.40983
		 موسوعة الفقه الإسلامي طبقا لمذهب أهل البيت ( ع ) 	 مؤسسة دائرة معارف الفقه الاسلامي 	ABLibrary	9652	0.40976
		طبقات الشافعية للحسيني	أبو بكر بن هداية الله الحسيني (1014هـ)	ShamAY	34643	0.40975
		 العوالم ، الإمام جعفر الصادق ( ع ) 	 الشيخ عبد الله البحراني 	ABLibrary	7618	0.40971
		ثواب الأعمال وعقاب الأعمال	أبي جعفر محمّد بن علي بن الحسين بن بابويه القمّي [ الشيخ الصدوق ]	Rafed	2032	0.4097
		مُشكِل إعراب أحاديث الأربعين النووية وتصريفها (القسم الأول)	د. مؤمن بن صبري غنام	ShamAY	37179	0.40965
		الغزو الفكري ووسائله	عبد العزيز بن عبد الله بن باز (المتوفى: 1420هـ)	ShamAY	8829	0.40963
		بيان الغلو المتواري في جواب الشيخ الغماري - رحمه الله	نور الدين الحميدي الإدريسي	ShamAY	35219	0.4095
		الأفعال الناسخة	حمدي فراج محمد فراج المصري (حمدي كوكب)	ShamelaY19	95584	0.40945
		الفقه الواضح المسألة وأدلتها	عبد العزيز السعدون	ShamAY	36395	0.40938
		إصلاح المنطق (ط المعارف)	أبو يوسف يعقوب بن إسحاق المشهور بـ "ابن السكيت"	ShamAY	34670	0.40936
		أخبار النحويين البصريين للسيرافي	الحسن بن عبد الله بن المرزبان السيرافي، أبو سعيد (المتوفى: 368ه)	ShamelaY19	26338	0.40934
		تخريج حديث (أنا مدينة العلم، وعلي بابها)	أبو عبد العزيز خليفة الكواري	ShamAY	33065	0.40933
		الفوائد البهية في تراجم الحنفية	أبو الحسنات محمد عبد الحي اللكنوي الهندي	ShamelaY19	132617	0.40926
		 العمدة في الجراحة 	 ابن القف المتطبب المسيحي 	ABLibrary	9895	0.40926
		تاريخ مدينة دمشق [ج ٧٤]	أبي القاسم علي بن الحسن ابن هبة الله بن عبد الله الشافعي [ ابن عساكر ]	Rafed	2608	0.40923
		تاريخ  الفكر السلفي	مهدي فرمانيان	Ghbook	16035	0.40922
		نحو مير = مبادئ قواعد اللغة العربية	علي بن محمد بن علي الشريف الحسيني الجرجاني المعروف بسيد مير شريف (المتوفى: 816ه)	Sham19Y	38149	0.40915
		جزء فيه أحاديث الحسن بن موسى الأشيب	أبو علي الحسن بن موسى الأَشيَب البغدادي، القاضي (المتوفى: 209هـ)	ShamAY	25783	0.40914
		آرشيو دروس خارج اصول آيت الله سيد عليرضا حائري 31-30	آيت  الله سيد عليرضا حائري	Ghbook	14491	0.40911
		القصيدة التائية في القدر	تقي الدين أبو العباس أحمد بن عبد الحليم بن عبد السلام بن عبد الله بن أبي القاسم بن محمد ابن تيمية الحراني الحنبلي الدمشقي (المتوفى: 728هـ)	ShamAY	792	0.40909
		ثمرة التسارع إلى الحب في الله تعالى وترك التقاطع - سلسلة لقاء العشر الأواخر بالمسجد الحرام (9)	محمد جمال الدين بن محمد سعيد بن قاسم الحلاق القاسمي (المتوفى: 1332 هـ)	ShamAY	32394	0.40906
		المرأة في حياة إمام الدعوة الشيخ محمد بن عبدالوهاب (مطبوع ضمن بحوث ندوة دعوة الشيخ محمد بن عبد الوهاب، الجزء الأول)	حمد بن محمد بن جاسر آل جاسر (المتوفى: 1421هـ)	ShamAY	8548	0.40902
		الدلائل في غريب الحديث	قاسم بن ثابت بن حزم العوفي السرقسطي، أبو محمد (المتوفى: 302هـ)	ShamAY	9654	0.40899
		تحرير تقريب التهذيب للحافظ أحمد بن علي بن حجر العسقلاني	بشار عواد معروف	Sham19Y	127715	0.40898
		دروس في الاخلاق	الشيخ علي المشكيني	Rafed	94	0.40888
		الأربعون القرآنية	أحمد بن عبد الرزاق آل إبراهيم العنقري التميمي الكويتي	Sham19Y	36497	0.40883
		ترجمه الامام الحسن عليه السلام	محمد بن سعد كاتب واقدي ( ابن سعد )	Ghbook	6071	0.40881
		حكم العطورات الكحولية	ناصر الفهد	ShamAY	36338	0.40876
		التلقين في النحو	العكبري، أبو البقاء	ShamAY	37177	0.40876
		 الذريعة 	 آقا بزرگ الطهراني 	ABLibrary	859	0.40874
		نوادر الفقهاء	محمد بن الحسن التميمي الجوهري (المتوفى: حوالي 350 ه)	Sham19Y	18287	0.40872
		خطورة التسرع في التكفير والقيام بالتفجير وما ينشأ عنهما من سفك للدماء وتخريب للمنشآت	مجموعة من المؤلفين	ShamAY	546	0.40869
		 في رحاب أهل البيت ( ع ) 	 لجنة بحوث المجمع العالمي لأهل البيت ( ع ) 	ABLibrary	8568	0.40869
		تعدد زوجات الرسول صلى الله عليه وسلم	ملك غلام مرتضى	ShamelaY19	22993	0.40868
		الحرب على العراق	صالح الرقب	ShamAY	37684	0.40863
		من لا يحضره الطبيب	ابوبكر محمد بن زكريا رازي	Ghbook	10046	0.40863
		فتاوى الشيخ عثمان الخميس	عثمان آل خميس	ShamAY	37664	0.40862
		 الضوء اللامع لأهل القرن التاسع 	 شمس الدين السخاوي 	ABLibrary	956	0.40859
		السَّلسَبِيلُ النَّقِي في تَرَاجِمِ شيُوخ البَيِهَقِيّ	أبو الطيب نايف بن صلاح بن علي المنصوري	ShamAY	31745	0.40855
		تاريخ الإسلام ووفيات المشاهير والأعلام [ج ٤٤]	شمس الدين محمّد بن أحمد بن عثمان الذّهبي	Rafed	3629	0.40852
		قتلى القرآن للثعلبي	أبو إسحاق الثعلبي (427 هـ)	ShamAY	33631	0.40848
		شروط الصلاة وأركانها وواجباتها (مطبوع ضمن مؤلفات الشيخ محمد بن عبد الوهاب، الجزء الثالث)	محمد بن عبد الوهاب بن سليمان التميمي النجدي (المتوفى: 1206هـ)	ShamAY	11266	0.40847
		الزهد للمعافى بن عمران الموصلي	أبو مسعود المعافى بن عمران بن نفيل بن جابر الأزدي الموصلي (المتوفى: 185هـ)	ShamAY	29289	0.40846
		انتخاب العوالي والشيوخ من فهارس شيخنا الامام المسند العطار أحمد بن عبيد الله العطار	عبد الرحمن بن محمد بن عبد الرحمن الكزبري الشافعي (المتوفى: 1262ه)	Sham19Y	5726	0.40846
		منهج العلامة ابن العثيمين في كتاب القول المفيد شرح كتاب التوحيد	أحمد بن عثمان المزيد	ShamAY	35760	0.40845
		شرح أبي داود للعيني	أبو محمد محمود بن أحمد بن موسى بن أحمد بن حسين الغيتابى الحنفى بدر الدين العينى (المتوفى: 855هـ)	ShamAY	8540	0.40839
		الأحاديث المرفوعة والموقوفة في كتاب «حياة الحيوان الكبرى» للدميري، من بداية حرف (التاء) إلى نهاية حرف (الجيم)، تخريجا ودراسة	إبراهيم بن عبد الله المديهش	ShamelaY19	97978	0.40832
		التحاكم إلى الكتاب والسنة في حفظ الأمن وحماية الأرواح	عبد العزيز بن عبد الله بن باز (المتوفى: 1420ه)	Sham19Y	31086	0.40831
		دلائل النبوة لإسماعيل لأصبهاني	إسماعيل بن محمد بن الفضل بن علي القرشي الطليحي التيمي الأصبهاني، أبو القاسم، الملقب بقوام السنة (المتوفى: 535هـ)	ShamAY	6569	0.40829
		 ذيل تذكرة الحفاظ 	 محمد الحسيني الدمشقي 	ABLibrary	829	0.40829
		الفَرائِدُ البَهِيَّةِ فِي نَظمِ القَواعِدَ الفِقهيَّةِ	العَلاَّمَةِ أَبو بَكرٍ بن أبِي القَاسِمِ الأَهدَلِ ( ت : 1035 )	ShamAY	37469	0.40827
		تعظيم قدر الصلاة لمحمد بن نصر المروزي	أبو عبد الله محمد بن نصر بن الحجاج المَرْوَزِي (المتوفى: 294هـ)	ShamAY	13087	0.40818
		رساله في تحديد الكر	فتح اللّٰه بن محمد جواد نمازي (شيخ الشريعه)	Ghbook	11272	0.40814
		إنحراف الشباب	خالد الجريسي	ShamAY	35176	0.40812
		آرشيو دروس خارج اصول آيت الله شيخ هادي آل راضي 38-37	آيت الله شيخ هادي آل راضي	Ghbook	14517	0.40812
		التوازي التركيبي في القرآن الكريم		ShamAY	36914	0.40809
		الحداثيون وقراءة النص الشرعي	عبد الله عمر الخطيب	ShamAY	37775	0.40803
		شرح السنة للبغوي	محيي السنة، أبو محمد الحسين بن مسعود بن محمد بن الفراء البغوي الشافعي (المتوفى: 516ه)	Sham19Y	7891	0.40802
		التقاسيم في متن الزاد للإمام شرف الدين الحجاوي		ShamAY	37376	0.40797
		جوامع الدعاء	د خالد بن عبد الرحمن بن علي الجريسي	ShamAY	1773	0.40796
		من عاش بعد الموت لابن أبي الدنيا	أبو بكر عبد الله بن محمد بن عبيد بن سفيان بن قيس البغدادي الأموي القرشي المعروف بابن أبي الدنيا (المتوفى: 281هـ)	ShamAY	13183	0.40795
		الإسلام والتوازن الاقتصادي بين الأفراد والدول	محمد شوقى الفنجرى (المتوفى: 1431هـ)	ShamAY	11527	0.40786
		حرمة الإفساد في الأرض	عبد العزيز بن عبد الله آل الشيخ	ShamelaY19	31088	0.40784
		من مصادر السيرة النبوية: كتب دلائل النبوة	أحمد بن محمد فكير	ShamAY	37325	0.40774
		الصحيح من سيرة النبي الأعظم صلّى الله عليه وآله [ج ٢٣]	السيد جعفر مرتضى العاملي	Rafed	2569	0.40773
		الكحاله ( طب العيون ) في كامل الصناعه الطبيه المعروف بالملكي	علي بن عباس مجوسي	Ghbook	9995	0.40772
		المخصّص [ج ٨]	أبي الحسن علي بن إسماعيل بن سيده المرسي [ ابن سيده ]	Rafed	3553	0.40771
		غاية الغايات وطريق السعادات حسن الخاتمة	أزهري أحمد محمود	ShamelaY19	36542	0.40746
		طبقات المفسرين للأدنه وي	أحمد بن محمد الأدنه وي من علماء القرن الحادي عشر (المتوفى: ق 11هـ)	ShamAY	6729	0.40743
		الذّريعة إلى تصانيف الشّيعة [ج ١٤]	الشيخ آقا بزرك الطهراني	Rafed	466	0.40743
		الغذاء والتغذية	عبد الرحمن عبيد عوض مصيقر	ShamAY	8340	0.40736
		كيف نومن بان المهدي ( عجل الله فرجه ) قد وجد ؟	محمد باقر صدر	Ghbook	6561	0.40735
		موسوعة اليهود واليهودية والصهيونية	دكتور عبد الوهاب المسيري	Sham19Y	2074	0.40732
		الدليل إلى المتون العلمية	عبد العزيز بن إبراهيم بن قاسم	ShamAY	9816	0.40724
		تفسير القرآن من الجامع لابن وهب	أبو محمد عبد الله بن وهب بن مسلم المصري القرشي (المتوفى: 197هـ)	ShamAY	1471	0.40722
		النظم الحبير في علوم القرآن وأصول التفسير	سعود الشريم	ShamAY	36808	0.40721
		الأربعون حديثاً عن الإمام الرضا في الإمام المهدي عليهما السلام	الشيخ محمّد جواد المروّجي الطبسي	Rafed	882	0.4072
		مفتاح الكرامة في شرح قواعد العلّامة [ج ٥]	السيّد محمّد جواد الحسيني العاملي	Rafed	2117	0.40713
		زيادات القطيعي على مسند الإمام أحمد دراسة وتخريجا	دخيل بن صالح اللحيدان	ShamAY	4262	0.40711
		أحكام الكلالة في القرآن الكريم والسنة النبوية	عبده محمد يوسف	ShamAY	36693	0.4071
		تفسير القرآن من الجامع لابن وهب	أبو محمد عبد الله بن وهب بن مسلم المصري القرشي (المتوفى: 197ه)	ShamelaY19	37361	0.40707
		أنيس الساري في تخريج وتحقيق الأحاديث التي ذكرها الحافظ ابن حجر العسقلاني في فتح الباري	أبو حذيفة، نبيل بن منصور بن يعقوب بن سلطان البصارة الكويتي	Sham19Y	14317	0.40706
		بشارة أحمد في الإنجيل	محمد الريس	ShamAY	35732	0.40699
		معجم الرائد	جبران مسعود	ShamAY	37164	0.40697
		شرح السنة للبغوي	محيي السنة، أبو محمد الحسين بن مسعود بن محمد بن الفراء البغوي الشافعي (المتوفى: 516هـ)	ShamAY	1533	0.40694
		مختصر سنن أبي داود للمنذري ت حلاق	الحافظ عبد العظيم بن عبد القوي المنذري (المتوفى: 656 ه)	Sham19Y	20944	0.40694
		الإلماع إلى معرفة أصول الرواية وتقييد السماع	عياض بن موسى بن عياض بن عمرون اليحصبي السبتي، أبو الفضل (المتوفى: 544هـ)	ShamAY	6030	0.40692
		بسط الكف في إتمام الصف	عبد الرحمن بن أبي بكر، جلال الدين السيوطي (المتوفى: 911هـ)	ShamAY	6257	0.4069
		مصادر الحافظ ابن الفرضي في كتابه" تاريخ العلماء والرواة "	د. حمد بن صالح السحيباني	ShamAY	35881	0.40688
		أجوبة الحيارى عن حكم قلنسوة النصارى	سليمان بن علي الحرائري	ShamAY	36532	0.40685
		الاستبصار فيما اختلف من الاخبار (الحج)	محمد بن حسن شيخ طوسي ( شيخ الطائفه )	Ghbook	2919	0.40684
		بحار الأنوار [ج ١٥]	الشيخ محمّد باقر بن محمّد تقي المجلسي	Rafed	855	0.40679
		بصائر الدرجات	محمد بن حسن صفار	Ghbook	2477	0.40677
		وسائل الشيعة [ج ٣]	محمد بن الحسن الحرّ العاملي [ العلامة الشيخ حرّ العاملي ]	Rafed	291	0.40675
		نظرية الإمامة عند الشيعة عرض و نقد	حسني محمد العطار	ShamAY	37794	0.40671
		تذكير الأبرار بحقوق الجار	الواحدي :: عبد الله آل جار الله	ShamAY	34961	0.40666
		أم المؤمنين زينب بنت جحش	خالد الحمودي	Sham19Y	36567	0.40666
		المشروع الأمريكي في احتلال العراق وأثره في تغيير خارطة المنطقة	أبو ذر عبد القادر بن مصطفى بن عبد الرزاق المحمدي	ShamAY	31828	0.40658
		مظاهر الغلو في قصائد المديح النبوي	سليمان بن عبد العزيز الفريجي	ShamAY	35402	0.40654
		الديارات للأصبهاني	علي بن الحسين بن محمد بن أحمد بن الهيثم المرواني الأموي القرشي، أبو الفرج الأصبهاني (المتوفى: 356هـ)	ShamAY	725	0.40653
		النَّقد والخطاب محاولة قراءةٍ في مراجعةٍ نقديّة عربيّةٍ معاصرة	مصطفى خضر	ShamAY	34474	0.40649
		الحث على حفظ العلم وذكر كبار الحفاظ	جمال الدين أبو الفرج عبد الرحمن بن علي بن محمد الجوزي (المتوفى: 597ه)	ShamelaY19	22340	0.40648
		أقوال أنس بن مالك رضي الله عنه في التفسير جمعاً ودراسة		ShamAY	36929	0.40645
		دلالات اليقين في القرآن الكريم		ShamAY	36969	0.40644
		إحقاق الحقّ وإزهاق الباطل [ج ٧]	السيّد نور الله الحسيني المرعشي التستري	Rafed	2724	0.40639
		التعقبات المفيدة على كتاب كلمات القرآن تفسير وبيان لمخلوف	محمد بن عبد الرحمن الخميس	ShamAY	712	0.40637
		 الضوء اللامع لأهل القرن التاسع 	 شمس الدين السخاوي 	ABLibrary	955	0.40636
		مرآة العقول [ج ٢٢]	الشيخ محمّد باقر بن محمّد تقي المجلسي	Rafed	1075	0.40636
		أم المؤمنين زينب بنت خزيمة	خالد الحمودي	Sham19Y	23230	0.40635
		طبقات المحدثين بأصبهان والواردين عليها [ج ٤]	أبي محمّد عبدالله بن محمّد بن جعفر بن حيّان [ أبي الشيخ الأنصاري ]	Rafed	2438	0.40635
		المنهج المنتخب في قواعد المذهب	أبو الحسن علي بن قاسم بن محمد التُّجيبي، المعروف بالزقاق (ت 912 هـ)	ShamAY	34218	0.40632
		حديث الإفك لعبدالغني المقدسي	عبد الغني بن عبد الواحد بن علي بن سرور المقدسي الجماعيلي الدمشقي الحنبلي، أبو محمد، تقي الدين (المتوفى: 600ه)	Sham19Y	26747	0.40629
		أنِيسُ السَّاري في تخريج وَتحقيق الأحاديث التي ذكرها الحَافظ ابن حَجر العسقلاني في فَتح البَاري	أبو حذيفة، نبيل بن منصور بن يعقوب بن سلطان البصارة الكويتي	ShamAY	32191	0.40626
		درء اللوم والضيم في صوم يوم الغيم	الواحدي :: ابن الجوزي	ShamAY	34332	0.40625
		الرابط وأثره في التراكيب في العربية	د حمزة عبد الله النشرتي	ShamAY	10374	0.40619
		فرائد السمطين [ج ٢]	ابراهيم بن محمّد بن المؤيّد الجويني الخراساني	Rafed	2922	0.40617
		جبانه تخت فولاد في اصفهان تعريف بالقطع و المشاهير المدفونين فيها	احمد عقيلي	Ghbook	15494	0.40614
		منظومة ابن الأعسم	الشيخ محمد علي الأعسم	Masaha	954	0.40609
		التصنيف في السنة النبوية	خلدون بن محمد سليم الأحدب	ShamAY	7580	0.40599
		الانوار البهيه في تواريخ الحجج الالهيه (الامام المجتبي عليه السلام)	عباس قمي	Ghbook	6063	0.4059
		مسائل أحمد بن حنبل رواية ابنه عبد الله	أبو عبد الله أحمد بن محمد بن حنبل بن هلال بن أسد الشيباني (المتوفى: 241هـ)	ShamAY	6105	0.40588
		موقف الخميني من الشيعة والتشيع	محمود سعد ناصح	ShamAY	13	0.40587
		التطفيل وحكايات الطفيليين وأخبارهم ونوادر كلامهم وأشعارهم	أبو بكر أحمد بن علي بن ثابت بن أحمد بن مهدي الخطيب البغدادي (المتوفى: 463ه)	Sham19Y	5428	0.40587
		 الشامل في الصناعة الطبية 	 ابن النفيس 	ABLibrary	9910	0.40586
		تثقيف اللسان وتلقيح الجنان	أبو حفص عمر بن خلف بن مكي الصقلي النحوي اللغوي (ت 501 هـ)	ShamAY	32592	0.40585
		الحملة الأخيرة على القسطنطينية في العصر الأموي	سليمان بن عبد الله السويكت	ShamAY	10351	0.40585
		الأربعون حديثاً عن أربعين شيخاً من أربعين صحابياً في فضائل الإمام أمير المؤمنين(ع)	الشيخ منتجب الدين علي بن بابويه القمي	Masaha	4533	0.40579
		أخبار النحويين البصريين للسيرافي	الحسن بن عبد الله بن المرزبان السيرافي، أبو سعيد (المتوفى: 368هـ)	ShamAY	26338	0.40575
		دروس في مباديء تخريج الحديث النبوي مع فوائد في علوم الحديث	إسلام محمود دربالة :: إسلام دربالة	ShamAY	33078	0.4057
		الأباب في ضبط اسم الكتاب	أبو ذر عبد القادر بن مصطفى بن عبد الرزاق المحمدي	ShamAY	31658	0.40569
		المقتصر	الشيخ ابن فهد الحلّي	Rafed	1295	0.40569
		السنا والسنوت في معرفة ما يتعلق بالقنوت من الأحاديث النبوية والأحكام الفقهية	شمس الدين محمد بن رسول الحسيني الشافعي البرزنجي ثم المدني (1103هـ)	ShamAY	34293	0.40567
		طريقه المعصومين ( عليهم السلام ) في عرض ركائز الدين	احمد راسم نفيس	Ghbook	6387	0.40565
		أضواء على المذاهب الهدامة	عبد القادر شيبة الحمد	ShamelaY19	22749	0.40564
		التحاكم إلى الكتاب والسنة في حفظ الأمن وحماية الأرواح	عبد العزيز بن عبد الله بن باز (المتوفى: 1420ه)	ShamelaY19	31086	0.40563
		حكم تملك الأوراق المالية وأرباحها بالقبض	عبد المجيد بن صالح المنصور	ShamAY	36266	0.40559
		 في رحاب أهل البيت ( ع ) 	 لجنة بحوث المجمع العالمي لأهل البيت ( ع ) 	ABLibrary	8534	0.40551
		إحقاق الحقّ وإزهاق الباطل [ج ٢٥]	آية الله السيّد شهاب الدين الحسيني المرعشي النجفي	Rafed	2793	0.4055
		تفسير الشهيد زيد بن علي (ع)	الناشر: الدار العالميّة	Rafed	3781	0.40548
		حركة التأليف المعجمي في مفردات القرآن	أحمد حسن الخميسي - باحث من سورية..	ShamAY	36939	0.40538
		الامام المهدي و مستقبل العالم في ضوء الكتاب و السنه	جعفر هادي	Ghbook	10654	0.40537
		الزهد لهناد بن السري	أبو السَّرِي هَنَّاد بن السَّرِي بن مصعب بن أبي بكر بن شبر بن صعفوق بن عمرو بن زرارة بن عدس بن زيد التميمي الدارمي الكوفي (المتوفى: 243هـ)	ShamAY	13027	0.40534
		نخبة الفكر في مصطلح أهل الأثر (مطبوع ملحقا بكتاب سبل السلام)	أبو الفضل أحمد بن علي بن محمد بن أحمد بن حجر العسقلاني (المتوفى: 852هـ)	ShamAY	5940	0.40532
		حديث الإفك لعبدالغني المقدسي	عبد الغني بن عبد الواحد بن علي بن سرور المقدسي الجماعيلي الدمشقي الحنبلي، أبو محمد، تقي الدين (المتوفى: 600ه)	ShamelaY19	26747	0.40532
		وسائل الشيعة [ج ١٢]	محمد بن الحسن الحرّ العاملي [ العلامة الشيخ حرّ العاملي ]	Rafed	304	0.40531
		حديث مع زائر كريم	أبو شكيب محمد تقي الدين بن عبد القادر الهلالي (المتوفى: 1407هـ)	ShamAY	10141	0.4053
		قصص الانبياء ( داستانهاي پيغامبران )	نعمت الله بن عبدالله موسوي جزائري شوشتري	Ghbook	2419	0.40528
		المحكم والمحيط الأعظم [ج ٦]	أبي الحسن علي بن إسماعيل بن سيده المرسي [ ابن سيده ]	Rafed	1442	0.40525
		أرجوزة الفواكه الصيفية والخريفية	سيدي علي بن إبراهيم الأندلسي المراكشي	ShamAY	34491	0.40521
		من روى عن النبي من الصحابة في الكبائر للبرديجي - مجلة الجامعة الإسلامية	أبو بكر أحمد بن هارون بن روح البرديجي (المتوفى: 301هـ)	ShamAY	4151	0.40521
		الناسخ والمنسوخ	أبي عبيد القاسم بن سلام الهروي	Rafed	1306	0.40521
		رحلة سبستياني	الاب جوزيبه دي سانتا ماريا الكرملي سبستياني	Ghbook	9213	0.4052
		الأحاديث والآثار التي تكلم عليها الحافظ ابن رجب	ناصر أحمد السوهاجي	ShamAY	33087	0.40507
		المقنع في رسم مصاحف الأمصار	عثمان بن سعيد بن عثمان بن عمر أبو عمرو الداني (المتوفى: 444هـ)	ShamAY	10918	0.40501
		مفتاح الكرامة في شرح قواعد العلّامة [ج ١٠]	السيّد محمّد جواد الحسيني العاملي	Rafed	2122	0.405
		الإمامة والرد على الرافضة	أبو نعيم أحمد بن عبد الله بن أحمد بن إسحاق بن موسى بن مهران الأصبهاني (المتوفى: 430هـ)	ShamAY	6449	0.40498
		شرح حديث ابن عباس في الفرائض	عبد المحسن بن محمد المنيف	ShamAY	12248	0.40498
		عشاريات السيوطي	عبد الرحمن بن أبي بكر، جلال الدين السيوطي (المتوفى: 911هـ)	ShamAY	30315	0.40495
		المفصل في أحكام العقيقة	حسام الدين بن موسى محمد بن عفانة	Sham19Y	37333	0.40492
		نظم ما انفرد به شيخ الإسلام ابن تيمية عن الأئمة الأربعة	سليمان بن سحمان بن مصلح بن حمدان بن مصلح بن حمدان بن مسفر بن محمد بن مالك بن عامر الخثعمي , التبالي , العسيري , النجدي (المتوفى: 1349هـ)	ShamAY	3727	0.4049
		الصنم .. بحث علمي يتناول حياة مصطفى كمال أتاتورك، ودوره في هدم الخلافة الإسلامية	فتحي بشير البلعاوي	ShamAY	37139	0.40489
		غريب القرآن في شعر العرب ((مسائل نافع بن الأزرق لعبد الله بن عباس - رضي الله عنه وعن أبيه))	عن الصحابي عبد الله بن عباس بن عبد المطلب القرشي الهاشمي، أبو العباس (المتوفى: 68ه) - رضي الله عنهما	ShamelaY19	23622	0.40489
		تفسير القرآن العظيم [ج ٨]	عبد الرحمن بن محمّد ابن إدريس الرازي ابن أبي حاتم	Rafed	1835	0.40485
		تعليقة استدلالية على العروة الوثقى	الشيخ آقا ضياء الدين العراقي	Masaha	5055	0.40483
		الأربعون حديثا	الشهيد الأول	Masaha	4548	0.40482
		الزهد للمعافى بن عمران الموصلي	أبو مسعود المعافى بن عمران بن نفيل بن جابر الأزدي الموصلي (المتوفى: 185ه)	ShamelaY19	29289	0.40481
		 منتهى المطلب ( ط . ج ) 	 العلامة الحلي 	ABLibrary	9324	0.40476
		 تقاسيم العلل ( كتاب التقسيم والتشجير ) 	 محمد بن زكريا الرازي 	ABLibrary	9825	0.40475
		آداب اميرالمومنين (ع): المشهور بحديث الاربعمائة	مهدي خداميان آراني	Ghbook	9574	0.40468
		اللمعة ببيان أن صلاة العيد لا تجزئ عن صلاة الجمعة	أبو محمد أحمد محمد شحاته الألفى السكندرى	ShamelaY19	96734	0.40467
		مختصر سنن أبي داود للمنذري ت حلاق	الحافظ عبد العظيم بن عبد القوي المنذري (المتوفى: 656 هـ)	ShamAY	38878	0.40466
		مجموعة فتاوى ابن جنيد	ابن جنيد الاسكافي	Masaha	1006	0.40455
		أثر العقيدة الإسلامية في تضامن ووحدة الأمة الإسلامية	أحمد بن سعد حمدان الغامدي	ShamAY	12165	0.40453
		زيارة الام الحسين بحث استدلالي في روايات الوجوب	رافد التميمي	Ghbook	15409	0.40453
		ضمان المال بوضع اليد دراسة فقهيّة مقارنة	د. أحمد بن عبد الجبار الشعبي	ShamAY	36565	0.40452
		أمراض النساء وعلاجها بالأعشاب	عكاشه عبد السنان الطيبي	Masaha	1736	0.40451
		النشر في القراءات العشر	ابن الجزري	ShamelaY19	22642	0.40448
		الإسلام والدستور	توفيق بن عبد العزيز السديري	ShamAY	31485	0.40447
		دور البصرة في نشأة الدراسات اللغوية المعجم العربي	الدكتور عبد الحسين المبارك	ShamAY	37203	0.40447
		موسوعة الإعجاز الرقمي في القرآن الكريم	عبد الدائم الكحيل	ShamAY	36841	0.4044
		أثر المازني فيمن جاء بعده (المبرد ـ الفارسي )	الدكتور سامي عوض ـ صفوان سلوم	ShamAY	37039	0.40438
		نحو مير = مبادئ قواعد اللغة العربية	علي بن محمد بن علي الشريف الحسيني الجرجاني المعروف بسيد مير شريف (المتوفى: 816هـ)	ShamAY	1250	0.40428
		 تكمله يكم طب العترة ( ع ) ( كتاب في خواص بعض الفواكه والخضار ) 	 محمد نبي بن أحمد التويسركاني 	ABLibrary	9815	0.40428
		الراسخون في العلم ومن عنده علم الكتاب علي عليه السلام	نجاح الطائي	Ghbook	16163	0.40426
		القانون الدولي في الاسلام	عباسعلي العميد الزنجاني	Ghbook	13981	0.40421
		الرسول الاعظم صلي الله عليه و آله يبشر بظهور الامام المهدي عجل الله تعالي فرجه ا...	علي محمد علي دخيل	Ghbook	11217	0.40416
		انوار الفقاهه - كتاب الصلح	حسن بن جعفر بن خضر نجفي كاشف الغطاء	Ghbook	12066	0.40411
		فقه المعاملات المصرفية	يوسف الشبيلي	ShamAY	36273	0.4041
		حكم الاتيان بقول آمين في الصلاه	المجمع العالمي لاهل البيت عليهم السلام	Ghbook	7641	0.40409
		هدى الطالب إلى شرح المكاسب [ج ٥]	السيّد محمّد جعفر الجزائري المروّج	Rafed	3163	0.40408
		موقف الخميني من الشيعة والتشيع	محمود سعد ناصح	ShamelaY19	23087	0.40406
		منطق الاستعمار	آيت الله العظمي سيد محمد حسيني شيرازي	Ghbook	8010	0.40404
		تنوير الغبش في فضل السودان والحبش	جمال الدين أبو الفرج عبد الرحمن بن علي بن محمد الجوزي (المتوفى: 597هـ)	ShamAY	32234	0.40399
		أحاديث وردت في الشمائل النبوية (من صحيح الجامع الصغير)	معتز أحمد عبد الفتاح	ShamAY	37455	0.4039
		كتاب فيه لغات القرآن	أبو زكريا يحيى بن زياد بن عبد الله بن منظور الديلمي الفراء (المتوفى: 207هـ)	ShamAY	31823	0.40389
		كتاب الأربعين المغنية بعيون فنونها عن المعين	خليل بن كيكلدي العلائي الشافعي	ShamAY	33598	0.40389
		 الشافي في العقائد والأخلاق والأحكام 	 الفيض الكاشاني 	ABLibrary	9336	0.40388
		الاستشراق	مازن مطبقاني	ShamAY	33348	0.40385
		الأربعون القرآنية	أحمد بن عبد الرزاق آل إبراهيم العنقري التميمي الكويتي	ShamAY	92	0.40384
		نوادر الفقهاء	محمد بن الحسن التميمي الجوهري (المتوفى: حوالي 350 هـ)	ShamAY	38992	0.40381
		 عمدة الطبيب في معرفة النبات 	 أبي الخير الإشبيلي 	ABLibrary	9874	0.40379
		 البحرين في صدر الإسلام 	 عبد الرحمن عبد الكريم العاني 	ABLibrary	8965	0.40378
		البيان والتعريف في أسباب ورود الحديث الشريف	إبراهيم بن محمد بن محمد كمال الدين ابن أحمد بن حسين، برهان الدين ابن حَمْزَة الحُسَيْني الحنفي الدمشقيّ (المتوفى: 1120هـ)	ShamAY	6000	0.40376
		الإفصاحِ عَن شهادة المرأةِ في الإرضاعِ	الإمام محمد عبد الحي اللكنوي (ت1304هـ)	ShamAY	36003	0.40373
		 تاريخ بخارى 	 محمد بن جعفر النرشخي 	ABLibrary	8987	0.40371
		صلاة الاستسقاء - مفهوم، وأسباب، وأنواع، وآداب، وآيات، وحِكَمٌ، وأحكامٌ في ضوء الكتاب والسنة	د. سعيد بن علي بن وهف القحطاني	ShamAY	1931	0.4037
		 الموسوعة الكبرى عن فاطمة الزهراء ( س ) 	 اسماعيل الأنصاري الزنجاني الخوئيني 	ABLibrary	7816	0.40369
		القصة في القرآن الكريم .. الخصائص والدلالات	د. إبراهيم الصعبي	ShamAY	36873	0.40361
		اغتيال الخليفه ابي بكر و عائشه 	نجاح الطائي	Ghbook	7520	0.40361
		المفصل في أحكام العقيقة	حسام الدين بن موسى محمد بن عفانة	ShamAY	949	0.40355
		الأنموذج في منهج الحكومة الإسلامية	الشيخ محمد إسحاق الفياض	Masaha	5029	0.40354
		كلام الليالي والأيام لابن أبي الدنيا	أبو بكر عبد الله بن محمد بن عبيد بن سفيان بن قيس البغدادي الأموي القرشي المعروف بابن أبي الدنيا (المتوفى: 281هـ)	ShamAY	8242	0.40349
		الممتع في التّصريف	أبي الحسن علي بن مؤمن بن محمّد بن علي ابن عصفور الحضرمي الإشبيلي « ابن عصفور »	Rafed	1787	0.40349
		المخصّص [ج ١٢]	أبي الحسن علي بن إسماعيل بن سيده المرسي [ ابن سيده ]	Rafed	3557	0.40349
		زواج المتعة في كتب أهل السنّة	الدكتور السيّد علاء الدين القزويني	Rafed	1579	0.40341
		 الشامل في الصناعة الطبية 	 ابن النفيس 	ABLibrary	9911	0.4034
		إحقاق الحقّ وإزهاق الباطل [ج ٣٠]	آية الله السيّد شهاب الدين الحسيني المرعشي النجفي	Rafed	2806	0.40337
		مختصر مغني اللبيب عن كتاب الأعاريب	محمد بن صالح بن محمد العثيمين (المتوفى: 1421هـ)	ShamAY	11389	0.40336
		المعاجم المفهرسة لألفاظ القرآن الكريم	د عبد الرحمن بن محمد الحجيلي	ShamAY	8558	0.40329
		وصيه للوارث	آيت الله العظمي جعفر سبحاني	Ghbook	5058	0.40328
		أثر مكبرات الصوت على سنن الأذان	عبد الحميد المشعل	ShamAY	36633	0.40327
		 تاريخ سني ملوك الارض والانبياء ( ع ) 	 حمزة بن الحسن الأصفهاني 	ABLibrary	8047	0.40326
		المال المثلي و المال القيمي في الفقه الاسلامي	عباس بن علي نجفي ( آل كاشف الغطاء )	Ghbook	9064	0.40319
		دور البصرة في نشأة الدراسات اللغوية (العروض)	زهير غازي زاهد	ShamAY	37202	0.40315
		تصحيح التصحيف وتحرير التحريف	صلاح الدين خليل بن أيبك الصفدي (المتوفى: 764هـ)	ShamAY	31370	0.40314
		فضائل الاعمال للضياء المقدسي - دار الغد	ضياء الدين محمد بن عبد الواحد بن أحمد بن عبد الرحمن السعدي المقدسي	ShamAY	33756	0.40309
		الكلام على حديث امرأتي لا ترد يد لامس لابن حجر - مخطوط (ن)	أبو الفضل أحمد بن علي بن محمد بن أحمد بن حجر العسقلاني (المتوفى: 852هـ)	ShamAY	11057	0.40304
		وجوب الإيمان بالنبي صلى الله عليه وسلم من القرآن		ShamAY	35603	0.40303
		المنطوق والمفهوم بين مدرستي المتكلمين والفقهاء	محمد أقصري	ShamAY	37537	0.40303
		الحملة الأخيرة على القسطنطينية في العصر الأموي	سليمان بن عبد الله السويكت	Sham19Y	10351	0.40299
		الشيخ محمد بن عبد الوهاب حياته ودعوته في الرؤية الاستشراقية	ناصر بن إبراهيم بن عبد الله التويم	ShamAY	31079	0.40297
		الفصل للوصل المدرج في النقل	أبو بكر أحمد بن علي بن ثابت بن أحمد بن مهدي الخطيب البغدادي (المتوفى: 463هـ)	ShamAY	10842	0.40293
		غاية الغايات وطريق السعادات حسن الخاتمة	أزهري أحمد محمود	Sham19Y	36542	0.40292
		احكام النساء	آيت الله العظمي حسيني	Ghbook	7963	0.40288
		الكلام على حديث إن امرأتي لا ترد يد لامس لابن حجر	ابن حجر العسقلاني	ShamAY	35242	0.40285
		الفرج بعد الشدة لابن أبي الدنيا - ط أطلس الخضراء = مقابل	أبو بكر عبد الله بن محمد ابن أبي الدنيا	ShamAY	38052	0.40285
		أنوار الفقاهة (كتاب الصلح)	الشيخ حسن كاشف الغطاء	Masaha	908	0.40285
		المصلحة عند الحنابلة	سعد الشثري	ShamAY	37503	0.40284
		 دراسة حول نهج البلاغة 	 محمد حسين الحسيني الجلالي 	ABLibrary	981	0.40284
		النحاة والضرورة الشعرية	وردة نغماش	ShamAY	37080	0.40277
		المهذب في اختصار السنن الكبير	الذهبي، شمس الدين	ShamelaY19	146127	0.40273
		الجامع لعلوم الإمام أحمد - المقدمات	خالد الرباط، سيد عزت عيد [بمشاركة الباحثين بدار الفلاح]	ShamAY	38864	0.40269
		البهائية إحدى مطايا الإستعمار والصهيونية	عبد القادر شيبة الحمد	ShamAY	8797	0.40268
		المحكم والمحيط الأعظم [ج ٥]	أبي الحسن علي بن إسماعيل بن سيده المرسي [ ابن سيده ]	Rafed	1441	0.40268
		فتح المعبود في بيان الهفوات في كتاب بذل المجهود	محمد بن عبد الرحمن الخميس	ShamAY	35564	0.40265
		الديباج المذهب في معرفة أعيان علماء المذهب	إبراهيم بن علي بن محمد، ابن فرحون، برهان الدين اليعمري (المتوفى: 799هـ)	ShamAY	1135	0.40264
		مسائل مهمه حول رويه الهلال	آيت الله العظمي ناصرمكارم شيرازي	Ghbook	3295	0.40262
		أخبار الشيوخ وأخلاقهم	أحمد بن محمد بن الحجاج، أبو بكر المروذي (المتوفى: 275ه)	Sham19Y	9356	0.40254
		غريب القرآن في شعر العرب ((مسائل نافع بن الأزرق لعبد الله بن عباس - رضي الله عنه وعن أبيه))	عن الصحابي عبد الله بن عباس بن عبد المطلب القرشي الهاشمي، أبو العباس (المتوفى: 68ه) - رضي الله عنهما	Sham19Y	23622	0.40247
		زيادات واستدراكات ألحقها محققا النعت الأكمل بالكتاب من وفاة المؤلف حتى نهاية القرن الرابع عشر الهجري	محمد مطيع الحافظ	Sham19Y	147072	0.40247
		الامام الصادق ( عليه السلام ) و الاجتهادات الفقهيه	محمد مهدي شمس الدين	Ghbook	4986	0.40243
		تلخيص الأصول	حافظ ثناء الله الزاهدي	ShamelaY19	21538	0.40242
		فوائد من شرح كتاب التوحيد	عبد العزيز بن محمد بن عبد الله السدحان	ShamAY	11284	0.40238
		تفسير آيه الموده	آيت الله علي حسيني ميلاني	Ghbook	4790	0.40231
		تبليغ سورة البراءة	الشيخ عبد الحسين الأميني النجفي	Masaha	217	0.40228
		المصلحة في التشريع .. ضوابط وتطبيقات وآثار	حسن بخاري	ShamAY	37609	0.40226
		المجيد في إعراب القرآن المجيد	إبراهيم بن محمد بن إبراهيم القيسي السَّفَاقُسِي، أبو إسحاق: برهان الدين (المتوفى: 742هـ)	ShamAY	1557	0.40225
		شرح الأشموني على ألفية ابن مالك	علي بن محمد بن عيسى، أبو الحسن، نور الدين الأُشْمُوني الشافعي (المتوفى: 900هـ)	ShamAY	11742	0.40224
		صلة الأرحام - مفهوم, وفضائل، وآداب, وأحكام في ضوء الكتاب والسنة	د. سعيد بن علي بن وهف القحطاني	ShamelaY19	96508	0.40224
		التذكرة في علوم الحديث لابن الملقن	ابن الملقن سراج الدين أبو حفص عمر بن علي بن أحمد الشافعي المصري (المتوفى: 804هـ)	ShamAY	23640	0.40222
		زياره القبور	المجمع العالمي لاهل البيت عليهم السلام	Ghbook	7657	0.40222
		التطفيل وحكايات الطفيليين وأخبارهم ونوادر كلامهم وأشعارهم	أبو بكر أحمد بن علي بن ثابت بن أحمد بن مهدي الخطيب البغدادي (المتوفى: 463هـ)	ShamAY	5428	0.40216
		إتحاف النبلاء ببيان تسمية العلماء	الشيخ سامي المسيطير	ShamAY	35809	0.40215
		 الذريعة 	 آقا بزرگ الطهراني 	ABLibrary	846	0.40215
		أخبار الشيوخ وأخلاقهم	أحمد بن محمد بن الحجاج، أبو بكر المَرُّوْذِيُّ (المتوفى: 275هـ)	ShamAY	9356	0.40214
		صحة سند حديث الكساء الالهي	نجاح الطائي	Ghbook	16209	0.40207
		كتاب الأفعال [ج ٤ - ١]	أبي عثمان سعيد بن محمد المعافري السرقسطي	Rafed	2694	0.40204
		أحكام الاضطباع والرمل في الطواف	عبد الله بن إبراهيم الزاحم	ShamAY	12134	0.40203
		قبس من الغدير	آيت الله العظمي حسيني	Ghbook	8015	0.40203
		منتخب الأثر في الإمام الثاني عشر عليه السلام [ج ١]	لطف الله الصافي الگلپايگاني	Rafed	2773	0.402
		الإستبصار [ج ١]	أبي جعفر محمّد بن الحسن بن علي بن الحسن الطّوسي [ شيخ الطائفة ]	Rafed	1266	0.402
		قطف الثمر بشيء من سيرة أمير المؤمنين عمر	عبد الرحمن بن عبد الله السحيم	ShamAY	35803	0.40198
		روايات ونسخ الجامع الصحيح للإمام أبي عبد الله محمد بن إسماعيل البخاري «دراسة وتحليل»	د محمد بن عبد الكريم بن عبيد	ShamAY	9843	0.40192
		 فرائد السمطين في فضائل المرتضى والبتول والسبطين والأئمة من ذريتهم ( ع ) 	 ابراهيم بن سعد الدين الشافعي 	ABLibrary	7629	0.40181
		اللمعة ببيان أن صلاة العيد لا تجزئ عن صلاة الجمعة	أبو محمد أحمد محمد شحاته الألفى السكندرى	Sham19Y	96734	0.40178
		 مسند الإمام الصادق ( ع ) 	 الشيخ عزيز الله عطاردي 	ABLibrary	7717	0.40178
		الأحاديث الواردة المقيدة بأدبار الصلوات في كتب السنة جمعا ودراسة	غالب محمد أبو القاسم حامضي	ShamelaY19	35097	0.40164
		مقدمه كاظم بن الحسين الشانه چي علي الصحيفه السجاديه ( بروايه ابن مالك )	كاظم مدير شانه چي	Ghbook	6399	0.40164
		مقدمه للسيد الشهيد محمد باقر الصدر	محمد باقر صدر	Ghbook	6289	0.40142
		فقه الثقلين	يوسف صانعي	Ghbook	10767	0.40138
		العِقدُ الثّمينُ في تَخْرِيجِ أَحَادِيث الوِصَايَة لأَمِيرِ المُؤْمِنِيْنَ	خليفة الكواري	ShamAY	33074	0.40127
		اعتراضات الشيخ خالد الأزهري على ابن مالك في كتاب (النبيل إلى نحو التسهيل).	محمد إبراهيم حسنين عبد الفتاح	ShamAY	37104	0.40124
		تاريخ آل زرارة و شرح رسالة أبي غالب الزّراري	السيّد محمّد علي الموحّد الأبطحي	Rafed	1784	0.40122
		 موسوعة تاريخ العراق بين احتلالين 	 عباس العزاوي المحامي 	ABLibrary	9260	0.40121
		اختصار الأخبار عما كان بثغر سبتة من سني الآثار	محمد بن القاسم بن محمد بن أحمد بن عبد الملك الأنصاري المحتد السبتي (المتوفى: بعد 825ه)	ShamelaY19	36150	0.4012
		الجامع لعلوم الإمام أحمد - شرح الأحاديث والآثار	إبراهيم النحاس	ShamAY	38859	0.40119
		تأثير العرف في تحديد معنى [ الكفاءة ] في الزواج	د.مروان محمد محروس المدرس الأعظمي	ShamAY	36437	0.40117
		القرآن و فضائل اهل بيت (عليهم السلام)	محمد صالحي انديمشكي	Ghbook	9973	0.40111
		صلاة الكسوف - مفهوم، وأسباب، وآداب، وآيات، وحكم، وأحكام في ضوء الكتاب والسنة	د. سعيد بن علي بن وهف القحطاني	ShamelaY19	96505	0.40109
		وسائل الشيعة [ج ١٤]	محمد بن الحسن الحرّ العاملي [ العلامة الشيخ حرّ العاملي ]	Rafed	306	0.40109
		الغاره علي بيت الوحي	گروه معارف و تحقيقات اسلامي	Ghbook	3292	0.40109
		النصيحة للسلطان موسى الأشرف الأيوبي	الضياء المقدسي (643 هـ)	ShamAY	34297	0.40107
		الرحمة في الطب و الحكمة	مهدي بن علي بن ابراهيم صبير يمني مهجمي مقري	Ghbook	10007	0.40107
		روايات ونسخ الجامع الصحيح للإمام أبي عبد الله محمد بن إسماعيل البخاري «دراسة وتحليل»	د محمد بن عبد الكريم بن عبيد	Sham19Y	9843	0.40102
		أضواء على المذاهب الهدامة	عبد القادر شيبة الحمد	ShamAY	22749	0.40101
		 الدر المنثور في التفسير بالمأثور 	 جلال الدين السيوطي 	ABLibrary	912	0.40096
		حديث الإفك لعبدالغني المقدسي	عبد الغني بن عبد الواحد بن علي بن سرور المقدسي الجماعيلي الدمشقي الحنبلي، أبو محمد، تقي الدين (المتوفى: 600هـ)	ShamAY	26747	0.40094
		إليك أختي المربية	خولة درويش	ShamAY	35182	0.40088
		حفظ القرآن الكريم وتعليمه في جميع مراحل التعليم والتعليم الجامعي	د. حمد بن ناصر بن عبد الرحمن العمار	ShamAY	36893	0.40081
		كتاب التوحيد وإثبات صفات الرب عز وجل	أبو بكر محمد بن إسحاق بن خزيمة بن المغيرة بن صالح بن بكر السلمي النيسابوري (المتوفى: 311هـ)	ShamAY	13011	0.40076
		النعي وصوره المعاصره	الواحدي :: خالد المصلح	ShamAY	36429	0.40074
		وصف الأرض المقدّسة في فلسطين	دانيال الراهب	Rafed	2544	0.40074
		طبقات المحدثين بأصبهان والواردين عليها [ج ٣]	أبي محمّد عبدالله بن محمّد بن جعفر بن حيّان [ أبي الشيخ الأنصاري ]	Rafed	2435	0.4007
		الجامع لعلوم الإمام أحمد - علل الحديث	إبراهيم النحاس	Sham19Y	20868	0.40067
		أمريكا المستبدة	بيير سلنجر	ShamAY	37728	0.4006
		 مجموعة آثار السلمي 	 السلمي 	ABLibrary	8707	0.40052
		الامام موسي بن جعفر الكاظم ورواياته الفقهيه	عبد الساده محمد الحداد	Ghbook	12277	0.40051
		خزانة التّواريخ النجديّة [ج ٩]	عبد الله بن عبد الرحمن بن صالح آل بسام	Rafed	2175	0.4005
		فضائل الشّام	الناشر: دار الكتب العلميّة	Rafed	2455	0.40041
		صوره الآخر في مرآه الذات السجاديه	رياض زكي قاسم	Ghbook	6386	0.40038
		الإلمام في ختم سيرة ابن هشام للسخاوي	شمس الدين محمد بن عبد الرحمن السخاوي (902 هـ)	ShamAY	33552	0.40031
		النشر فى القراءات العشر [ج ١]	الحافظ أبي الخير محمّد بن محمّد الدمشقي	Rafed	1119	0.40031
		رؤية شرعية في تحديد جنس الجنين	الواحدي :: خالد المصلح	ShamAY	36402	0.40028
		الموطأ برواية ابن زياد - ط الغرب الإسلامي	الإمام مالك بن أنس (179 هـ)	ShamAY	33922	0.40028
		غريب القرآن في شعر العرب ((مسائل نافع بن الأزرق لعبد الله بن عباس - رضي الله عنه وعن أبيه))	عن الصحابي عبد الله بن عباس بن عبد المطلب القرشي الهاشمي، أبو العباس (المتوفى: 68هـ) - رضي الله عنهما	ShamAY	23622	0.40025
		دلائل الامامه ( الامام الجواد عليه السلام )	طبري امامي ( صغير ) ابوجعفر محمد بن جرير بن رستم ( قرن 4و5 ق ) ( صاحب دلائل الامامه )	Ghbook	6485	0.40023
		أمل الآمل - الجزء1	الحر العاملي	Masaha	885	0.40022
		تاريخ الإسلام ووفيات المشاهير والأعلام [ج ٤٧]	شمس الدين محمّد بن أحمد بن عثمان الذّهبي	Rafed	3643	0.40014
		النشر في القراءات العشر	شمس الدين أبو الخير ابن الجزري، محمد بن محمد بن يوسف (المتوفى : 833 هـ)	ShamAY	22642	0.40013
		رسالة في حديث الوصية بالثقلين(الكتاب والسنة)	السيد علي الحسيني الميلاني	Masaha	283	0.40003
		غارة الفصل على المعتدين على كتب العلل	أبو عبد الرحمن مقبل بن هادي بن مقبل بن قائدة (اسم رجل) الهمداني الوادعي (المتوفى: 1422ه)	Sham19Y	96786	0.39976
		مقاله الشيعه	آيت الله العظمي سيد محمد حسيني شيرازي	Ghbook	7830	0.39972
		المجيد في إعراب القرآن المجيد	إبراهيم بن محمد بن إبراهيم القيسي السفاقسي، أبو إسحاق: برهان الدين (المتوفى: 742ه)	ShamelaY19	95571	0.39971
		فضائل الشام‏	محمد بن أحمد المقدسي	Masaha	4845	0.39968
		آرشيو دروس خارج فقه آيت الله شيخ محمداسحاق فياض 38-37	آيت الله شيخ محمد اسحاق فياض	Ghbook	14515	0.39966
		المجامع الفقهية وأثرها في الاجتهاد المعاصر والتطلعات لمجمع فقهي منشود	غانم غالب غانم	ShamAY	1763	0.39965
		أمثال الحديث المروية عن النبي صلى الله عليه وسلم	أبو محمد الحسن بن عبد الرحمن بن خلاد الرامهرمزي الفارسي (المتوفى: 360هـ)	ShamAY	13083	0.39961
		الأزمنة في اللغة العربية (بالمقارنة مع اللغات الأجنبية)	فريد الدين آيدن Feriduddin AYDIN	ShamAY	3598	0.39953
		 إيصال الطالب إلى المكاسب 	 السيد محمد الحسيني الشيرازي 	ABLibrary	9481	0.3995
		دراسة حول نهج البلاغة	السيد محمد حسين الجلالي	Masaha	4053	0.39946
		زيد الشهيد والشيعة الإمامية الإثني عشرية	الشيخ عبد الحسين الأميني النجفي	Masaha	297	0.39945
		الثورة البائسة	د موسى الموسوي	ShamAY	1058	0.39937
		الأمثال للرامهرمزي	القاضي أبي محمد الحسن الرامهرمزي	ShamAY	33533	0.39933
		فضائل الأعمال للمقدسي	ضياء الدين أبو عبد الله محمد بن عبد الواحد المقدسي (المتوفى: 643هـ)	ShamAY	4425	0.3993
		مصحف الامام علي ( عليه السلام )	المجمع العالمي لاهل البيت عليهم السلام	Ghbook	7711	0.39929
		رسالة طرق حديث من كنت مولاه فعلي مولاه	شمس الدين أبو عبد الله محمد بن أحمد بن عثمان بن قَايْماز الذهبي (المتوفى: 748هـ)	ShamAY	2582	0.39923
		قواعد البلاغة	فهد بن عبد الله الحزمي	ShamAY	34502	0.3992
		 الضوء اللامع لأهل القرن التاسع 	 شمس الدين السخاوي 	ABLibrary	948	0.39914
		منتخب الأثر في الإمام الثاني عشر عليه السلام - الجزء1	الشيخ لطف الله الصافي	Masaha	3220	0.39913
		تاريخ التراث العربي (علوم القرآن والحديث - التدوين التاريخي - الفقه - العقائد)	الدكتور فؤاد سزكين	ShamelaY19	143160	0.39911
		احكام المراه في الحج و العمره	آيت الله العظمي سيد محمد حسيني شيرازي	Ghbook	7828	0.39905
		الشريعة للآجري	أبو بكر محمد بن الحسين بن عبد الله الآجري البغدادي (المتوفى: 360ه)	Sham19Y	13035	0.39902
		وسيله النجاه (مع حواشي الگلپايگاني)	ابوالحسن موسوي اصفهاني	Ghbook	11655	0.39902
		جوهره الكوثر	علي اكبر مهدي پور	Ghbook	12943	0.399
		الإنابة إلى معرفة المختلف فيهم من الصحابة	علاء الدين بن قليط مغلطاي (المتوفى: 762 ه)	Sham19Y	20761	0.39891
		 موسوعة قرى ومدن لبنان 	 طوني مفرج 	ABLibrary	9270	0.39888
		كيفية دعوة الوثنيين إلى اللَّه تعالى في ضوء الكتاب والسنة	د. سعيد بن علي بن وهف القحطاني	ShamAY	1873	0.39886
		موسوعة تاريخ العراق بين احتلالين [ج ٦]	عباس العزاوي المحامي	Rafed	1924	0.39885
		نخب الذخائر في أحوال الجواهر	محمد بن إبراهيم بن ساعد الأنصاري السنجاري البخاري، المعروف بابن الإكفاني (المتوفى: 749ه)	Sham19Y	693	0.39876
		التمييز لمسلم - ط الفاروق	الواحدي :: مسلم	ShamAY	34142	0.39869
		اجوبه المسائل الفرنسيه ( المسائل التي اجاب السيد محمد الشيرازي؛ بعثها مجموعه من ...	آيت الله العظمي سيد محمد حسيني شيرازي	Ghbook	2295	0.39868
		معجم الشعراء	المرزباني	ShamelaY19	26552	0.39851
		 الموسوعة الكبرى عن فاطمة الزهراء ( س ) 	 اسماعيل الأنصاري الزنجاني الخوئيني 	ABLibrary	7836	0.39844
		 منتخب الأثر في أحوال الإمام الثاني عشر ( عج ) 	 الشيخ لطف الله الصافي الگلپايگاني 	ABLibrary	7789	0.39841
		الرحلة المدرسية والمدرسة السيارة في نهج الهدى	الشيخ محمد جواد البلاغي	Masaha	261	0.39841
		الغزو الفكري	ممدوح فخري	Sham19Y	8831	0.3984
		تهذيب الآثار وتفصيل الثابت عن رسول الله من الأخبار	محمد بن جرير بن يزيد بن كثير بن غالب الآملي، أبو جعفر الطبري (المتوفى: 310هـ)	ShamAY	13091	0.39838
		بغية الباحث عن زوائد مسند الحارث - ط الطلائع	الحافظ الجليل نور الدين على بن أبى بكر الهيثمى المتوفى سنة 807 ه	ShamAY	33926	0.39837
		بحث نقد المواقف في علم الكلام لعضد الدين الإيجي	عبد الله السهلي	ShamAY	35759	0.39833
		حديث الاقتداء بالشيخين ( ابي بكر و عمر )	آيت الله علي حسيني ميلاني	Ghbook	4795	0.3983
		فرائد القلائد علي أحاديث شرح العقائد	علي بن (سلطان) محمد، أبو الحسن نور الدين الملا الهروي القاري (المتوفى: 1014هـ)	ShamAY	34129	0.39829
		على عتبات الحضارة - بحث في السنن وعوامل التخلق والانهيار	بتول أحمد جندية	Sham19Y	36538	0.39823
		مناهج كتابة التاريخ الإسلامي بين المؤرخين المسلمين والمستشرقين	الريح حمد النيل الليث	ShamAY	37154	0.39822
		 في رحاب أهل البيت ( ع ) 	 لجنة بحوث المجمع العالمي لأهل البيت ( ع ) 	ABLibrary	8558	0.3982
		مسائل وفتاوى في زكاة الحلي	عبد الله آل جار الله	ShamAY	36212	0.39817
		الحسبة	-	ShamAY	30956	0.39812
		صحيح ابن حبان بترتيب ابن بلبان	محمد بن حبان بن أحمد بن حبان بن معاذ بن مَعْبدَ، التميمي، أبو حاتم، الدارمي، البُستي (المتوفى: 354هـ)	ShamAY	60	0.39811
		فرض طلب العلم للآجري	الواحدي :: الآجري	ShamAY	33657	0.39806
		غارة الفصل على المعتدين على كتب العلل	أبو عبد الرحمن مقبل بن هادي بن مقبل بن قائدة (اسم رجل) الهمداني الوادعي (المتوفى: 1422ه)	ShamelaY19	96786	0.39805
		المنظومة الحائية في السنة	الواحدي	ShamAY	35408	0.39801
		 تذكرة الفقهاء ( ط . ج ) 	 العلامة الحلي 	ABLibrary	9321	0.39799
		الوهابيه في صورتها الحقيقيه	لجنة التاليف	Ghbook	7598	0.39792
		زكاة عروض التجارة والأسهم والسندات - مَفهومٌ, وشروطٌ، وفروقٌ، وأنواعٌ، وأحكامٌ في ضوء الكتاب والسنة	د. سعيد بن علي بن وهف القحطاني	ShamAY	1842	0.39788
		إتحاف القاري بسد بياضات فتح الباري	أبو الأشبال صغير أحمد شاغف البهاري الباكستاني	ShamAY	31644	0.39785
		جامع المسانيد والسُّنَن الهادي لأقوم سَنَن	أبو الفداء إسماعيل بن عمر بن كثير القرشي البصري ثم الدمشقي (المتوفى: 774هـ)	ShamAY	21809	0.39785
		رسائل المحقق الكركي (ره)	علي بن حسين بن عبدالعالي محقق كركي	Ghbook	6722	0.39785
		صيغة (انفعل) في التعبير القرآني دراسة في المبنى والمعنى	هادي شندوخ حميد	ShamAY	37237	0.39782
		إليك يا بنت الإسلام	يحيى علي يحيى الدجني	ShamAY	35184	0.39778
		العزاء في مراة الاستدلال	السيد محمد هادي الحجازي	Ghbook	15268	0.39777
		الأعاريب التي ردها ابن فضال المجاشعي في كتاب (النكت في القرآن)		ShamAY	36993	0.39775
		كيفيه الصلاه	آيت الله العظمي سيد محمد حسيني شيرازي	Ghbook	8084	0.39769
		رسالة في حديث الوصية بالثقلين الكتاب والسنّة	السيّد علي الحسيني الميلاني	Rafed	224	0.39763
		دلائل النبوة لأبي نعيم الأصبهاني	أبو نعيم أحمد بن عبد الله بن أحمد بن إسحاق بن موسى بن مهران الأصبهاني (المتوفى: 430هـ)	ShamAY	10637	0.39762
		 موسوعة الإمام الجواد ( ع ) 	 الشيخ أبو القاسم الخزعلي 	ABLibrary	7841	0.39756
		أحكام النساء للإمام أحمد	أبو عبد الله أحمد بن محمد بن حنبل بن هلال بن أسد الشيباني (المتوفى: 241ه)	ShamelaY19	95563	0.39755
		بلوغ المرام من أدلة الأحكام	أبو الفضل أحمد بن علي بن محمد بن أحمد بن حجر العسقلاني (المتوفى: 852هـ)	ShamAY	1209	0.39753
		فتح المالك بما يتعلق بقول الناس وهو كذلك	أحمد السجاعي	ShamAY	37076	0.39752
		اخْتِصَارُ الأَخْبَار عما كَانَ بِثَغر سبتة مِن سَنِيّ الآثَار	محمد بن القاسم بن محمد بن أحمد بن عبد الملك الأنصاري المحتد السبتي (المتوفى: بعد 825هـ)	ShamAY	916	0.39748
		أحكام طواف الإفاضة -رسالة علمية-.	سعود بن مقبل العصيمي.	ShamAY	36538	0.39745
		البحرين في صدر الإسلام	الدكتور عبد الرحمن عبد الكريم العاني	Rafed	2152	0.39745
		البلدانيات‏	محمد بن عبد الرحمن السخاوي	Masaha	3716	0.39742
		مطلع البدرين فيمن يؤتى أجره مرتين	عبد الرحمن بن أبي بكر، جلال الدين السيوطي (المتوفى: 911هـ)	ShamAY	26551	0.39737
		التَّراجِمُ السَّاقِطَةُ مِنْ كِتَابِ إِكْمَال تَهْذِيبَ الكَمَال لمُغْلَطَاي (المَطْبُوع)	مغلطاي بن قليج بن عبد الله البكجري المصري الحكري الحنفي، أبو عبد الله، علاء الدين (المتوفى: 762هـ)	ShamAY	958	0.39734
		مَنْهجُ الإمَامِ الدَّارَقطنِي في نقدِ الحديث في كِتَابِ العِلَّل	أبو عبد الرحمن، يوسف بن جودة يس يوسف الداودي	ShamAY	31984	0.39731
		تهذيب الاحكام	محمد بن حسن شيخ طوسي ( شيخ الطائفه )	Ghbook	378	0.39731
		ذو الرمة في معايير النقد القديم والحديث	ثاير فالح علي كيطان الخولاني	ShamAY	34560	0.3973
		تعدد الزوجات	سدينة الزوى	ShamAY	36237	0.39729
		دروس في الاخلاق	الشيخ علي المشكيني	Masaha	506	0.39717
		جامع البيان في القراءات السبع	عثمان بن سعيد بن عثمان بن عمر أبو عمرو الداني (المتوفى: 444هـ)	ShamAY	1048	0.39712
		تاريخ المدينة - ط الفكر	عمر بن شبة النميري	ShamAY	33815	0.39712
		معارف الصحيفة السجادية	علاء الحسون	Masaha	214	0.39711
		ثواب القرب المهداة إلى أموات المسلمين - فضائل، وآداب، وأنواع، وأحكام في ضوء الكتاب والسنة	د. سعيد بن علي بن وهف القحطاني	ShamelaY19	96483	0.39708
		المشاكل الجنسيه للشباب 	آيت الله العظمي ناصرمكارم شيرازي	Ghbook	3296	0.39708
		مدينة صور العمانية .. الماضي والحاضر والثقافة	د. أحمد الجوارنه	ShamAY	37118	0.397
		المحرر في الحديث	شمس الدين محمد بن أحمد بن عبد الهادي الحنبلي (المتوفى : 744هـ)	ShamAY	5918	0.39699
		قبس من غياث سلطان الورى	السيد علي بن موسى بن طاووس	Masaha	1038	0.39692
		المهدي المُنّتظر		ShamAY	35640	0.39691
		الجامع لعلوم الإمام أحمد - علل الحديث	إبراهيم النحاس	ShamAY	38860	0.39689
		تحفة المحتاج إلى أدلة المنهاج (على ترتيب المنهاج للنووي)	ابن الملقن سراج الدين أبو حفص عمر بن علي بن أحمد الشافعي المصري (المتوفى: 804هـ)	ShamAY	5911	0.39686
		التبيان في تفسير غريب القرآن	أحمد بن محمد بن عماد الدين بن علي، أبو العباس، شهاب الدين، ابن الهائم (المتوفى: 815ه)	ShamelaY19	23598	0.39684
		92 طريقة لتعويد أولادك على الصلاة	هناء عبدالعزيز الصنيع :: هناء الصنيع	ShamAY	35019	0.39675
		 ذخائر العقبى في مناقب ذوى القربى ( ع ) ( ط . ج ) 	 أحمد بن عبد الله الطبري ( المحب الطبري ) 	ABLibrary	7527	0.39675
		الشعائر الحسينيه الهادفه	محمد جواد بستاني	Ghbook	5928	0.39675
		أحاديث معلولة في الصيام	عبد الله بن زقيل	ShamAY	35214	0.39674
		 الاحتفال بذكرى الأنبياء وعباد الله الصالحين 	 السيد مرتضى العسكري 	ABLibrary	8307	0.39668
		النحو العربى [ج ٥]	إبراهيم إبراهيم بركات	Rafed	1948	0.39668
		تعدد زوجات الرسول صلى الله عليه وسلم	ملك غلام مرتضى	ShamAY	22993	0.39665
		 سلسلة المسائل الفقهية 	 الشيخ السبحاني 	ABLibrary	9586	0.39661
		الأمالي	الشيخ الصدوق	Masaha	4545	0.39658
		تاريخ سني ملوك الأرض والأنبياء عليهم الصلاة والسلام	حمزة بن الحسن الأصفهاني (المتوفى: 360 هـ)	ShamAY	33836	0.39657
		من أحكام العيدين والكسوف	-	ShamelaY19	31283	0.39654
		تبيين كذب المفتري فيما نسب إلى الإمام أبي الحسن الأشعري	ثقة الدين، أبو القاسم علي بن الحسن بن هبة الله المعروف بابن عساكر (المتوفى: 571هـ)	ShamAY	6549	0.39652
		إعلام النبلاء بتاريخ حلب الشهباء [ج ٤]	محمد راغب بن محمود بن هاشم الطبّاخ الحلبي	Rafed	2366	0.3965
		الأمراض أو الطب النبوي للضياء المقدسي	ضياء الدين أبو عبد الله محمد بن عبد الواحد المقدسي (المتوفى: 643هـ)	ShamAY	1424	0.39639
		جامع البيان في القراءات السبع	عثمان بن سعيد بن عثمان بن عمر أبو عمرو الداني (المتوفى: 444ه)	Sham19Y	37649	0.39637
		الإشراف في منازل الأشراف لابن أبي الدنيا	أبو بكر عبد الله بن محمد بن عبيد بن سفيان بن قيس البغدادي الأموي القرشي المعروف بابن أبي الدنيا (المتوفى: 281هـ)	ShamAY	12994	0.39632
		 طبائع الحيوان البحري والبري 	 أرسطو ( مترجم : ابن البطريق ) 	ABLibrary	9799	0.3963
		منهج الإمام ابن الجارود النيسابوري (ت 307 هـ) في كتابه " المنتقى "	عاصم القريوتي	ShamAY	37328	0.39614
		السلسبيل النقي في تراجم شيوخ البيهقي	أبو الطيب نايف بن صلاح بن علي المنصوري	ShamelaY19	123667	0.39606
		بحوث في قاعده الفراغ و التجاوز	محمد جواد فاضل لنكراني	Ghbook	15203	0.39605
		ضعيف الجامع الصغير وزيادته	أبو عبد الرحمن محمد ناصر الدين، بن الحاج نوح بن نجاتي بن آدم، الأشقودري الألباني (المتوفى: 1420هـ)	ShamAY	1663	0.39598
		شبهة وجوابها حول ما يُزعم أنه مجاراة للقرآن الكريم	عبدالرحمن بن عبدالله السحيم	ShamAY	35542	0.3959
		تحفة المحتاج إلى أدلة المنهاج (على ترتيب المنهاج للنووي)	ابن الملقن سراج الدين أبو حفص عمر بن علي بن أحمد الشافعي المصري (المتوفى: 804ه)	Sham19Y	5911	0.3959
		بر الوالدين - مفهوم, وفضائل، وآداب, وأحكام في ضوء الكتاب والسنة	د. سعيد بن علي بن وهف القحطاني	ShamelaY19	96480	0.39589
		الاحتفال بذكري الانبياء (ع)	مرتضي عسكري	Ghbook	2715	0.39588
		 خزانة التواريخ النجدية 	 عبد الله بن عبد الرحمن آل بسام 	ABLibrary	9051	0.39582
		يا طموحي ...	حسن شيرازي	Ghbook	7991	0.3958
		الدروس المهمة لعامة الأمة	عبد العزيز بن عبد الله بن باز (المتوفى: 1420هـ)	ShamAY	293	0.39579
		معجم قرى جبل عامل‏ - الجزء1	سليمان ظاهر	Masaha	3744	0.39579
		 رمي الجمرات في بحث جديد 	 الشيخ ناصر مكارم الشيرازي 	ABLibrary	9684	0.39578
		الزلاقة معركة من معارك الإسلام الحاسمة في الأندلس	جميل عبد الله محمد المصري	ShamAY	10394	0.39573
		ضعيف الجامع الصغير وزيادته	أبو عبد الرحمن محمد ناصر الدين، بن الحاج نوح بن نجاتي بن آدم، الأشقودري الألباني (المتوفى: 1420ه)	Sham19Y	1663	0.39568
		رسالة طرق حديث	شمس الدين الذهبي	Masaha	282	0.39566
		ما هي صفات الفرقه الناجيه ؟	خليفه عبيد كلباني عماني	Ghbook	7698	0.39565
		المسانيد نشأتها، وأنواعها، وطريقة ترتيبها	دخيل بن صالح اللحيدان	ShamAY	34024	0.39558
		الصولي شاعرا دراسة فنية تحليلية لأهم أغراض الشعر عنده	أحمد جمال العمري	ShamAY	10420	0.39557
		المخصّص [ج ٣]	أبي الحسن علي بن إسماعيل بن سيده المرسي [ ابن سيده ]	Rafed	3545	0.39557
		وصل بلاغات الموطأ ابن الصلاح	عثمان بن عبد الرحمن، أبو عمرو، تقي الدين المعروف بابن الصلاح (المتوفى: 643هـ)	ShamAY	29413	0.39548
		كتاب الهيكل اليهودي خرافات بلا حدود	صالح الرقب	ShamAY	37702	0.39547
		المخصّص [ج ٦]	أبي الحسن علي بن إسماعيل بن سيده المرسي [ ابن سيده ]	Rafed	3550	0.39545
		التكميل لما فات تخريجه من إرواء الغليل	صالح بن عبد العزيز بن محمد بن إبراهيم آل الشيخ	Sham19Y	9105	0.39542
		تحرير تقريب التهذيب للحافظ أحمد بن علي بن حجر العسقلاني	بشار عواد معروف	ShamelaY19	127715	0.3954
		فضل التوحيد والتحذير مما يضاده		ShamAY	35567	0.39538
		المجتبى من المجتنى	جمال الدين أبو الفرج عبد الرحمن بن علي بن محمد الجوزي (المتوفى: 597ه)	ShamelaY19	122409	0.39536
		السّلوك الواعي لدى الخلية	هارون يحيى	ShamAY	35942	0.39534
		الموسوعة الكبرى عن فاطمة الزهراء(ع) - الجزء1	إسماعيل الأنصاري الزنجاني	Masaha	2889	0.39534
		 فضائل الشام 	 مجموعة مؤلفين ( ابن عبد الهادي / الربعي / السمعاني / ابن رجب / الأسيوطي ) 	ABLibrary	9152	0.39527
		إتحاف النبلاء بأخبار الثقلاء (ت: عويضة)	السيوطي	ShamAY	36024	0.39521
		شَذَرَاتُ من إتْحَافِ الأرِيبِ بأحكام مراتب تقريب التهذيب	أحمد محمد شحاته الألفى السكندرى	ShamAY	3975	0.39512
		وصل بلاغات الموطأ ابن الصلاح	عثمان بن عبد الرحمن، أبو عمرو، تقي الدين المعروف بابن الصلاح (المتوفى: 643ه)	ShamelaY19	29413	0.39505
		هل تفقدت قلبك؟	أزهري أحمد محمود	ShamelaY19	36382	0.39504
		المهروانيات = الفوائد المنتخبة الصحاح والغرائب	أبو القاسم يوسف بن محمد بن أحمد بن محمد بن أحمد المهرواني، الهمذاني (المتوفى : 468هـ)	ShamAY	727	0.39493
		صورة الذات المتفردة في شعر الفتوحات الإسلامية في صدر الإسلام والعصر الأموي	راميا محفوض	ShamAY	34511	0.39492
		 الجمرات في الماضي والحاضر 	 الشيخ ناصر مكارم الشيرازي 	ABLibrary	9681	0.39491
		ديوان محمد بن بشير الخارجي	الخارجى، ابو سليمان محمد بن بشير بن عبدالله بن عقيل	ShamAY	37855	0.39489
		آرشيو دروس خارج اصول آيت الله شيخ محمداسحاق فياض 35-34	آيت الله شيخ محمد اسحاق فياض	Ghbook	14501	0.39486
		آرشيو دروس خارج فقه آيت الله شيخ محمداسحاق فياض 36-35	آيت الله شيخ محمد اسحاق فياض	Ghbook	14505	0.39486
		الزهد	آيت الله العظمي سيد محمد حسيني شيرازي	Ghbook	8163	0.39485
		أنساب الأشراف للبلاذري	أحمد بن يحيى بن جابر بن داود البَلَاذُري (المتوفى: 279هـ)	ShamAY	9773	0.39482
		 معجم قرى جبل عامل 	 الشيخ سليمان ظاهر 	ABLibrary	9214	0.3948
		صلاه ابي بكر في مرض النبي ( صلي الله عليه و آله )	مرتضي عسكري	Ghbook	7666	0.39478
		مسند الإمام المجتبى أبي محمد الحسن بن علي(ع)	عزيز الله عطاردي‏	Masaha	2436	0.39476
		 عبقات الأنوار في إمامة الأئمة الأطهار ( فارسي ) 	 السيد حامد النقوي 	ABLibrary	8499	0.39472
		إحقاق الحقّ وإزهاق الباطل [ج ٩]	السيّد نور الله الحسيني المرعشي التستري	Rafed	2735	0.39472
		تقنين الأحكام وأثره على مكانة النص الشرعي	عبد المهدي العجلوني	ShamAY	36676	0.3947
		جزء من شرح تنقيح الفصول في علم الأصول - رسالة ماجستير	أبو العباس شهاب الدين أحمد بن إدريس بن عبد الرحمن المالكي الشهير بالقرافي (المتوفى: 684هـ)	ShamAY	9879	0.3947
		المآثر السلطانية	عبد الرزّاق بك بن نجفلى خان بن شهباز خان الدنبلى (المتوفى: في القرن 13 هـ)	ShamAY	33837	0.39469
		الأنس الجليل بتاريخ القدس والخليل [ج ٢]	مجير الدين الحنبلي العليمي	Rafed	2093	0.39468
		النكت للسرخسي وشرح النكت للعتابي	أحمد بن محمد بن عمر العتابي البخاري، أبو نصر أو أبو القاسم زين الدين الحنفي (المتوفى: 586ه)	ShamelaY19	22362	0.39467
		شرح ابن طولون [ج ٢]	أبي عبد الله شمس الدين محمّد بن علي بن طولون الدمشقي الصالحي [ ابن طولون ]	Rafed	1879	0.39465
		تجريد حواشي ابن حجر على تنقيح الزركشي لشمس الدين محمد عبد الرحمن السخاوي (831 - 902 هـ) من أوله إلى آخر كتاب الجنائز. دراسة وتحقيق: الدكتور علي بن عبد الله الزبن قسم السنة وعلومها - كلية أصول الدين جامعة الإمام محمد بن سعود مستخرج من: مجلة	السخاوي، شمس الدين	ShamAY	33062	0.39445
		وسائل الشيعة [ج ٢]	محمد بن الحسن الحرّ العاملي [ العلامة الشيخ حرّ العاملي ]	Rafed	283	0.39442
		الخنزير أخطاره وأحكامه	حسني محمد العطار	ShamAY	36707	0.39441
		جهود علماء الحنفية في إبطال عقائد القبورية	أبو عبد الله شمس الدين بن محمد بن أشرف بن قيصر الأفغاني (المتوفى: 1420هـ)	ShamAY	8594	0.39436
		تاريخ المدارس الوقفية في المدينة المنورة	طارق بن عبد الله حجار	ShamAY	10034	0.39432
		لا تغضب	محمد العماري	ShamelaY19	36442	0.39431
		طهور المسلم في ضوء الكتاب والسنة - مفهوم، وفضائل، وآداب، وأحكام	د. سعيد بن علي بن وهف القحطاني	ShamelaY19	96509	0.3943
		حديث علي بن حجر السعدي عن إسماعيل بن جعفر المدني	إسماعيل بن جعفر بن أبي كثير الأنصاري الزرقي مولاهم، أبو إسحاق المدني - ويكني أيضا: أبا إبراهيم (المتوفى: 180ه)	ShamelaY19	21544	0.39428
		كتاب الأفعال	علي بن جعفر بن علي السعدي، أبو القاسم، المعروف بابن القَطَّاع الصقلي (المتوفى: 515هـ)	ShamAY	12050	0.39427
		 الإكليل من أخبار اليمن وأنساب حمير ( الكتاب العاشر ) 	 الحسن الهمداني ( ابن الحائك ) 	ABLibrary	8964	0.39411
		مفهوم الثقافة في العلوم الاجتماعية	دوني كوش	ShamAY	37689	0.3941
		الصحيح من دعاء الحاج والمعتمر	أبو مريم مجدي فتحي السيد إبراهيم	ShamelaY19	37585	0.39408
		شرط القراءة على الشيوخ للسلفي (مطبوع مع فوائد حسان للسلفي)	أبو طاهر أحمد بن محمد بن أحمد السلفي الأصبهاني (المتوفى: 576 ه)	ShamelaY19	142167	0.39406
		المغول (التتار) بين الانتشار والانكسار	عَلي محمد محمد الصَّلاَّبي	ShamAY	231	0.39405
		ضعيف سنن الترمذي	محمد ناصر الدين الألباني (المتوفى: 1420هـ)	ShamAY	1216	0.39398
		رئيس الجامعة الإسلامية الشيخ محمد بن إبراهيم آل الشيخ	عبد المحسن بن حمد العباد البدر	ShamAY	35820	0.39392
		الرد على أصحاب العدد ـ جوابات أهل الموصل	الشيخ المفيد	Masaha	980	0.39391
		صلاة التطوع - مفهوم، وفضائل، وأقسام، وأنواع، وآداب في ضوء الكتاب والسنة	د. سعيد بن علي بن وهف القحطاني	ShamelaY19	96500	0.3939
		 مسند الإمام الصادق ( ع ) 	 الشيخ عزيز الله عطاردي 	ABLibrary	7725	0.39389
		منظومة نخبة الفكر-قصب السكر	الصنعاني	ShamAY	37304	0.39382
		الذّريعة إلى تصانيف الشّيعة [ج ١١]	الشيخ آقا بزرك الطهراني	Rafed	459	0.39382
		ضعيف سنن الترمذي	محمد ناصر الدين الألباني (المتوفى: 1420ه)	Sham19Y	1216	0.3937
		المقدمة العثيمينية في أصول الفقه - سلسلة متون الكتب ومختصراتها (1)	حازم خنفر	ShamelaY19	132516	0.39368
		بلاغات النساء	ابوالفضل احمد بن ابي طاهر طيفور	Ghbook	2478	0.39368
		مآل الإسلام في القراءات العلمانية	د . أحمد إدريس الطعان	ShamAY	33407	0.39366
		مقاتل الطالبيين	علي بن حسين ابوالفرج اصفهاني	Ghbook	9617	0.39361
		 إثنا عشر رسالة 	 السيد محمد باقر الداماد ( الميرداماد ) 	ABLibrary	833	0.3936
		صراط النجاه في فقه الاعذار الشرعية و المسائل الطبية ( المحشي )	آيت الله العظمي ميرزا جواد تبريزي	Ghbook	10210	0.3936
		بيان الائمه و خطبه البيان في الميزان	سيد جعفرمرتضي حسيني عاملي	Ghbook	15811	0.39359
		الامام المهدي (عجل الله تعالي فرجه الشريف) في روايات اهل السنه	عبدالرحيم موسوي	Ghbook	6585	0.39352
		المجتبى من المجتنى	جمال الدين أبو الفرج عبد الرحمن بن علي بن محمد الجوزي (المتوفى: 597هـ)	ShamAY	31729	0.3935
		النكت للسرخسي وشرح النكت للعتابي	أحمد بن محمد بن عمر العتابي البخاري، أبو نصر أو أبو القاسم زين الدين الحنفي (المتوفى: 586هـ)	ShamAY	22362	0.39343
		الإسلام والدستور	توفيق بن عبد العزيز السديري	Sham19Y	31485	0.39342
		اللفظ المكرم بفضل عاشوراء المحرم	ابن ناصر الدين الدمشقي	ShamAY	35238	0.39337
		منة المنعم في شرح صحيح مسلم	أبو الحسين مسلم بن الحجاج بن مسلم القشيري النيسابوري رحمه الله (206 - 261 ه)	ShamelaY19	149015	0.39329
		مجموعة أجزاء حديثية - أدب النفوس	أبو بكر محمد بن الحسين بن عبد الله الآجُرِّيُّ البغدادي (المتوفى: 360هـ)	ShamAY	8245	0.39328
		منهج العلامة القسطلاني (923 ه) في كتابه: «إرشاد الساري لشرح صحيح البخاري»	إبراهيم بن عبد الله المديهش	ShamelaY19	145431	0.39323
		حديث هشام بن عمار	هشام بن عمار بن نصير بن ميسرة بن أبان السُّلمي، ويقال: الظفري، أبو الوليد الدمشقي المقرئ (المتوفى: 245هـ)	ShamAY	13112	0.39321
		المرض والكفارات لابن أبي الدنيا	أبو بكر عبد الله بن محمد بن عبيد بن سفيان بن قيس البغدادي الأموي القرشي المعروف بابن أبي الدنيا (المتوفى: 281ه)	Sham19Y	13064	0.39318
		المتبقي من شعر العلامة البلاغي	الشيخ محمد الحسون	Masaha	516	0.3931
		مختصر استدراك الحافظ الذهبي على مستدرك أبي عبد الله الحاكم	ابن الملقن سراج الدين أبو حفص عمر بن علي بن أحمد الشافعي المصري (المتوفى: 804ه)	ShamelaY19	96551	0.39308
		معجم أعلام الجزائر - من صدر الإسلام حتى العصر الحاضر	عادل نويهض	ShamelaY19	96603	0.39304
		الأدلة الرضية لمتن الدرر البهية في المسائل الفقهية	أبو مصعب محمد صبحي بن حسن حلاق	ShamAY	6400	0.39301
		هل جاهدت نفسك؟	أزهري أحمد محمود	ShamelaY19	36339	0.39301
		المخصّص [ج ٤]	أبي الحسن علي بن إسماعيل بن سيده المرسي [ ابن سيده ]	Rafed	3546	0.39301
		شرح المصطلحات الفلسفية	مجمع البحوث الإسلاميّة في الآستانة الرّضوية	ShamAY	34801	0.39299
		قاعده فراغ و تجاوز	محمد جواد فاضل لنكراني	Ghbook	12232	0.39291
		النقط (مطبوع مع كتاب المقنع فى رسم مصاحف الأمصار)	عثمان بن سعيد بن عثمان بن عمر أبو عمرو الداني (المتوفى: 444ه)	Sham19Y	10920	0.39288
		معجم قرى جبل عامل [ج ١]	الشيخ سليمان ظاهر	Rafed	2499	0.39285
		الاستصحاب المقلوب (تحكيم الحال)	أحمد الضويحي	ShamAY	37596	0.39282
		تاريخ دنيسر	الطبيب أبو حفص عمر بن الخضر بن اللمش (574ه -640؟ ه)	ShamelaY19	26813	0.39276
		الأحاديث الواردة المقيدة بأدبار الصلوات في كتب السنة جمعا ودراسة	غالب محمد أبو القاسم حامضي	ShamAY	221	0.39275
		الاشراف 	محمد بن  محمد بن نعمان شيخ مفيد	Ghbook	2366	0.3927
		إخبار الرائي بأخبار ابن الحنائي	الدكتور صلاح محمد أبو الحاج	ShamAY	35846	0.39268
		مناهل الصفا في تخريج أحاديث الشفا	عبد الرحمن بن أبي بكر، جلال الدين السيوطي (المتوفى: 911ه)	ShamelaY19	95829	0.39265
		نظم الاحسائى لمقدمة الرسالة		ShamAY	35595	0.39264
		التعليق الرشيق في التختم بالعقيق للناجي	إبراهيم بن محمد بن محمود بن بدر، برهان الدين، أبو إسحاق الحلبي القبيباتي الشافعيّ الناجي (المتوفى: 900هـ)	ShamAY	26961	0.3926
		المستخرج على صحيح البخاري للإمام الحافظ أبي بكر بن إبراهيم الإسماعيلي (ت 371 هـ) (دراسة وتحليل)	الواحدي :: محمد رستم	ShamAY	34025	0.3926
		ذكر أقوال الأئمة في صفة الساق وترجيح ما ذهب له السلف رحمهم الله	عبد الرحمن الهرفي	ShamAY	35254	0.39257
		حكم الدين في عادة التدخين	د. طارق الطواري	ShamAY	36336	0.39252
		مقتل الحسين للخوارزمي [ج ١]	أبي المؤيّد بن أحمد المكّي أخطب خوارزم [ خوارزمي ]	Rafed	3228	0.39252
		الصلح في الجنايات	د. أحمد بن سليمان العريني	ShamAY	36389	0.39251
		الأزهر والشيعة شقاق لا وفاق	شحاتة صقر	ShamAY	35284	0.39249
		حياة أوقفت لله	عبد الوهاب الطريري	ShamAY	35094	0.39249
		عمدة الكتاب وعدة ذوي الألباب (فيه صفة الخط والأقلام والمداد والليق والحبر والأصباغ وآلة التجليد)	المعز بن باديس بن المنصور التميمي الصنهاجي (المتوفى: 454ه)	ShamelaY19	36086	0.39246
		الإلمام بأحاديث الأحكام	تقي الدين أبو الفتح محمد بن علي بن وهب بن مطيع القشيري، المعروف بابن دقيق العيد (المتوفى: 702هـ)	ShamAY	5919	0.39245
		المقام الرفيع	آيت الله العظمي حسيني	Ghbook	8027	0.39237
		المنهاج فى الحكم على القراءات	د. إبراهيم بن سعيد الدوسري	ShamAY	36798	0.39236
		الاختلافات فى الكتاب المقدس		ShamAY	35328	0.39235
		موسوعة قرى ومدن لبنان [ج ٤]	طوني مفرّج	Rafed	2580	0.39235
		فضائل شهر رجب	الحاكم الحسكاني	Masaha	1036	0.39234
		السنة للمروزي	أبو عبد الله محمد بن نصر بن الحجاج المَرْوَزِي (المتوفى: 294هـ)	ShamAY	13032	0.39233
		دليل تحرير الوسيلة (الوقف)	علي اكبر سيفي مازندراني	Ghbook	9144	0.39231
		الامام الحادي عشر الحسن العسكري ( عليه السلام )	موسسه في طريق الحق	Ghbook	6217	0.39227
		نثل النبال بمعجم الرجال الذين ترجم لهم فضيلة الشيخ المحدث أبو إسحاق الحويني	أبو إسحق الحويني	ShamAY	31841	0.39224
		فرحة الأديب في الرد على ابن السيرافي شرح أبيات سيبويه (يتعقب المؤلف على ابن السيرافي (المتوفى: 368 هـ) , في شرحه لبعض أبيات كتاب سيبويه (المتوفى: 180 هـ))	أبو محمد الحسن بن أحمد الأعرابي الملقب بالأسود الغندجاني (المتوفى: نحو 430هـ)	ShamAY	640	0.39222
		معجم الشعراء	للإمام أبي عبيد الله محمد بن عمران المرزباني (المتوفى : 384 هـ)	ShamAY	26552	0.39222
		أخلص العمل فإن الناقد بصير	أزهري أحمد محمود	ShamelaY19	35143	0.39222
		مختصر تفسير سورة الأنفال (مطبوع ضمن مؤلفات الشيخ محمد بن عبد الوهاب، الجزء الثاني عشر)	محمد بن عبد الوهاب بن سليمان التميمي النجدي (المتوفى: 1206هـ)	ShamAY	11383	0.39214
		آثار الاعمال	آيت الله العظمي حسيني	Ghbook	8037	0.39213
		تهذيب سيرة ابن هشام	الواحدي :: عبد السلام هارون	ShamAY	37388	0.39211
		حديث علي بن حجر السعدي عن إسماعيل بن جعفر المدني	إسماعيل بن جعفر بن أبي كثير الأنصاري الزرقي مولاهم، أبو إسحاق المدني - ويكني أيضا: أبا إبراهيم (المتوفى: 180هـ)	ShamAY	21544	0.39203
		موسوعه المصطفي و العتره فاطمه الزهراء ( سلام الله عليها )	سيد جعفرمرتضي حسيني عاملي	Ghbook	3791	0.39199
		الأحاديث الواردة في حلف النبي صلى الله عليه وسلم من صحيح البخاري ومسلم	عبد اللطيف البلوشي	ShamAY	37457	0.39197
		نداء إلى العفيفات {وأن يستعففن خير لهن} الفضائل والعقبات	القسم العلمي بدار الوطن	ShamelaY19	36096	0.39189
		التَّحقِيقُ فِي حُكمِ الزِّيَادَةِ الجَدِيدَةِ فِي عَرضِ المَسْعَى	حمزة الفعر	ShamAY	36233	0.39185
		نخب الذخائر في أحوال الجواهر	محمد بن إبراهيم بن ساعد الأنصاري السنجاري البخاري، المعروف بابن الإكفاني (المتوفى: 749هـ)	ShamAY	693	0.39185
		التكميل لما فات تخريجه من إرواء الغليل	صالح بن عبد العزيز بن محمد بن إبراهيم آل الشيخ	ShamAY	9105	0.39181
		شرط القراءة على الشيوخ للسلفي	أبو طاهر السلفي (576 هـ)	ShamAY	33579	0.39179
		نهاية الأرب في معرفة أنساب العرب	أبو العباس أحمد بن علي القلقشندي (المتوفى: 821ه)	ShamelaY19	31382	0.39178
		مناهل الضرب في انساب العرب	جعفربن محمد الاعرجي النجفي الحسيني	Ghbook	15650	0.3917
		التربية الإسلامية أصولها ومنهجها ومعلمها	عاطف السيد	ShamAY	11731	0.39168
		التحفة البديعة بأخبار صدر الشريعة	الدكتور صلاح محمد أبو الحاج	ShamAY	35850	0.39168
		 الضوء اللامع لأهل القرن التاسع 	 شمس الدين السخاوي 	ABLibrary	957	0.39163
		بر الوالدين	أزهري أحمد محمود	ShamelaY19	96259	0.3916
		دور البصرة في نشأة الدراسات النحوية مرحلة النضج والتطور	الدكتور زهير غازي زاهد	ShamAY	37204	0.39155
		إشكالية الموقف الغربي من الامة الإسلامية	عمر العبيدي	ShamAY	33462	0.39146
		عقيدة كل مسلم		ShamAY	35559	0.39139
		تاريخ مدينة دمشق [ج ٦٩]	أبي القاسم علي بن الحسن ابن هبة الله بن عبد الله الشافعي [ ابن عساكر ]	Rafed	2559	0.39136
		كتاب الأربعين، المسمى: الأربعون حديثاً فيما ينتهي إليه المتقون ويستعمله الموفقون وينتبه به الغافلون ويلازمه العاقلون	القاسم بن الفضل الثقفي الأصبهاني (489 هـ)	ShamAY	33551	0.39134
		 مسند الإمام الصادق ( ع ) 	 الشيخ عزيز الله عطاردي 	ABLibrary	7728	0.3913
		أثرُ عَملِ المرأة في النفقة الزوجية	أ. د. عبد السلام بن محمد الشويعر	ShamAY	31987	0.39129
		جغرافية المناخ والنبات	أ. د يوسف عبد المجيد فايد	ShamAY	2094	0.39129
		لباب الحديث	السيوطي	ShamAY	33052	0.39127
		نفحات النسمات في وصول إهداء الثواب للأموات للسروجي	أحمد بن إبراهيم بن عبد الغني السروجي، أبو العباس، شمس الدين (المتوفى: 710ه)	ShamelaY19	26925	0.39126
		الولاء والبراء بين الغلو والجفاء في ضوء الكتاب والسنة	حاتم بن عارف بن ناصر الشريف العوني	ShamAY	30871	0.39122
		فقه العتره في زكاه الفطره	آيت الله العظمي سيد ابوالقاسم خوئي	Ghbook	10207	0.39116
		مبادئ العربيّة في الصرف والنحو [ج ١]	رشيد شرتوني	Rafed	2863	0.39113
		الانتصار لسماع الحجار لابن ناصر الدين	ابن ناصر الدين (842 هـ)	ShamAY	33553	0.39108
		مناهل الصفا في تخريج أحاديث الشفا	عبد الرحمن بن أبي بكر، جلال الدين السيوطي (المتوفى: 911هـ)	ShamAY	1626	0.39107
		 في حفظ الأسنان واللثة واستصلاحها 	 حنين بن اسحاق 	ABLibrary	9810	0.39105
		نقل الأعضاء الآدمية .. بين التحليل والتحريم ــ جذع المخ ... بين الحياة والموت ــ	د/ رضاء الطيب	ShamAY	36561	0.39104
		أمالي ابن الشجري	ضياء الدين أبو السعادات هبة الله بن علي بن حمزة، المعروف بابن الشجري (المتوفى: 542ه)	ShamelaY19	120922	0.39104
		النظرة الخاطفة في الاجتهاد (نجف)	آيت الله شيخ محمد اسحاق فياض	Ghbook	15342	0.39101
		الشّفاء ـ طبيعيّات [ج ٢ [٢]]	أبو علي حسين بن عبد الله بن سينا [ شيخ الرئيس ابن سينا ]	Rafed	3066	0.39099
		الصَّحِيحُ مِنْ دُعَاءِ الحَاجِّ وَالمُعْتَمِر	أبو مريم مجدي فتحي السيد إبراهيم	ShamAY	1097	0.39096
		الإنتصار على التتار	سامي بن خالد الحمود	ShamAY	37147	0.39083
		رسالة عاجلة إلى الشباب المسلم	أزهري أحمد محمود	ShamelaY19	36434	0.39082
		دراسات في أصول الفقه	علي أحمد محمد بابكر	ShamAY	10208	0.39081
		ملحة الإعراب	القاسم بن علي بن محمد بن عثمان، أبو محمد الحريري البصري (المتوفى: 516ه)	Sham19Y	7840	0.39071
		كتاب الأربعين في مناقب أمهات المؤمنين رحمة الله عليهن أجمعين	عبد الرحمن بن محمد بن الحسن، ابن منصور ابن عساكر الدمشقي الشافعي (المتوفى: 620ه)	Sham19Y	6596	0.39071
		مقتل الحسين عليه السلام - الجزء1	الخطيب الخوارزمي	Masaha	3218	0.39071
		في مصطلح الإرهاب وحكمه قراءة نقدية في المفهوم والحكم من منظور شرعي	أ. د. قطب مصطفى سانو	ShamAY	1204	0.3907
		تاريخ الإسلام ووفيات المشاهير والأعلام [ج ٥]	شمس الدين محمّد بن أحمد بن عثمان الذّهبي	Rafed	3334	0.39069
		قراءة أسلوبية في قصيدة (عيد) للمتنبي	صالح ملا عزيز	ShamAY	34553	0.39068
		معرفة التذكرة في الأحاديث الموضوعة	أبو الفضل محمد بن طاهر بن علي بن أحمد المقدسي الشيباني، المعروف بابن القيسراني (المتوفى: 507هـ)	ShamAY	6080	0.39068
		الحلل السندسية في الأخبار وآلاثار الأندلسية  - الجزء2	شكيب أرسلان	Masaha	4553	0.39065
		تحفة المجد الصريح في شرح كتاب الفصيح (السفر الأول)	شهاب الدين أحمد بن يوسف بن على بن يوسف اللبلي أبو جعفر الفهرى المقرى اللغوى المالكى (المتوفى: 691ه)	Sham19Y	13274	0.39055
		الأفعال الناسخة	حمدي فراج محمد فراج المصري (حمدي كوكب)	ShamAY	1568	0.39053
		وزراء العصر العباسي الأول	مجموعة من المؤلفين	ShamAY	35832	0.39053
		طهور المسلم في ضوء الكتاب والسنة - مفهوم، وفضائل، وآداب، وأحكام	د. سعيد بن علي بن وهف القحطاني	Sham19Y	96509	0.39049
		الاقتصاد الاسلامي في سطور	آيت الله العظمي سيد محمد حسيني شيرازي	Ghbook	8069	0.39044
		آرشيو دروس خارج اصول آيت الله شيخ محمداسحاق فياض 37-36	آيت الله شيخ محمد اسحاق فياض	Ghbook	14513	0.3904
		وسائل الشيعة [ج ٢٦]	محمد بن الحسن الحرّ العاملي [ العلامة الشيخ حرّ العاملي ]	Rafed	353	0.39038
		اتجاهات الكتابة والتصنيف في السيرة النبوية ودراساتها الدعوية	إبراهيم الحميدان	ShamAY	37429	0.39037
		تاريخ التراث العربي (الشعر إلى حوالي سنة 430 ه)	الدكتور فؤاد سزكين	ShamelaY19	143162	0.39024
		تقديم الشياع على اليد	الحسين بن عبد الصمد العاملي	Masaha	1150	0.39021
		مختصر العبارات لمعجم مصطلحات القراءات	إبراهيم بن سعيد بن حمد الدوسري	ShamAY	85	0.39019
		استفتائات في تجويد القرآن و احكام القراءه	آيت الله العظمي سيد محمد حسيني شيرازي	Ghbook	8021	0.39018
		 مسند الإمام الباقر ( ع ) 	 الشيخ عزيز الله عطاردي 	ABLibrary	7709	0.39016
		المصطلحات الفلسفية	حمود السلامه	ShamAY	35945	0.39007
		المعجم الكبير للطبراني المجلدان الثالث عشر والرابع عشر	سليمان بن أحمد بن أيوب بن مطير اللخمي الشامي، أبو القاسم الطبراني (المتوفى: 360ه)	Sham19Y	1353	0.39007
		آراء الإمام البخاري الأصولية من خلال تراجم صحيحه	سعد الشثري	ShamAY	37505	0.38992
		الجهاد لابن المبارك	أبو عبد الرحمن عبد الله بن المبارك بن واضح الحنظلي، التركي ثم المرْوزي (المتوفى: 181هـ)	ShamAY	3610	0.38988
		بنية القصيدة في شعر النابغة الذّبياني - دراسة تحليلية وتطبيقية	حمه رضا	ShamAY	34552	0.38984
		خير الخبر في أذان خير البشر	الإمام محمد عبد الحي اللكنوي (ت1304هـ)	ShamAY	36020	0.38984
		موتمرات الانقاذ	آيت الله العظمي سيد محمد حسيني شيرازي	Ghbook	7806	0.38982
		واقع الرافضة في بلاد التوحيد	ناصر بن سليمان العمر	ShamAY	35320	0.3898
		الحدود الأنيقة والتعريفات الدقيقة	زكريا بن محمد بن أحمد بن زكريا الأنصاري، زين الدين أبو يحيى السنيكي (المتوفى: 926هـ)	ShamAY	7036	0.3898
		طبقات المحدثين بأصبهان والواردين عليها [ج ٢]	أبي محمّد عبدالله بن محمّد بن جعفر بن حيّان [ أبي الشيخ الأنصاري ]	Rafed	2431	0.3898
		فضائل سور القرآن الكريم كما حققها العلامة الألباني		ShamAY	36844	0.38974
		كتاب الأربعين في مناقب أمهات المؤمنين رحمة الله عليهن أجمعين	عبد الرحمن بن محمد بن الحسن، ابن منصور ابن عساكر الدمشقيّ الشافعي (المتوفى: 620هـ)	ShamAY	6596	0.38974
		الفتن لنعيم بن حماد - ط الفكر	نعيم بن حماد المروزي	ShamAY	33953	0.38966
		المُعْجَمُ الكَبِير للطبراني المُجَلَّدان الثَّالِثَ عَشَرَ والرابع عشر	سليمان بن أحمد بن أيوب بن مطير اللخمي الشامي، أبو القاسم الطبراني (المتوفى: 360هـ)	ShamAY	1353	0.38951
		المعجم التطبيقي للقواعد الأصولية في فقه الامامية  - الجزء1	محمد حسن‏ الرباني البيرجندي	Masaha	3571	0.38951
		مكارم الأخلاق لمن أراد الخلاق	أنور بن أهل الله بن أنوار الله	ShamAY	1078	0.38948
		أنواع تعريف المفاهيم في القرآن الكريم والحديث النبوي الصحيح التعريف بالسلب أنموذجا	الدكتور خيري قدري	ShamAY	38528	0.38941
		 عبقات الأنوار في إمامة الأئمة الأطهار ( فارسي ) 	 السيد حامد النقوي 	ABLibrary	8492	0.38941
		الوظيفة الدلالية في ضوء مناهج اللسانيات	الدكتور سامي عوض ـ هند عكرمة	ShamAY	37197	0.3894
		أسباب النزول ت الحميدان	أبو الحسن علي بن أحمد بن محمد بن علي الواحدي، النيسابوري، الشافعي (المتوفى: 468هـ)	ShamAY	11314	0.3893
		الفتوحات الربانية بشرح الدرة المضية في علم القواعد الفرضية	د. عبد العزيز بن عدنان العيدان، د. أنس بن عادل اليتامي	ShamelaY19	147659	0.3893
		بصائر الدرجات في فضائل آل محمد(ص)	محمد بن حسن الصفار	Masaha	1945	0.3893
		أنوار الفقاهة (كتاب المساقاة)	الشيخ حسن كاشف الغطاء	Masaha	916	0.38928
		 منائح الكرم 	 علي بن تاج الدين السنجاري 	ABLibrary	9227	0.38925
		السراج المنير في ترتيب أحاديث صحيح الجامع الصغير	الحافظ جلال الدين السيوطي - العلامة محمد ناصر الدين الألباني	ShamelaY19	18571	0.38915
		قيام الليل - فضله، وآدابه، والأسباب المعينة عليه في ضوء الكتاب والسنة	د. سعيد بن علي بن وهف القحطاني	ShamelaY19	96515	0.38911
		نظريه عداله الصحابه في مدرسه اهل البيت	المجمع العالمي لاهل البيت عليهم السلام	Ghbook	7728	0.3891
		البحرين في صدر الإسلام‏	عبد الرحمن عبد الكريم العاني	Masaha	3713	0.38905
		أثر القراءات القرآنية في الدرس النحوي	الدكتور مزيد إسماعيل نعيم ـ روفائيل أنيس مرجان	ShamAY	37037	0.38903
		وسطية الإسلام وسماحته - عبد العزيز التويجري	د. عبد العزيز بن عثمان التويجري	ShamAY	1372	0.38902
		حركة حروف المضارعة	عبد الله بن ناصر القرني	ShamAY	10142	0.38901
		 مسند الإمام حسن ( ع ) 	 الشيخ عزيز الله عطاردي 	ABLibrary	7702	0.389
		خلق الإنسان	الأصمعي أبو سعيد عبد الملك بن قريب بن علي بن أصمع (المتوفى: 216هـ)	ShamAY	5405	0.38899
		الاربعون حديثا من الاربعين عن الاربعين	منتجب الدين علي بن بابويه رازي	Ghbook	10016	0.38894
		بيع الدين بالدين أقسامه وشروطه	راشد بن فهد آل حفيظ	ShamAY	36256	0.38891
		أحاديث معلة ظاهرها الصحة	أبي عبدالرحمن مقبل بن هادي الوادعي	ShamAY	12756	0.38889
		آداب  العشره في احاديث  الامام علي  بن  موسي  الرضا عليه السلام	محمد جواد مروجي طبسي	Ghbook	16017	0.38889
		حكم الإحرام من جده	عدنان بن محمد العرعور	ShamelaY19	147095	0.38885
		إكمال الإعلام بتثليث الكلام	محمد بن عبد الله، ابن مالك الطائي الجياني، أبو عبد الله، جمال الدين (المتوفى: 672هـ)	ShamAY	7047	0.3888
		أهمية صلاة الاستسقاء في الإسلام والاستغاثة المشروعة	عزيزو محمد المغربي	ShamAY	9027	0.38874
		معجم رجال الحديث [ج ١]	السيّد أبو القاسم الموسوي الخوئي	Rafed	707	0.38874
		زينة العرائس من الطرف والنفائس في تخريج الفروع الفقهية على القواعد النحوية	يوسف بن حسن بن أحمد بن حسن ابن عبد الهادي الصالحي، جمال الدين، ابن المبرد الحنبلي (المتوفى: 909هـ)	ShamAY	5356	0.38872
		100 ضحكة وابتسامة للنبي صلى الله عليه وسلم	أبو إسلام أحمد بن علي	ShamAY	37454	0.38861
		 الشامل في الصناعة الطبية 	 ابن النفيس 	ABLibrary	9900	0.38857
		تاريخ مملكة الأغالبة	ابن وردان أو ابن أبي وردان	ShamAY	37131	0.38852
		قواعد الإملاء	عبد السلام محمد هارون (المتوفى: 1408ه)	ShamelaY19	38212	0.38852
		تاريخ ابن يونس المصري [ج ١]	أبي سعيد عبد الرحمان بن أحمد بن يونس بن عبد الأعلى الصدفي المصري	Rafed	2351	0.3884
		المرض والكفارات لابن أبي الدنيا	أبو بكر عبد الله بن محمد بن عبيد بن سفيان بن قيس البغدادي الأموي القرشي المعروف بابن أبي الدنيا (المتوفى: 281هـ)	ShamAY	13064	0.38838
		الأحاديث التى أوردها الحافظ ابن حجر العسقلانى رحمه الله فى فتح البارى	عاطف عبد الحميد	ShamAY	37309	0.38838
		الكافي [ج ٦]	أبو جعفر محمّد بن يعقوب الكليني الرازي	Rafed	995	0.3883
		الجزء الرابع من كتاب المبتدأ لإسحاق بن بشر القرشي - مخطوط	أبي حذيفة إسحاق بن بشر القرشي	ShamAY	32756	0.38825
		طهور المسلم في ضوء الكتاب والسنة - مفهوم، وفضائل، وآداب، وأحكام	د. سعيد بن علي بن وهف القحطاني	ShamAY	1860	0.38824
		تأويل ما نزل من القرآن الكريم في النبي وآله (ص)	الماهيار البزّاز	Masaha	221	0.38814
		مسند الحارث = بغية الباحث عن زوائد مسند الحارث	أبو محمد الحارث بن محمد بن داهر التميمي البغدادي الخصيب المعروف بابن أبي أسامة (المتوفى: 282هـ)	ShamAY	13160	0.38808
		أضواء على المذاهب الهدامة	عبد القادر شيبة الحمد	Sham19Y	22749	0.38807
		نهاية الأرب في معرفة أنساب العرب	أبو العباس أحمد بن علي القلقشندي (المتوفى: 821ه)	Sham19Y	31382	0.38805
		تحفة المجد الصريح في شرح كتاب الفصيح (السفر الأول)	شهاب الدين أحْمَد بن يُوسُف بن على بن يُوسُف اللَّبْلِيُّ أَبُو جَعْفَر الفهرى المقرى اللغوى المالكى (المتوفى: 691هـ)	ShamAY	31773	0.38803
		ثواب الأعمال و عقاب الأعمال	الشيخ الصدوق	Masaha	700	0.38803
		الأسماء والصفات للبيهقي	أحمد بن الحسين بن علي بن موسى الخسروجردي الخراساني، أبو بكر البيهقي (المتوفى: 458ه)	Sham19Y	9270	0.38802
		مكارم الأخلاق لمن أراد الخلاق	أنور بن أهل الله بن أنوار الله	ShamelaY19	37567	0.38801
		أدعية جامعة من القرآن والسنة	عبد الله بن ناصر بن عبد الله السدحان	ShamAY	34866	0.38799
		نظام المضاربه في الشريعه الاسلاميه الغراء	آيت الله العظمي جعفر سبحاني	Ghbook	9778	0.38796
		الروح الأمين في الصحيحين	أبو يوسف محمد زايد	ShamAY	35993	0.38789
		التهجد وقيام الليل لابن أبي الدنيا	ابن أبي الدنيا	ShamAY	34112	0.38788
		دليل مؤلفات ومخطوطات العلامة رضى الله محمد المختار السوسي	عبد الوافي المختار السوسي	Sham19Y	611	0.38786
		صلاة التطوع - مفهوم، وفضائل، وأقسام، وأنواع، وآداب في ضوء الكتاب والسنة	د. سعيد بن علي بن وهف القحطاني	ShamAY	1852	0.38783
		ضرورة الولاية للفقهاء	آيت الله العظمي لطف اللّه صافي گلپايگاني	Ghbook	9157	0.38783
		نظرية المعنى عند قدامة بن جعفر	الدكتور عايش الحسن	ShamAY	37222	0.38779
		مسند الحارث = بغية الباحث عن زوائد مسند الحارث	أبو محمد الحارث بن محمد بن داهر التميمي البغدادي الخصيب المعروف بابن أبي أسامة (المتوفى: 282ه)	Sham19Y	13160	0.38777
		الإهتمام بالسيرة النبوية باللغة الإنجليزية	الأستاذ الدكتور محمد مهر علي (المتوفى: 1428هـ)	ShamAY	7558	0.38776
		المحبة لله لأبي إسحاق الختلي	أبو إسحاق إبراهيم بن عبد الله بن الجنيد، الختلي، ثم السرمرائي (المتوفى: نحو 270ه)	Sham19Y	26872	0.38776
		آخر حوار مع خبير مقارنة الأديان اللواء أحمد عبد الوهاب	أحمد عبد الوهاب	ShamAY	35443	0.38774
		صفة النبي صلى الله عليه وسلم وصفة أخلاقه وسيرته وأدبه وخفض جناحه	محمد بن هارون بن شعيب، أبو علي الأنصاري الدمشقي (المتوفى: 353ه)	Sham19Y	26430	0.38774
		المحبة لله لأبي إسحاق الختلي	أَبُو إِسْحَاقَ إِبْرَاهِيْمُ بنُ عَبْدِ اللهِ بنِ الجُنَيْدِ، الخُتَّلِيُّ، ثُمَّ السُّرَّمَرَّائِي (المتوفى: نحو 270هـ)	ShamAY	1373	0.38762
		وظيفة العلماء والدعاة في احتواء السلوك الإرهابي	د. عبد الرحمن بن سليمان الخليفي	ShamAY	33384	0.38758
		فضل أم المؤمنين عائشة رضي الله عنها (المجلس السادس والأربعون من أمالي ابن عساكر)	ثقة الدين، أبو القاسم علي بن الحسن بن هبة الله المعروف بابن عساكر (المتوفى: 571ه)	Sham19Y	26735	0.38755
		التتمه في تواريخ الائمه عليهم السلام	تاج الدين بن علي بن احمد حسيني عاملي	Ghbook	9192	0.38755
		منتخب الاثر في الامام الثاني عشر ( عليه السلام )	آيت الله العظمي لطف اللّه صافي گلپايگاني	Ghbook	9683	0.38748
		تهذيب الأحكام [ج ٢]	أبي جعفر محمّد بن الحسن بن علي بن الحسن الطّوسي [ شيخ الطائفة ]	Rafed	731	0.38738
		الاحتفال بذكرى الأنبياء وعباد الله الصالحين	السيد مرتضى العسكري	Masaha	49	0.38736
		الشمائل المحمدية للترمذي ط إحياء التراث	محمد بن عيسى بن سَوْرة بن موسى بن الضحاك، الترمذي، أبو عيسى (المتوفى: 279هـ)	ShamAY	23647	0.38735
		تهذيب الأحكام [ج ٥]	أبي جعفر محمّد بن الحسن بن علي بن الحسن الطّوسي [ شيخ الطائفة ]	Rafed	736	0.3873
		العيوب المنهجية في كتابات المستشرق شاخت المتعلقة بالسنة النبوية	خالد بن منصور بن عبد الله الدريس	ShamAY	8520	0.38729
		 الحاوي في الطب 	 محمد بن زكريا الرازي 	ABLibrary	9820	0.38723
		حديث الكساء في مصادر المدرستين	لجنة التاليف	Ghbook	7632	0.38723
		شبهات و اجوبه حول  القضيه  الفاطميه	نجم الدين طبسي	Ghbook	16283	0.3872
		تاريخ بخارى	أبي بكر محمّد بن جعفر النرشخي	Rafed	2668	0.38716
		علل الحديث لابن أبي حاتم	أبو محمد عبد الرحمن بن محمد بن إدريس بن المنذر التميمي، الحنظلي، الرازي ابن أبي حاتم (المتوفى: 327هـ)	ShamAY	1350	0.38713
		خزانة التّواريخ النجديّة [ج ٥]	عبد الله بن عبد الرحمن بن صالح آل بسام	Rafed	2167	0.3871
		 موسوعة قرى ومدن لبنان 	 طوني مفرج 	ABLibrary	9274	0.38708
		المنامات لابن أبي الدنيا - ط أطلس الخضراء = مقابل	أبو بكر عبد الله بن محمد ابن أبي الدنيا	ShamAY	38050	0.38695
		خطورة التسرع في التكفير والقيام بالتفجير وما ينشأ عنهما من سفك للدماء وتخريب للمنشآت	مجموعة من المؤلفين	Sham19Y	546	0.38695
		حقيقة التوسل بالنبي صلى الله عليه وسلم شبهات وردود	عبد الله الطيار	ShamAY	35278	0.38693
		أسباب ورود الحديث أو اللمع في أسباب الحديث	جلال الدين السيوطي	ShamAY	33525	0.38692
		لاميّة في النحو	زين الدين شعبان بن محمد القرشي الآثاري	Rafed	2601	0.3869
		القول الأصدق في بيان ما خالف فيه الأصبهاني الأزرق	نور الدين علي بن محمد بن حسن بن إبراهيم بن عبد الله المصري الملقب بالضباع (المتوفى: 1380هـ)	ShamAY	21530	0.38687
		فضل أم المؤمنين عائشة رضي الله عنها (المجلس السادس والأربعون من أمالي ابن عساكر)	ثقة الدين، أبو القاسم علي بن الحسن بن هبة الله المعروف بابن عساكر (المتوفى: 571ه)	ShamelaY19	26735	0.38677
		مناقب علي بن أبي طالب(ع) لابن مردويه‏	ابن مردويه الأصفهاني‏	Masaha	3294	0.38677
		500 سؤال وجواب في السير والمغازي	علي العلي الكعبي	ShamAY	37430	0.38674
		النقط (مطبوع مع كتاب المقنع فى رسم مصاحف الأمصار)	عثمان بن سعيد بن عثمان بن عمر أبو عمرو الداني (المتوفى: 444هـ)	ShamAY	10920	0.38673
		أخلاق أهل القرآن	أبو بكر محمد بن الحسين بن عبد الله الآجري البغدادي (المتوفى: 360ه)	Sham19Y	10531	0.38667
		الجوهره في نظم التبصره (الحج)	حسن بن يوسف بن مطهر علامه حلي	Ghbook	3485	0.38666
		الاغتباط بمن رمي من الرواة بالاختلاط	برهان الدين الحلبي أبو الوفا إبراهيم بن محمد بن خليل الطرابلسي الشافعي سبط ابن العجمي (المتوفى: 841هـ)	ShamAY	130	0.38664
		الصّبر مطيّة النجّاح قصِيدة في الحِكَم	محمد بن أحمد بن عمر مجد الدين أبو عبد الله المعروف بابنِ الظَّهِير الإِرَبْيلي المتوفى 677 هـ	ShamAY	186	0.38662
		التذكرة في الفقه الشافعي لابن الملقن	ابن الملقن سراج الدين أبو حفص عمر بن علي بن أحمد الشافعي المصري (المتوفى: 804هـ)	ShamAY	21553	0.38662
		ثبت أبي جعفر أحمد بن علي البلوي الوادي أشي	أبو جعفر أحمد بن علي البلوي الوادي آشي (المتوفى: 938هـ)	ShamAY	10736	0.38659
		آرشيو دروس خارج اصول آيت الله شيخ هادي آل راضي 35-34	آيت الله شيخ هادي آل راضي	Ghbook	14500	0.38657
		شرح السنة معتقد إسماعيل بن يحيى المزني	إسماعيل بن يحيى بن إسماعيل، أبو إبراهيم المزني (المتوفى: 264هـ)	ShamAY	6484	0.38646
		 رسالة في علاج الاطفال 	 مؤلف مجهول ( تلميذ ابو ماهر موسى بن سيار ) 	ABLibrary	9978	0.38646
		حول المتعه	خليفه عبيد كلباني عماني	Ghbook	7636	0.38645
		الأفعال اللاشخصية في العربية	علاء إسماعيل الحمزاوي	ShamAY	37167	0.38644
		أم المؤمنين حفصة بنت عمر بن الخطاب	خالد الحمودي	ShamelaY19	36386	0.38642
		لا تغضب	محمد العماري	ShamAY	308	0.38639
		أسلوب الالتفات في القرآن الكريم وجهود أشهر اللغويين والنحاة في دراسته		ShamAY	36924	0.38637
		مذكرات في فقه المعاملات	الدكتور صلاح محمد أبو الحاج	ShamAY	36199	0.38628
		مأخذ العلم لابن فارس	أحمد بن فارس بن زكرياء القزويني الرازي، أبو الحسين (المتوفى: 395ه)	ShamelaY19	26675	0.38626
		كتاب جالينوس في الاسطقسات علي راي البقراط	محمد سليم سالم	Ghbook	10032	0.38624
		ديوان طفيل الغنوي	طفيل بن عوف بن كعب من بني غني من قيس عيلان المتوفى سنة 609م	ShamAY	37934	0.38623
		الذّريعة إلى تصانيف الشّيعة [ج ١٢]	الشيخ آقا بزرك الطهراني	Rafed	462	0.3862
		الجامع لعلوم الإمام أحمد - الأدب والزهد	خالد الرباط، سيد عزت عيد [بمشاركة الباحثين بدار الفلاح]	ShamAY	38869	0.38618
		التطبيق الصّرفى	الدكتور عبده الراجحي	Rafed	1968	0.38616
		الإرهاب والغلو	عبد الرحمن بن معلا اللويحق	ShamAY	33370	0.38614
		خزانة التواريخ النجدية	عبدالله بن عبدالرحمن ( آل بسام )	Ghbook	9236	0.38613
		نقد نظريات فرويد	آيت الله العظمي سيد محمد حسيني شيرازي	Ghbook	7857	0.38609
		أمالي ابن الشجري	ضياء الدين أبو السعادات هبة الله بن علي بن حمزة، المعروف بابن الشجري (المتوفى: 542هـ)	ShamAY	31721	0.38607
		شروط الدعاء وموانع الإجابة في ضوء الكتاب والسنة	د. سعيد بن علي بن وهف القحطاني	ShamAY	1849	0.38606
		الفصيح	أحمد بن يحيى بن زيد بن سيار الشيباني بالولاء، أبو العباس، المعروف بثعلب (المتوفى: 291هـ)	ShamAY	1948	0.386
		أنوار الفقاهة (كتاب الوديعة)	الشيخ حسن كاشف الغطاء	Masaha	922	0.38594
		بلغة الأريب في مصطلح آثار الحبيب	محمّد بن محمّد بن عبد الرزّاق الحسيني، أبو الفيض، الملقّب بمرتضى، الزَّبيدي (المتوفى: 1205هـ)	ShamAY	5980	0.38593
		التعليق الرشيق في التختم بالعقيق للناجي	إبراهيم بن محمد بن محمود بن بدر، برهان الدين، أبو إسحاق الحلبي القبيباتي الشافعي الناجي (المتوفى: 900ه)	Sham19Y	26961	0.38589
		تحديد الفجر الصادق	محمد السند	Ghbook	15181	0.38587
		موقف الجمهوريين من السنة النبوية	شوقي بشير عبد المجيد	ShamAY	1107	0.38581
		سؤالات أبي عبيد الآجري أبا داود السجستاني في الجرح والتعديل	أبو داود سليمان بن الأشعث بن إسحاق بن بشير بن شداد بن عمرو الأزدي السَِّجِسْتاني (المتوفى: 275هـ)	ShamAY	11236	0.38577
		حديث بشر بن مطر	بشر بن مطر بن ثابت أبو أحمد الدقاق الواسطي (المتوفى: 262هـ)	ShamAY	29709	0.3857
		الفصيح	أحمد بن يحيى بن زيد بن سيار الشيباني بالولاء، أبو العباس، المعروف بثعلب (المتوفى: 291ه)	ShamelaY19	96608	0.38566
		ترجمه الامام الحسين ومقتله عليه السلام	ابن سعد	Rafed	210	0.38566
		فضل إعراب القرآن الكريم في السنة النبوية ـ دراسة موضوعية	د/ أحمد بن عبدالله الباتلي	ShamAY	36840	0.38559
		نور الشيب وحكم تغييره في ضوء الكتاب والسنة	د. سعيد بن علي بن وهف القحطاني	ShamelaY19	96540	0.38559
		خلاصة البدر المُنير	ابن الملقن سراج الدين أبو حفص عمر بن علي بن أحمد الشافعي المصري (المتوفى: 804هـ)	ShamAY	21104	0.38558
		رواية صحيح مسلم من طريق ابن ماهان مقارنة برواية ابن سفيان	مصدق أمين عطية الدوري	Sham19Y	13554	0.38556
		الذّريعة إلى تصانيف الشّيعة [ج ٢٢]	الشيخ آقا بزرك الطهراني	Rafed	498	0.38554
		صفة النبي صلى الله عليه وسلم وصفة أخلاقه وسيرته وأدبه وخفض جناحه	محمد بن هارون بن شعيب، أبو علي الأنصاري الدمشقي (المتوفى: 353ه)	ShamelaY19	26430	0.38553
		 مقتل الحسين ( ع ) 	 الموفق الخوارزمي 	ABLibrary	7774	0.38552
		مسند الإمام عبد الله بن المبارك	أبو عبد الرحمن عبد الله بن المبارك بن واضح الحنظلي، التركي ثم المرْوزي (المتوفى: 181هـ)	ShamAY	23101	0.38548
		الانوار الباهره بفضائل اهل البيت النبوي و الذريه الطاهره ( الامام الحسن بن علي ع...	عبدالله بن عبدالقادر تليدي مغربي	Ghbook	6093	0.38538
		تذكرة الفقهاء [ج ١٣]	الحسن بن يوسف بن علي المطّهر [ العلامة الحلّي ]	Rafed	408	0.38536
		السلسبيل الشافي في علم التجويد	عثمان بن سليمان مراد علي أغا	ShamAY	36894	0.38533
		مخطوطات الخزانة الهاشمية الخاصة فهرس تحليلي		ShamAY	38661	0.38533
		مسند الدارمي ت الزهراني	أبو محمد عبد الله بن عبد الرحمن الدارمي	ShamelaY19	36114	0.38532
		إخبار أهل الرسوخ في الفقه والتحديث بمقدار المنسوخ من الحديث	جمال الدين أبو الفرج عبد الرحمن بن علي بن محمد الجوزي (المتوفى: 597ه)	ShamelaY19	22002	0.3853
		مشكاة المصابيح	محمد بن عبد الله الخطيب العمري، أبو عبد الله، ولي الدين، التبريزي (المتوفى: 741هـ)	ShamAY	8360	0.38529
		المحبة لله لأبي إسحاق الختلي	أبو إسحاق إبراهيم بن عبد الله بن الجنيد، الختلي، ثم السرمرائي (المتوفى: نحو 270ه)	ShamelaY19	26872	0.38528
		 سلسلة المسائل الفقهية 	 الشيخ السبحاني 	ABLibrary	9581	0.38528
		حياه الامام علي الهادي ( عليه السلام )	محمد جواد مروجي طبسي	Ghbook	4041	0.38528
		البهائيه، حقيقتها و اهدافها	ضاري محمد الحياني	Ghbook	7031	0.38528
		ملحق فتاوى لابن قداح لم تتضمنها مسائله	أبو علي عمر بن قداح الهواري (المتوفى: 734هـ)	ShamAY	6256	0.38525
		مسائل في تطهير الأسهم	فيصل بن سلطان المري	ShamAY	36567	0.38524
		تهذيب الأحكام [ج ١]	أبي جعفر محمّد بن الحسن بن علي بن الحسن الطّوسي [ شيخ الطائفة ]	Rafed	722	0.38524
		سيرة الصحابي الجليل مصعب بن عمير - رضي الله عنه -	عدنان بن سليمان بن مسعد الجابري	ShamAY	31923	0.38523
		طبقات الفقهاء	أبو اسحاق إبراهيم بن علي الشيرازي (المتوفى: 476هـ)	ShamAY	1031	0.38515
		الأنساب للسمعاني	عبد الكريم بن محمد بن منصور التميمي السمعاني المروزي، أبو سعد (المتوفى: 562هـ)	ShamAY	12317	0.38513
		منائح الكرم في أخبار مكة والبيت وولاة الحرم [ج ٣]	علي بن تاج الدين بن تقي الدين السنجاري	Rafed	2691	0.38511
		أما آن أن نعود يا شباب الأمة؟	مهدي قاضي	ShamAY	33446	0.38498
		الأوهام الواقعة في أسماء العلماء والأعلام	مصطفى بن قحطان الحبيب	ShamAY	35869	0.38493
		جزاء اعداء الامام الكاظم عليه السلام في دار الدنيا	هاشم ناجي موسوي جزائري	Ghbook	6420	0.38491
		القنوت في الوتر	الوليد بن عبد الرحمن بن محمد آل فريان	Sham19Y	14532	0.38489
		الاصلاح الزراعي في الاسلام	آيت الله العظمي حسيني	Ghbook	8029	0.38489
		الهمزة أنواعها و قواعد كتابتها	الدكتور حسين حَبيب سليمان	ShamAY	37066	0.38488
		إدراك المعلم للأساليب التربوية الفاعلة في حلقات الجمعيات الخيرية لتعليم وتحفيظ القرآن الكريم	د حامد بن سالم بن عايض اللقماني الحربي	ShamAY	7497	0.38487
		مجابو الدعوة لابن أبي الدنيا - ط أطلس الخضراء = مقابل	أبو بكر عبد الله بن محمد ابن أبي الدنيا	ShamAY	38132	0.38487
		زيادة وبركاته في التسليم	الواحدي :: حمزة عبد الله المليباري	ShamAY	36487	0.38478
		دليل مؤلفات ومخطوطات العلامة رضى الله محمد المختار السوسي	عبد الوافي المختار السوسي	ShamAY	398	0.38477
		بغية الطلب في تاريخ حلب [ج ١٠]	كمال الدّين عمر بن أحمد بن أبي جرادة الحلبي [ ابن العديم ]	Rafed	2294	0.38472
		الألفاظ المصرحة بلفظ النكارة وصلتها ب «منكر الحديث» دراسة نقدية	أبو ذر عبد القادر بن مصطفى بن عبد الرزاق المحمدي	ShamelaY19	96329	0.38459
		صفة النبي صلى الله عليه وسلم وصفة أخلاقه وسيرته وأدبه وخفض جناحه	محمد بن هارون بن شعيب، أبو علي الأنصاري الدمشقي (المتوفى: 353هـ)	ShamAY	26430	0.38453
		المقصد الأرشد في ذكر أصحاب الإمام أحمد	إبراهيم بن محمد بن عبد الله بن محمد ابن مفلح، أبو إسحاق، برهان الدين (المتوفى: 884ه)	Sham19Y	5890	0.38453
		جزء في ذم المكس	السيوطي	ShamAY	35239	0.38443
		مشكاة المصابيح	محمد بن عبد الله الخطيب العمري، أبو عبد الله، ولي الدين، التبريزي (المتوفى: 741ه)	Sham19Y	8360	0.38436
		مفطرات الصيام المعاصرة	أحمد بن محمد الخليل	ShamAY	36366	0.38431
		الأسماء والصفات للبيهقي	أحمد بن الحسين بن علي بن موسى الخُسْرَوْجِردي الخراساني، أبو بكر البيهقي (المتوفى: 458هـ)	ShamAY	9270	0.3843
		دور قُسطنطين في تطوير العقيدة الكنسية	الدكتور أحمد العوايشة	ShamAY	35927	0.38426
		طبقات الحنابلة	أبو الحسين ابن أبي يعلى، محمد بن محمد (المتوفى: 526هـ)	ShamAY	9543	0.38421
		الإعجاز العلمي في لفظ الجنابة وحكمها الشرعي	د/ عبد البديع حمزة زللي	ShamAY	36375	0.38418
		رواية صحيح مسلم من طريق ابن ماهان مقارنة برواية ابن سفيان	مصدق أمين عطية الدوري	ShamAY	31812	0.38416
		عرف الطّيب من أخبار مكّة ومدينة الحبيب	محمد بن محمد بن عبد الله الواسطي بن العاقولي	Rafed	2490	0.38414
		أحاديث القصاص	تقي الدين أبو العباس أحمد بن عبد الحليم بن عبد السلام بن عبد الله بن أبي القاسم بن محمد ابن تيمية الحراني الحنبلي الدمشقي (المتوفى: 728ه)	ShamelaY19	22812	0.38413
		الرواة الثقات المتكلم فيهم بما لا يوجب ردهم	شمس الدين أبو عبد الله محمد بن أحمد بن عثمان بن قايماز الذهبي (المتوفى: 748ه)	Sham19Y	5817	0.38413
		أحاديث القصاص	تقي الدين أبو العَباس أحمد بن عبد الحليم بن عبد السلام بن عبد الله بن أبي القاسم بن محمد ابن تيمية الحراني الحنبلي الدمشقي (المتوفى: 728هـ)	ShamAY	22812	0.38411
		نحن والأولاد في مآثر أهل بيت النبوّة عليهم السلام [ج ٢]	حمزه عندليب	Rafed	1511	0.38399
		موقف الجمهوريين من السنة النبوية	شوقي بشير عبد المجيد	ShamelaY19	37592	0.38396
		الاستيعاب في معرفة الأصحاب	أبو عمر يوسف بن عبد الله بن محمد بن عبد البر بن عاصم النمري القرطبي (المتوفى: 463هـ)	ShamAY	12288	0.38394
		سبب تسمية «الشقة» بهذا الاسم	إبراهيم بن عبد الله المديهش	ShamelaY19	145427	0.38392
		الحكايات	محمد بن  محمد بن نعمان شيخ مفيد	Ghbook	2407	0.38382
		موطأ مالك برواية محمد بن الحسن الشيباني	مالك بن أنس بن مالك بن عامر الأصبحي المدني (المتوفى: 179هـ)	ShamAY	16050	0.38381
		بحث في استقبال القبلة في حق البعيد عن مكة ومقدار الانحراف الذي يخرجه عن استقبال القبلة	مصعب محمد عادل	ShamAY	36563	0.38376
		البحار الزاخرة في المذاهب الأربعة	حسام الدين الرهاوي أبو المحاسن	ShamAY	33232	0.38374
		ملحة الإعراب	القاسم بن علي بن محمد بن عثمان، أبو محمد الحريري البصري (المتوفى: 516هـ)	ShamAY	7840	0.38374
		أبعاد التعاون الأمريكي اليهودي الرافضي في العراق	عبد العزيز بن أحمد الحميدي	ShamAY	33459	0.38365
		التوحيد وفضل لا إله إلا الله - ط البشائر	يوسف بن عبد الهادي (909 هـ)	ShamAY	33872	0.38365
		أنظمة الدفع الإلكتروني المعاصر غير الائتماني في الفقه الإسلامي	صلاح الدين عامر	ShamelaY19	37642	0.38365
		سيرة الصحابي الجليل مصعب بن عمير - رضي الله عنه -	عدنان بن سليمان بن مسعد الجابري	Sham19Y	13553	0.38363
		بغية الباحث عن زوائد مسند الحارث - ط الجامعة الإسلامية	نور الدين الهيثمي	ShamAY	33985	0.38361
		المقصد الأرشد في ذكر أصحاب الإمام أحمد	إبراهيم بن محمد بن عبد الله بن محمد ابن مفلح، أبو إسحاق، برهان الدين (المتوفى: 884هـ)	ShamAY	5890	0.38361
		 سلسلة المسائل الفقهية 	 الشيخ السبحاني 	ABLibrary	9587	0.38358
		 كشف الرموز في بيان الأعشاب 	 الشيخ عبد الرزاق بن حمدوش الجزائري 	ABLibrary	9972	0.38353
		ديوان ليلى الأخيلية	ليلى الأخيلية	ShamelaY19	149874	0.3835
		تأخير الظلامة إلى يوم القيامة للسيوطي - مخطوط (ن)	عبد الرحمن بن أبي بكر، جلال الدين السيوطي (المتوفى: 911ه)	Sham19Y	11429	0.3835
		الضوء الوهاج في بيان المسائل الضعيفة في المنهاج	فهد الحبيشي	ShamAY	37370	0.38348
		مصادر تلقي السيرة النبوية	محمد أنور بن محمد علي البكري	Sham19Y	12068	0.38346
		الدرر الكامنة في أعيان المائة الثامنة	أبو الفضل أحمد بن علي بن محمد بن أحمد بن حجر العسقلاني (المتوفى: 852ه)	Sham19Y	6674	0.38346
		أحكام الرضاع في الإسلام	سعد الدين الكبي	ShamAY	36719	0.38342
		الدعاء للضبي	أبو عبد الرحمن محمد بن فضيل بن غزوان بن جرير الضبي مولاهم الكوفي (المتوفى: 195ه)	ShamelaY19	23102	0.38339
		قواعد الشعر	أحمد بن يحيى بن زيد بن سيار الشيباني بالولاء، أبو العباس، المعروف بثعلب (المتوفى: 291هـ)	ShamAY	3018	0.38336
		أخبار الوافدين من الرجال من أهل البصرة والكوفة على معاوية بن أبي سفيان	العباس بن بكار (أو ابن الوليد بن بكار) الضبي (المتوفى: 222هـ)	ShamAY	6718	0.38333
		الفتن لحنبل بن إسحاق	أبو علي حنبل بن إسحاق بن حنبل بن هلال بن أسد الشيباني (المتوفى: 273ه)	Sham19Y	13046	0.38328
		الزيادات على الموضوعات، ويسمى «ذيل الآلئ المصنوعة»	جلال الدين عبد الرحمن بن أبي بكر السيوطي (المتوفى: 911 هـ)	ShamAY	32699	0.38324
		أعجمي فالعب به	إبراهيم بن عبد الله المديهش	ShamelaY19	150958	0.38316
		 تذكرة الفقهاء ( ط . ج ) 	 العلامة الحلي 	ABLibrary	9323	0.38316
		التعليق الرشيق في التختم بالعقيق للناجي	إبراهيم بن محمد بن محمود بن بدر، برهان الدين، أبو إسحاق الحلبي القبيباتي الشافعي الناجي (المتوفى: 900ه)	ShamelaY19	26961	0.38311
		الفجر فجران	الشيخ عدنان بن محمد العرعور	ShamelaY19	147093	0.38308
		قراءة في علم مقاصد الشريعة الإسلامية	الدكتور علاء الدين زعتري	ShamAY	37575	0.38307
		التراجم الساقطة من كتاب إكمال تهذيب الكمال لمغلطاي (المطبوع)	مغلطاي بن قليج بن عبد الله البكجري المصري الحكري الحنفي، أبو عبد الله، علاء الدين (المتوفى: 762ه)	ShamelaY19	37551	0.38304
		الناسخ والمنسوخ في القرآن العزيز وما فيه من الفرائض والسنن	أبو عُبيد القاسم بن سلاّم بن عبد الله الهروي البغدادي (المتوفى: 224هـ)	ShamAY	1158	0.38301
		البيان بأن صلاة النافلة لم يشرع لها أذان	فريح بن صالح البهلال	ShamAY	36546	0.38301
		آداب الجوال	محمد بن إبراهيم الحمد	ShamAY	35145	0.38297
		مستند الشّيعة [ج ١٢]	أحمد بن محمّد مهدي النّراقي	Rafed	618	0.38297
		مساله في الاراده	محمد بن  محمد بن نعمان شيخ مفيد	Ghbook	2603	0.38293
		التمثيل السياسي في العهد النبوي	د. مبارك محمد المعبدي الحربي	ShamAY	33175	0.38291
		المنهج القيم في قراءة كتب شيخ الإسلام وابن القيم	فهد بن عبد الله التركي	ShamAY	33400	0.38286
		تحريم حلق اللحى - وجوب إعفاء اللحية وتحريم حلقها وتقصيرها	عبد الرحمن بن محمد بن قاسم العاصمي الحنبلي النجدي (المتوفى: 1392ه) - عبد العزيز بن عبد الله بن باز (المتوفى: 1420ه)	ShamelaY19	31251	0.38283
		دورة الماء بين العلم والإيمان	عبد الدائم الكحيل	ShamAY	36940	0.38282
		اللحية لماذا؟	محمد بن أحمد بن إسماعيل المقدم	ShamAY	31620	0.38275
		الدرر الكامنة في أعيان المائة الثامنة	أبو الفضل أحمد بن علي بن محمد بن أحمد بن حجر العسقلاني (المتوفى: 852هـ)	ShamAY	6674	0.38266
		المماليك البحرية وقضائهم على الصليبيين في الشام	شفيق جاسر أحمد محمود	ShamAY	8951	0.38262
		المحكم والمحيط الأعظم [ج ٨]	أبي الحسن علي بن إسماعيل بن سيده المرسي [ ابن سيده ]	Rafed	1454	0.38262
		قرائن ترجيح التعديل المتعلقة بأهلية الناقد ومعرفته بالراوي وتشدده وباعثه عند المحدثين دراسة تطبيقية الدكتور / دخيل بن صالح اللحيدان قسم السنة وعلومها - كلية أصول الدين جامعة الإمام محمد بن سعود الإسلامية	دخيل بن صالح اللحيدان	ShamAY	34032	0.3826
		مختصر فتح رب الأرباب بما أهمل في لب اللباب من واجب الأنساب	عباس بن محمد بن أحمد بن السيد رضوان المدني الشافعي (المتوفى: 1346ه)	ShamelaY19	31381	0.38258
		تنبيه الهاجد إلى ما وقع من النظر فى كتب الأماجد	أبو إسحاق الحويني الأثري حجازي محمد شريف	Sham19Y	9833	0.38256
		أحوال الرجال	إبراهيم بن يعقوب بن إسحاق السعدي الجوزجاني، أبو إسحاق (المتوفى: 259ه)	ShamelaY19	25803	0.38249
		الإملاء المختصر في شرح غريب السير	مصعب بن محمد (أبي بكر) بن مسعود الخشنى الجيانى الأندلسي، أبو ذر، ويعرف كأبيه، بابن أبي الركب (المتوفى: 604هـ)	ShamAY	9222	0.38248
		مصادر تلقي السيرة النبوية	محمد أنور بن محمد علي البكري	ShamAY	12068	0.38247
		صلة الأرحام - مفهوم, وفضائل، وآداب, وأحكام في ضوء الكتاب والسنة	د. سعيد بن علي بن وهف القحطاني	ShamAY	1859	0.38244
		الرواة الثقات المتكلم فيهم بما لا يوجب ردهم	شمس الدين أبو عبد الله محمد بن أحمد بن عثمان بن قَايْماز الذهبي (المتوفى: 748هـ)	ShamAY	5817	0.38243
		 إتحاف الورى بأخبار أم القرى 	 عمر بن محمد ابن فهد 	ABLibrary	8943	0.38242
		معجم التاريخ التراث الإسلامي في مكتبات العالم	علي الرضا قره بلوط - أحمد طوران قره بلوط	ShamAY	38658	0.38238
		تفضيل امير المومنين عليه السلام	محمد بن  محمد بن نعمان شيخ مفيد	Ghbook	2486	0.38226
		العمده في الجراحه	امين الدوله بن يعقوب ابن قف	Ghbook	10399	0.38225
		أنساب الأشراف - الجزء1	أحمد بن يحيى البلاذري‏	Masaha	1880	0.38225
		أثر التوجيه الشرعي في الدلالة اللغوية لبعض المناهي اللفظية	يحي بن أحمد عريشي	ShamAY	1878	0.38222
		افكار الشيعه	آيت الله العظمي سيد محمد حسيني شيرازي	Ghbook	2319	0.38221
		 الحج في السنة 	 معاونية شؤون التعليم والبحوث الإسلامية في الحج 	ABLibrary	9764	0.38217
		تاريخ مدينة دمشق [ج ٢]	أبي القاسم علي بن الحسن ابن هبة الله بن عبد الله الشافعي [ ابن عساكر ]	Rafed	1761	0.38216
		تَنْبِيهُ الهَاجِدْ إلَى مَا وَقَعَ مِنَ النَّظَرِ فى كُتُبِ الأَمَاجِدِ	أبو إسحاق الحويني الأثري حجازي محمد شريف	ShamAY	9833	0.38196
		 الموسوعة الكبرى عن فاطمة الزهراء ( س ) 	 اسماعيل الأنصاري الزنجاني الخوئيني 	ABLibrary	7821	0.38196
		إعراب الألفيّة	الشيخ خالد بن عبد الله الأزهري	Rafed	2014	0.38192
		الحق المستبين في بيان ضلال اللحيدي حسين	عبد الكريم بن صالح الحميد	ShamAY	37789	0.38189
		القنوت في الوتر	الوليد بن عبد الرحمن بن محمد آل فريان	ShamAY	32131	0.38188
		الذريعه الي تصانيف الشيعه 	آقا بزرگ تهراني	Ghbook	7179	0.38188
		طبّ النبي	أبو العباس جعفر بن محمّد المستغفري	Rafed	1346	0.38186
		ديوان أبي منصور الثعالبي	عبد الملك بن محمد بن إسماعيل الثعالبي النيسابوري	ShamAY	37824	0.38185
		المخدرات في الفقه الإسلامي	الواحدي :: عبد الله الطيار	ShamAY	36152	0.38184
		المخصّص [ج ٥]	أبي الحسن علي بن إسماعيل بن سيده المرسي [ ابن سيده ]	Rafed	3547	0.38182
		 الديباج على مسلم 	 جلال الدين السيوطي 	ABLibrary	887	0.3818
		ديوان ربيعة الرقي	ربيعة الرقي	ShamAY	37920	0.38177
		تنقيح الروض الأنيق مما وضع في فضل الصديق	أبُو مُحَمَّدٍ الأَلْفِيُّ السَّكَنْدَرِيُّ	ShamAY	36060	0.38177
		العمدة في إعراب البردة قصيدة البوصيري	مؤلف (العمدة في إعراب البردة) - مجهول	ShamelaY19	23652	0.38172
		 دلائل النبوة ومعرفة أحوال صاحب الشريعة 	 أحمد بن الحسين البيهقي 	ABLibrary	932	0.3817
		الدّارس في تاريخ المدارس [ج ٢]	عبد القادر بن محمّد النعيمي الدمشقي	Rafed	3342	0.3817
		الجامع الصحيح مما ليس في الصحيحين	أبو عبد الرحمن مقبل بن هادي الوادعي (المتوفى: 1422 ه)	ShamelaY19	148097	0.38167
		مسائل حديثه في الحج	آيت الله العظمي سيد محمد حسيني شيرازي	Ghbook	7816	0.38163
		اللآلىء المصنوعة في الأحاديث الموضوعة	عبد الرحمن بن أبي بكر، جلال الدين السيوطي (المتوفى: 911هـ)	ShamAY	6062	0.38162
		الثغور الباسمة في مناقب سيدتنا فاطمة بنت رسول الله صلى الله عليه وسلم	جلال الدين السيوطي (911)	ShamAY	34634	0.38154
		علم الأجنة في ضوء القرآن والسنة		ShamAY	36947	0.38143
		بيان السبب الموجب لاختلاف القراءات و كثره الطرق و الروايات 	ابوالعباس احمد بن عمار مهدوي	Ghbook	2900	0.38143
		أنوار الفقاهة (كتاب الهبة)	الشيخ حسن كاشف الغطاء	Masaha	921	0.38141
		المباحث المختصرة في حوض النبي صلى الله عليه وسلم	عيسى العتيبي	ShamAY	37421	0.38137
		مجابو الدعوة (مطبوع ضمن مجموعة رسائل ابن أبي الدنيا)	أبو بكر عبد الله بن محمد بن عبيد بن سفيان بن قيس البغدادي الأموي القرشي المعروف بابن أبي الدنيا (المتوفى: 281هـ)	ShamAY	1439	0.38134
		صحيح كنوز السنة النبوية	بارع عرفان توفيق	ShamAY	1811	0.38128
		الفوائد والأخبار لابن دريد	أبو بكر محمد بن الحسن بن دريد الأزدي (المتوفى: 321هـ)	ShamAY	26986	0.38127
		أحوال الرجال	إبراهيم بن يعقوب بن إسحاق السعدي الجوزجاني، أبو إسحاق (المتوفى: 259هـ)	ShamAY	25803	0.38126
		موسوعة قرى ومدن لبنان [ج ٨]	طوني مفرّج	Rafed	2585	0.38123
		آرشيو دروس خارج فقه آيت الله شيخ محمداسحاق فياض 35-34	آيت الله شيخ محمد اسحاق فياض	Ghbook	14499	0.38119
		11 أيلول اختطاف العالم	يوسف بعدراني	ShamAY	37713	0.38105
		 قلائد الأجياد 	 عبد الرحمن بن ابراهيم الحسني الحنبلي 	ABLibrary	9158	0.38105
		النكاح والطلاق أو الزواج والفراق	جابر بن موسى بن عبد القادر بن جابر أبو بكر الجزائري	ShamAY	8624	0.38104
		الصبر والثواب عليه لابن أبي الدنيا - ط أطلس الخضراء = مقابل	أبو بكر عبد الله بن محمد ابن أبي الدنيا	ShamAY	38138	0.38104
		الذّريعة إلى تصانيف الشّيعة [ج ٢٣]	الشيخ آقا بزرك الطهراني	Rafed	499	0.38103
		أبحاث المؤتمر العالمي الثالث للإقتصاد الإسلامي بجامعة أم القرى بمكة	مجموعة من العلماء والمفكرين	ShamAY	36459	0.38097
		وسائل الشيعة [ج ١٨]	محمد بن الحسن الحرّ العاملي [ العلامة الشيخ حرّ العاملي ]	Rafed	319	0.38096
		الذّريعة إلى تصانيف الشّيعة [ج ١]	الشيخ آقا بزرك الطهراني	Rafed	431	0.38094
		آرشيو دروس خارج فقه آيت الله شيخ محمداسحاق فياض 37-36	آيت الله شيخ محمد اسحاق فياض	Ghbook	14510	0.38093
		من أحكام العيدين والكسوف	-	ShamAY	31283	0.38092
		الجوهرة في نسب النبي وأصحابه العشرة	محمد بن أبي بكر بن عبد الله بن موسى الأنصاري التلمساني المعروف بالبري (المتوفى: بعد 645ه)	ShamelaY19	26484	0.38075
		الإصابة في تمييز الصحابة [ج ٢]	أحمد بن علي بن حجر العسقلاني	Rafed	3387	0.38072
		تاريخ بخارا	محمد بن جعفر النرشخي	Masaha	4565	0.38065
		مصطلحات النقد العربي السيماءوي	مولاي على بوخاتم :: مولاي علي بوخاتم	ShamAY	37216	0.38064
		دراسة نقدية في المرويات الواردة في شخصية عمر بن الخطاب وسياسته الإدارية رضي الله عنه	عبد السلام بن محسن آل عيسى	ShamAY	12012	0.38062
		مع علماء روسيا : مناظره حول زياره القبور، التوسل والتبرك	نجم الدين طبسي	Ghbook	16271	0.38061
		نقد الشعر عند الجاحظ	المهدي المأمون أبشر	ShamAY	34532	0.38059
		زكاة الفطر - آداب، وأحكام، وشروط، ودرجات، ومسائل في ضوء الكتاب والسنة	د. سعيد بن علي بن وهف القحطاني	ShamelaY19	96487	0.38053
		القياس	أبو الوليد محمد بن أحمد بن محمد بن أحمد بن رشد القرطبي الشهير بابن رشد الحفيد (المتوفى: 595هـ)	ShamAY	9707	0.38051
		أسرار الكون بين العلم والقرآن	عبد الدائم الكحيل	ShamAY	37680	0.38049
		قواعد الإملاء	عبد السلام محمد هارون (المتوفى: 1408ه)	Sham19Y	38212	0.38044
		حديث الثقلين	السيد علي الحسيني الميلاني	Masaha	229	0.38044
		رساله حول حديث نحن معاشر الانبياء لا نورث درهما و لا دينارا	محمد بن  محمد بن نعمان شيخ مفيد	Ghbook	2568	0.38038
		ناسخ الحديث ومنسوخه للأثرم	أَبُو بَكْرٍ أَحْمَدُ بنُ مُحَمَّدِ بنِ هَانِئ الإِسْكَافيُّ الأَثْرَم الطَّائِيُّ وَقِيْلَ: الكَلْبِيّ (المتوفى: 273هـ)	ShamAY	1337	0.38034
		لا يخدعنك الشيطان	أزهري أحمد محمود	ShamelaY19	36361	0.38029
		قيام الليل - فضله، وآدابه، والأسباب المعينة عليه في ضوء الكتاب والسنة	د. سعيد بن علي بن وهف القحطاني	ShamAY	1871	0.38027
		كيف تربي ولدك	ليلى بنت عبد الرحمن الجريبة	ShamelaY19	31321	0.38026
		 الشامل في الصناعة الطبية 	 ابن النفيس 	ABLibrary	9901	0.38026
		 الدارس في تاريخ المدارس 	 عبد القادر بن محمد النعيمي الدمشقي 	ABLibrary	9062	0.38024
		صراط النجاة - الجزء4	الميرزا جواد التبريزي	Masaha	5080	0.38021
		الفرق لابن أبي ثابت	أبو محمد ثابت بن أبي ثابت اللغوي (المتوفى: ق 13هـ)	ShamAY	7055	0.38015
		قالوا آلام المسيح		ShamAY	35370	0.38006
		من أحكام العيدين والكسوف	-	Sham19Y	31283	0.38005
		نفحات الأزهار في خلاصة عبقات الأنوار [ج ٧]	السيّد علي الحسيني الميلاني	Rafed	436	0.38001
		لماذا سمي الشيعه بالاثني عشريه ؟	خليفه عبيد كلباني عماني	Ghbook	7694	0.38001
		 عرف الطيب من أخبار مكة ومدينة الحبيب 	 محمد بن محمد العاقولي 	ABLibrary	9140	0.38
		تاريخ التراث العربي (السيمياء والكيمياء - النبات والفلاحة) (حتى نحو 430 ه)	الدكتور فؤاد سزكين	ShamelaY19	143164	0.37992
		المختصر من كتاب السياق لتاريخ نيسابور	الإمام الحافظ أبو الحسن الفارسي	Rafed	2406	0.37988
		العدالة الإجتماعية وضوابط توزيع الثّروة في الإسلام	الدكتور زهير الاعرجي	Rafed	275	0.37986
		تحفة الملا في مواضع كلا	ابن المحلي	ShamAY	37056	0.37985
		 الضوء اللامع لأهل القرن التاسع 	 شمس الدين السخاوي 	ABLibrary	951	0.37984
		الألفاظ المصرحة بلفظ النكارة وصلتها ب «منكر الحديث» دراسة نقدية	أبو ذر عبد القادر بن مصطفى بن عبد الرزاق المحمدي	Sham19Y	96329	0.37978
		الوصية بحث في تحقيق ألفاظ حديث الثقلين	بدر الدين بن الطيب كسوبة	Masaha	492	0.37977
		مناسك الحج و احكام العمرة	آيت الله العظمي جعفر سبحاني	Ghbook	9782	0.37976
		آرشيو دروس خارج اصول آيت الله سيد عليرضا حائري 33-32	آيت  الله سيد عليرضا حائري	Ghbook	14494	0.37972
		التأمين عقب الفاتحة في الصلاة	عبد الله بن إبراهيم الزاحم	ShamAY	8802	0.37966
		آكام المرجان فى ذكر المدائن المشهورة فى كل مكان	إسحاق بن الحسين المنجم (المتوفى: ق 4هـ)	ShamAY	11568	0.37966
		المنصوب على التقريب	إبراهيم بن سليمان البعيمي	ShamAY	8952	0.3796
		كيف تحفظ القرآن الكريم - العرفج	محمد بن علي العرفج	ShamAY	36985	0.37958
		الوصيّة	بدر الدين بن الطيّب كسوبة	Rafed	1212	0.37953
		حديث الضب للطريثيثي - مخطوط (ن)	أَبُو بَكْرٍ أَحْمَدُ بنُ عَلِيِّ بنِ الحُسَيْنِ بنِ زَكَرِيَّا الطُّرَيْثِيْثِيّ، ثُمَّ البَغْدَادِيّ، الصُّوْفِيّ، المَعْرُوف: بِابْنِ زَهْرَاءَ (المتوفى: 497هـ)	ShamAY	11441	0.37947
		المنارة المفقودة	عبد الله عزام	ShamAY	33472	0.37946
		سورة (طه) في الترجمات العبرية لمعاني القرآن الكريم دراسة نقدية		ShamAY	36943	0.3794
		نشر الصحيفة في ذكر الصحيح من أقوال أئمة الجرح والتعديل في أبي حنيفة	أبو عبد الرحمن مقبل بن هادي بن مقبل بن قائدة (اسم رجل) الهمداني الوادعي (المتوفى: 1422ه)	ShamelaY19	96868	0.37939
		تصحيفات المحدثين	أبو أحمد الحسن بن عبد الله بن سعيد بن إسماعيل العسكري (المتوفى: 382هـ)	ShamAY	2449	0.37925
		نور الشيب وحكم تغييره في ضوء الكتاب والسنة	د. سعيد بن علي بن وهف القحطاني	Sham19Y	96540	0.37923
		دليل تحرير الوسيلة (الشركة و القسمة)	علي اكبر سيفي مازندراني	Ghbook	9148	0.37922
		تفسير الرحمن لآي القرآن	محمد العماري	ShamAY	33102	0.37919
		العمدة في إعراب البردة قصيدة البوصيري	مؤلف (العمدة في إعراب البردة) - مجهول	Sham19Y	23652	0.37915
		 خزانة التواريخ النجدية 	 عبد الله بن عبد الرحمن آل بسام 	ABLibrary	9047	0.3791
		المسائل الطبية والمالية المعاصرة	الدكتور : خالد بن علي المشيقح	ShamAY	36627	0.37903
		الفوائد الطريفه	عبدالله الافندي الاصفهاني	Ghbook	15603	0.37903
		معاني القراءات للأزهري	محمد بن أحمد بن الأزهري الهروي، أبو منصور (المتوفى: 370هـ)	ShamAY	8229	0.37902
		أخلاق أهل القرآن	أبو بكر محمد بن الحسين بن عبد الله الآجُرِّيُّ البغدادي (المتوفى: 360هـ)	ShamAY	10531	0.37898
		مفهوم الإرهاب بين الإسلام والغرب	محمود يوسف الشوبكي	ShamAY	33489	0.37895
		الدرر الكامنة في أعيان المائة الثامنة = التراجم	أبو الفضل أحمد بن علي بن محمد بن أحمد بن حجر العسقلاني (المتوفى: 852هـ)	ShamAY	38015	0.37895
		رمي الجمرات في بحث جديد	آيت الله العظمي ناصرمكارم شيرازي	Ghbook	6723	0.37895
		 سلسلة المسائل الفقهية 	 الشيخ السبحاني 	ABLibrary	9584	0.37888
		مع الدكتور شوقي ضيف في مقدمة الردِّ على النحاة	د. جميل علُّوش	ShamAY	37072	0.37884
		المناقب	الموفق بن احمد البكري المكي الحنفي الخوارزمي	Rafed	176	0.37882
		المرأة الفلسطينية في دائرة الاستهداف الصهيوني	إسماعيل عبد اللطيف الأشقر	ShamAY	37725	0.37877
		الصلاه في السفر	المجمع العالمي لاهل البيت عليهم السلام	Ghbook	7573	0.37873
		كفاية المتحفظ ونهاية المتلفظ في اللغة العربية	إبراهيم بن إسماعيل بن أحمد بن عبد الله اللواتي الأجدابي، أبو إسحاق الطرابلسي (المتوفى: نحو 470ه)	Sham19Y	7061	0.37865
		المستفاد من مبهمات المتن والإسناد	أبو زرعة أحمد بن عبد الرحيم العراقي (826 هـ)	ShamAY	34015	0.37859
		آداب العشرة في أحاديث الإمام علي بن موسى الرضا عليه السلام	الشيخ محمّد جواد المروّجي الطبسي	Rafed	878	0.37853
		من القمة إلى الهزيمة .. مع الملوك والرؤساء	أحمد الشقيري	ShamAY	37700	0.37851
		عوالي مسلم: أربعون حديثا منتقاة من صحيح مسلم	أبو الفضل أحمد بن علي بن محمد بن أحمد بن حجر العسقلاني (المتوفى: 852ه)	ShamelaY19	26891	0.37851
		تاريخ الثقافة والحضارةالاسلامية	محمدرضا كاشفي	Ghbook	14969	0.37845
		الثاني من أجزاء ابن الصواف	محمد بن أحمد بن الحسن بن إسحاق ابن الصواف، أبو علي البغدادي (المتوفى: 359هـ)	ShamAY	29780	0.37838
		ديوان قيس لبنى	قيس بن ذريح بن سنة بن حذافة الكناني. شاعر من العشاق المتيمين، اشتهر بحب لبنى بنت الحباب الكعبية، المتوفى سنة (68 هـ / 687 م)	ShamAY	37908	0.37822
		العقد التمام فيمن زوجه النبي عليه الصلاة والسلام	يوسف بن حسن بن أحمد بن حسن ابن عبد الهادي الصالحي، جمال الدين، ابن ابن المبرد الحنبلي (المتوفى: 909ه)	Sham19Y	22341	0.37821
		الكافي [ج ٩]	أبو جعفر محمّد بن يعقوب الكليني الرازي	Rafed	1125	0.3782
		الانموذج في منهج الحكومة الاسلامية	آيت الله شيخ محمد اسحاق فياض	Ghbook	9163	0.37819
		 الكتاب العزيزي ( المسالك والممالك ) 	 حسن بن أحمد المهلبي 	ABLibrary	9162	0.37816
		فضائل القرآن	أبي عبد الله محمّد بن أيّوب بن الضريس البجلي	Rafed	1115	0.37816
		الجوهرة في نسب النبي وأصحابه العشرة	محمد بن أبي بكر بن عبد الله بن موسى الأنصاري التِّلمساني المعروف بالبُرِّي (المتوفى: بعد 645هـ)	ShamAY	26484	0.37806
		رسالة لشيخ الإسلام محمد بن عبد الوهاب يجيب فيها عن سؤال حول معنى لا إله إلا الله	محمد بن عبد الوهاب بن سليمان التميمي النجدي (المتوفى: 1206هـ)	ShamAY	32403	0.37803
		تاريخ الأدب العربي - الجزء1	كارل بروكلمان	Masaha	3062	0.37802
		 الموسوعة الكبرى عن فاطمة الزهراء ( س ) 	 اسماعيل الأنصاري الزنجاني الخوئيني 	ABLibrary	7826	0.37792
		موارد الظمآن إلى زوائد ابن حبان ت حسين أسد	أبو الحسن نور الدين علي بن أبي بكر بن سليمان الهيثمي (المتوفى: 807ه)	ShamelaY19	98126	0.37778
		صلاة الكسوف - مَفهُومٌ، وَأسبابٌ، وَآدَابٌ، وَآياتٌ، وَحِكَم، وَأحْكامٌ في ضوء الكتاب والسنة	د. سعيد بن علي بن وهف القحطاني	ShamAY	1857	0.3777
		المسيح لم يصلب هكذا قال القرآن والإنجيل	مصطفي عبد اللطيف درويش المحامي	ShamAY	35344	0.37769
		الفصول المهمه في معرفه الائمه (الامام الصادق عليه السلام)	ابن صباغ علي بن محمد	Ghbook	6241	0.37769
		 إتحاف الورى بأخبار أم القرى 	 عمر بن محمد ابن فهد 	ABLibrary	8944	0.37768
		المختصر الفقهي لابن عرفة	محمد بن محمد ابن عرفة الورغمي التونسي المالكي، أبو عبد الله (المتوفى: 803 هـ)	ShamAY	32443	0.37765
		الامام المهدي (عجل الله تعالي فرجه الشريف) في روايات اهل السنه	المجمع العالمي لاهل البيت عليهم السلام	Ghbook	7526	0.37754
		اللمعة ببيان أن صلاة العيد لا تجزئ عن صلاة الجمعة	أبو محمد أحمد محمد شحاته الألفى السكندرى	ShamAY	1989	0.37752
		القرآن حجة لك أو عليك	أبو أحمد، محمد بن أحمد بن محمد العماري، عضو الدعوة والإرشاد بوزارة الشؤون الإسلامية، بالمملكة العربية السعودية	ShamelaY19	26696	0.37752
		جهود العلماء في تصنيف السيرة النبوية في القرنين الثامن والتاسع الهجريين	عبد الحميد بن علي فقيهي	ShamAY	11139	0.3775
		الجامع الصحيح فيما كان على شرط الشيخين أو أحدهما ولم يخرجاه	أبو عبد الرحمن، يوسف بن جودة يس يوسف الداودي	Sham19Y	13280	0.37744
		منتخب الانوار في تاريخ الائمه الاطهار ( عليهم السلام )	ابوعلي محمد بن همام اسكافي	Ghbook	8388	0.37742
		جزء فيه حديث المصيصي لوين	أبو جعفر محمد بن سليمان بن حبيب بن جبير الأسدي المصيصي المعروف بـ لوين (المتوفى: 245هـ)	ShamAY	1459	0.37737
		نظم اختيارات شيخ الإسلام ابن تيمية	سليمان بن سحمان بن مصلح بن حمدان بن مصلح بن حمدان بن مسفر بن محمد بن مالك بن عامر الخثعمي , التبالي , العسيري , النجدي (المتوفى: 1349هـ)	ShamAY	3940	0.37728
		 الموسوعة الكبرى عن فاطمة الزهراء ( س ) 	 اسماعيل الأنصاري الزنجاني الخوئيني 	ABLibrary	7820	0.37727
		الله يضحك	بهجت فاضل بهجت	ShamAY	35500	0.37724
		الوقف والابتداء في كتاب الله عز وجل	أَبُو جَعْفَر مُحَمَّد بن سَعْدَان الكوفي النّحويّ المقرئ الضَّرِير (المتوفى: 231 هـ)	ShamAY	32494	0.37717
		أنظمة الدفع الإلكتروني المعاصر غير الائتماني في الفقه الإسلامي	صلاح الدين عامر	Sham19Y	37642	0.37713
		أحكام رواية حفص	محمد السيد علي منصور	ShamAY	34450	0.37708
		معرفة الخصال المكفرة للذنوب المقدمة والمؤخرة	ابن حجر العسقلاني	ShamAY	34819	0.37707
		الجامع الصحيح فِيمَا كَانَ عَلى شَرطِ الشَيْخَيْنِ أو أحَدِهِمَا وَلم يُخَرِّجَاهُ	أبو عبد الرحمن، يوسف بن جودة يس يوسف الداودي	ShamAY	32001	0.37705
		 الكوثر في أحوال فاطمة بنت النبي الأعظم ( ع ) 	 السيد محمد باقر الموسوي 	ABLibrary	7685	0.37704
		جزء ابن طبرزد	عمر بن محمد بن معمر بن يحيى ابن أحمد بن حسان، أبو حفص، ابن طبرزد، الدارقزي، البغدادي (المتوفى: 607هـ)	ShamAY	30037	0.37701
		 موسوعة قرى ومدن لبنان 	 طوني مفرج 	ABLibrary	9271	0.37697
		الكامل في القراءات العشر والأربعين الزائدة عليها	يوسف بن علي بن جبارة بن محمد بن عقيل بن سواده أبو القاسم الهُذَلي اليشكري المغربي (المتوفى: 465هـ)	ShamAY	97	0.3768
		شروط الصلاة في ضوء الكتاب والسنة	د. سعيد بن علي بن وهف القحطاني	ShamelaY19	96497	0.37675
		حديث بشر بن مطر	بشر بن مطر بن ثابت أبو أحمد الدقاق الواسطي (المتوفى: 262ه)	Sham19Y	29709	0.37669
		 مفتاح الطب ومنهاج الطلاب 	 علي بن الحسين بن هندو 	ABLibrary	9849	0.37667
		مختصر خلافيات البيهقي	أحمد بن فَرح (بسكون الراء) بن أحمد بن محمد بن فرح اللَّخمى الإشبيلى، نزيل دمشق، أبو العباس، شهاب الدين الشافعي (المتوفى: 699هـ)	ShamAY	6227	0.37665
		عرف الطيب من أخبار مكة ومدينة الحبيب‏	محمد بن محمد عاقولي	Masaha	4518	0.37662
		غارة الفصل على المعتدين على كتب العلل	أَبِو عَبد الرَّحمَن مُقْبلُ بنُ هَادِي بنِ مُقْبِلِ بنِ قَائِدَةَ (اسم رجل) الهَمْدَاني الوادعِيُّ (المتوفى: 1422هـ)	ShamAY	2001	0.37658
		موتمر علماء بغداد	مقاتل بن عطيه	Ghbook	4610	0.37654
		تَارِيخِ جُهَيْنَةَ	عبد الكريم الخطيب	ShamAY	37133	0.3765
		كيف تدير الامور	آيت الله العظمي سيد محمد حسيني شيرازي	Ghbook	7790	0.37649
		ديوان سلامة بن جندل	سلامة بن جندل	ShamelaY19	149483	0.3764
		نوادر المعجزات في مناقب الائمه الهداه ( عليهم السلام ) - الامام ابوالحسن علي بن ...	طبري امامي ( صغير ) ابوجعفر محمد بن جرير بن رستم ( قرن 4و5 ق ) ( صاحب دلائل الامامه )	Ghbook	4049	0.3764
		 لبنان في عهد الأمراء الشهابين 	 حيدر أحمد الشهابي 	ABLibrary	9171	0.37619
		سنن أبي داود ت الأرنؤوط	أبو داود سليمان بن الأشعث بن إسحاق بن بشير بن شداد بن عمرو الأزدي السجستاني (المتوفى: 275ه)	ShamelaY19	117359	0.37616
		المخالفات الشرعية لبطاقتي الخير والتيسير الائتمانية	خالد الدعيجي	ShamAY	36308	0.37613
		لمحات مهمة في الوصية	سليمان بن جاسر بن عبد الكريم الجاسر	ShamAY	32139	0.37611
		فتح المنان ببيان الرسل التي في القرآن للسجاعي	أحمد بن أحمد السجاعي الشافعي (1197 هـ)	ShamAY	34308	0.37607
		البلغة في تراجم أئمة النحو واللغة	مجد الدين أبو طاهر محمد بن يعقوب الفيروزآبادى (المتوفى: 817ه)	Sham19Y	9984	0.37602
		حروف المعاني و أثر التركيب فيها	فائزة بنت عمر المؤيد	ShamAY	37184	0.37601
		جراب النوره، بين اللغه و الاصطلاح	محمد رضا حسيني جلالي	Ghbook	7080	0.37601
		أسباب النزول للواحدي - مؤسسة الحلبي	الواحدي	ShamAY	36754	0.37594
		العمرة والحج والزيارة في ضوء الكتاب والسنة - فضائل، وآداب، وأحكام، وأدعية جامعة	د. سعيد بن علي بن وهف القحطاني	ShamAY	1819	0.37589
		المخصّص [ج ٢]	أبي الحسن علي بن إسماعيل بن سيده المرسي [ ابن سيده ]	Rafed	3542	0.37586
		حياة الأنبياء صلوات الله عليهم بعد وفاتهم	أحمد بن الحسين بن علي بن موسى الخسروجردي الخراساني، أبو بكر البيهقي (المتوفى: 458ه)	Sham19Y	13114	0.37581
		البلغة في تراجم أئمة النحو واللغة	مجد الدين أبو طاهر محمد بن يعقوب الفيروزآبادى (المتوفى: 817هـ)	ShamAY	9984	0.37579
		الدر الثمين في أسماء المصنفين	علي بن أنجب بن عثمان بن عبد الله أبو طالب، تاج الدين ابن السَّاعي (المتوفى: 674هـ)	ShamAY	31998	0.37578
		مختصر البصائر	الشيخ عزّ الدين الحسن بن سليمان الحلي	Rafed	355	0.37578
		مأخذ العلم لابن فارس	أحمد بن فارس بن زكرياء القزويني الرازي، أبو الحسين (المتوفى: 395هـ)	ShamAY	26675	0.37576
		الإسلام والليبرالية نقيضان لا يجتمعان	شحاتة محمد صقر	ShamelaY19	36043	0.37576
		اولاد النبي و هل للنبي بنت غير الزهراء	خليفه عبيد كلباني عماني	Ghbook	7609	0.37575
		الجيم	أبو عمرو إسحاق بن مرّار الشيباني بالولاء (المتوفى: 206هـ)	ShamAY	7302	0.37574
		من اسمه عمرو من الشعراء	أبو عبد الله محمد بن داود بن الجراح (المتوفى: 296هـ)	ShamAY	677	0.37574
		الكافي [ج ٨]	أبو جعفر محمّد بن يعقوب الكليني الرازي	Rafed	1122	0.37574
		تاريخ الإسلام ووفيات المشاهير والأعلام [ج ٣٢]	شمس الدين محمّد بن أحمد بن عثمان الذّهبي	Rafed	3567	0.3757
		نسخة السري بن سهل	السري بن سهل الجنديسابوري (المتوفى: 346هـ)	ShamAY	28851	0.37561
		المحكم والمحيط الأعظم [ج ٢]	أبي الحسن علي بن إسماعيل بن سيده المرسي [ ابن سيده ]	Rafed	1426	0.37561
		تحريف الكتاب المقدس		ShamAY	35355	0.3756
		 إثبات الهداة بالنصوص والمعجزات 	 الحر العاملي 	ABLibrary	7393	0.37549
		خصايص اميرالمؤمنين عليه السلام بالاسانيد الصحيحه في كتب السنه	آيت الله علي حسيني ميلاني	Ghbook	16296	0.37547
		البارع في اللغة	أبو علي القالي، إسماعيل بن القاسم بن عيذون بن هارون بن عيسى بن محمد بن سلمان (المتوفى: 356هـ)	ShamAY	31830	0.37546
		كتاب اللّامات	٣٢ صفحة	Rafed	2572	0.37545
		الامام الصادق ( عليه السلام ) ريحانه قريش و عميد آل البيت	احمد كفتارو	Ghbook	4980	0.37542
		أعجمي فالعب به	إبراهيم بن عبد الله المديهش	Sham19Y	150958	0.37536
		كتاب السرد والفرد في صحائف الأخبار ونسخها المنقولة عن سيد المرسلين صلوات الله وسلامه عليه - مخطوط	أبو الخير أحمد بن إسماعيل الطالقاني القزويني	ShamAY	32963	0.37525
		حاشية العذراء في نظم قواعد الإملاء	حمد القمرا المري	ShamAY	37046	0.37524
		صيغة فعلان واستعمالاتها في اللغة العربية	مصطفى أحمد النماس	ShamelaY19	23075	0.37523
		تحريم حلق اللحى - وجوب إعفاء اللحية وتحريم حلقها وتقصيرها	عبد الرحمن بن محمد بن قاسم العاصمي الحنبلي النجدي (المتوفى: 1392ه) - عبد العزيز بن عبد الله بن باز (المتوفى: 1420ه)	Sham19Y	31251	0.37523
		العقد التمام فيمن زوجه النبي عليه الصلاة والسلام	يوسف بن حسن بن أحمد بن حسن ابن عبد الهادي الصالحي، جمال الدين، ابن ابن المبرد الحنبلي (المتوفى: 909ه)	ShamelaY19	22341	0.37521
		 دمية القصر وعصرة أهل العصر 	 علي بن الحسن بن علي بن أبي الطيب الباخرزي 	ABLibrary	959	0.37521
		ناسخ الحديث ومنسوخه للأثرم	أبو بكر أحمد بن محمد بن هانئ الإسكافي الأثرم الطائي وقيل: الكلبي (المتوفى: 273ه)	ShamelaY19	26664	0.37518
		 مناقب أهل البيت ( ع ) 	 ابن المغازلي 	ABLibrary	7785	0.37512
		تسمية من قتل مع الحسين(ع)	فتال النيشابوري‏	Masaha	1956	0.37506
		حكم صلاة المسلم الحديث الذي لا يحسن قراءة سورة الفاتحة باللغة العربية	د. سالم مدني	ShamAY	36343	0.37505
		اكذوبتان حول الشريف الرضي 	سيد جعفرمرتضي حسيني عاملي	Ghbook	8809	0.37503
		مسائل حرب الكرماني كتاب الطهارة والصلاة - ت السريع	أبو محمد حرب بن إسماعيل بن خلف الكرماني (المتوفى: 280 هـ)	ShamAY	32500	0.375
		مسائل الإمام أحمد رواية أبي داود السجستاني	أبو عبد الله أحمد بن محمد بن حنبل بن هلال بن أسد الشيباني (المتوفى: 241ه)	ShamelaY19	21487	0.37498
		تفسير سفيان الثوري	أبو عبد الله سفيان بن سعيد بن مسروق الثوري الكوفي (المتوفى: 161هـ)	ShamAY	2229	0.37496
		اللمعة في تحقيق الركعة لإدراك الجمعة	عبد الرحمن بن أبي بكر، جلال الدين السيوطي (المتوفى: 911هـ)	ShamAY	6253	0.37488
		إحقاق الحقّ وإزهاق الباطل [ج ٢٦]	آية الله السيّد شهاب الدين الحسيني المرعشي النجفي	Rafed	2794	0.37483
		كفاية الطالب في مناقب علي بن أبي طالب‏	محمد بن همام الاسكافي	Masaha	2473	0.37482
		العمرة والحج والزيارة في ضوء الكتاب والسنة - فضائل، وآداب، وأحكام، وأدعية جامعة	د. سعيد بن علي بن وهف القحطاني	ShamelaY19	96471	0.37481
		نحو القلوب	الأستاذ أبي القاسم عبد الكريم بن هوازن القشيري المتوفى 465 ه	ShamelaY19	37067	0.37481
		الوقوف والترجل من الجامع لمسائل الإمام أحمد بن حنبل	أبو بكر أحمد بن محمد بن هارون بن يزيد الخَلَّال البغدادي الحنبلي (المتوفى: 311هـ)	ShamAY	26883	0.37479
		فضل أم المؤمنين عائشة رضي الله عنها (المجلس السادس والأربعون من أمالي ابن عساكر)	ثقة الدين، أبو القاسم علي بن الحسن بن هبة الله المعروف بابن عساكر (المتوفى: 571هـ)	ShamAY	1355	0.37477
		المحنة وأثرها في منهج الإمام أحمد النقدي	عبد الله بن فوزان بن صالح الفوزان	ShamAY	32095	0.37475
		العمدة في إعراب البردة قصيدة البوصيري	مؤلف (العمدة في إعراب البردة) - مجهول	ShamAY	23652	0.37472
		الانتفاضة الفلسطينية الكبرى في قطاع غزة	عدنان عبد الرحمن	ShamAY	37679	0.37471
		قلادة النحر في وفيات أعيان الدهر	أبو محمد الطيب بن عبد الله بن أحمد بن علي بامخرمة، الهِجراني الحضرمي الشافعي (870 - 947 هـ)	ShamAY	38898	0.37471
		التتمة الجلية لطبقات الحنفية لابن الحنائي	الدكتور صلاح محمد أبو الحاج	ShamAY	35845	0.37465
		تراجم أعيان المدينة في القرن 12	مجهول	ShamAY	38214	0.37456
		غرر التبيان لمبهمات القرآن	قاضي القضاة , شيخ الإسلام , العلّامة بدر الدين , محمد بن إبراهيم بن سعد الله بن جماعة الكناني , الحموي الشافعي (المتوفّى سنة 733هـ)	ShamAY	36739	0.37454
		العدالة الإجتماعية وضوابط توزيع الثّروة في الإسلام	د. زهير الأعرجي	Masaha	1727	0.37449
		وسطية الإسلام وسماحته - عبد العزيز التويجري	د. عبد العزيز بن عثمان التويجري	Sham19Y	1372	0.37443
		مستدركات علم رجال الحديث	علي نمازي شاهرودي	Ghbook	7176	0.37443
		حرمة الإفساد في الأرض	عبد العزيز بن عبد الله آل الشيخ	Sham19Y	31088	0.37441
		المسائل العكبرية	الشيخ المفيد	Masaha	4723	0.37441
		شرحا أبي العلاء والخطيب التبريزي على ديوان أبي تمام دراسة نحوية صرفية	إيهاب عبد الحميد عبد الصادق سلامة	ShamAY	31925	0.37439
		عاشق فلسطين عبد الكريم الكرمي "أبو سلمى" مائة عام على ميلاده	حسني محمد العطار	ShamAY	35779	0.37435
		تاريخ بغداد - الجزء1	الخطيب البغدادي	Masaha	2730	0.37431
		جزء فيه أحاديث الحسن بن موسى الأشيب	أبو علي الحسن بن موسى الأشيب البغدادي، القاضي (المتوفى: 209ه)	ShamelaY19	25783	0.3743
		نظم العقيان في أعيان الأعيان	عبد الرحمن بن أبي بكر، جلال الدين السيوطي (المتوفى: 911هـ)	ShamAY	9061	0.37428
		كفاية المتحفظ ونهاية المتلفظ في اللغة العربية	إبراهيم بن إسماعيل بن أحمد بن عبد الله اللواتي الأَجْدَابي، أبو إسحاق الطرابلسي (المتوفى: نحو 470هـ)	ShamAY	7061	0.37423
		حوار بين عبد الله وعبد المسيح		ShamAY	35360	0.37422
		المحصّل	محمّد بن عمر بن الحسن بن الحسين التيمي البكري [ فخر الدين الرازي ]	Rafed	3639	0.37422
		العلل ومعرفة الرجال لأحمد رواية ابنه عبد الله	أبو عبد الله أحمد بن محمد بن حنبل بن هلال بن أسد الشيباني (المتوفى: 241هـ)	ShamAY	2331	0.37418
		أحوال النساء في الجنة	الواحدي :: سليمان الخراشي	ShamAY	35140	0.37416
		الاراده الالهيه التكوينيه و التشريعيه	آيت الله العظمي جعفر سبحاني	Ghbook	5034	0.37415
		مجموعة مقالات الموتمر العالمي (آراء علماء الإسلام في التيارات المتطرفة والتكفيري...	كنگره جهاني جريان هاي افراطي و تكفيري از ديدگاه علماي اسلام	Ghbook	14143	0.37414
		لماذا نزور الامام ( عليه السلام ) ؟	آيت الله العظمي سيد محمد حسيني شيرازي	Ghbook	7801	0.37408
		تاريخ بغداد وذيوله ط العلمية	أبو بكر أحمد بن علي بن ثابت بن أحمد بن مهدي الخطيب البغدادي (المتوفى: 463ه)	Sham19Y	23764	0.37401
		السيرة النبوية و أخبار الخلفاء - الجزء1	أبو حاتم التميمي	Masaha	2044	0.37397
		جزء ابن طبرزد	عمر بن محمد بن معمر بن يحيى ابن أحمد بن حسان، أبو حفص، ابن طبرزد، الدارقزي، البغدادي (المتوفى: 607ه)	ShamelaY19	30037	0.37394
		تذكرة الفقهاء [ج ١٧]	الحسن بن يوسف بن علي المطّهر [ العلامة الحلّي ]	Rafed	413	0.37391
		خطاب الماردي ومنهجه في النحو	حسن موسى الشاعر	ShamAY	10193	0.3739
		التحاكم إلى الكتاب والسنة في حفظ الأمن وحماية الأرواح	عبد العزيز بن عبد الله بن باز (المتوفى: 1420هـ)	ShamAY	31086	0.37389
		جامع تفاسير الأحلام = تنبيه الأفهام بتأويل الأحلام	أبو بكر بن محمد بن عمر المُلَّا الحنفي الإحسائي (المتوفى: 1270هـ)	ShamAY	10652	0.37387
		موطأ الإمام مالك بن أنس رواية ابن القاسم	الإمام مالك بن أنس (179 هـ)	ShamAY	33921	0.3738
		اللؤلؤ المنظوم في نظم منثور ابن آجروم (مطبوع مع الكوكب الزهري نظم مختصر الأخضري)	أبو عبد الله محمد عبد القادر بن محمد بن المختار بن أحمد العالم القبلوي الجزائري المالكي الشهير بالشيخ باي بلعالم (المتوفى: 1430هـ)	ShamAY	1636	0.37379
		نزهة المالك والمملوك في مختصر سيرة من ولي مصر من الملوك «يؤرخ من عصر الفراعنة والأنبياء حتى سنة 717 هـ»	الحسَن بن أبي محمّد عبد الله بن عمر بن محاسن بن عبد الكريم الهَاشِمِي العبّاسي الصَّفَدِي (المتوفى: بعد 717 هـ)	ShamAY	32328	0.37373
		صحيح ابن خزيمة ط 3	أبو بكر محمد بن إسحاق بن خزيمة بن المغيرة بن صالح بن بكر السلمي النيسابوري (المتوفى: 311هـ)	ShamAY	31687	0.37371
		شرح الكفراوي على متن الآجرومية بحاشية الحامدي	الشيخ حسن بن علي الكفراوي الأزهري	Rafed	1984	0.37369
		أشعار النساء	أبو عبيد الله بن محمد بن عمران بن موسى المرزباني (المتوفى: 384هـ)	ShamAY	8189	0.37366
		منتقى من حديث هشام بن عمار الدمشقي، عن سعيد بن يحيى اللخمي - مخطوط	أبو الحسين محمد بن المظفر بن موسى البزاز	ShamAY	32955	0.37363
		الصبر مطية النجاح قصيدة في الحكم	محمد بن أحمد بن عمر مجد الدين أبو عبد الله المعروف بابن الظهير الإربيلي المتوفى 677 ه	Sham19Y	29675	0.37362
		مسند محمّد بن قيس البجلي حول قضايا أمير المؤمنين وغيرها	الناشر: المركز العالمي للدّراسات الإسلامية	Rafed	1757	0.37353
		تاريخ دنيسر	الطبيب أبو حفص عمر بن الخضر بن اللمش (574هـ -640؟ هـ)	ShamAY	26813	0.37346
		مفتاح الكرامة في شرح قواعد العلّامة [ج ٦]	السيّد محمّد جواد الحسيني العاملي	Rafed	2118	0.37344
		المسح علي الرجلين 	محمد بن  محمد بن نعمان شيخ مفيد	Ghbook	2466	0.37343
		الزهد والرقائق للخطيب البغدادي	أبو بكر أحمد بن علي بن ثابت بن أحمد بن مهدي الخطيب البغدادي (المتوفى : 463هـ)	ShamAY	22551	0.37342
		الإصابة في تمييز الصحابة [ج ٤]	أحمد بن علي بن حجر العسقلاني	Rafed	3401	0.3734
		الملاحن (مطبوع ضمن «درة الغواص وشرحها وحواشيها وتكملتها»)	أبو بكر محمد بن الحسن ابن دريد الأزدي	ShamelaY19	29605	0.37339
		المعز فيما انفرد به حفص من طريق الحرز	سعد الدين رزيقه حسنين	ShamAY	36797	0.37335
		فتنة الوهابية	السيد أحمد بن زيني دحلان	Rafed	3715	0.37334
		تاريخ الإسلام ووفيات المشاهير والأعلام [ج ٣٩]	شمس الدين محمّد بن أحمد بن عثمان الذّهبي	Rafed	3597	0.37334
		جزء من حديث سعدان بن نصر المخرمي منتقى من الجزء الرابع من حديثه عن شيوخه	أبو عثمان سعدان بن نصر بن منصور المخرمي - المتوفى سنة 265 هـ	ShamAY	35222	0.37329
		صحيح ابن خزيمة ط 3	أبو بكر محمد بن إسحاق بن خزيمة بن المغيرة بن صالح بن بكر السلمي النيسابوري (المتوفى: 311ه)	Sham19Y	121382	0.37327
		الثاني من حديث سفيان بن عيينة للطائي	على بن حرب بن محمد بن على الطائى، أبو الحسن الموصلى (المتوفى: 265ه)	ShamelaY19	29708	0.37323
		العاقلة حقيقتها أحكامها وشروطها	سعد السبر	ShamAY	36636	0.37308
		الإمام الشعبي وعنايته بالسنة	سليمان الجار الله	ShamAY	34021	0.37308
		قرة عيون المصلين في بيان صفة صلاة المحسنين من التكبير إلى التسليم في ضوء الكتاب والسنة	د. سعيد بن علي بن وهف القحطاني	ShamelaY19	96513	0.37305
		فن الكتابة الصحفية	الدكتور فاروق أبو زيد	ShamAY	8651	0.37298
		مساوئ السفور - الحجاب : الدرع الواقي	آيت الله العظمي حسيني	Ghbook	7927	0.37295
		الكتاب العزيزي أو المسالك والممالك‏	حسن بن أحمد المهلبي	Masaha	4350	0.37292
		البيان والتبيين لضوابط ووسائل تمييز الرواة المهملين	محمد بن تركي التركي	ShamAY	35851	0.37287
		الفتن لحنبل بن إسحاق	أبو علي حنبل بن إسحاق بن حنبل بن هلال بن أسد الشيباني (المتوفى: 273هـ)	ShamAY	13046	0.37276
		حج الانبياء و الائمه عليهم السلام	معاونية شوون التعليم و البحوث الاسلامية في الحج	Ghbook	3403	0.37274
		تاريخ مدينة دمشق [ج ٧٢]	أبي القاسم علي بن الحسن ابن هبة الله بن عبد الله الشافعي [ ابن عساكر ]	Rafed	2590	0.3727
		الذّريعة إلى تصانيف الشّيعة - الجزء1	الشيخ آقا بزرك الطهراني	Masaha	1670	0.37254
		الوصية ضوابط وأحكام	عبد الله الطيار	ShamAY	36153	0.37252
		جامع تفاسير الأحلام = تنبيه الأفهام بتأويل الأحلام	أبو بكر بن محمد بن عمر الملا الحنفي الإحسائي (المتوفى: 1270ه)	Sham19Y	10652	0.37252
		ظاهرة العولمة أهدافها مضامينها سبل مواجهتها	عادل الفقيه	ShamAY	37782	0.37247
		الفوائد الجلية في المباحث الفرضية	عبد العزيز بن عبد الله بن باز (المتوفى: 1420ه)	Sham19Y	31241	0.37243
		الخزل والدأل بين الدور والدارات والديرة	شهاب الدين أبو عبد الله ياقوت بن عبد الله الرومي الحموي (المتوفى: 626هـ)	ShamAY	5379	0.37241
		حديث من القلب	الواحدي :: ياسر برهامي	ShamAY	34984	0.37236
		الشريعة للآجري	أبو بكر محمد بن الحسين بن عبد الله الآجُرِّيُّ البغدادي (المتوفى: 360هـ)	ShamAY	13035	0.37236
		جهود الجمعيات الخيرية لتحفيظ القرآن في بناء المرأة	فوزي الجعيد	ShamAY	36782	0.37235
		أحكام النساء للإمام أحمد	أبو عبد الله أحمد بن محمد بن حنبل بن هلال بن أسد الشيباني (المتوفى: 241هـ)	ShamAY	1546	0.37233
		اعتراض الشرط على الشرط	عبد الله بن يوسف بن أحمد بن عبد الله ابن يوسف، أبو محمد، جمال الدين، ابن هشام (المتوفى: 761هـ)	ShamAY	6978	0.37232
		حد الخمر في الشريعة الإسلامية	تيسير الركابي	ShamAY	36675	0.37226
		قرى الضيف لابن أبي الدنيا	أبو بكر عبد الله بن محمد بن عبيد بن سفيان بن قيس البغدادي الأموي القرشي المعروف بابن أبي الدنيا (المتوفى: 281هـ)	ShamAY	11030	0.37225
		الكلام على طرق حديث وائل بن حجر في صفة الصلاة	محمد بن عبد الله السريع	ShamAY	33058	0.37219
		جواهر من أقوال الرسول	ياسر بن أحمد بن محمود بن أحمد بن أبي الحمد الكويس الحمداني	ShamelaY19	37569	0.37215
		البلغة في تراجم أئمة النحو واللغة = التراجم	مجد الدين أبو طاهر محمد بن يعقوب الفيروزآبادى (المتوفى: 817 هـ)	ShamAY	38208	0.37213
		موسوعة قرى ومدن لبنان [ج ٥]	طوني مفرّج	Rafed	2581	0.37212
		تعريف بالأماكن الواردة في البداية والنهاية لابن كثير	موقع الإسلام	ShamAY	429	0.37211
		مباحث فقهية - الوصية ، الشركة ، صلة الرحم	آيت الله العظمي سيد تقي طباطبايي قمي	Ghbook	9554	0.37205
		الحقول الدلالية في شعر الكميت بن زيد الأسدي	شيماء محمد عبيد	ShamAY	34547	0.37203
		بغية الملتمس في تاريخ رجال أهل الأندلس	أحمد بن يحيى بن أحمد بن عميرة، أبو جعفر الضبي (المتوفى: 599ه)	Sham19Y	728	0.37198
		تاريخ الإسلام ووفيات المشاهير والأعلام [ج ٣٤]	شمس الدين محمّد بن أحمد بن عثمان الذّهبي	Rafed	3579	0.37197
		عقيدة الفرقة الناجية- ط المكتب الإسلامي	محمد بن عبد الوهاب	ShamAY	33869	0.37195
		ما خالف فيه المازنى سيبويه فى علم الصرف، جمعا ودراسة	محمد إبراهيم حسنين عبد الفتاح	ShamAY	37103	0.37195
		حديث أبي اليمان	الحكم بن نافع البهرانى، أبو اليمان الحمصى (المتوفى: 222هـ)	ShamAY	29704	0.37189
		تلخيص الخلاف و خلاصة الاختلاف - الجزء1	المفلح بن حسن الصيمري	Masaha	1086	0.37185
		الجزء المتمم لطبقات ابن سعد [الطبقة الخامسة في من قبض رسول الله صلى الله عليه وسلم. وهم أحداث الأسنان]	أبو عبد الله محمد بن سعد بن منيع الهاشمي بالولاء، البصري، البغدادي المعروف بابن سعد (المتوفى: 230هـ)	ShamAY	1689	0.37184
		واسط في العصر العباسي ( جغرافيا )	عبدالقادر سلمان معاضيدي	Ghbook	8992	0.37175
		لرؤية الإسلامية فى مواجهة مرض الإيدز	محمد المختار المهدي	ShamAY	36701	0.37171
		تاريخ بغداد وذيوله ط العلمية	أبو بكر أحمد بن علي بن ثابت بن أحمد بن مهدي الخطيب البغدادي (المتوفى: 463هـ)	ShamAY	31579	0.37171
		جزء من تخريج أحمد بن عبد الواحد البخاري	الشَّمْسُ، أَبُو العَبَّاسِ أَحْمَدُ بنُ عَبْدِ الوَاحِدِ بنِ أَحْمَدَ المَقْدِسِيُّ، الحَنْبَلِيُّ، المُلَقَّبُ بِالبُخَارِيِّ (المتوفى: 623هـ)	ShamAY	30055	0.37167
		الغاية القصوي في التعليق علي العروة الوثقي - كتاب المضاربة	آيت الله العظمي سيد تقي طباطبايي قمي	Ghbook	9544	0.37165
		الألفاظ المصرحة بلفظ النكارة وصلتها بـ «منكر الحديث» دراسة نقدية	أبو ذر عبد القادر بن مصطفى بن عبد الرزاق المحمدي	ShamAY	1777	0.37159
		المدينة في العصر المملوكي	عبد الرحمن المديرس	ShamAY	38448	0.37158
		قرة العين بالمسرة بوفاء الدين	أبو الفضل زين الدين عبد الرحيم بن الحسين بن عبد الرحمن بن أبي بكر بن إبراهيم العراقي (المتوفى: 806 هـ)	ShamAY	32575	0.37154
		الجواب الشافي عن السؤال الخافي	ابن حجر العسقلاني (850 هـ)	ShamAY	34340	0.37145
		الإصابة في تمييز الصحابة [ج ٥]	أحمد بن علي بن حجر العسقلاني	Rafed	3421	0.37142
		كيف لا افتخر بالحسين ؟	عصام مهاجر	Ghbook	5895	0.37129
		صفة الجنة لابن أبي الدنيا ت سليم	أبو بكر عبد الله بن محمد بن عبيد بن سفيان بن قيس البغدادي الأموي القرشي المعروف بابن أبي الدنيا (المتوفى: 281هـ)	ShamAY	8234	0.37127
		 ذيل طبقات الحفاظ 	 جلال الدين السيوطي 	ABLibrary	831	0.37124
		فضائل شهر رجب	أبو القاسم عبيد الله بن عبد الله بن أحمد بن محمد بن حسكان القرشي النيسابوري المعروف بابن الحذاء وبالحاكم الحسكاني (المتوفى: 471: 480 هـ)	ShamAY	33646	0.37121
		إعراب القرآن العظيم المنسوب لزكريا الانصارى	زكريا بن محمد بن أحمد بن زكريا الأنصاري، زين الدين أبو يحيى السنيكي (المتوفى: 926هـ)	ShamAY	12753	0.37119
		ثنائية الاستعمال اللغوي عند العرب .. الهمزة والتسهيل في القراءات القرانية انموذجا تطبيقيا	شهيد راضي حسين	ShamAY	37238	0.37119
		بغية الملتمس في تاريخ رجال أهل الأندلس	أحمد بن يحيى بن أحمد بن عميرة، أبو جعفر الضبي (المتوفى: 599هـ)	ShamAY	728	0.37118
		مسند أبي حنيفة رواية الحصكفي	أبو حنيفة النعمان بن ثابت بن زوطي بن ماه (المتوفى: 150ه)	ShamelaY19	29120	0.37118
		وسائل الشيعة [ج ٢٨]	محمد بن الحسن الحرّ العاملي [ العلامة الشيخ حرّ العاملي ]	Rafed	362	0.3711
		تركة النبي صلى الله عليه وسلم والسبل التي وجهها فيها	أبو إسماعيل حماد بن إسحاق بن إسماعيل بن حماد بن زيد بن درهم الأزدي البغدادي المالكي (المتوفى: 267ه)	ShamelaY19	22657	0.37108
		تهذيب الآثار وتفصيل الثابت عن رسول الله من الأخبار	محمد بن جرير بن يزيد بن كثير بن غالب الآملي، أبو جعفر الطبري (المتوفى: 310هـ)	ShamAY	13090	0.37106
		العسكرية العربية الإسلامية	محمود شيت خطاب	ShamAY	36615	0.37104
		الرد على من أنكر رفع اليدين في الدعاء	الواحدي :: ابن ناصر الدين الدمشقي	ShamAY	34292	0.37103
		كفاية الأثر في النص على الأئمة الإثني عشر	علي بن محمد الخزاز	Masaha	2493	0.37103
		تلخيص كتاب القياس	أبو الوليد محمد بن أحمد بن رشد القرطبي الشهير بابن رشد الحفيد (المتوفى: 595هـ)	ShamAY	34178	0.37098
		الاستعمار في العصر الحديث ودوافعه الدينية	منقذ بن محمود السقار	ShamelaY19	38146	0.37097
		الدعوة إلى الإسلام على الإنترنت .. تكرار أم ابتكار	خباب الحمد	ShamAY	33456	0.37096
		المؤلفات الفقهية في نجد .. قبل نهاية القرن الثاني عشر الهجري	منصور بن عبد العزيز الرشيد	ShamAY	37615	0.37093
		السرطان الأحمر	عبد الله عزام	ShamAY	33470	0.37091
		الفتن لنعيم بن حماد	أبو عبد الله نعيم بن حماد بن معاوية بن الحارث الخزاعي المروزي (المتوفى: 228ه)	Sham19Y	13047	0.37084
		التبيان في تخريج وتبويب أحاديث بلوغ المرام	خالد بن ضيف الله الشلاحي	ShamelaY19	32528	0.37083
		الفوائد الجلية في المباحث الفرضية	عبد العزيز بن عبد الله بن باز (المتوفى: 1420ه)	ShamelaY19	31241	0.37076
		مشيخة ابن طهمان	أبو سعيد إبراهيم بن طهمان بن شعبة الخراسانى الهروي (المتوفى: 168هـ)	ShamAY	24831	0.37071
		الشكر لله عز وجل (الكتب الثقافية)	أبو بكر عبد الله ين محمد بن عبيد الله بن سفيان القرشي	ShamAY	34113	0.37066
		تذكرة الفقهاء [ج ١]	الحسن بن يوسف بن علي المطّهر [ العلامة الحلّي ]	Rafed	238	0.37065
		الجامع لعلوم الإمام أحمد - التفسير وعلوم القرآن	خالد الرباط، سيد عزت عيد [بمشاركة الباحثين بدار الفلاح]	ShamAY	38861	0.37064
		تعس عبد الشهوات	أزهري أحمد محمود	ShamelaY19	36385	0.37062
		الكامل في القراءات العشر والأربعين الزائدة عليها	يوسف بن علي بن جبارة بن محمد بن عقيل بن سواده أبو القاسم الهذلي اليشكري المغربي (المتوفى: 465ه)	ShamelaY19	36957	0.37058
		آداب عصر الغيبه	حسين كوراني	Ghbook	7120	0.3705
		منهج المستشرقين التأويلي في تفسير النص القرآني		ShamAY	36905	0.37046
		الشّفاء ـ طبيعيّات [ج ٣]	أبو علي حسين بن عبد الله بن سينا [ شيخ الرئيس ابن سينا ]	Rafed	3075	0.37043
		أخبار مكّة في قديم الدّهر وحديثه [ج ١]	أبي عبد الله محمّد بن إسحاق ابن العبّاس الفاكهي المكّي	Rafed	2100	0.37041
		ذيل القول المسدد في الذب عن المسند للإمام أحمد	قاضي الملك محمد صبغة الله بن محمد غوث بن محمد ناصر الدين المدارسي الهندي الشافعي (المتوفى: 1280هـ)	ShamAY	8637	0.37037
		 حج الأنبياء والأئمة ( ع ) 	 معاونية شؤون التعليم والبحوث الإسلامية في الحج 	ABLibrary	9769	0.37035
		أحكام التجويد		ShamAY	36790	0.37032
		الحث على حفظ العلم وذكر كبار الحفاظ	جمال الدين أبو الفرج عبد الرحمن بن علي بن محمد الجوزي (المتوفى: 597هـ)	ShamAY	22340	0.37026
		التكبير عند ختم المصحف الشريف مفهومه وأحكامه بين القراء والفقهاء	محمد خالد منصور	ShamAY	36549	0.37023
		موسوعة كربلاء [ج ٢]	الدكتور لبيب بيضون	Rafed	3230	0.37023
		جزء محمد بن يحيى الذهلي	محمد بن يحيى بن عبد الله الذُّهْلي، مولاهم، النيسابورىّ، أبو عبد الله (المتوفى: 258هـ)	ShamAY	30368	0.37016
		الفتن لنعيم بن حماد	أبو عبد الله نعيم بن حماد بن معاوية بن الحارث الخزاعي المروزي (المتوفى: 228هـ)	ShamAY	13047	0.37009
		فتاوى نسائية رمضانية	الواحدي :: ابن باز	ShamAY	37674	0.37
		الهدايه في النحو	ابوحيان اندلسي	Ghbook	15378	0.36994
		أحكام زراعة الشعر وإزالته	سعد الخثلان	ShamAY	36215	0.36991
		قاعده القرعه	محمد جواد فاضل لنكراني	Ghbook	15201	0.36989
		معالم المدينة المنورة بين العمارة والتاريخ‏  - الجزء1	عبد العزيز الكعكي	Masaha	4094	0.36985
		ماذا تعرف عن قصيدة البردة	الواحدي	ShamAY	35401	0.3698
		غاية المرام وحجّة الخصام [ج ٥]	السيّد هاشم البحراني الموسوي التوبلي	Rafed	3610	0.36976
		رساله في الاحاديث الوارده في الخلفاء علي ترتيب الخلافه	آيت الله علي حسيني ميلاني	Ghbook	7653	0.3697
		تاريخ الإسلام ووفيات المشاهير والأعلام [ج ٥١]	شمس الدين محمّد بن أحمد بن عثمان الذّهبي	Rafed	3664	0.36956
		الرسالة المستطرفة لبيان مشهور كتب السنة المشرفة	أبو عبد الله محمد بن أبي الفيض جعفر بن إدريس الحسني الإدريسي الشهير بـ الكتاني (المتوفى: 1345هـ)	ShamAY	7636	0.36955
		 فضائل أمير المؤمنين ( ع ) 	 ابن عقدة الكوفي 	ABLibrary	7899	0.36951
		الوقوف والترجل من الجامع لمسائل الإمام أحمد بن حنبل	أبو بكر أحمد بن محمد بن هارون بن يزيد الخلال البغدادي الحنبلي (المتوفى: 311ه)	ShamelaY19	26883	0.3695
		مرشد الحيران إلى معرفة أحوال الإنسان	محمد قدري باشا (المتوفى: 1306ه)	Sham19Y	14450	0.36949
		الجامع لعلوم الإمام أحمد - التفسير وعلوم القرآن	خالد الرباط، سيد عزت عيد [بمشاركة الباحثين بدار الفلاح]	ShamelaY19	20869	0.36946
		تلخيص الأصول	حافظ ثناء الله الزاهدي	ShamAY	21538	0.36943
		علل التثنية	أبو الفتح عثمان بن جني الموصلي (المتوفى: 392ه)	Sham19Y	6995	0.36938
		ديوان معاوية بن أبي سفيان	معاوية بن أبي سفيان	ShamelaY19	149482	0.36937
		طبقات الشافعية الكبرى للسبكي	تاج الدين عبد الوهاب بن تقي الدين السبكي (المتوفى: 771هـ)	ShamAY	6739	0.36935
		تحفة الإخباري بترجمة البخاري لابن ناصر الدين	ابن ناصر الدين (842 هـ)	ShamAY	34576	0.36926
		مختصر الشمائل المحمدية	محمد بن عيسى بن سَوْرة بن موسى بن الضحاك، الترمذي، أبو عيسى (المتوفى: 279هـ)	ShamAY	700	0.36923
		منتقي الجمان	شيخ حسن بن زين الدين عاملي ( صاحب معالم )	Ghbook	7173	0.3692
		أدوات الإعراب	ظاهر شوكت البياتي	Rafed	1950	0.36918
		الوحدة الإسلامية	محمد المبارك	ShamAY	8987	0.36912
		 مسند الإمام الصادق ( ع ) 	 الشيخ عزيز الله عطاردي 	ABLibrary	7733	0.36911
		تقرير عن جهود إذاعة القرآن الكريم في خدمة القرآن الكريم وعلومه	محمد بن سعيد الصفّار	ShamAY	36885	0.36909
		الأحكام الشرعية الكبرى	عبد الحق بن عبد الرحمن بن عبد الله بن الحسين بن سعيد إبراهيم الأزدي، الأندلسي الأشبيلي، المعروف بابن الخراط (المتوفى : 581هـ)	ShamAY	4289	0.36906
		جزء فيه منتقى من سيرة ابن هشام (ضمن مجموع مطبوع باسم الفوائد لابن منده!)	محمد بن عبد الله المظفري الشافعيّ (المتوفى: بعد 649هـ)	ShamAY	12855	0.36906
		الخطيب الخوارزمي وشعره في الغدير	الشيخ عبد الحسين الأميني النجفي	Masaha	247	0.36905
		المسألة في البسملة للقاري	الملا على القاري	ShamAY	36055	0.36899
		المخدرات أخطر معوقات التنمية	إبراهيم إمام	ShamAY	8907	0.36898
		التوبة لابن أبي الدنيا	أبو بكر عبد الله بن محمد بن عبيد بن سفيان بن قيس البغدادي الأموي القرشي المعروف بابن أبي الدنيا (المتوفى: 281هـ)	ShamAY	8253	0.36898
		رساله في بيان استجابه الدعاء	ابي الحسن الطباطبائي المعروف ( جلوه )	Ghbook	14794	0.36888
		فهرس مخطوطات مكتبة المدينة المنورة في ليدن		ShamAY	37622	0.36886
		إتحاف الزائر وإطراف المقيم للسائر في زيارة النبي صلى الله عليه وسلم	عبد الصمد بن عبد الوهاب بن أبي الحسن محمد بن هبة الله بن عبد الله بن الحسين أمين الدين أبو اليمن بن عساكر الدمشقي نزيل مكة (المتوفى: 686هـ)	ShamAY	26764	0.36883
		 موسوعة قرى ومدن لبنان 	 طوني مفرج 	ABLibrary	9267	0.3688
		شعر الشريف السبتي (ت760 هـ)	د. محمد هيثم غرة	ShamAY	34510	0.36872
		حديث الثقلين	خليفه عبيد كلباني عماني	Ghbook	7627	0.36871
		ذم البغى لابن أبي الدنيا	أبو بكر عبد الله بن محمد بن عبيد بن سفيان بن قيس البغدادي الأموي القرشي المعروف بابن أبي الدنيا (المتوفى: 281هـ)	ShamAY	8228	0.36859
		خطب الحسين عليه السلام في كربلاء	محمد مهدي آصفي	Ghbook	5957	0.36854
		فتاوى في صلاة الكسوف والخسوف	الواحدي :: ابن جبرين	ShamAY	37650	0.36853
		عوالي مسلم: أربعون حديثا منتقاة من صحيح مسلم	أبو الفضل أحمد بن علي بن محمد بن أحمد بن حجر العسقلاني (المتوفى: 852هـ)	ShamAY	26891	0.36853
		الجزء من فوائد حديث: أبي ذر عبد بن أحمد الهروي	أبو ذر عبيد بن أحمد بن محمد بن عبد الله بن غفير بن محمد الأنصاري الخراساني الهروي (المتوفى: 434هـ)	ShamAY	13143	0.3685
		 بغية المحتاج في المجرب من العلاج 	 الشيخ داود الأنطاكي 	ABLibrary	9960	0.3685
		عثمان بن مظعون	الشيخ فارس الحسون	Masaha	337	0.36845
		جواهر من أقوال الرسول	يَاسِر بْنُ أَحْمَدَ بْنِ محْمُودِ بْنِ أَحْمَدَ بْنِ أَبي الحَمْدِ الْكُوَيِّس الحَمَدَاني	ShamAY	1080	0.36838
		مسائل الإمام أحمد رواية أبي داود السجستاني	أبو عبد الله أحمد بن محمد بن حنبل بن هلال بن أسد الشيباني (المتوفى: 241هـ)	ShamAY	21487	0.36828
		مختصر الأحكام	السيد محمد رضا الگلپايگاني	Masaha	5141	0.36822
		أخبار المدينة	ابن زبالة	ShamAY	38434	0.36818
		ميزان المعدلة في شأن البسملة	جلال الدين السيوطي (911 هـ)	ShamAY	34341	0.36816
		التحفة الوسيمة شرح على الدرة اليتيمة	أبو عبد الله محمد عبد القادر بن محمد بن المختار بن أحمد العالم القبلوي الجزائري المالكي الشهير بالشيخ باي بلعالم (المتوفى: 1430 هـ)	ShamAY	1681	0.36816
		تنقيح مباني العروه: الاجاره	آيت الله العظمي ميرزا جواد تبريزي	Ghbook	12702	0.36813
		معجم المصطلحات القرآنية	الدكتور ف. عبد الرحيم (=فانيامبادي عبد الرحيم)	Sham19Y	2915	0.36812
		رسالة في مشروعية قنوت النوازل	حمود الشعيبي	ShamAY	33224	0.36809
		نداء إلى العفيفات {وَأَنْ يَسْتَعْفِفْنَ خَيْرٌ لَهُنَّ} الفضائل والعقبات	القسم العلمي بدار الوطن	ShamAY	531	0.36806
		المورد في عمل المولد (مطبوع ضمن: رسائل في حكم الإحتفال بالمولد النبوي)	عمر بن علي بن سالم بن صدقة اللخمي الإسكندري، تاج الدين الفاكهاني (المتوفى: 734هـ)	ShamAY	1042	0.36803
		 عبقات الأنوار في إمامة الأئمة الأطهار ( فارسي ) 	 السيد حامد النقوي 	ABLibrary	8494	0.368
		نشر الصحيفة في ذكر الصحيح من أقوال أئمة الجرح والتعديل في أبي حنيفة	أَبِو عَبد الرَّحمَن مُقْبلُ بنُ هَادِي بنِ مُقْبِلِ بنِ قَائِدَةَ (اسم رجل) الهَمْدَاني الوادعِيُّ (المتوفى: 1422هـ)	ShamAY	2020	0.36798
		كتاب الضعفاء- رجال ابن الغضائري‌	ابو الحسن احمد بن أبي عبد الله ابن الغضائري	Masaha	3681	0.36791
		زكاة الفطر - آداب، وأحكام، وشروط، ودرجات، ومسائل في ضوء الكتاب والسنة	د. سعيد بن علي بن وهف القحطاني	Sham19Y	96487	0.36788
		مسند إسحاق بن راهويه - ت البلوشي	إسحاق بن راهويه	ShamAY	38039	0.36782
		تهذيب الأحكام [ج ١٠]	أبي جعفر محمّد بن الحسن بن علي بن الحسن الطّوسي [ شيخ الطائفة ]	Rafed	752	0.36782
		تمهيد الفرش في الخصال الموجبة لظل العرش	عبد الرحمن بن أبي بكر، جلال الدين السيوطي (المتوفى: 911هـ)	ShamAY	222	0.36781
		رساله حول خبر ماريه القبطيه	محمد بن  محمد بن نعمان شيخ مفيد	Ghbook	2569	0.36773
		آداب العطاس شريف كمال عزب	شريف كمال عزب	ShamAY	35146	0.36771
		شرح الآجرومية - محمد حسن عبد الغفار	محمد حسن عبد الغفار	ShamelaY19	37704	0.36771
		مقاتل الطالبيين	ابو الفرج الأصفهاني	Masaha	2338	0.36771
		تثبيت الإمامة وترتيب الخلافة لأبي نعيم الأصبهاني	أبو نعيم أحمد بن عبد الله بن أحمد بن إسحاق بن موسى بن مهران الأصبهاني (المتوفى: 430ه)	Sham19Y	8221	0.36766
		جامع المسانيد لابن الجوزي	ابن الجوزي، عبد الرحمن بن علي (المتوفى: 597 ه)	ShamelaY19	148271	0.36764
		الشواهد المنتخبية لكتاب السيوطي	محمد علي مدرس	Ghbook	15815	0.36763
		الاعتبار في الناسخ والمنسوخ من الآثار	الحازمي	ShamelaY19	22868	0.36757
		إعراب القرآن الكريم وبيانه [ج ٢]	محيي الدين الدرويش	Rafed	2020	0.36754
		تحقيق الاحتجاج بالقدر لابن تيمية	تقي الدين أبو العباس أحمد بن عبد الحليم بن تيمية (المتوفى: 728ه)	Sham19Y	301	0.36749
		التحذير من وسائل التنصير	اللجنة الدائمة للبحوث العلمية والإفتاء	ShamAY	12918	0.36746
		رسالة لطيفة في أحاديث متفرقة ضعيفة	محمد بن أحمد بن عبد الهادي المقدسي (744 هـ)	ShamAY	34119	0.36746
		الإنابة إلى معرفة المختلف فيهم من الصحابة	علاء الدين بن قليط مغلطاي (المتوفى: 762 ه)	ShamelaY19	20761	0.36734
		الأحاديث التي حكم عليها الترمذي بالنكارة جمعا ودراسة	محمد بن تركي التركي	ShamAY	34020	0.36732
		مسائل حرب بن إسماعيل الكرماني (الطهارة والصلاة)	حرب بن إسماعيل الكرماني	ShamAY	34256	0.36729
		الفتن	نعيم بن حماد بن معاويه بن حارث خزاعي مروزي	Ghbook	6614	0.36727
		أحوال الرجال - ط الرسالة ت السامرائي	إبراهيم بن يعقوب بن إسحاق السعدي الجوزجاني، أبو إسحاق (المتوفى: 259هـ)	ShamAY	34603	0.36726
		إعراب القرآن الكريم وبيانه [ج ١]	محيي الدين الدرويش	Rafed	2019	0.36725
		 بغية الطلب في تاريخ حلب 	 عمر بن أحمد العقيلي الحلبي ( ابن العديم ) 	ABLibrary	819	0.36723
		مقام الامام جعفر الصادق ( عليه السلام ) في مدينه الامام الحسين ( عليه السلام )	رضوان سلامي	Ghbook	5020	0.36717
		رسالة في حكم التداوي بالخمر للشباسي	منة المنان	ShamAY	36165	0.36715
		وصية تقي الدين السبكي لولده محمد - سلسلة لقاء العشر الأواخر بالمسجد الحرام (20)	أبو الحسن تقي الدين علي بن عبد الكافي السبكي (المتوفى: 756 هـ)	ShamAY	32492	0.36706
		بحوث وفتاوى في المسح على الخفين	محمد بن صالح بن محمد العثيمين (المتوفى: 1421هـ)	ShamAY	11069	0.36703
		الرجعه	عبدالكريم بهبهاني	Ghbook	7550	0.36702
		الوجيز في علم التجويد	محمود سيبويه البدوي (المتوفى: 1415هـ)	ShamAY	5464	0.36698
		معجم السفر	صدر الدين، أبو طاهر السِّلَفي أحمد بن محمد بن أحمد بن محمد بن إبراهيم سِلَفَه الأصبهاني (المتوفى: 576هـ)	ShamAY	5805	0.36693
		الإصابة في تمييز الصحابة [ج ٨]	أحمد بن علي بن حجر العسقلاني	Rafed	3428	0.36691
		المبين في اصطلاحات الحكماء و المتكلمين	علي بن محمد آمدي	Ghbook	7940	0.36689
		إتحاف الزائر وإطراف المقيم للسائر في زيارة النبي صلى الله عليه وسلم	عبد الصمد بن عبد الوهاب بن أبي الحسن محمد بن هبة الله بن عبد الله بن الحسين أمين الدين أبو اليمن بن عساكر الدمشقي نزيل مكة (المتوفى: 686ه)	ShamelaY19	26764	0.36685
		مجموع فيه ثلاثة أجزاء حديثية - جرار	مجموعة من المؤلفين	Sham19Y	29857	0.36683
		الوجيز في ذكر المجاز والمجيز	صدر الدين، أبو طاهر السلفي أحمد بن محمد بن أحمد بن محمد بن إبراهيم سلفه الأصبهاني (المتوفى: 576ه)	Sham19Y	6031	0.36683
		محاضرات في تاريخ الجزائر الحديث (بداية الاحتلال)	أبو القاسم سعد الله (المتوفى: 1435ه)	ShamelaY19	123656	0.3668
		الأصول والضوابط	أبو زكريا محيي الدين يحيى بن شرف النووي (المتوفى: 676هـ)	ShamAY	6285	0.36679
		أحكام العقيقة	حسام الدين بن موسى محمد بن عفانة	ShamelaY19	37555	0.36679
		أنوار الفقاهة (كتاب الرهن)	الشيخ حسن كاشف الغطاء	Masaha	904	0.36678
		المدخل إلى كتاب الإكليل	أبو عبد الله الحاكم محمد بن عبد الله بن محمد بن حمدويه بن نُعيم بن الحكم الضبي الطهماني النيسابوري المعروف بابن البيع (المتوفى: 405هـ)	ShamAY	5997	0.36676
		الامامان الحسن و الحسين ( عليه السلام ) في احاديث المشتركه بين السنه و الشيعه	جمعي از نويسندگان	Ghbook	6062	0.36675
		الخطب والمواعظ لأبي عبيد	أبو عبيد القاسم بن سلام بن عبد الله الهروي البغدادي (المتوفى: 224ه)	Sham19Y	26510	0.36666
		أحاديث في فضل الإسكندرية وعسقلان	عثمان بن عبد الرحمن، أبو عمرو، تقي الدين المعروف بابن الصلاح (المتوفى: 643هـ)	ShamAY	30242	0.36663
		إعراب القرآن الكريم وبيانه [ج ٣]	محيي الدين الدرويش	Rafed	2027	0.36663
		الانتباه لما قال الحاكم ولم يخرجاه وهو في أحدهما أو روياه	محمد بن محمود بن إبراهيم عطية	ShamAY	32276	0.36662
		40 موقفا غضب فيها النبي صلى الله عليه وسلم	أبو إسلام أحمد بن علي	ShamAY	35138	0.36659
		الحيل الفقهية	أ. محمد غرم الله الفقيه	ShamAY	37516	0.36655
		البحرين في صدر الاسلام	عبدالرحمن عبدالكريم عاني	Ghbook	3875	0.36654
		رسالة في آل أعين	أبي غالب الرازي	Rafed	1786	0.36652
		تحفة الأمين فيمن يقبل قوله بلا يمين	صالح بن عمر بن رسلان البلقيني الشافعيّ شيخ الإسلام (المتوفى: 868هـ)	ShamAY	10049	0.36651
		تركة النبي صلى الله عليه وسلم والسبل التي وجهها فيها	أبو إسماعيل حماد بن إسحاق بن إسماعيل بن حماد بن زيد بن درهم الأزدي البغدادي المالكي (المتوفى: 267هـ)	ShamAY	22657	0.36648
		دور طلاب المنح في ترجمة السنة والسيرة النبوية	أميرة الصاعدي	ShamAY	37712	0.36644
		رسالة "أيَّ" المشددة	عثمان بن أحمد بن سعيد بن عثمان بن قائد النجدي الحنبلي (المتوفى: 1097هـ)	ShamAY	6990	0.36637
		مقاتل الطالبيين	علي بن الحسين بن محمد بن أحمد بن الهيثم المرواني الأموي القرشي، أبو الفرج الأصبهاني (المتوفى: 356ه)	Sham19Y	12404	0.36636
		بلدان الخلافه الشرقيه	كي لسترنج	Ghbook	8923	0.36635
		الفوائد والزهد والرقائق والمراثي	أبو محمد جعفر بن محمد بن نصير بن قاسم البغدادي المعروف بـ الخلدي (المتوفى: 348هـ)	ShamAY	9310	0.36633
		إمتاَعُ الفُضَلاء بتَراجِم القرّاء فِيما بَعدَ القَرن الثامِن الهِجري	إلياس بن أحمد حسين - الشهير بالساعاتي - بن سليمان بن مقبول علي البرماوي	ShamAY	31681	0.3663
		تاريخ مدينة دمشق [ج ٦٨]	أبي القاسم علي بن الحسن ابن هبة الله بن عبد الله الشافعي [ ابن عساكر ]	Rafed	2558	0.36629
		الأمة الإسلامية وحدتها ووسطيتها وىفاق المستقبل	أبو الحسن الندوي	ShamAY	34778	0.36625
		اللهوف	سيد رضي الدين علي بن موسي بن طاووس ابن طاووس	Ghbook	2457	0.3662
		عقد المرابحة ضوابطه الشرعية وصياغته المصرفية وانحرافاته التطبيقية	د الواثق عطا المنان محمد أحمد	ShamAY	36592	0.36617
		حدود العالم من المشرق الى المغرب	مؤلف: حدود العالم من المشرق إلى المغرب	Sham19Y	10809	0.36614
		الطهارة (مطبوع ضمن مؤلفات الشيخ محمد بن عبد الوهاب، الجزء الثالث)	محمد بن عبد الوهاب بن سليمان التميمي النجدي (المتوفى: 1206هـ)	ShamAY	8383	0.36613
		مقتل أمير المؤمنين علي بن أبي طالب لابن أبي الدنيا - ط أطلس الخضراء = مقابل	أبو بكر عبد الله بن محمد ابن أبي الدنيا	ShamAY	38111	0.36606
		آرشيو دروس خارج اصول آيت الله سيد عليرضا حائري 32-31	آيت  الله سيد عليرضا حائري	Ghbook	14492	0.366
		مجموع فيه ثلاثة أجزاء حديثية - جرار	مجموعة من المؤلفين	ShamAY	84	0.3659
		مرشد الحيران إلى معرفة أحوال الإنسان	محمد قدري باشا (المتوفى: 1306هـ)	ShamAY	31993	0.36589
		مسند أبي حنيفة رواية الحصكفي	أبو حنيفة النعمان بن ثابت بن زوطي بن ماه (المتوفى: 150هـ)	ShamAY	29120	0.36589
		الاعتبار في الناسخ والمنسوخ من الآثار	أبو بكر محمد بن موسى بن عثمان الحازمي الهمداني، زين الدين (المتوفى : 584هـ)	ShamAY	22868	0.36586
		أم المؤمنين سودة بنت زمعة	خالد الحمودي	ShamelaY19	95676	0.36576
		تنقيح مباني العروة - كتاب الاعتكاف	آيت الله العظمي ميرزا جواد تبريزي	Ghbook	10099	0.36574
		الإرهاب وإشكاليات المفهوم والانتماء والمواجهة	حسن بن فهد الهويمل	ShamAY	33366	0.36572
		الكوثر في أحوال فاطمة بنت النبي الأعظم(ع) - الجزء2	السيد محمد باقر الموسوي‏	Masaha	2917	0.36568
		الامام علي بن الحسين عليهما السلام و حقوق الانسان	حسين شحادة	Ghbook	6358	0.36566
		بيع المرابحة للآمر بالشراء - دراسة تطبيقية في ضوء تجربة شركة بيت المال الفلسطيني العربي	حسام الدين بن موسى محمد بن عفانة	ShamAY	979	0.36564
		المصفى بأكف أهل الرسوخ من علم الناسخ والمنسوخ	جمال الدين أبو الفرج عبد الرحمن بن علي بن محمد الجوزي (المتوفى: 597هـ)	ShamAY	8554	0.36564
		المدخل إلى كتاب الإكليل	أبو عبد الله الحاكم محمد بن عبد الله بن محمد بن حمدويه بن نعيم بن الحكم الضبي الطهماني النيسابوري المعروف بابن البيع (المتوفى: 405ه)	Sham19Y	5997	0.36563
		 الدر المنثور في التفسير بالمأثور 	 جلال الدين السيوطي 	ABLibrary	913	0.36563
		مسائل حرب الكرماني للإمامين: أحمد بن حنبل وإسحاق بن راهويه، من قوله: (باب الماء الذي لا ينجسه شيء) إلى آخر كتاب الطهارة دراسةً وتحقيقًا	أبو محمد حرب بن إسماعيل بن خلف الكرماني (المتوفى: 280 هـ)	ShamAY	32506	0.36561
		نصب الفاعل (شبهة ورد)		ShamAY	37026	0.36558
		مسائل حرب الكرماني للإمامين: أحمد بن حنبل وإسحاق بن راهويه، من قوله: (باب الماء الذي لا ينجسه شيء) إلى آخر كتاب الطهارة دراسة وتحقيقا	أبو محمد حرب بن إسماعيل بن خلف الكرماني (المتوفى: 280 ه)	Sham19Y	13977	0.36558
		أمالي الأذكار في فضل صلاة التسبيح	أبو الفضل أحمد بن علي بن محمد بن أحمد بن حجر العسقلاني (المتوفى: 852ه)	ShamelaY19	29563	0.36553
		منهج الامام الصادق ( عليه السلام ) في مواجهه مشكلات العصر	زهير كنج	Ghbook	5025	0.36552
		الجزية في ظل الدول الإسلامية اليوم	د. حمزة عبد الكريم حماد	ShamAY	36381	0.36549
		من حديث أبي سعيد عيسى بن سالم الشاشي	أبو سعيد عيسى بن سالم الشاشي	ShamAY	33604	0.36547
		المنطق	الشيخ محمّد رضا المظفّر	Rafed	1604	0.36544
		انوار الفقاهه - كتاب الرهن	حسن بن جعفر بن خضر نجفي كاشف الغطاء	Ghbook	12070	0.36543
		التمهيد والبيان في مقتل الشهيد عثمان	أبو عبد الله محمد بن يحيى بن محمد بن يحيى بن أحمد بن محمد بن بكر الأشعري المالقي الأندلسي (المتوفى: 741هـ)	ShamAY	6649	0.36541
		الثغر البسام في ذكر من ولى قضاة الشام	الواحدي :: ابن طولون	ShamAY	35856	0.36533
		معجم الكتب	يوسف بن حسن بن أحمد بن حسن ابن عبد الهادي الصالحي، جمال الدين، ابن المبرد الحنبلي (المتوفى: 909هـ)	ShamAY	10737	0.36525
		أتوعد سنات الرسول بمحوها	محمد تقي الدين الهلالي	ShamAY	5184	0.36512
		مقاتل الطالبيين	علي بن الحسين بن محمد بن أحمد بن الهيثم المرواني الأموي القرشي، أبو الفرج الأصبهاني (المتوفى: 356هـ)	ShamAY	12404	0.36511
		 نبراس الضياء وتسواء السواء 	 السيد محمد باقر الداماد ( الميرداماد ) 	ABLibrary	8659	0.36511
		غريب القرآن لقاسم الحنفي	قاسم الحنفي	ShamAY	36822	0.3651
		دليل مكتبة المرأة المسلمة	أحمد بن عبد العزيز السليمان الحمدان	ShamelaY19	31356	0.36508
		المسائل الطوسية	الشيخ المفيد	Masaha	986	0.36495
		موسوعة قرى ومدن لبنان [ج ١]	طوني مفرّج	Rafed	2574	0.36494
		ثواب القرب المهداة إلى أموات المسلمين - فضائل، وآداب، وأنواع، وأحكام في ضوء الكتاب والسنة	د. سعيد بن علي بن وهف القحطاني	ShamAY	1834	0.36492
		الثالث من أمالي ابن الصلاح	تقي الدين أبي عمرو عثمان بن عبد الرحمن الشهرزوري الشهير بابن الصلاح	ShamAY	33711	0.36491
		الخطب والمواعظ لأبي عبيد	أبو عُبيد القاسم بن سلاّم بن عبد الله الهروي البغدادي (المتوفى: 224هـ)	ShamAY	1328	0.36486
		النحو العربي [ج ٤]	إبراهيم إبراهيم بركات	Rafed	1946	0.36486
		في التعريب والمعرب وهو المعروف بحاشية ابن بري	عبد الله بن بَرّي بن عبد الجبار المقدسي الأصل المصري، أبو محمد، ابن أبي الوحش (المتوفى: 582هـ)	ShamAY	7060	0.36485
		خلق أفعال العباد للبخاري	محمد بن إسماعيل بن إبراهيم بن المغيرة البخاري، أبو عبد الله (المتوفى: 256هـ)	ShamAY	9697	0.36484
		القناعة والتعفف لابن أبي الدنيا - ط أطلس الخضراء = مقابل	أبو بكر عبد الله بن محمد ابن أبي الدنيا	ShamAY	38057	0.36484
		اعمال ليالي القدر	حسين رضوي	Ghbook	11879	0.36466
		الجمع بين الصلاتين	المجمع العالمي لاهل البيت عليهم السلام	Ghbook	7543	0.36465
		 مسند الإمام الصادق ( ع ) 	 الشيخ عزيز الله عطاردي 	ABLibrary	7734	0.36463
		 تاريخ الموصل 	 يزيد بن محمد الأزدي 	ABLibrary	9008	0.3646
		ديوان قيس بن الخطيم	قيس بن الخطيم	ShamelaY19	149873	0.36457
		تاريخ الإسلام ووفيات المشاهير والأعلام [ج ٤٦]	شمس الدين محمّد بن أحمد بن عثمان الذّهبي	Rafed	3640	0.3645
		عُمْدَةُ الكُتَّاب وعُدَّةُ ذوي الألباب (فيه صفة الخطّ والأقلام والمداد والليق والحبر والأصباغ وآلة التَّجْليد)	المُعِزّ بن بادِيس بن المنصور التَّميمي الصنهاجي (المتوفى: 454هـ)	ShamAY	826	0.36448
		الفارابي في حدوده ورسومه (معجم فلسفي)	جعفر آل ياسين	ShamAY	34798	0.36447
		دراسات في الفن الصحفي	إبراهيم إمام	ShamAY	11735	0.36447
		المناظر	ابن الهيثم	ShamAY	35933	0.36441
		المخلصيات وأجزاء أخرى لأبي طاهر المخلص	محمد بن عبد الرحمن بن العباس بن عبد الرحمن بن زكريا البغدادي المخَلِّص (المتوفى: 393هـ)	ShamAY	9107	0.36439
		جزء فيه طرق حديث عبد الرحمن بن أبي ليلى عن كعب بن عجرة في الصلاة على النبي صلى الله عليه وسلم	شَرَفُ الدِّيْنِ، عَلِيُّ بنُ المُفَضَّلِ بنِ عَلِيِّ بنِ مُفَرِّجِ بنِ حَاتِمِ بنِ حَسَنِ بنِ جَعْفَرٍ المَقْدِسِيُّ (المتوفى: 611هـ)	ShamAY	3981	0.36436
		الإمام في معرفة أحاديث الأحكام - ت آل حميد	ابن دقيق العيد	ShamAY	33975	0.3643
		تنقيح التحقيق للذهبي	الذهبي، شمس الدين	ShamelaY19	22848	0.3643
		تهذيب الأحكام [ج ٨]	أبي جعفر محمّد بن الحسن بن علي بن الحسن الطّوسي [ شيخ الطائفة ]	Rafed	745	0.3643
		يثرب في شعر شعرائها	الدكتور عدنان أحمد - علي أحمد يونس	ShamAY	34506	0.36425
		دليل تحرير الوسيلة (المضاربة)	علي اكبر سيفي مازندراني	Ghbook	9146	0.36425
		جمهرة نسب قريش وأخبارها	الزبير بن بكار بن عبد الله القرشي الأسدي المكي (المتوفى: 256ه)	ShamelaY19	26525	0.36417
		مجموعة رسائل بان أبي الدنيا كتاب التوكل على الله	أبو بكر عبد الله بن محمد بن عبيد بن سفيان بن قيس البغدادي الأموي القرشي المعروف بابن أبي الدنيا (المتوفى: 281ه)	Sham19Y	8254	0.36417
		وارث الانبياء ( حول زياره الوارث لسيد الشهداء عليه السلام )	محمد مهدي آصفي	Ghbook	5997	0.36415
		بر الوالدين - مفهوم, وفضائل، وآداب, وأحكام في ضوء الكتاب والسنة	د. سعيد بن علي بن وهف القحطاني	ShamAY	1830	0.3641
		السجن و النفي في مصادر التشريع الاسلامي	نجم الدين طبسي	Ghbook	9547	0.36408
		قرب الإسناد	أبي العباس عبد الله بن جعفر الحميري	Rafed	376	0.36404
		رسالة في حرمة استماع الملاهي	محمد حسين الطوري	ShamAY	36164	0.36403
		مسائل الإمام أحمد رواية أبي داود سليمان بن الأشعث السجستاني	السجستاني، أبو داود	ShamAY	34257	0.36399
		آراء المراجع في الحج - الجزء1	الشيخ علي الافتخاري الگلپايگاني	Masaha	4864	0.36399
		الوجيز في ذكر المجاز والمجيز	صدر الدين، أبو طاهر السِّلَفي أحمد بن محمد بن أحمد بن محمد بن إبراهيم سِلَفَه الأصبهاني (المتوفى: 576هـ)	ShamAY	6031	0.36397
		 دلائل النبوة ومعرفة أحوال صاحب الشريعة 	 أحمد بن الحسين البيهقي 	ABLibrary	933	0.36395
		الإيمان لابن أبي شيبة	أبو بكر بن أبي شيبة، عبد الله بن محمد بن إبراهيم بن عثمان بن خواستي العبسي (المتوفى: 235هـ)	ShamAY	7767	0.36392
		البقيع	مركز تحقيقات حج	Ghbook	10448	0.36391
		سجود السهو - مشروعيته ومواضعه وأسبابه في ضوء الكتاب والسنة	د. سعيد بن علي بن وهف القحطاني	ShamelaY19	96490	0.36387
		صفة الجنة وما أعد الله لأهلها من النعيم	أبو بكر عبد الله بن محمد بن عبيد بن سفيان بن قيس البغدادي الأموي القرشي المعروف بابن أبي الدنيا (المتوفى: 281هـ)	ShamAY	1430	0.36383
		النظام التعليمي	الدكتور زهير الاعرجي	Rafed	71	0.36382
		ديوان عمارة بن عقيل (المتوفي: 239 ه)	عمارة بن عقيل	ShamelaY19	149872	0.36375
		جزء فيه طرق حديث عبد الرحمن بن أبي ليلى عن كعب بن عجرة في الصلاة على النبي صلى الله عليه وسلم	شرف الدين، علي بن المفضل بن علي بن مفرج بن حاتم بن حسن بن جعفر المقدسي (المتوفى: 611ه)	Sham19Y	3981	0.36373
		المخصّص [ج ٧]	أبي الحسن علي بن إسماعيل بن سيده المرسي [ ابن سيده ]	Rafed	3551	0.3637
		الصمدية	بهاءالدين محمد بن حسين شيخ بهائي	Ghbook	15381	0.36369
		مناقب الشافعي للأبري	محمد بن الحسين بن إبراهيم بن عاصم، أبو الحسن الآبري السجستاني (المتوفى: 363هـ)	ShamAY	26768	0.36367
		ترجمة الأئمة الأربعة	أبو حمزة الشامي	ShamAY	35817	0.36361
		مصطلح حسن عند الترمذي	الدكتور عبد القادر المحمدي	ShamAY	37289	0.3636
		شرح زيارة عاشوراء	الملّا حبيب الله الشريف الكاشاني	Rafed	2604	0.3636
		رائد التجديد الإسلامي محمد بن العنابي (المتوفى 1850 م) صاحب كتاب السعي المحمود في نظام الجنود	أبو القاسم سعد الله (المتوفى: 1435ه)	ShamelaY19	123661	0.36351
		عشر من الخصال للباحثات عن الجمال	محمد العماري	ShamelaY19	36441	0.36349
		دار الحديث الأشرفية معلم حضاري للأمة في مسيرة ثمانية قرون	الشيخ محمد مجير الخطيب الحسني	ShamAY	37117	0.36347
		الغنية فهرست شيوخ القاضي عياض	عياض بن موسى بن عياض بن عمرون اليحصبي السبتي، أبو الفضل (المتوفى: 544ه)	ShamelaY19	26463	0.36339
		 الحقائق من الصواعق 	 عبد الله محمدى / محمد حسين رحيميان 	ABLibrary	8413	0.36339
		الفرق بين الضاد والظاء فى كتاب الله عز وجل وفى المشهور من الكلام	عثمان بن سعيد بن عثمان بن عمر أبو عمرو الداني (المتوفى: 444ه)	ShamelaY19	26988	0.36337
		قدم صدق مع الحسين ( عليه السلام )	آيت الله العظمي حسيني	Ghbook	7764	0.36336
		علل التثنية	أبو الفتح عثمان بن جني الموصلي (المتوفى: 392هـ)	ShamAY	6995	0.36328
		فضائل بيت المقدس لابن المرجى المقدسي	أبو المعالي المشرف بن المرجى بن إبراهيم المقدسي (492 هـ)	ShamAY	33632	0.36328
		عقائد الشيعة الاثنى عشرية 133 سؤالاً وجواباً	عبد الرحمن بن سعد الشثري	ShamAY	35685	0.36326
		تفجر البراكين	حسن شيرازي	Ghbook	7976	0.36314
		العزلة للخطابي	أبو سليمان حمد بن محمد بن إبراهيم بن الخطاب البستي المعروف بالخطابي (المتوفى: 388هـ)	ShamAY	13042	0.3631
		المسند الصحيح المختصر بنقل العدل عن العدل إلى رسول الله صلى الله عليه وسلم	أبو الحسين مسلم بن الحجاج القشيري النيسابوري	ShamAY	33938	0.3631
		آداب الحوار من خلال سيرة مصعب بن عمير رضي الله عنه	عدنان بن سليمان بن مسعد الجابري	ShamAY	31922	0.36309
		إخبار الطبيب الزوج الصحيح بنتائج فحوص زوجه المريض المؤثرة عليه	عبد الفتاح إدريس	ShamAY	36695	0.36308
		شرح مشيخة تهذيب الأحكام	السيد حسن الموسوي الخرسان	Rafed	753	0.36304
		العمل الصالح (ويتقدمه رسم شجري لبعض مصطلحات الحديث)	سامي محمد	ShamAY	1162	0.36298
		بيع المرابحة للآمر بالشراء	د. محمد صرصور	ShamAY	33205	0.36296
		الاهتمام بالسنة النبوية بلغة الهوسا	محمد الثاني بن عمر موسى	ShamAY	7557	0.36294
		البنوك	آيت الله شيخ محمد اسحاق فياض	Ghbook	15339	0.36294
		شعب الإيمان لابن كثير	الحافظ عماد الدين أبي الفداء إسماعيل بن عمر بن كثير القرشي الدمشقي الشافعي	ShamAY	34307	0.36288
		حرمة الإفساد في الأرض	عبد العزيز بن عبد الله آل الشيخ	ShamAY	31088	0.36286
		ترجمة الشيخ عبدالرحمن الدوسري		ShamAY	35818	0.36279
		الجواهر المضية في طبقات الحنفية	عبد القادر بن محمد بن نصر الله القرشي، أبو محمد، محيي الدين الحنفي (المتوفى: 775هـ)	ShamAY	6725	0.36278
		 لحظ الألحاظ بذيل طبقات الحفاظ 	 محمد بن محمد ابن محمد بن فهد الهاشمي المكي 	ABLibrary	830	0.36274
		مناهج المستشرقين في ترجمات معاني القرآن الكريم		ShamAY	36951	0.3627
		منجد المقرئين ومرشد الطالبين	شمس الدين أبو الخير ابن الجزري، محمد بن محمد بن يوسف (المتوفى: 833هـ)	ShamAY	8677	0.36267
		قرة عيون المصلين في بيان صفة صلاة المحسنين من التكبير إلى التسليم في ضوء الكتاب والسنة	د. سعيد بن علي بن وهف القحطاني	ShamAY	1868	0.36265
		الإسناد عند علماء القراءات	د. محمد بن سيدي محمد محمد الأمين	ShamAY	8754	0.36264
		الأوائل لأبي عروبة الحراني	أبو عروبة الحسين بن محمد بن أبي معشر مودود السلمي الجزري الحراني (المتوفى: 318ه)	Sham19Y	5744	0.36264
		العزلة والانفراد لابن أبي الدنيا - ط أطلس الخضراء = مقابل	أبو بكر عبد الله بن محمد ابن أبي الدنيا	ShamAY	38169	0.36263
		المبشرون والمستشرقون في موقفهم من الإسلام	محمد البهي (المتوفى: 1402ه)	ShamelaY19	36148	0.36262
		 مسند الإمام الصادق ( ع ) 	 الشيخ عزيز الله عطاردي 	ABLibrary	7716	0.36262
		أحاديث العقيقة من سنن أبي داود تخريج ودراسة	موسى ميغا	ShamAY	36652	0.36261
		ديوان مهلهل بن ربيعة	عدي بن ربيعة بن الحارث بن مرة بن هبيرة التغلبي الوائلي. بني جشم، من تغلب (توفي 94 ق. هـ/531 م).	ShamAY	37862	0.3626
		 منتهى المطلب ( ط . ج ) 	 العلامة الحلي 	ABLibrary	9325	0.36255
		صحيفه الزهراء / صحيفه حضرت زهراء ( سلام الله عليها )	جواد قيومي اصفهاني	Ghbook	7134	0.36253
		مزيد النعمة لجمع أقوال الأئمة	حسين بن محمد المحلي الشافعي المصري (المتوفى: 1170هـ)	ShamAY	11577	0.36252
		المنتخب من العلل للخلال - ط الفاروق	أبو بكر أحمد بن محمد بن هارون الخلال	ShamAY	34173	0.36252
		فتاوى رمضان (مجموعة فتاوى مفرغة)	ناصر الدين الألباني	ShamAY	33159	0.36246
		الخطب والمواعظ لأبي عبيد	أبو عبيد القاسم بن سلام بن عبد الله الهروي البغدادي (المتوفى: 224ه)	ShamelaY19	26510	0.36244
		الصحيح في كشف بيت فاطمه عليها السلام	مهدي خداميان آراني	Ghbook	9578	0.36244
		تاريخ أمراء المدينة المنورة	عارف أحمد عبد الغني	Masaha	4115	0.36243
		تنقيح التحقيق في أحاديث التعليق	شمس الدين أبو عبد الله محمد بن أحمد بن عثمان بن قَايْماز الذهبي (المتوفى : 748هـ)	ShamAY	22848	0.3624
		من سنن النبي صلي الله عليه و آله: البكاءعلي الميت	مرتضي عسكري	Ghbook	7534	0.36237
		بعض فوائد صلح الحديبية (مطبوع ضمن مؤلفات الشيخ محمد بن عبد الوهاب، الجزء الثاني عشر)	محمد بن عبد الوهاب بن سليمان التميمي النجدي (المتوفى: 1206ه)	Sham19Y	11070	0.36227
		الفرق بين الضاد والظاء فى كتاب الله عز وجل وفى المشهور من الكلام	عثمان بن سعيد بن عثمان بن عمر أبو عمرو الداني (المتوفى: 444هـ)	ShamAY	1448	0.36226
		منهج أهل السنة والجماعة في السمع والطاعة	قرار هيئة كبار العلماء - عبد العزيز بن عبد الله بن باز (المتوفى: 1420هـ)	ShamAY	9677	0.36223
		جمهرة نسب قريش وأخبارها	الزبير بن بكار بن عبد الله القرشي الأسدي المكي (المتوفى: 256هـ)	ShamAY	26525	0.3622
		 مسند الإمام الكاظم ( ع ) 	 الشيخ عزيز الله عطاردي 	ABLibrary	7738	0.36218
		آرشيو دروس خارج اصول آيت الله سيد عليرضا حائري 36	آيت  الله سيد عليرضا حائري	Ghbook	14514	0.36217
		توالي التأنيس بمعالي ابن إدريس لابن حجر	الواحدي :: ابن حجر العسقلاني	ShamAY	33633	0.36214
		ليلة عاشوراء في الحديث والأدب	الشيخ عبد الله الحسن	Rafed	207	0.36213
		النحو العربي [ج ١]	إبراهيم إبراهيم بركات	Rafed	1942	0.36212
		كيف تربي ولدك	ليلى بنت عبد الرحمن الجريبة	ShamAY	31321	0.36211
		وفاة النبي - صلى الله عليه وسلم - «وأظلمت المدينة»	نزار عبد القادر بن محمد الريان النعلاواني العسقلاني (المتوفى: 1430 ه)	Sham19Y	17620	0.36211
		تثبيت الإمامة وترتيب الخلافة لأبي نعيم الأصبهاني	أبو نعيم أحمد بن عبد الله بن أحمد بن إسحاق بن موسى بن مهران الأصبهاني (المتوفى: 430هـ)	ShamAY	8221	0.3621
		الأصل المعروف بالمبسوط للشيباني	أبو عبد الله محمد بن الحسن بن فرقد الشيباني (المتوفى: 189هـ)	ShamAY	6164	0.36204
		شعب المقال في درجات الرجال	ابوالقاسم بن محمد بن احمد ابوالقاسم نراقي	Ghbook	9011	0.36203
		دعوة العاملات المنزليات إلى الله تعالى	عبير الشلهوب	ShamAY	38829	0.36199
		ذم البغي لابن أبي الدنيا - ط أطلس الخضراء = مقابل	أبو بكر عبد الله بن محمد ابن أبي الدنيا	ShamAY	38097	0.36191
		ديوان سويد بن أبي كاهل اليشكري	ابن أبي كاهل	ShamelaY19	149485	0.3619
		ورقات إرشادية في البحوث الصفية	إسحاق بن عبد الله السعدي	ShamAY	33457	0.36171
		الزهد لأسد بن موسى	أبو سعيد أسد بن موسى بن إبراهيم بن الوليد بن عبد الملك بن مروان الأموي القرشي الملقب بأسد السنة (المتوفى: 212هـ)	ShamAY	263	0.36171
		الفوائد الجلية في المباحث الفرضية	عبد العزيز بن عبد الله بن باز (المتوفى: 1420هـ)	ShamAY	31241	0.3617
		ديوان حاتم الطائي	حاتم بن عبد الله بن سعد بن الحشرج بن أمرئ القيس	ShamAY	37913	0.3617
		تذكر منزلك بعد الموت	أزهري أحمد محمود	ShamelaY19	36384	0.36163
		مناسك الحج	آيت الله العظمي حسيني	Ghbook	8006	0.36163
		الملاحن (مطبوع ضمن «درة الغواص وشرحها وحواشيها وتكملتها»)	أبو بكر محمد بن الحسن ابن دريد الأزدي	ShamAY	38973	0.36154
		حقوق الإنسان الثقافية بين الشريعة الإسلامية والمواثيق الدولية	داود حلس	ShamAY	36642	0.36152
		 غاية الإتقان في تدبير بدن الإنسان 	 صالح نصر الله ابن سلوم الحلبي 	ABLibrary	9970	0.36149
		 إثبات الهداة بالنصوص والمعجزات 	 الحر العاملي 	ABLibrary	7391	0.36149
		السنة لأبي بكر بن الخلال	أبو بكر أحمد بن محمد بن هارون بن يزيد الخَلَّال البغدادي الحنبلي (المتوفى: 311هـ)	ShamAY	1077	0.36147
		نسخة السري بن سهل	السري بن سهل الجنديسابوري (المتوفى: 346ه)	ShamelaY19	28851	0.36147
		متن قطر الندي و بل الصدي	جمال  الدين  عبدالله بن  يوسف  بن  هاشم النحوي	Ghbook	15490	0.36147
		الجمرات في الماضي و الحاضر	آيت الله العظمي ناصرمكارم شيرازي	Ghbook	3280	0.36146
		 سلسلة المسائل الفقهية 	 الشيخ السبحاني 	ABLibrary	9585	0.36141
		دور الإعلام في التضامن الإسلامي	إبراهيم إمام	ShamAY	10245	0.3614
		شروط الدعاء وموانع الإجابة في ضوء الكتاب والسنة	د. سعيد بن علي بن وهف القحطاني	ShamelaY19	96496	0.36137
		مستخرج البجيري على الجامع الصحيح للبخاري - مخطوط	أبو حفص عمر بن محمد بن بجير البجيري	ShamAY	38638	0.36131
		صيغة فعلان واستعمالاتها في اللغة العربية	مصطفى أحمد النماس	ShamAY	23075	0.36129
		أحسن الدلالات في حل الإشكالات عن أحكام أولاد الكلالات	الشيخ محمد صالح المازندراني	Masaha	4915	0.36126
		مفاكهة الخلان في حوادث الزمان	شمس الدين محمد بن علي بن خمارويه بن طولون الدمشقي الصالحي الحنفي (المتوفى: 953ه)	ShamelaY19	26578	0.36125
		تسهيل السابلة لمريد معرفة الحنابلة ويليه «فائت التسهيل»	صالح بن عبد العزيز بن علي آل عثيمين الحنبلي مذهبا، النجدي القصيمي البردي (1320 ه - 1410 ه)	ShamelaY19	132527	0.36124
		من حديث أبي عبيدة مجاعة بن الزبير العتكي البصري	مُجَّاعَةُ بنُ الزُّبَيْرِ البَصْرِيُّ (المتوفى: 146هـ)	ShamAY	1359	0.36123
		منتقى من أخبار الأصمعي للربعي	عبد الله بن أحمد بن ربيعة بن زبر الربعي، أبو محمد (المتوفى: 329هـ)	ShamAY	26875	0.36121
		التعويض عن الأضرار المترتبة على المماطلة في الديون	الدكتور/ سلمان بن صالح الدخيل	ShamAY	36300	0.3612
		الأوائل لأبي عروبة الحراني	أبو عروبة الحسين بن محمد بن أبي معشر مودود السُّلَمي الجَزَري الحرَّاني (المتوفى: 318هـ)	ShamAY	5744	0.36118
		ديوان الأفوه الأودي	الأفوه الأودي	ShamAY	31973	0.361
		 موسوعة قرى ومدن لبنان 	 طوني مفرج 	ABLibrary	9275	0.36098
		زبد العلوم وصاحب المنطوق والمفهوم	يوسف بن عبد الهادي المقدسي الحنبلي (841 - 909 ه)	ShamelaY19	133413	0.36082
		مناقب الشافعي للأبري	محمد بن الحسين بن إبراهيم بن عاصم، أبو الحسن الآبري السجستاني (المتوفى: 363ه)	ShamelaY19	26768	0.36082
		القواعد الأربع (مطبوع ضمن مؤلفات الشيخ مجمد بن عبد الوهاب، الجزء الأول)	محمد بن عبد الوهاب بن سليمان التميمي النجدي (المتوفى: 1206هـ)	ShamAY	8524	0.36076
		مجلس آخر من المجموع، ومن حديث أويس القرني، وحديث هامة بن الهيم بن لاقيس- مخطوط	المقدسي، أحمد بن عبد الواحد	ShamAY	32791	0.36076
		جزء من تخريج أحمد بن عبد الواحد البخاري	الشمس، أبو العباس أحمد بن عبد الواحد بن أحمد المقدسي، الحنبلي، الملقب بالبخاري (المتوفى: 623ه)	ShamelaY19	30055	0.36075
		كشف الغمه في معرفه الائمه ( عليه السلام )	علي بن عيسي اربلي	Ghbook	2647	0.36059
		مسائل الإمام أحمد بن حنبل وابن راهويه (دار الهجرة)	إسحاق بن منصور بن بهرام الكوسج أبو يعقوب التميمي المروزي	ShamAY	34258	0.36052
		كتاب السبعة في القراءات	أحمد بن موسى بن العباس التميمي، أبو بكر بن مجاهد البغدادي (المتوفى: 324ه)	Sham19Y	5530	0.36052
		طب النبي	جعفر بن محمد المستغفري	Masaha	1741	0.3605
		نظره الشيعه	آيت الله العظمي سيد محمد حسيني شيرازي	Ghbook	7856	0.36041
		قنوت النوازل	يوسف الأحمد	ShamAY	36174	0.36022
		الأهوال لابن أبي الدنيا - ط أطلس الخضراء = مقابل	أبو بكر عبد الله بن محمد ابن أبي الدنيا	ShamAY	38071	0.36018
		الزهد والرقائق للخطيب البغدادي	الخطيب البغدادي	ShamelaY19	22551	0.36018
		فوائد أبي محمد الفاكهي	عبد الله بن محمد بن العباس الفاكهي، أبو محمد المكي (المتوفى: 353هـ)	ShamAY	9323	0.36017
		الحواشي على درة الغواص (مطبوع ضمن «درة الغواص وشرحها وحواشيها وتكملتها»)	ابن بِرِّي وابن ظفر	ShamAY	38971	0.36014
		احكام النساء (الحج)	محمد بن  محمد بن نعمان شيخ مفيد	Ghbook	2915	0.36012
		التداوي بالأعشاب	الدكتور أمين رويحة	ShamAY	34802	0.36007
		الجامع في الخاتم للبيهقي	أحمد بن الحسين بن علي بن موسى الخُسْرَوْجِردي الخراساني، أبو بكر البيهقي (المتوفى: 458هـ)	ShamAY	9300	0.36007
		كتاب المباني لم يعد مجهول المؤلف	السالم الشنقيطي	ShamAY	34523	0.36006
		مسند الإمام الشافعي (ترتيب سنجر)	الشافعي أبو عبد الله محمد بن إدريس بن العباس بن عثمان بن شافع بن عبد المطلب بن عبد مناف المطلبي القرشي المكي (المتوفى: 204هـ)	ShamAY	9615	0.36005
		إمتاع الفضلاء بتراجم القراء فيما بعد القرن الثامن الهجري	إلياس بن أحمد حسين - الشهير بالساعاتي - بن سليمان بن مقبول علي البرماوي	ShamelaY19	121374	0.35999
		بحث حول الاستسقام ( مشروعية الاستخارة )	آيت الله العظمي لطف اللّه صافي گلپايگاني	Ghbook	9160	0.3599
		شرح ابن عقيل [ج ٢]	محمّد محيى الدين عبد الحميد	Rafed	1870	0.35984
		صفة الجنة لابن أبي الدنيا - ط أطلس الخضراء = مقابل	أبو بكر عبد الله بن محمد ابن أبي الدنيا	ShamAY	38150	0.35977
		الضيافة في الكتاب و السنة	محمد محمدي ري شهري	Ghbook	15986	0.35977
		المذكر والتذكير والذكر لابن أبي عاصم - ط الصحابة (مقابل)	أبو بكر أحمد بن عمرو بن أبي عاصم الضحاك بن مخلد الشيباني	ShamAY	33656	0.35965
		المورد في عمل المولد (مطبوع ضمن: رسائل في حكم الإحتفال بالمولد النبوي)	عمر بن علي بن سالم بن صدقة اللخمي الإسكندري، تاج الدين الفاكهاني (المتوفى: 734ه)	ShamelaY19	36626	0.35964
		 مسند الإمام الباقر ( ع ) 	 الشيخ عزيز الله عطاردي 	ABLibrary	7711	0.35964
		قصه البدء	حسن شيرازي	Ghbook	7979	0.35964
		رسالة طرق حديث « من كنت مولاه فعلي مولاه »	شمس الدين محمّد بن أحمد بن عثمان الذّهبي	Rafed	744	0.35961
		 موسوعة قرى ومدن لبنان 	 طوني مفرج 	ABLibrary	9273	0.35957
		الغاية القصوي في التعليق علي العروة الوثقي - كتاب الاجارة	آيت الله العظمي سيد تقي طباطبايي قمي	Ghbook	9540	0.35955
		تأخير الظلامة إلى يوم القيامة للسيوطي - مخطوط (ن)	عبد الرحمن بن أبي بكر، جلال الدين السيوطي (المتوفى: 911هـ)	ShamAY	11429	0.35952
		انا .. و انت ..	حسن شيرازي	Ghbook	7974	0.35951
		صحيح البخاري ـ حسب ترقيم فتح الباري - ط دار الشعب	محمد بن إسماعيل بن إبراهيم بن المغيرة البخاري، أبو عبد الله (المتوفى : 256هـ)	ShamAY	38030	0.35949
		كتاب السبعة في القراءات	أحمد بن موسى بن العباس التميمي، أبو بكر بن مجاهد البغدادي (المتوفى: 324هـ)	ShamAY	5530	0.35944
		تاريخ أهل البيت عليهم السلام	رواية كبار المحدّثين والمؤرّخين	Rafed	75	0.35944
		فوائد الصمديه (جامع المقدمات) همراه با صوت استاد مدرس افغاني	بهاءالدين محمد بن حسين شيخ بهائي	Ghbook	15475	0.35935
		سبب وضع علم العربية	عبد الرحمن بن أبي بكر، جلال الدين السيوطي (المتوفى: 911هـ)	ShamAY	6993	0.3593
		إيضاح الدلالة في تخريج وتحقيق حديث: ((لا اعتكاف إلا في المساجد الثلاثة))	محمد بن عبد الوهاب الوصابي	ShamAY	33090	0.35928
		بَهْجَة المحَافِل وأجمل الوَسائل بالتعريف برواة الشَّمَائل	إبراهيم بن إبراهيم بن حسن اللقاني، أبو الإمداد، برهان الدين المالكي (المتوفى: 1041هـ)	ShamAY	1738	0.35928
		مختصر السواك لأبي الخير القزويني - مخطوط	أبو الخير أحمد بن إسماعيل الطالقاني القزويني	ShamAY	38070	0.35924
		الأدلة والبراهين على حرمة التدخين	إبراهيم محمد سرسيق	ShamAY	8725	0.35923
		أبنية الصرف في تفسير روح المعاني لأبي الثناء الآلوسي - دراسة صرفية دلالية	شيماء الشمري	ShamAY	37088	0.3592
		الفخر المتوالي فيمن انتسب للنبي صلى الله عليه وسلم من الخدم والموالي	شمس الدين أبو الخير محمد بن عبد الرحمن بن محمد بن أبي بكر بن عثمان بن محمد السخاوي (المتوفى: 902هـ)	ShamAY	6585	0.35919
		مناقب اهل البيت ( صلوات الله عليهم اجمعين )	ابوالحسن علي بن محمد بن محمد واسطي جلابي شافعي اشهير بابن مغازلي	Ghbook	9620	0.35913
		جواب بعض الخدم لأهل النعم عن تصحيف حديث احتجم	يوسف بن حسن بن أحمد بن حسن ابن عبد الهادي الصالحي، جمال الدين، ابن المبرد الحنبلي (المتوفى: 909هـ)	ShamAY	9420	0.3591
		شرح الآجرومية - محمد حسن عبد الغفار	محمد حسن عبد الغفار	ShamAY	879	0.35907
		الجواهر المضية في طبقات الحنفية = التراجم	عبد القادر بن محمد بن نصر الله القرشي، أبو محمد، محيي الدين الحنفي (المتوفى: 775هـ)	ShamAY	38014	0.35907
		الصبر مطية النجاح قصيدة في الحكم	محمد بن أحمد بن عمر مجد الدين أبو عبد الله المعروف بابن الظهير الإربيلي المتوفى 677 ه	ShamelaY19	29675	0.35879
		حدود العالم من المشرق الى المغرب	مؤلف: حدود العالم من المشرق إلى المغرب	ShamAY	10809	0.35878
		إخبار أهل الرسوخ في الفقه والتحديث بمقدار المنسوخ من الحديث	جمال الدين أبو الفرج عبد الرحمن بن علي بن محمد الجوزي (المتوفى: 597هـ)	ShamAY	22002	0.35869
		أمالي الأذكار في فضل صلاة التسبيح	أبو الفضل أحمد بن علي بن محمد بن أحمد بن حجر العسقلاني (المتوفى: 852هـ)	ShamAY	29563	0.35868
		الفهرست	أبو الفرج محمد بن إسحاق بن محمد الوراق البغدادي المعتزلي الشيعي المعروف بابن النديم (المتوفى: 438هـ)	ShamAY	7642	0.35866
		الثقات لابن حبان - ط الفكر	أبو حاتم محمد بن حبان بن أحمد التيمي البستي	ShamAY	34650	0.35865
		مكائد الشيطان	أبو بكر عبد الله بن محمد بن عبيد بن سفيان بن قيس البغدادي الأموي القرشي المعروف بابن أبي الدنيا (المتوفى: 281هـ)	ShamAY	8061	0.35863
		البستان الجامع لجميع تواريخ أهل الزمان	عماد الدين أبو حامد محمد بن محمد الأصفهاني (المتوفى 597 هـ)	ShamAY	32593	0.35859
		الدارس في تاريخ المدارس	عبدالقادر بن محمد نعيمي دمشقي	Ghbook	11369	0.35857
		مناقب الإمام أبي حنيفة وصاحبيه	شمس الدين أبو عبد الله محمد بن أحمد بن عثمان بن قَايْماز الذهبي (المتوفى: 748هـ)	ShamAY	10461	0.35852
		جذوة المقتبس في ذكر ولاة الأندلس	محمد بن فتوح بن عبد الله بن فتوح بن حميد الأزدي الميورقي الحَمِيدي أبو عبد الله بن أبي نصر (المتوفى: 488هـ)	ShamAY	5742	0.3585
		المجروحين لابن حبان ت حمدي	ابن حبان	ShamelaY19	151099	0.3585
		هدية الأحياء للأموات وما يصل إليهم من النفع والثواب على ممر الأوقات	أَبُو الحَسَنِ عَلِيُّ بنُ أَحْمَدَ بنِ يُوْسُفَ بن جَعْفَرِ الهَكَّارِي (المتوفى: 486هـ)	ShamAY	26926	0.35848
		من حديث أبي عبيدة مجاعة بن الزبير العتكي البصري	مجاعة بن الزبير البصري (المتوفى: 146ه)	ShamelaY19	26745	0.35846
		أخبار المدينة - ط العلمية	أبو زيد عمر بن شبة النميري البصري ـ سنة الوفاة 262هـ	ShamAY	33814	0.35839
		السنن الكبرى للبيهقي ت التركي	أبو بكر أحمد بن الحسين بن علي البيهقي (384 - 458 ه)	ShamelaY19	148486	0.35831
		ذيول تذكرة الحفاظ (الحسيني - ابن فهد - السيوطي)	أبو المحاسن الحسيني	ShamAY	34592	0.3583
		رسالة طرق حديث من كنت مولاه فعلي مولاه‏	شمس الدين الذهبي	Masaha	2199	0.3583
		القول المنشور في هلال خير الشهور	الإمام محمد عبد الحي اللكنوي (ت1304هـ)	ShamAY	36010	0.35829
		مرشد المعتمر والحاج والزائر في ضوء الكتاب والسنة - فضائل, وآداب, وأحكام, وأدعية جامعة	د. سعيد بن علي بن وهف القحطاني	ShamelaY19	96521	0.35822
		 دمية القصر وعصرة أهل العصر 	 علي بن الحسن بن علي بن أبي الطيب الباخرزي 	ABLibrary	960	0.35816
		حسن الظن بالله عز وجل لابن أبي الدنيا - ط أطلس الخضراء = مقابل	أبو بكر عبد الله بن محمد ابن أبي الدنيا	ShamAY	38085	0.35811
		سنن الدارمي - ت: دهمان	الدارمي، أبو محمد	ShamAY	33961	0.35796
		من أسرار النفس البشرية	موسى الجويسر	ShamAY	37717	0.35788
		الأمثال للسدوسي	أبو فيد مؤرج بن عمرو بن الحارث السدوسي (المتوفى: 195هـ)	ShamAY	673	0.35784
		نحو القلوب	الأستاذ أبي القاسم عبد الكريم بن هوازن القشيري المتوفى 465 ه	Sham19Y	37067	0.35782
		النهي عن بيعتين في بيعة	سيف هشام	ShamAY	36314	0.3578
		وفاة النبي - صلى الله عليه وسلم - «وأظلمت المدينة»	نزار عبد القادر بن محمد الريان النعلاواني العسقلاني (المتوفى: 1430 هـ)	ShamAY	32326	0.35776
		محاضرات في تاريخ الجزائر الحديث (بداية الاحتلال)	أبو القاسم سعد الله (المتوفى: 1435هـ)	ShamAY	31735	0.35776
		العمل الصالح (ويتقدمه رسم شجري لبعض مصطلحات الحديث)	سامي محمد	Sham19Y	1817	0.35772
		تاريخ الإسلام ووفيات المشاهير والأعلام [ج ٤٠]	شمس الدين محمّد بن أحمد بن عثمان الذّهبي	Rafed	3598	0.35769
		صراط النجاه في اجوبه الاستفتائات	آيت الله العظمي سيد ابوالقاسم خوئي	Ghbook	10211	0.35768
		البعث والنشور للبيهقي ت الشوامي	أبو بكر أحمد بن الحسين بن علي بن موسى البيهقي (384 - 458 ه)	ShamelaY19	147811	0.35767
		رسالة العكبري في أصول الفقه ت السبيعي	أبو علي الحسن بن شهاب بن الحسن العكبري الحنبلي (335 - 428 ه)	ShamelaY19	147668	0.35765
		مرشد المعتمر والحاج والزائر في ضوء الكتاب والسنة - فضائل, وآداب, وأحكام, وأدعية جامعة	د. سعيد بن علي بن وهف القحطاني	Sham19Y	96521	0.35765
		المحكم والمحيط الأعظم [ج ٩]	أبي الحسن علي بن إسماعيل بن سيده المرسي [ ابن سيده ]	Rafed	1455	0.3576
		تهذيب الأحكام [ج ٩]	أبي جعفر محمّد بن الحسن بن علي بن الحسن الطّوسي [ شيخ الطائفة ]	Rafed	747	0.35759
		منتقى من أخبار الأصمعي للربعي	عبد الله بن أحمد بن ربيعة بن زبر الربعي، أبو محمد (المتوفى: 329ه)	ShamelaY19	26875	0.35758
		معجم مؤرخي الشيعةحتى نهاية القرن السابع الهجري	صائب عبد الـحميد	Masaha	425	0.35757
		اختراق المواقع وتدميرها - رؤية شرعية	عبد العزيز بن إبراهيم الشبل	ShamAY	36653	0.35751
		 الرسائل المختارة 	 المحقق الدواني / السيد محمد باقر الداماد ( الميرداماد ) 	ABLibrary	8437	0.35751
		الألفاظ الدالة على المكان عند شعراء الغزل فى العصر الأموي "دراسة دلالية"	أشرف أحمد البكليش	ShamAY	37241	0.3575
		عشر من الخصال للباحثات عن الجمال	محمد العماري	ShamAY	307	0.35748
		 القانون في الطب ( طبع بيروت ) 	 أبو علي سينا 	ABLibrary	9852	0.35747
		تحقيق فضل الصلاة على النبي صلى الله عليه وسلم	إسماعيل بن إسحاق القاضي الأزدي الجهضمي (المتوفى: 282هـ)	ShamAY	684	0.35741
		ذكر خلق آدم وخطيئته وتوبته وأبواب في ولادة النبي صلى الله عليه وسلم - مخطوط	أبو جعفر محمد بن عثمان بن أبي شيبة	ShamAY	32908	0.35734
		قصيدة المتنبي (واحر قلباه) دراسة نفسية	رائد حميد مجيد البطاط	ShamAY	34561	0.35731
		إكمال تهذيب الكمال الجزء الأول والثاني	الحافظ علاء الدين مغلطاي بن قليج الحنفي (689 - 762 هـ)	ShamAY	34632	0.35729
		أحاديث أبي الحسين الكلابي	أَبُو الحُسَيْنِ عَبْدُ الوَهَّابِ بنُ الحَسَنِ بنِ الوَلِيْدِ بنِ مُوْسَى الكِلاَبِيُّ الدِّمَشْقِيُّ (المتوفى: 396هـ)	ShamAY	30022	0.35727
		محاضرة بعنوان البصمة الوراثية	محمد أنيس الأروادي	ShamAY	36634	0.35723
		المسند لعبد الله بن وهب	عبد الله بن وهب	ShamAY	33592	0.35711
		معمر بن راشد ومرويات البصريين عنه في الصحيحين	حسن عبة جي	ShamAY	34034	0.35704
		الشّفاء ـ طبيعيّات [ج ٢ [٤]]	أبو علي حسين بن عبد الله بن سينا [ شيخ الرئيس ابن سينا ]	Rafed	3068	0.35702
		أثر الحلقات القرآنية في تحقيق الأمن الاجتماعي	علي الزهراني	ShamAY	36763	0.35695
		قصيدة عيون الأفاعي	حسن إبراهيم الأفندي	ShamAY	34512	0.35678
		مهمات في أحكام المواريث	محمد حسن عبد الغفار	ShamelaY19	37705	0.35669
		زبد العلوم وصاحب المنطوق والمفهوم	يوسف بن عبد الهادي المقدسي الحنبلي (841 - 909 ه)	Sham19Y	133413	0.35668
		أفضل الدين - المروءة	الشيخ عباس بن حسن كاشف الغطاء	Masaha	4936	0.35666
		التوحيدية في كشف اللحيدية		ShamAY	37788	0.35662
		جملة من الأحاديث الضعيفة والموضوعة	ابن عبد الهادي	ShamAY	35212	0.35659
		الاستعمار في العصر الحديث ودوافعه الدينية	منقذ بن محمود السقار	ShamAY	1266	0.35659
		النحو الواضح في قواعد اللغة العربية	على الجارم ومصطفى أمين	ShamAY	10018	0.35658
		الثقات لابن حبان	محمد بن حبان بن أحمد بن حبان بن معاذ بن مَعْبدَ، التميمي، أبو حاتم، الدارمي، البُستي (المتوفى: 354هـ)	ShamAY	5816	0.35651
		تهذيب الآثار وتفصيل الثابت عن رسول الله من الأخبار	محمد بن جرير بن يزيد بن كثير بن غالب الآملي، أبو جعفر الطبري (المتوفى: 310هـ)	ShamAY	13092	0.35647
		مسند أحمد ط المكنز	أحمد بن حنبل أبو عبدالله الشيباني. (164، 241).	ShamAY	33936	0.35644
		الشمائل المحمدية	أبو عيسى الترمذي	Masaha	2047	0.35634
		الشمائل المحمدية للترمذي ط إحياء التراث	محمد بن عيسى بن سورة بن موسى بن الضحاك، الترمذي، أبو عيسى (المتوفى: 279ه)	ShamelaY19	23647	0.35629
		مصادر الفقه المالكي «أصولا وفروعا في المشرق والمغرب قديما وحديثا»	أبو عاصم بشير ضيف بن أبي بكر بن البشير بن عمر العربي نسباً الجزائري بلداً المالكي مذهباً	ShamAY	32023	0.35611
		إحقاق الحقّ وإزهاق الباطل [ج ١٠]	السيّد نور الله الحسيني المرعشي التستري	Rafed	2747	0.3561
		آرشيو دروس خارج اصول آيت الله شيخ محمداسحاق فياض 38-37	آيت الله شيخ محمد اسحاق فياض	Ghbook	14518	0.35609
		الوحده الاسلاميه من وجهه نظر اهل البيت	علي كوراني	Ghbook	7594	0.35605
		من ذخائر ابن مالك في اللغة مسألة من كلام الإمام ابن مالك في الاشتقاق	محمد بن عبد الله، ابن مالك الطائي الجياني، أبو عبد الله، جمال الدين (المتوفى: 672هـ)	ShamAY	3654	0.35595
		الألغاز النحوية في علم العربية		ShamAY	37041	0.35594
		ترجمة الإمام الحسين عليه السلام	كمال الدّين عمر بن أحمد بن أبي جرادة الحلبي [ ابن العديم ]	Rafed	763	0.35591
		التصديق بالنظر إلى الله تعالى في الآخرة	محمد بن الحسين بن عبد الله الآجري أبو بكر	ShamAY	33848	0.3559
		المختصر في التعرف على أسماء الله الحسنى	الواحدي :: محمود عبد الرازق رضواني	ShamAY	34973	0.35584
		تهذيب الاحكام - الجزء1	الشيخ الطوسي	Masaha	526	0.35583
		محاسبة النفس لابن أبي الدنيا - ط أطلس الخضراء = مقابل	أبو بكر عبد الله بن محمد ابن أبي الدنيا	ShamAY	38126	0.35582
		تداعيات الثورة الاسلاميه في العالم الاسلامي	منوچهر محمدي	Ghbook	14982	0.35581
		الثاني من أجزاء ابن الصواف	محمد بن أحمد بن الحسن بن إسحاق ابن الصواف، أبو علي البغدادي (المتوفى: 359ه)	ShamelaY19	29780	0.35569
		تاريخ بغداد  - الجزء1	الخطيب البغدادي	Masaha	3717	0.3556
		مناقب الامام علي بن ابي طالب عليه السلام‏	ابن المغازلي	Masaha	2336	0.35555
		خصائص أمير المؤمنين علي بن أبي طالب	أبو عبد الرحمن أحمد بن شعيب بن علي الخراساني، النسائي (المتوفى: 303هـ)	ShamAY	5645	0.35536
		فيما ورد عن شفيع الخلق يوم القيامة أنه احتجم وأمر بالحجامة	البوصيري (840 هـ)	ShamAY	34314	0.35533
		مسائل العويص	محمد بن  محمد بن نعمان شيخ مفيد	Ghbook	2396	0.35531
		عشر قصائد و اشعار	ابوعلي حسين بن عبدالله ابن سينا	Ghbook	7948	0.35527
		حول السيده شهربانو	محمد هادي يوسفي غروي	Ghbook	5955	0.35525
		الأشتر النخعي (حياته وشعره)	الدكتور عدنان محمد أحمد	ShamAY	34460	0.35516
		الجامع لعلوم الإمام أحمد - الأدب والزهد	خالد الرباط، سيد عزت عيد [بمشاركة الباحثين بدار الفلاح]	ShamelaY19	20882	0.35511
		رسالة العكبري في أصول الفقه ت السبيعي	أبو علي الحسن بن شهاب بن الحسن العكبري الحنبلي (335 - 428 ه)	Sham19Y	147668	0.35504
		 الدارس في تاريخ المدارس 	 عبد القادر بن محمد النعيمي الدمشقي 	ABLibrary	9061	0.355
		كتاب أصل السنة واعتقاد الدين لإبراهيم بن عمر البرمكي - مخطوط	أبو إسحاق إبراهيم بن عمر بن أحمد البرمكي	ShamAY	32966	0.35495
		ديوان عامر بن الطفيل	عامر بن الطفيل	Sham19Y	149871	0.35495
		تاريخ بغداد أو مدينة السّلام [ج ٢١]	محبّ الدين أبي عبدالله محمّد بن محمود بن الحسن [ ابن النجّار البغدادي ]	Rafed	2982	0.35488
		مجموع تخريج شمس الدين المقدسي	الشَّمْسُ، أَبُو العَبَّاسِ أَحْمَدُ بنُ عَبْدِ الوَاحِدِ بنِ أَحْمَدَ المَقْدِسِيُّ، الحَنْبَلِيُّ، المُلَقَّبُ بِالبُخَارِيِّ (المتوفى: 623هـ)	ShamAY	29768	0.35482
		أهدى سبيل إلى علمي الخليل	الدكتور محمود مصطفى (المتوفى: 1360هـ)	ShamAY	10860	0.3547
		مرشد المعتمر والحاج والزائر في ضوء الكتاب والسنة - فضائل, وآداب, وأحكام, وأدعية جامعة	د. سعيد بن علي بن وهف القحطاني	ShamAY	1882	0.35469
		وسائل الشيعة [ج ٢٥]	محمد بن الحسن الحرّ العاملي [ العلامة الشيخ حرّ العاملي ]	Rafed	342	0.35468
		مراصد الاطلاع على اسماء الامكنة والبقاع	عبد المؤمن بن عبد الحق، ابن شمائل القطيعي البغدادي، الحنبلي، صفي الدين (المتوفى: 739ه)	Sham19Y	11484	0.35465
		 مسند الإمام الصادق ( ع ) 	 الشيخ عزيز الله عطاردي 	ABLibrary	7732	0.35461
		عودة الصفويين	عبد العزيز بن صالح المحمود الشافعي	ShamelaY19	37528	0.3546
		الشكر لابن أبي الدنيا - ط أطلس الخضراء = مقابل	أبو بكر عبد الله بن محمد ابن أبي الدنيا	ShamAY	38160	0.35457
		اصطناع المعروف لابن أبي الدنيا - ط أطلس الخضراء = مقابل	أبو بكر عبد الله بن محمد ابن أبي الدنيا	ShamAY	38077	0.35455
		حديث مصعب بن عبد الله الزبيري	أبو القاسم عبد الله بن محمد بن عبد العزيز بن المَرْزُبان بن سابور بن شاهنشاه البغوي (المتوفى: 317هـ)	ShamAY	5733	0.3545
		تهذيب الأحكام [ج ٧]	أبي جعفر محمّد بن الحسن بن علي بن الحسن الطّوسي [ شيخ الطائفة ]	Rafed	741	0.35447
		الرسائل الثلاث	آيت الله العظمي سيد محمد حسيني شيرازي	Ghbook	10114	0.35442
		الفساد الاقتصادي أنواعهمم أسبابه. آثاره وعلاجه	عبد الله الجابري	ShamAY	36620	0.35441
		آداب الصحبة لأبي عبد الرحمن السلمي	محمد بن الحسين بن محمد بن موسى بن خالد بن سالم النيسابوري، أبو عبد الرحمن السلمي (المتوفى: 412ه)	Sham19Y	12982	0.35436
		الفتح العمري للقدس نموذج للدعوة بالعمل والقدوة	شفيق جاسر أحمد محمود	ShamAY	8851	0.3543
		الجامع لعلوم الإمام أحمد - العقيدة	خالد الرباط، سيد عزت عيد، محمد أحمد عبد التواب [بمشاركة الباحثين بدار الفلاح]	ShamAY	38867	0.35428
		المسالك والممالك للمهلبي = العزيزي	الحسن بن أحمد المهلبي العزيزي (المتوفى: 380هـ)	ShamAY	11785	0.35428
		الجدار الصهيوني في فلسطين المحتلة: طبيعته - دوافعه - وأخطاره	صالح الرقب	ShamAY	37701	0.3542
		الممارسات المستحدثة للذبح فى ضوء أحكام الشريعة الإسلامية	أ. د. محمد عبد الحليم عمر	ShamAY	35924	0.35413
		إثبات صفة العلو - الدار السلفية	عبد الله بن أحمد بن قدامة المقدسي أبو محمد	ShamAY	33625	0.35413
		أحكام أهل الملل والردة من الجامع لمسائل الإمام أحمد بن حنبل	أبو بكر أحمد بن محمد بن هارون بن يزيد الخَلَّال البغدادي الحنبلي (المتوفى: 311هـ)	ShamAY	9428	0.35408
		موطأ مالك رواية أبي مصعب الزهري	مالك بن أنس بن مالك بن عامر الأصبحي المدني (المتوفى: 179هـ)	ShamAY	8140	0.35407
		الجمل في المنطق	محمد بن ناماور بن عبد الملك الخونجى، أبو عبد الله، أفضل الدين (المتوفى: 646هـ)	ShamAY	719	0.35406
		كيفية دعوة الوثنيين إلى الله تعالى في ضوء الكتاب والسنة	د. سعيد بن علي بن وهف القحطاني	Sham19Y	96517	0.35398
		فصول الآداب ومكارم الأخلاق المشروعة	أبو الوفاء، علي بن عقيل بن محمد بن عقيل البغدادي الظفري (المتوفى: 513هـ)	ShamAY	32124	0.35393
		الصفات للدارقطني ت الفقيهي	أبو الحسن علي بن عمر بن أحمد بن مهدي بن مسعود بن النعمان بن دينار البغدادي الدارقطني (المتوفى: 385هـ)	ShamAY	11331	0.35392
		الأربعون النووية	أبو زكريا محيي الدين يحيى بن شرف النووي (المتوفى: 676ه)	Sham19Y	12836	0.35391
		المحكم والمحيط الأعظم [ج ٣]	أبي الحسن علي بن إسماعيل بن سيده المرسي [ ابن سيده ]	Rafed	1427	0.35388
		التجريد على التنقيح [مطبوع مع النكت على صحيح البخاري]	شمس الدين السخاوي	ShamelaY19	132964	0.35384
		كامل الزيارات	ابن قولويه القمي	Masaha	689	0.35377
		شواهد التنزيل لقواعد التفضيل [ج ١]	عبيدالله بن عبدالله بن أحمد [ الحكام الحسكاني ]	Rafed	2853	0.35371
		أساليب المستشرقين في ترجمة معاني القرآن الكريم - دراسة أسلوبية لترجمتي سيل وآربري لمعاني لقرآن الكريم إلى الإنجليزية	حسن غزالة	ShamAY	36823	0.35369
		فتح الباري شرح صحيح البخاري	أحمد بن علي بن حجر أبو الفضل العسقلاني الشافعي	ShamAY	1673	0.35366
		رائد التجديد الإسلامي محمد بن العنابي (المتوفى 1850 م) صاحب كتاب السعي المحمود في نظام الجنود	أبو القاسم سعد الله (المتوفى: 1435هـ)	ShamAY	31739	0.35362
		تاريخ بغداد وذيوله ط العلمية	أبو بكر أحمد بن علي بن ثابت بن أحمد بن مهدي الخطيب البغدادي (المتوفى: 463ه)	ShamelaY19	23764	0.35362
		صلاة أمير المؤمنين(ع) في اليوم والليلة ألف ركعة	الشيخ عبد الحسين الأميني النجفي	Masaha	329	0.35362
		فتح الباري شرح صحيح البخاري	أحمد بن علي بن حجر أبو الفضل العسقلاني الشافعي	Sham19Y	1673	0.35359
		الحجج القاطعة في المواريث الواقعة [مطبوع ضمن: رسالتان في علم الفرائض]	فيصل بن عبد العزيز آل مبارك (المتوفى: 1376 ه)	ShamelaY19	29561	0.35358
		أوراق عمل ملتقى تواصل الثاني لجمعيات تحفيظ القرآن الخيرية	مجموعة من المؤلفين	ShamAY	37014	0.35355
		متن قطر النّدى وبلّ الصّدى	جمال الدين عبدالله بن يوسف بن هاشم النحوي	Rafed	2627	0.35349
		الكافي [ج ١١]	أبو جعفر محمّد بن يعقوب الكليني الرازي	Rafed	1130	0.35347
		الإصابة في تمييز الصحابة [ج ٦]	أحمد بن علي بن حجر العسقلاني	Rafed	3426	0.35344
		متممة الأجرومية	شمس الدين أبو عبد الله محمد بن محمد بن عبد الرحمن الطرابلسي المغربي، المعروف بالحطاب الرُّعيني (المتوفى: 954هـ)	ShamAY	4234	0.35341
		الأزمنة وتلبية الجاهلية	محمد بن المستنير بن أحمد، أبو علي، الشهير بقُطْرُب (المتوفى: 206هـ)	ShamAY	7048	0.35336
		المحيط في اللّغة [ج ١١]	إسماعيل بن عبّاد [ كافي الكفاة ]	Rafed	2869	0.35329
		زكاة الفطر - آداب، وأحكام، وشروط، ودرجات، ومسائل في ضوء الكتاب والسنة	د. سعيد بن علي بن وهف القحطاني	ShamAY	1839	0.35325
		مفتاح الكرامة في شرح قواعد العلّامة [ج ١]	السيّد محمّد جواد الحسيني العاملي	Rafed	2104	0.35321
		سؤالات أبى بكر البرقانى للدارقطني في الجرح والتعديل	أحمد بن محمد بن أحمد بن غالب، أبو بكر المعروف بالبرقاني (المتوفى: 425هـ)	ShamAY	1060	0.35313
		 تاريخ القدس ( تاريخ اورشليم ) 	 خليل سركيس 	ABLibrary	8996	0.3531
		تسميه من قتل مع الحسين عليه السلام	فضيل بن زبير بن عمر بن درهم كوفي اسدي	Ghbook	5949	0.35309
		تأملات وأحكام في قوله تعالى {ولاتباشروهن وأنتم عاكفون في المساجد}	عبد العزيز بن صالح العبيد	ShamAY	10040	0.35307
		تاريخ الإسلام ووفيات المشاهير والأعلام [ج ٤٢]	شمس الدين محمّد بن أحمد بن عثمان الذّهبي	Rafed	3622	0.35307
		الدراسات الصوتيه عند علماء التجويد	غانم قدوري الحمد	Ghbook	5725	0.35304
		البلدانيات للسخاوي	شمس الدين أبو الخير محمد بن عبد الرحمن بن محمد السخاوي (المتوفى: 902هـ)	ShamAY	3576	0.35293
		ديوان عامر بن الطفيل	عامر بن الطفيل	ShamelaY19	149871	0.35286
		 مسند الإمام الصادق ( ع ) 	 الشيخ عزيز الله عطاردي 	ABLibrary	7730	0.35285
		فضائل القرآن للبجيري، وهو: جزء من مستخرجه على صحيح الإمام البخاري	أبو حفص عمر بن محمد بن بجير البجيري (311 هـ)	ShamAY	33630	0.35277
		 أخبار مكة في قديم الدهر وحديثه 	 محمد بن اسحاق ابن العباس الفاكهي المكي 	ABLibrary	8921	0.35268
		شروط الصلاة في ضوء الكتاب والسنة	د. سعيد بن علي بن وهف القحطاني	ShamAY	1850	0.35257
		أصل كلمة «شاطر»	إبراهيم بن عبد الله المديهش	ShamelaY19	145421	0.35256
		المسائل الطوسيه	محمد بن  محمد بن نعمان شيخ مفيد	Ghbook	2464	0.3525
		إكمال تهذيب الكمال لمغلطاي - مقابل	علاء الدين مغلطاي بن قليج الحنفي	ShamAY	34647	0.35249
		فتيا في صيغة الحمد - ت البطاطي ط عالم الفوائد	ابن القيم	ShamAY	38346	0.35241
		اختلاف أبي حَنيفة وابن أبي ليلى	أبو يوسف يعقوب بن إبراهيم بن حبيب بن سعد بن حبتة الأنصاري (المتوفى: 182هـ)	ShamAY	1946	0.35237
		كلام الليالي والأيام لابن أبي الدنيا - ط أطلس الخضراء = مقابل	أبو بكر عبد الله بن محمد ابن أبي الدنيا	ShamAY	38088	0.35235
		ثلاثة الأصول (مطبوع ضمن مؤلفات الشيخ محمد بن عبدالوهاب، الجزء الأول)	محمد بن عبد الوهاب بن سليمان التميمي النجدي (المتوفى: 1206ه)	Sham19Y	11126	0.3523
		موسوعة قرى ومدن لبنان [ج ٧]	طوني مفرّج	Rafed	2584	0.3523
		المنتخب من مسند عبد بن حميد - مكتبة ابن عباس	أبو محمد عبد بن حميد الكسي المعروف بالكشي	ShamAY	33973	0.35229
		تعليقات علي العروه الوثقي	آيت الله العظمي ناصرمكارم شيرازي	Ghbook	3290	0.35227
		الحسين والسنة	السيد عبد العزيز الطباطبائي	Masaha	160	0.35225
		مكائد الشيطان - مجمع - ط القرآن ت إبراهيم	أبو بكر عبد الله بن محمد ابن أبي الدنيا	ShamAY	38058	0.35221
		الموضوعات للصغاني	رضي الدين الحسن بن محمد بن الحسن بن حيدر العدوي العمري القرشي الصغاني الحنفي (المتوفى: 650ه)	Sham19Y	6070	0.35221
		تحريم حلق اللحى - وجوب إعفاء اللحية وتحريم حلقها وتقصيرها	عبد الرحمن بن محمد بن قاسم العاصمي الحنبلي النجدي (المتوفى: 1392هـ) - عبد العزيز بن عبد الله بن باز (المتوفى: 1420هـ)	ShamAY	31251	0.35217
		حديث عباس الترقفي	أَبُو مُحَمَّدٍ عَبَّاسُ بنُ عَبْدِ اللهِ بنِ أَبِي عِيْسَى البَاكُسَائِيُّ، التَّرْقُفِيُّ (المتوفى: 267هـ)	ShamAY	30432	0.35215
		منتهى المقال في أحوال الرّجال [ج ٢]	الشيخ محمّد بن إسماعيل المازندراني	Rafed	531	0.35214
		فيض المعين على جمع الأربعين في فضل القرآن المبين	علي بن (سلطان) محمد، أبو الحسن نور الدين الملا الهروي القاري (المتوفى: 1014ه)	ShamelaY19	31378	0.35211
		المناسك لابن أبي عروبة	أبو النضر سعيد بن أبي عروبة: مهران العدوي ـ ولاء ـ البصري (المتوفى: 156هـ)	ShamAY	9811	0.3521
		موسوعة قرى ومدن لبنان‏  - الجزء1	طوني مفرج	Masaha	3840	0.3521
		مفاكهة الخلان في حوادث الزمان	شمس الدين محمد بن علي بن خمارويه بن طولون الدمشقي الصالحي الحنفي (المتوفى: 953هـ)	ShamAY	26578	0.35209
		مجموعة رسائل بان أبي الدنيا كتاب التوكل على الله	أبو بكر عبد الله بن محمد بن عبيد بن سفيان بن قيس البغدادي الأموي القرشي المعروف بابن أبي الدنيا (المتوفى: 281هـ)	ShamAY	8254	0.35203
		أحكام العقيقة	حسام الدين بن موسى محمد بن عفانة	ShamAY	964	0.35197
		مصادر الفكر الإسلامي في اليمن للحبشي	عبد الله محمد الحبشي	ShamAY	34711	0.35195
		موسوعة قرى ومدن لبنان [ج ٩]	طوني مفرّج	Rafed	2588	0.35194
		أسد الغابة ط الفكر	أبو الحسن علي بن أبي الكرم محمد بن محمد بن عبد الكريم بن عبد الواحد الشيباني الجزري، عز الدين ابن الأثير (المتوفى: 630ه)	Sham19Y	23700	0.35191
		 سنن الدارمي 	 عبد الله بن الرحمن الدارمي 	ABLibrary	842	0.3519
		أنوار الفقاهة (كتاب المضاربة)	الشيخ حسن كاشف الغطاء	Masaha	917	0.35188
		الإصابة في تمييز الصحابة (ط هجر)	أحمد بن علي بن حجر أبو الفضل العسقلاني	ShamAY	34568	0.35185
		الأربعون على البلدان لعبد القادر بن عبد الله الرهاوي - مخطوط	أبو محمد عبد القادر بن عبد الله الرهاوي الحنبلي	ShamAY	38072	0.35183
		الإصابة في تمييز الصحابة [ج ٣]	أحمد بن علي بن حجر العسقلاني	Rafed	3400	0.35176
		انوار الفقاهه - كتاب الوديعه	حسن بن جعفر بن خضر نجفي كاشف الغطاء	Ghbook	12052	0.35176
		التطبيق النحوى	الدكتور عبده الراجحي	Rafed	1970	0.35174
		المنهاج في علم القواعد الفقهية	رياض الخليفي	ShamAY	37538	0.3517
		المسترشد في إمامة أمير المؤمنين علي بن أبي طالب عليه السلام	محمّد بن جرير بن رستم الطبري الإمامي	Rafed	3680	0.35164
		نواسخ القرآن = ناسخ القرآن ومنسوخه ت آل زهوي	جمال الدين أبو الفرج عبد الرحمن بن علي بن محمد الجوزي (المتوفى: 597ه)	ShamelaY19	38121	0.35163
		فضائل رمضان لابن أبي الدنيا	أبو بكر عبد الله بن محمد بن عبيد بن سفيان بن قيس البغدادي الأموي القرشي المعروف بابن أبي الدنيا (المتوفى: 281ه)	Sham19Y	10799	0.35153
		الجامع لابن وهب ت مصطفى أبو الخير	أبو محمد عبد الله بن وهب بن مسلم المصري القرشي (المتوفى: 197هـ)	ShamAY	1380	0.35151
		عيون الانظار	محمدعلي بهبهاني	Ghbook	16108	0.35148
		ديوان أبي الشمقمق	مروان بن محمد أبو الشمقمق.	ShamAY	37964	0.35145
		الدّارس في التاريخ المدارس [ج ١]	عبد القادر بن محمّد النعيمي الدمشقي	Rafed	2211	0.35142
		الإشراف في منازل الأشراف لابن أبي الدنيا - ط أطلس الخضراء = مقابل	أبو بكر عبد الله بن محمد ابن أبي الدنيا	ShamAY	38145	0.35137
		الأربعون لمحمد بن أسلم الطوسي	الإمام الحافظ أبي الحسن محمد بن أسلم الطوسي	ShamAY	10620	0.35134
		من حديث أبي الدحداح وأحمد التميمي وشعيب بن أبي حمزة - مخطوط	الضياء المقدسي	ShamAY	32803	0.3513
		طبقات القراء السبعة وذكر مناقبهم وقراءاتهم	عبد الوهاب بن يوسف بن إبراهيم، ابن السَّلَّار الشافعي (المتوفى: 782هـ)	ShamAY	1468	0.3513
		حديث أحمد بن عبد الله بن خالد الجويباري في مسائل عبد الله بن سلام	أحمد بن الحسين بن علي بن موسى الخسروجردي الخراساني، أبو بكر البيهقي (المتوفى: 458ه)	Sham19Y	7531	0.35127
		الإفادات والإنشادات	إبراهيم بن موسى بن محمد اللخمي الغرناطي الشهير بالشاطبي (المتوفى: 790هـ)	ShamAY	584	0.35122
		 طب الإمام الصادق ( ع ) 	 السيد محمد كاظم القزويني 	ABLibrary	9989	0.35112
		الجامع لعلوم الإمام أحمد - علوم الحديث	إبراهيم النحاس	Sham19Y	20859	0.35106
		مختصر الاحكام	آيت الله العظمي سيد محمد رضا گلپايگاني	Ghbook	10191	0.35104
		الدعاء للميت وما ينفعه من القربات من الكتاب والسنة		ShamAY	36334	0.351
		اختلاف أبي حنيفة وابن أبي ليلى	أبو يوسف يعقوب بن إبراهيم بن حبيب بن سعد بن حبتة الأنصاري (المتوفى: 182ه)	ShamelaY19	96606	0.351
		حياة الأنبياء صلوات الله عليهم بعد وفاتهم	أحمد بن الحسين بن علي بن موسى الخُسْرَوْجِردي الخراساني، أبو بكر البيهقي (المتوفى: 458هـ)	ShamAY	13114	0.35096
		مسند أحمد - عالم الكتب	أبو عبد الله أحمد بن محمد بن حنبل بن هلال بن أسد الشيباني	ShamAY	33963	0.35087
		عودَةُ الصَّفويِّينِ	عبد العزيز بن صالح المحمود الشافعي	ShamAY	691	0.35086
		مسند الإمام أحمد بن حنبل	أبو عبد الله أحمد بن محمد بن حنبل بن هلال بن أسد الشيباني (المتوفى: 241هـ)	ShamAY	13157	0.35086
		 ذخائر العقبى في مناقب ذوى القربى ( ع ) ( ط . ج ) 	 أحمد بن عبد الله الطبري ( المحب الطبري ) 	ABLibrary	7528	0.35085
		المقاومة الفلسطينية وإشكاليات التبني للعمليات العسكرية	مؤمن بسيسو	ShamAY	37743	0.35084
		نواسخ القرآن (العلمية)	عبد الرحمن بن علي بن محمد بن الجوزي أبو الفرج	ShamAY	34097	0.35078
		أسد الغابة ط الفكر	أبو الحسن علي بن أبي الكرم محمد بن محمد بن عبد الكريم بن عبد الواحد الشيباني الجزري، عز الدين ابن الأثير (المتوفى: 630هـ)	ShamAY	23700	0.35072
		100 سنة ثابتة	مجموعة من المؤلفين	ShamAY	35020	0.3507
		الأربعون النووية	أبو زكريا محيي الدين يحيى بن شرف النووي (المتوفى: 676هـ)	ShamAY	12836	0.35068
		المختلف فيهم	أبو حفص عمر بن أحمد بن عثمان بن أحمد بن محمد بن أيوب بن أزداذ البغدادي المعروف بـ ابن شاهين (المتوفى: 385هـ)	ShamAY	8542	0.35066
		 بحار الأنوار 	 العلامة المجلسي 	ABLibrary	797	0.35062
		نور الشيب وحكم تغييره في ضوء الكتاب والسنة	د. سعيد بن علي بن وهف القحطاني	ShamAY	1915	0.35061
		مسند الإمام عبد الله بن المبارك	أبو عبد الرحمن عبد الله بن المبارك بن واضح الحنظلي، التركي ثم المروزي (المتوفى: 181ه)	ShamelaY19	23101	0.35059
		الأربعون في ردع المجرم عن سب المسلم	ابن حجر العسقلاني	ShamAY	34808	0.35058
		الفتوة لأبي عبد الرحمن السلمي	محمد بن الحسين بن محمد بن موسى بن خالد بن سالم النيسابوري، أبو عبد الرحمن السلمي (المتوفى: 412ه)	ShamelaY19	26864	0.35053
		إسهام جمعيات تحفيظ القرآن الكريم في بناء الأجيال	عبد المعين إكرام	ShamAY	36769	0.35052
		يارسول الله لماذا أحبك ؟ ولماذا أصلي عليك ؟	حسن بن عبيد باحبيشي	ShamAY	37449	0.35052
		العدد القويه لدفع المخاوف اليوميه	رضي الدين علي بن يوسف حلي ( برادر علامه حلي )	Ghbook	2395	0.35048
		الكافي [ج ٥]	أبو جعفر محمّد بن يعقوب الكليني الرازي	Rafed	994	0.35045
		 المواعظ والإعتبار في ذكر الخطط والآثار ( ط لندن ) 	 المقريزي 	ABLibrary	9242	0.35044
		عَرْف الطيب من أخبار مكة ومدينة الحبيب	ابن العاقولي	ShamAY	38418	0.35042
		إعراب القرآن وبيانه	محيي الدين درويش	Sham19Y	2163	0.35025
		دراسة تطبيقية لمبدأ التكافؤ في الترجمة (من الفارسية الي العربية)	انور پنام (الرصافي)	Ghbook	15021	0.35017
		البهائيه و علاقتها بالصهيونيه و قيام دوله اسرائيل	خالد سيوطي	Ghbook	7026	0.35016
		مهمات في أحكام المواريث	محمد حسن عبد الغفار	ShamAY	740	0.35009
		المطلع على دقائق زاد المستقنع «فقه الأسرة»	عبد الكريم بن محمد اللاحم	ShamelaY19	127711	0.35006
		آداب الصحبة لأبي عبد الرحمن السلمي	محمد بن الحسين بن محمد بن موسى بن خالد بن سالم النيسابوري، أبو عبد الرحمن السلمي (المتوفى: 412هـ)	ShamAY	12982	0.34997
		مشايخ الثّقات	الميرزا غلامرضا عرفانيان	Rafed	1758	0.34996
		مسألة الطائفين	أبو بكر محمد بن الحسين بن عبد الله الآجُرِّيُّ البغدادي (المتوفى: 360هـ)	ShamAY	6233	0.34986
		تحرير النشر	مصطفى الإزميري	ShamAY	36800	0.34984
		العقوبات لابن أبي الدنيا - ط أطلس الخضراء = مقابل	أبو بكر عبد الله بن محمد ابن أبي الدنيا	ShamAY	38131	0.34983
		مختصر فتح رب الأرباب بما أهمل في لب اللباب من واجب الأنساب	عباس بن محمد بن أحمد بن السيد رضوان المدني الشافعي (المتوفى: 1346هـ)	ShamAY	31381	0.34974
		الإعلَامُ بنَقد كتاب «الرَّوْض البسَّام بتخريج وَترتيب فَوائِد تمَّام» للدّكتور جَاسِم الفهيد الدّوسَري	محمد صباح منصور	ShamAY	31989	0.34969
		التجريد الصريح لأحاديث الجامع الصحيح	أحمد بن أحمد بن عبد اللطيف الشرجي، زين الدين الزبيدي (المتوفى: 893ه)	Sham19Y	96283	0.34967
		مسند أبي داود الطيالسي بالحواشي (نسخة مقابلة)	سليمان بن داود بن الجارود أبو داود الطيالسي	ShamAY	33971	0.34965
		التجريد الصريح لأحاديث الجامع الصحيح	أحمد بن أحمد بن عبد اللطيف الشرجي، زين الدين الزبيدي (المتوفى: 893هـ)	ShamAY	1761	0.34964
		الخطأ الطبي مفهومه وآثاره	الواحدي :: وسيم فتح الله	ShamAY	36130	0.3496
		من أحكام الأسهم	هاني بن عبد الله بن محمد الجبير	ShamAY	36279	0.34959
		المستخرج من كتب الناس للتذكرة والمستطرف من أحوال الرجال للمعرفة	عبد الرحمن بن محمد بن إسحاق، ابن مندة العبدي الأصبهاني، أبو القاسم (المتوفى: 470ه)	Sham19Y	122397	0.34956
		المخدرات أخطر معوقات التنمية	إبراهيم إمام	Sham19Y	8907	0.34953
		الأمالي	الشيخ الطوسي	Masaha	698	0.34951
		التجريد الصريح لأحاديث الجامع الصحيح	أحمد بن أحمد بن عبد اللطيف الشرجي، زين الدين الزبيدي (المتوفى: 893ه)	ShamelaY19	96283	0.34948
		الكافي [ج ١٠]	أبو جعفر محمّد بن يعقوب الكليني الرازي	Rafed	1129	0.34946
		مسند أمير المؤمنين أبي حفص عمر بن الخطاب رضي الله عنه وأقواله على أبواب العلم	أبو الفداء إسماعيل بن عمر بن كثير القرشي البصري ثم الدمشقي (المتوفى: 774ه)	ShamelaY19	26039	0.34943
		المتعة (للشيخ المفيد)	الشيخ المفيد	Masaha	983	0.34936
		 ترجمة الإمام الحسين ( ع ) من كتاب بغية الطلب في تاريخ حلب لابن عديم 	 عمر بن أحمد العقيلي الحلبي ( ابن العديم ) 	ABLibrary	7468	0.34932
		المنهاج في القواعد والإعراب	محمّد الأنطاكي	Rafed	1979	0.3493
		الامام الجواد ( عليه السلام ) من المهد الي اللحد	محمد كاظم قزويني	Ghbook	6497	0.3493
		لسان الميزان ت أبي غدة	أبو الفضل أحمد بن علي بن محمد بن أحمد بن حجر العسقلاني (المتوفى: 852ه)	ShamelaY19	36357	0.34929
		روضة المحدثين - وهو يشبه أن يكون تفريغا لأحكام الحافظ ابن حجر وغيره على الأحاديث	مجموعة من المؤلفين	ShamAY	88	0.34928
		مراصد الاطلاع على اسماء الامكنة والبقاع	عبد المؤمن بن عبد الحق، ابن شمائل القطيعي البغدادي، الحنبلي، صفيّ الدين (المتوفى: 739هـ)	ShamAY	11484	0.34912
		التمييز دراسة تحليلية في البنية	الدكتور حسين وقاف ـ الدكتور ماهر حبيب ـ فراس عبد الحليم	ShamAY	37064	0.34912
		إعراب القرآن وبيانه	محيي الدين بن أحمد مصطفى درويش (المتوفى : 1403هـ)	ShamAY	2163	0.34911
		الإمام محمد بن عبدالوهاب في مدينة الموصل (مطبوع ضمن بحوث ندوة دعوة الشيخ محمد بن عبدالوهاب، الجزء الأول)	محمود شيت خطاب (المتوفى: 1419هـ)	ShamAY	7550	0.34911
		مختصر الكامل في الضعفاء	أحمد بن علي بن عبد القادر، أبو العباس الحسيني العبيدي، تقي الدين المقريزي (المتوفى: 845ه)	Sham19Y	5848	0.34909
		الرحلة الانورية الي الاصقاع الحجازية و الشامية	محمد كردعلي	Ghbook	9432	0.34904
		ذكر من له الآيات ومن تكلم بعد الموت للنجاد - مخطوط (ن)	أبو بكر النجاد، أحمد بن سلمان بن الحسن بن إسرائيل بن يونس البغدادي (المتوفى: 348هـ)	ShamAY	11757	0.34903
		التوكل على الله عز وجل لابن أبي الدنيا - ط أطلس الخضراء = مقابل	أبو بكر عبد الله بن محمد ابن أبي الدنيا	ShamAY	38149	0.34902
		استفتائات حول الحج	آيت الله العظمي سيد محمد حسيني شيرازي	Ghbook	7877	0.34896
		الخلاف النحوي في القراءات القرآنية	ناصر العيشي	ShamAY	37757	0.34889
		رسالة في الاحاديث الواردة في الخلفاء على ترتيب الخلافة	السيّد علي الحسيني الميلاني	Rafed	223	0.34885
		الفتوة لأبي عبد الرحمن السلمي	محمد بن الحسين بن محمد بن موسى بن خالد بن سالم النيسابوري، أبو عبد الرحمن السلمي (المتوفى: 412هـ)	ShamAY	26864	0.34881
		 مسند الإمام الصادق ( ع ) 	 الشيخ عزيز الله عطاردي 	ABLibrary	7724	0.3488
		مسند الدارمي المعروف بـ (سنن الدارمي)	أبو محمد عبد الله بن عبد الرحمن بن الفضل بن بَهرام بن عبد الصمد الدارمي، التميمي السمرقندي (المتوفى: 255هـ)	ShamAY	1223	0.34879
		مسند أمير المؤمنين أبي حفص عمر بن الخطاب رضي الله عنه وأقواله على أبواب العلم	أبو الفداء إسماعيل بن عمر بن كثير القرشي البصري ثم الدمشقي (المتوفى: 774هـ)	ShamAY	26039	0.34876
		مختصر الكامل في الضعفاء	أحمد بن علي بن عبد القادر، أبو العباس الحسيني العبيدي، تقي الدين المقريزي (المتوفى: 845هـ)	ShamAY	5848	0.34875
		تاريخ علم الرجال	الشيخ حسين الراضي العبد الله	Masaha	571	0.34872
		أحاديث أبي الحسين الكلابي	أبو الحسين عبد الوهاب بن الحسن بن الوليد بن موسى الكلابي الدمشقي (المتوفى: 396ه)	ShamelaY19	30022	0.3487
		زكاة الأسهم والسندات والورق النقدي	أ. د صالح بن غانم بن عبد الله بن سليمان بن علي السدلان	ShamelaY19	36536	0.34867
		الفوائد الصمديه (جامع المقدمات) همراه با صوت استاد ملكيان	بهاءالدين محمد بن حسين شيخ بهائي	Ghbook	15552	0.34866
		سلسلة الذهب فيما رواه الشافعي عن مالك عن نافع عن ابن عمر	أبو الفضل أحمد بن علي بن محمد بن أحمد بن حجر العسقلاني (المتوفى: 852ه)	Sham19Y	6023	0.34858
		العوامل الاجتماعية المؤثرة في بناء منهج القرآن د. هاشم الأهدل		ShamAY	36849	0.34843
		المنتخب من علل الخلال (ومعه تتمة)	أبو محمد موفق الدين عبد الله بن أحمد بن محمد بن قدامة الجماعيلي المقدسي ثم الدمشقي الحنبلي، الشهير بابن قدامة المقدسي (المتوفى: 620هـ)	ShamAY	1310	0.34836
		سامراء البقيع الثاني	محمد البغدادي	Ghbook	16119	0.34836
		 أفضل الدين ( المروءة ) 	 الشيخ عباس كاشف الغطاء 	ABLibrary	9768	0.34833
		التحفة اللطيفة في تاريخ المدينة الشريفة [ج ٢]	شمس الدين السخاوي	Rafed	2248	0.34831
		رسالة في تفسير قوله تعالى: إن إبراهيم كان أمة	شمس الدين محمد بن علي بن خمارويه بن طولون الدمشقي الصالحي الحنفي (المتوفى: 953ه)	ShamelaY19	26435	0.34827
		المستَخرجُ من كُتب النَّاس للتَّذكرة والمستطرف من أحوال الرِّجال للمعرفة	عبد الرحمن بن محمد بن إسحاق، ابن مندة العبدي الأصبهاني، أبو القاسم (المتوفى: 470هـ)	ShamAY	31728	0.34821
		دليل مكتبة المرأة المسلمة	أحمد بن عبد العزيز السليمان الحمدان	ShamAY	31356	0.34819
		هدية الأحياء للأموات وما يصل إليهم من النفع والثواب على ممر الأوقات	أبو الحسن علي بن أحمد بن يوسف بن جعفر الهكاري (المتوفى: 486ه)	ShamelaY19	26926	0.34815
		رسالة أبي غالب الزراري إلى ابن ابنه في ذكر آل أعين‏	أبو غالب أحمد بن محمد الزراري	Masaha	4823	0.34812
		المنتقى من سماعات محمد بن عبد الرحيم المقدسي	محمد بن عبد الرحيم بن عبد الواحد بن أحمد بن عبد الرحمن المقدسي شمس الدين المعروف بابن الكمال الحنبلي (المتوفى: 688هـ)	ShamAY	30696	0.3481
		 الآثار المروية في الأطعمة السرية والآلات العطرة 	 ابن بشكوال 	ABLibrary	9875	0.34809
		إزالة الدهش والوله عن المتحير في صحة حديث ماء زمزم لما شرب له	محمد بن إدريس، أبو عبد الله القادري الحسيني الفاسي (المتوفى: 1350هـ)	ShamAY	188	0.34802
		مجموع تخريج شمس الدين المقدسي	الشمس، أبو العباس أحمد بن عبد الواحد بن أحمد المقدسي، الحنبلي، الملقب بالبخاري (المتوفى: 623ه)	ShamelaY19	29768	0.34792
		المطلع على دقائق زاد المستقنع «فقه الأسرة»	عبد الكريم بن محمد اللاحم	Sham19Y	127711	0.34782
		 سلسلة المسائل الفقهية 	 الشيخ السبحاني 	ABLibrary	9583	0.34756
		غيبه الامام المهدي عند الامام الصادق ( عليهما السلام )	ثامر هاشم عميدي	Ghbook	6612	0.34749
		نحو القلوب	الأستاذ أبي القاسم عبد الكريم بن هوازن القشيري المتوفى 465 هـ	ShamAY	455	0.34745
		محاسبة النفس لابن أبي الدنيا	أبو بكر عبد الله بن محمد بن عبيد بن سفيان بن قيس البغدادي الأموي القرشي المعروف بابن أبي الدنيا (المتوفى: 281هـ)	ShamAY	1434	0.34743
		مسند الدارمي المعروف ب (سنن الدارمي)	أبو محمد عبد الله بن عبد الرحمن بن الفضل بن بهرام بن عبد الصمد الدارمي، التميمي السمرقندي (المتوفى: 255ه)	ShamelaY19	21795	0.34739
		أدوات الإعراب	ظاهر شوكت البياتي	ShamAY	32283	0.34733
		القات حكمه الشرعي وأضراره	فضيلة الشيخ أحمد بن يحيى النجمي حفظه الله	ShamAY	36396	0.34731
		انوار الفقاهه - كتاب المساقاه	حسن بن جعفر بن خضر نجفي كاشف الغطاء	Ghbook	12058	0.34731
		كامل الزّيارات	ابي القاسم جعفر بن محمد بن بن جعفر بن موسى بن قولويه القمي	Rafed	288	0.34727
		الكافي [ج ٧]	أبو جعفر محمّد بن يعقوب الكليني الرازي	Rafed	1050	0.34721
		اعراب الالفية	خالدبن عبدالله ازهري	Ghbook	16308	0.34719
		ملامح التوليد في التراث اللغوي	الدكتور إبراهيم محمّد ألبب	ShamAY	37217	0.34707
		ماتم عاشوراء	يعقوب سلطان	Ghbook	5983	0.34705
		صحيح ابن خزيمة (مع تعليقات محمود خليل)	أبو بكر محمد بن إسحاق بن خزيمة السلمي	ShamAY	33968	0.34704
		من سنن النبي(ص) البكاء على الميت	السيد مرتضى العسكري	Masaha	439	0.34692
		التعريف بالنصرانية		ShamAY	35337	0.34691
		الحث على التجارة والصناعة والعمل والإنكار على من يدعي التوكل في ترك العمل والحجة عليهم في ذلك	أبو بكر أحمد بن محمد بن هارون بن يزيد الخَلَّال البغدادي الحنبلي (المتوفى: 311هـ)	ShamAY	8213	0.34684
		مداخلات عربية - بلقانية في التاريخ الوسيط والحديث - دراسة -	محمد الأرناؤوط	ShamAY	37710	0.34676
		صورة المهجو في نقائض جرير والأخطل	صالح ملا عزيز	ShamAY	34535	0.34674
		كتاب الحج	معاوية بن عمار دهني	Ghbook	10937	0.34669
		إتحاف النبلاء بأخبار الثقلاء للسيوطي - نسخة أخرى	السيوطي	ShamAY	36025	0.34665
		ديوان طرفة بن العبد	طَرَفَة بن العَبْد بن سفيان بن سعد البكري الوائلي أبو عمرو الشاعر الجاهلي (المتوفى: 564 م)	ShamAY	291	0.34663
		المعاني البديعة في معرفة اختلاف أهل الشريعة	محمد بن عبد الله بن أبي بكر الحثيثي الصردفي الريمي، جمال الدين (المتوفى: 792ه)	ShamelaY19	95560	0.34659
		الأمكنة والمياه والجبال والآثار ونحوها المذكورة في الأخبار والآثار  - الجزء1	نصر بن عبد الرحمن الإسكندري	Masaha	4546	0.34654
		بحث مصطلحات الألقاب عند فقهاء المذاهب الأربعة "	عبد الحق حميش	ShamAY	37166	0.34646
		ضوابط المصارف الاسلامية والمعاملات فيها	جاسم الشامسي	ShamAY	36269	0.34645
		 موسوعة قرى ومدن لبنان 	 طوني مفرج 	ABLibrary	9269	0.34644
		المدبج ورواية الأقران	د موفق بن عبد الله بن عبد القادر	ShamAY	8909	0.34635
		الدارس في تاريخ المدارس	عبد القادر بن محمد النعيمي الدمشقي (المتوفى: 927هـ)	ShamAY	8880	0.34635
		الوهابيه لمصلحه من ؟! ...	لجنة البحوث و الدراسات	Ghbook	7599	0.34633
		هدي الساري مقدمة فتح الباري لابن حجر - ط المعرفة = التراجم	أحمد بن علي بن حجر أبو الفضل العسقلاني الشافعي	ShamAY	38211	0.34627
		عمدة الطّالب في أنساب آل أبي طالب	السيد جمال الدين أحمد بن علي الحسني [ ابن عنبة ]	Rafed	1715	0.34627
		دراسة أقوال العلماء في حديث (أرحم أمتي بأمتي أبو بكر ... )	ربيع بن هادي المدخلي	ShamAY	33028	0.34626
		العظمة لأبي الشيخ الأصبهاني	أبو محمد عبد الله بن محمد بن جعفر بن حيان الأنصاري المعروف بأبِي الشيخ الأصبهاني (المتوفى: 369هـ)	ShamAY	13043	0.34625
		الفضائل الموضوعة عرض ونقد	مهدي المنصور سمائي	Rafed	1497	0.34616
		لا يخدعنك الشيطان	أزهري أحمد محمود	Sham19Y	36361	0.34614
		دور جامعة الإمام محمد بن سعود الإسلامية في تقنين معالجة الإرهاب وقضاياه	أ. الجوهرة آل جهجاه	ShamAY	33377	0.34611
		الحجة بضعف حديث من صلى ركعتين بعد الصبح فله أجر عمرة وحجة	أحمد محمد شحاته الألفى السكندرى	ShamAY	5917	0.34611
		الأحكام المتعلقة بالطيران وآثاره	فايز بن عبد الكريم الفايز	ShamAY	36632	0.3461
		ألفية ابن مالك منهجها وشروحها	غريب عبد المجيد نافع	ShamelaY19	22756	0.34603
		ملخص المقالات الموتمر العالمي (حول آراء علماء الاسلام في التيارات المتطرفه و الت...	كنگره جهاني جريان هاي افراطي و تكفيري از ديدگاه علماي اسلام	Ghbook	14116	0.34597
		 تاريخ ابن يونس الصدفي 	 عبد الرحمن ابن احمد الصدفي المصري 	ABLibrary	8974	0.34593
		مفتاح الكرامة في شرح قواعد العلّامة [ج ٩]	السيّد محمّد جواد الحسيني العاملي	Rafed	2121	0.34593
		ذيل تذكرة الحفاظ للحسيني	شمس الدين أبو المحاسن محمد بن علي بن الحسن بن حمزة الحسيني الدمشقي الشافعي (المتوفى: 765هـ)	ShamAY	7307	0.3459
		مسند السراج	أبو العباس محمد بن إسحاق بن إبراهيم بن مهران الخراساني النيسابوري المعروف بالسَّرَّاج (المتوفى: 313هـ)	ShamAY	1383	0.34588
		بحار الأنوار [ج ١٠١]	الشيخ محمّد باقر بن محمّد تقي المجلسي	Rafed	1461	0.3458
		المنتخب من علل الخلال (ومعه تتمة)	أبو محمد موفق الدين عبد الله بن أحمد بن محمد بن قدامة الجماعيلي المقدسي ثم الدمشقي الحنبلي، الشهير بابن قدامة المقدسي (المتوفى: 620ه)	ShamelaY19	26075	0.34578
		المدبج ورواية الأقران	د موفق بن عبد الله بن عبد القادر	Sham19Y	8909	0.34578
		تاريخ البصروي	علي بن يوسف بن علي بن أحمد، علاء الدين الدمشقيّ العاتكي الشافعي الشهير بالبصروي (المتوفى: 905هـ)	ShamAY	6637	0.34576
		المذكر والتذكير لابن أبي عاصم	أبو بكر بن أبي عاصم وهو أحمد بن عمرو بن الضحاك بن مخلد الشيباني (المتوفى: 287هـ)	ShamAY	13062	0.34569
		المعاني البديعة في معرفة اختلاف أهل الشريعة	محمد بن عبد الله بن أبي بكر الحثيثي الصردفي الريمي، جمال الدين (المتوفى: 792هـ)	ShamAY	1543	0.34565
		الأربعون حديثاً الفاطميّة	أيمن عبد الكريم	Masaha	205	0.34565
		الناسخ والمنسوخ - وتنزيل القرآن بمكة والمدينة	محمد بن مسلم بن عبد الله بن شهاب الزهري (المتوفى: 124ه)	ShamelaY19	26887	0.34562
		ديوان عروة بن الورد	عروة بن الورد بن زيد العبسي، من غطفان من شعراء الجاهلية	ShamAY	37959	0.34555
		الاستغناء في معرفة المشهورين من حملة العلم بالكنى «وهو مشتمل على ثلاثة كتب في الكنى»	أبو عمر يوسف بن عبد الله بن عبد البر النمري القرطبي (368 - 463 ه)	ShamelaY19	132971	0.34555
		الموضوعات للصغاني	رضي الدين الحسن بن محمد بن الحسن بن حيدر العدوي العمري القرشي الصغاني الحنفي (المتوفى: 650هـ)	ShamAY	6070	0.34554
		من قضايا الدراسات العربية الإسلامية في الغرب	د. مازن صلاح مطبقاني	ShamAY	33411	0.34552
		الأمر بالمعروف والنهي عن المنكر لابن أبي الدنيا	أبو بكر عبد الله بن محمد بن عبيد بن سفيان بن قيس البغدادي الأموي القرشي المعروف بابن أبي الدنيا (المتوفى: 281هـ)	ShamAY	8207	0.34549
		أحاديث في الحب	سعود البارودي العتيبي	ShamAY	34979	0.34545
		اعتلال القلوب للخرائطي	أبو بكر محمد بن جعفر بن محمد بن سهل بن شاكر الخرائطي السامري (المتوفى: 327هـ)	ShamAY	1304	0.34529
		تاريخ مدينة دمشق [ج ٦٦]	أبي القاسم علي بن الحسن ابن هبة الله بن عبد الله الشافعي [ ابن عساكر ]	Rafed	2540	0.34528
		 الموسوعة الكبرى عن فاطمة الزهراء ( س ) 	 اسماعيل الأنصاري الزنجاني الخوئيني 	ABLibrary	7837	0.34523
		تفسير الصنعاني	أبو بكر عبد الرزاق بن همام بن نافع الحميري اليماني الصنعاني (المتوفى: 211 هـ)	ShamAY	34074	0.34514
		 مسند الإمام الصادق ( ع ) 	 الشيخ عزيز الله عطاردي 	ABLibrary	7731	0.34514
		الحجج القاطعة في المواريث الواقعة [مطبوع ضمن: رسالتان في علم الفرائض]	فيصل بن عبد العزيز آل مبارك (المتوفى: 1376 هـ)	ShamAY	38903	0.34512
		إزالة الإشكال في صلاة الركعتين إذا دخل يوم الجمعة والإمام يخطب	الدكتور: عبدالله بن جمعان الدَّادَا الغامدي	ShamAY	36573	0.34508
		الغنية فهرست شيوخ القاضي عياض	عياض بن موسى بن عياض بن عمرون اليحصبي السبتي، أبو الفضل (المتوفى: 544ه)	Sham19Y	26463	0.34502
		رسالة في جواز خلع القاضي للزوجة ببعض المهر عند حدوث الشقائق بين الزوجين	فيصل بن عبد العزيز آل مبارك	ShamAY	36511	0.34501
		آيه التطهير في مصادر الفريقين	مرتضي عسكري	Ghbook	7508	0.34499
		العزلة والإنفراد لابن أبي الدنيا - ت: مشهور	أبو بكر عبد الله بن محمد بن عبيد البغدادي (ابن أبي الدنيا)	ShamAY	34115	0.34497
		منتخب من كتاب أزواج النبي صلى الله عليه وسلم - ت العمري	الزبير بن بكار بن عبد الله القرشي الأسدي المكي (المتوفى: 256هـ)	ShamAY	33634	0.34487
		الجامع لعلوم الإمام أحمد - الفقه	خالد الرباط، سيد عزت عيد [بمشاركة الباحثين بدار الفلاح]	ShamAY	38866	0.34486
		حول الإعجاز العلمي للقرآن الكريم في العصر الحديث	محمد المهدي محمود علي	ShamAY	10180	0.34469
		كتاب الولاة وكتاب القضاة للكندي	أبو عمر محمد بن يوسف بن يعقوب الكندي المصري (المتوفى: بعد 355ه)	Sham19Y	12831	0.34459
		البيان	محمد حسين حسيني جلالي	Ghbook	12889	0.34457
		ديوان الحارث بن حلزة اليشكري	الحارث بن حلزة	ShamelaY19	149875	0.34441
		أحكام البيع بالتقسيط	الشيخ سعد بن تركي الخثلان	ShamAY	36250	0.3444
		ديوان طرفة بن العبد	طرفة بن العبد بن سفيان بن سعد البكري الوائلي أبو عمرو الشاعر الجاهلي (المتوفى: 564 م)	ShamelaY19	36422	0.34437
		صيام رمضان للقاسم ابن عساكر	أبي محمد القاسم ابن الحافظ علي بن الحسن بن هبة الله الشافعي المعروف بابن عساكر (600 هـ)	ShamAY	33581	0.34434
		الحقائق من الصواعق	لجنة التاليف	Ghbook	8391	0.34434
		لسان الميزان ت أبي غدة	أبو الفضل أحمد بن علي بن محمد بن أحمد بن حجر العسقلاني (المتوفى: 852هـ)	ShamAY	1041	0.34427
		 المسائل في الطب للمتعلمين 	 حنين بن اسحاق 	ABLibrary	9812	0.34423
		حديث بشر بن مطر	بشر بن مطر بن ثابت أبو أحمد الدقاق الواسطي (المتوفى: 262ه)	ShamelaY19	29709	0.34411
		 موسوعة قرى ومدن لبنان 	 طوني مفرج 	ABLibrary	9268	0.3441
		تاريخ الإسلام ووفيات المشاهير والأعلام [ج ٥٠]	شمس الدين محمّد بن أحمد بن عثمان الذّهبي	Rafed	3663	0.34409
		الكافل بنيل السول في علم الأصول	محمد بن يحيى بن محمد بن أحمد بهران، التميمي النسب، البصري الأصل، الصعدي المولد والوفاة، سراج الدين (المتوفى: 957ه)	ShamelaY19	35182	0.34392
		المنظومة الدالية في السنة	أبو الخطاب الكلوذاني	ShamAY	35409	0.34386
		60 مسألة في يوم الجمعة	أبو إسلام أحمد بن علي	ShamAY	36222	0.34382
		المدخل إلى علم السنن للبيهقي ت عوامة	أبو بكر أحمد بن الحسين البيهقي (384 ه - 458 ه)	Sham19Y	39268	0.3438
		أخطاء العزو في تفسير الإصابة بالعين والمس	مصطفى عشوي	ShamAY	36124	0.34376
		الناسخ والمنسوخ - وتنزيل القرآن بمكة والمدينة	محمد بن مسلم بن عبد الله بن شِهَاب الزهري (المتوفى: 124هـ)	ShamAY	1210	0.34366
		 الرسالة الهارونية 	 مسيح بن حكم الدمشقي 	ABLibrary	9807	0.34365
		دلائل الامامه ( الامام المجتبي عليه السلام )	طبري امامي ( صغير ) ابوجعفر محمد بن جرير بن رستم ( قرن 4و5 ق ) ( صاحب دلائل الامامه )	Ghbook	6074	0.34358
		مقاتل الطالبيّين	أبي الفرج الاصفهاني	Rafed	3214	0.34357
		المتمنين لابن أبي الدنيا	أبو بكر عبد الله بن محمد بن عبيد بن سفيان بن قيس البغدادي الأموي القرشي المعروف بابن أبي الدنيا (المتوفى: 281هـ)	ShamAY	13057	0.34351
		التوسعة على العيال لأبي زرعة	أبو الفضل زين الدين عبد الرحيم بن الحسين بن عبد الرحمن بن أبي بكر بن إبراهيم العراقي (المتوفى: 806ه)	ShamelaY19	29509	0.34339
		مجلة الأحكام العدلية	لجنة مكونة من عدة علماء وفقهاء في الخلافة العثمانية	ShamAY	8502	0.34335
		الفرائض	عبد الكريم بن محمد بن عبد العزيز اللاحم	ShamelaY19	31238	0.34335
		وسائل الشيعه الي تحصيل مسائل الشريعه	محمد بن حسن حر عاملي	Ghbook	801	0.34313
		تاريخ القدس المعروف بتاريخ أورشليم	خليل سركيس	Rafed	2188	0.34306
		فضائل الشام	محمد بن أحمد بن عبد الهادي المقدسي الحنبلي (744 هـ)	ShamAY	34310	0.34304
		التيار  السلفي الزيدي	سيد محمد مهدي عمادي	Ghbook	16036	0.34301
		الناسخ والمنسوخ لقتادة	قتادة بن دعامة بن قتادة بن عزيز، أبو الخطاب السدوسي البصري (المتوفى: 117هـ)	ShamAY	8491	0.34298
		حديثان أحدهما في فضل رجب لأبي معشر الطبري	عبد الكريم بن عبد الصمد بن محمد بن علي بن محمد القطان أبو معشر الطبري (المتوفى: 478هـ)	ShamAY	11454	0.3429
		محاولات التحالف بين المغول والصليبيين ضد المسلمين في القرنين السابع والثامن الهجريين وآثارها	شفيق جاسر أحمد محمود	ShamAY	37151	0.34288
		رجال السنة في الميزان	الشيخ محمد حسن المظفر	Masaha	634	0.34281
		جزء من نسخة إبراهيم بن سعد (مطبوع ضمن مجموع باسم الفوائد لابن منده!)	إبراهيم بن سعد بن إبراهيم بن عبد الرحمن بن عوف، أبو إسحاق الزهري (المتوفى: 184هـ)	ShamAY	9412	0.3428
		قرى الضيف لابن أبي الدنيا - ط أطلس الخضراء = مقابل	أبو بكر عبد الله بن محمد ابن أبي الدنيا	ShamAY	38079	0.34277
		من فتاوى فضيلة الشيخ محمد العثيمين عبر الإنترنت	الواحدي :: ابن عثيمين	ShamAY	37676	0.34276
		أحكام شركة المضاربة	فهد الحميزي	ShamAY	36251	0.34276
		معاجم معاني ألفاظ القرآن الكريم	فوزي يوسف الهابط	ShamAY	12071	0.34276
		كتاب الولاة وكتاب القضاة للكندي	أبو عمر محمد بن يوسف بن يعقوب الكندي المصري (المتوفى: بعد 355هـ)	ShamAY	12831	0.34263
		عقيدة أهل البيت	عبد الحكيم قاسم	ShamAY	35688	0.34262
		 مسند الإمام الصادق ( ع ) 	 الشيخ عزيز الله عطاردي 	ABLibrary	7727	0.34262
		خاتمة مستدرك الوسائل [ج ٨]	الشيخ حسين النوري الطبرسي [ المحدّث النوري ]	Rafed	1471	0.3426
		الغنية فهرست شيوخ القاضي عياض	عياض بن موسى بن عياض بن عمرون اليحصبي السبتي، أبو الفضل (المتوفى: 544هـ)	ShamAY	26463	0.34259
		سجود السّهو - مشروعيته ومواضعه وأسبابه في ضوء الكتاب والسنة	د. سعيد بن علي بن وهف القحطاني	ShamAY	1843	0.34256
		خطبة السيدة عائشة في الدفاع عن أبيها	ابن الأنباري	ShamAY	35243	0.34253
		كفاية الطالب في مناقب علي بن أبي طالب عليه السلام	محمّد بن يوسف الگنجي الشافعي	Rafed	3446	0.34244
		جزء الأوهام في المشايخ النبل	ضياء الدين أبو عبد الله محمد بن عبد الواحد المقدسي (المتوفى: 643هـ)	ShamAY	5799	0.34243
		سيره الامام علي بن ابي طالب ( عليه السلام )	نجاح الطائي	Ghbook	8361	0.3424
		المحكم والمحيط الأعظم [ج ٤]	أبي الحسن علي بن إسماعيل بن سيده المرسي [ ابن سيده ]	Rafed	1428	0.34239
		إحقاق الحقّ وإزهاق الباطل [ج ١٤]	السيّد نور الله الحسيني المرعشي التستري	Rafed	2751	0.34239
		كلمه فاطمه الزهراء ( سلام الله عليها )	مركز رسول اعظم صلي الله عليه و آله	Ghbook	3889	0.3423
		صحيح ابن خزيمة ط 3	أبو بكر محمد بن إسحاق بن خزيمة بن المغيرة بن صالح بن بكر السلمي النيسابوري (المتوفى: 311ه)	ShamelaY19	121382	0.34221
		تاريخ مدينة دمشق [ج ٦١]	أبي القاسم علي بن الحسن ابن هبة الله بن عبد الله الشافعي [ ابن عساكر ]	Rafed	2531	0.34217
		الأدب الجاهلي في آثار الدارسين قديما وحديثا	د/ عفيف عبد الرحمن	ShamAY	10000	0.34213
		المنتخب من مسند عبد بن حميد ت صبحي السامرائي	أبو محمد عبد الحميد بن حميد بن نصر الكَسّي ويقال له: الكَشّي بالفتح والإعجام (المتوفى: 249هـ)	ShamAY	13170	0.34212
		لمحات من حياة الشيخ عمر العرباوي	مهدي جيدال	ShamAY	31652	0.342
		المسند الموضوعي الجامع للكتب العشرة	صهيب عبد الجبار	ShamAY	31843	0.34198
		عيون اخبار الرضا ( عليه السلام )	محمد بن علي بن بابويه شيخ صدوق	Ghbook	2645	0.34195
		الإعلام والدعوة إلى الله	طه عبد الفتاح مقلد	ShamAY	8762	0.34186
		المنامات لابن أبي الدنيا	أبو بكر عبد الله بن محمد بن عبيد بن سفيان بن قيس البغدادي الأموي القرشي المعروف بابن أبي الدنيا (المتوفى: 281هـ)	ShamAY	13070	0.34183
		لمحات عن الإرهاب في العصر الحاضر	أ. فهد بن إبراهيم أبو العصاري	ShamAY	33380	0.34182
		تبديل الاحرام الي العمره بين الواقع و الخيال	نجم الدين طبسي	Ghbook	5945	0.34181
		متن شذور الذهب	عبد الله بن يوسف بن أحمد بن عبد الله ابن يوسف، أبو محمد، جمال الدين، ابن هشام (المتوفى: 761ه)	ShamelaY19	96770	0.34161
		حصول البغية للسائل هل لأحد في الجنة لحية للناجي	برهان الدين الناجي الدمشقي الشافعي (900 هـ)	ShamAY	34302	0.34159
		مشيخة ابن طهمان	أبو سعيد إبراهيم بن طهمان بن شعبة الخراسانى الهروي (المتوفى: 168ه)	ShamelaY19	24831	0.34152
		مسلم بن عقيل عليه السلام قصّة معقل	سيد علي جمال أشرف	Ghbook	16571	0.34148
		تذكرة الفقهاء [ج ١٠]	الحسن بن يوسف بن علي المطّهر [ العلامة الحلّي ]	Rafed	404	0.34141
		الأربعون من رواية مالك عن نافع للسيوطي	عبد الرحمن بن أبي بكر، جلال الدين السيوطي (المتوفى: 911ه)	ShamelaY19	29569	0.34136
		الجامع لعلوم الإمام أحمد - الفقه	خالد الرباط، سيد عزت عيد [بمشاركة الباحثين بدار الفلاح]	ShamelaY19	20878	0.34135
		المنتقى من سماعات محمد بن عبد الرحيم المقدسي	محمد بن عبد الرحيم بن عبد الواحد بن أحمد بن عبد الرحمن المقدسي شمس الدين المعروف بابن الكمال الحنبلي (المتوفى: 688ه)	ShamelaY19	30696	0.3413
		 أقرباذين القلانسي 	 محمد بن بهرام القلانسي السمرقندي 	ABLibrary	9872	0.3413
		لا للتدخين	الواحدي :: ياسر برهامي	ShamAY	36493	0.34128
		لسان الميزان	أبو الفضل أحمد بن علي بن محمد بن أحمد بن حجر العسقلاني (المتوفى: 852هـ)	ShamAY	12063	0.34127
		التحفة الوفية بمعاني حروف العربية	إبراهيم بن محمد بن إبراهيم السفاقسي	ShamAY	37189	0.34126
		الحركة السلفية ودورها في إحياء السنة	عبد الرحمن عبد الجبار الفريوائي	ShamAY	10343	0.34125
		فضائل الأوقات للبيهقي	أحمد بن الحسين بن علي بن موسى الخُسْرَوْجِردي الخراساني، أبو بكر البيهقي (المتوفى: 458هـ)	ShamAY	13134	0.34114
		أحكام السواك	عبد الله السهلي	ShamAY	36718	0.34112
		منهج الدعوة والحسبة بين أهل السنة وأهل البدعة	صالح بن علي بن فهد بن غصون (المتوفى: 1419ه)	ShamelaY19	30908	0.3409
		تاريخ الإسلام ووفيات المشاهير والأعلام [ج ٣٠]	شمس الدين محمّد بن أحمد بن عثمان الذّهبي	Rafed	3561	0.34088
		تاريخ اهل البيت : نقلا عن الائمه الباقر و الصادق و الرضا و العسكري عن آبائهم علي...	محمد رضا حسيني جلالي	Ghbook	9218	0.34084
		التوسعة على العيال لأبي زرعة	أبو الفضل زين الدين عبد الرحيم بن الحسين بن عبد الرحمن بن أبي بكر بن إبراهيم العراقي (المتوفى: 806هـ)	ShamAY	29509	0.34071
		زواج المتعه في كتب اهل السنه ، مع رد الشبهات	اميرمحمد قزويني	Ghbook	4565	0.3407
		هدية العارفين أسماء المؤلفين وآثار المصنفين	إسماعيل بن محمد أمين بن مير سليم الباباني البغدادي (المتوفى: 1399هـ)	ShamAY	3003	0.34065
		الشّفاء ـ طبيعيّات [ج ١]	أبو علي حسين بن عبد الله بن سينا [ شيخ الرئيس ابن سينا ]	Rafed	3037	0.34065
		عرض لميثاق الأسرة في الإسلام مقدم للمؤتمر الدولي (أحكام الأسرة بين الشريعة الإسلامية والاتفاقات والإعلانات الدولية)	كاميليا حلمي	ShamAY	36700	0.34053
		المبشرون والمستشرقون في موقفهم من الإسلام	محمد البهي (المتوفى: 1402ه)	Sham19Y	36148	0.3405
		أسنى المطالب فى مناقب الإمام على(ع)	شمس الدين محمد الجزري	Masaha	1832	0.34047
		خزانة التّواريخ النجديّة [ج ٣]	عبد الله بن عبد الرحمن بن صالح آل بسام	Rafed	2165	0.34042
		مشيخة دانيال تخريج ابن بلبان - مخطوط	ضياء الدين أبو الفضائل دانيال بن منكلي بن صرفا الكركي	ShamAY	32968	0.3404
		فتاوى في صلاة الاستخارة	الواحدي :: ابن جبرين	ShamAY	37649	0.34039
		جزء فيه أربعون حديثا منتقاة من كتاب الآداب	البيهقي، أبو بكر	ShamAY	33542	0.34038
		العقد التمام فيمن زوجه النبي عليه الصلاة والسلام	يوسف بن حسن بن أحمد بن حسن ابن عبد الهادي الصالحي، جمال الدين، ابن ابن المِبْرَد الحنبلي (المتوفى: 909هـ)	ShamAY	22341	0.34038
		التوبة لابن أبي الدنيا - ط أطلس الخضراء = مقابل	أبو بكر عبد الله بن محمد ابن أبي الدنيا	ShamAY	38061	0.34037
		اجوبه مسائل طلاب القطيف ( الاستفتاءات المرتبطه بالسفر و الاقامه و... )	آيت الله العظمي سيد محمد حسيني شيرازي	Ghbook	2294	0.34035
		الجامع لعلوم الإمام أحمد - علوم الحديث	إبراهيم النحاس	ShamelaY19	20859	0.34033
		موسوعة قرى ومدن لبنان [ج ٣]	طوني مفرّج	Rafed	2579	0.34033
		تقرير ميداني عن التنصير في مصر		ShamAY	35357	0.34032
		اختلاف أقوال النقاد في الرواة المختلف فيهم مع دراسة هذه الظاهره عند ابن معين	سعدي بن مهدي الهاشمي	ShamAY	7491	0.3403
		نظرات في حديث أصحابي كالنجوم	صالح بن سعيد بن هلابي	ShamAY	4365	0.34028
		 أسنى المطالب في مناقب الإمام علي ( ع ) 	 محمد بن محمد الدمشقي ( ابن الجزري ) 	ABLibrary	7411	0.34028
		لمحات من حياة الشيخ عمر العرباوي	مهدي جيدال	ShamelaY19	115128	0.34025
		الأحاديث والآثار الواردة في التسليم في الصلاة	د. محمد عبد الله ولد كريم	ShamAY	36477	0.34023
		الفرائد على مجمع الزوائد «ترجمة الرواة الذين لم يعرفهم الحافظ الهيثمي»	أبو عبد الله، خليل بن محمد بن عوض الله المطيري العربي	ShamAY	31753	0.3402
		المطلع على دقائق زاد المستقنع «فقه القضاء والشهادات»	عبد الكريم بن محمد اللاحم	ShamelaY19	127710	0.3402
		أنساب الخيل في الجاهلية والإسلام وأخبارها - ط دار الكتب	أبو المنذر هشام بن محمد أبي النضر ابن السائب ابن بشر الكلبي (المتوفى: 204هـ)	ShamAY	33800	0.34019
		النوادر	أبو جعفر الأشعري القمي	Masaha	543	0.34011
		شرح تحفة أهل الطلب في تجريد أصول قواعد ابن رجب	عبد الكريم بن محمد اللاحم	ShamelaY19	133350	0.34006
		مسؤولية الأسرة في تحصين الشباب من الإرهاب	سهيلة زين العابدين حماد	ShamAY	33381	0.34004
		التسعير في ظل الأزمة المالية المعاصرة	عبد الله بن عمر السحيباني	ShamAY	36635	0.34003
		الدرّ الكمين بذيل العقد الثمين في تاريخ البلد الأمين [ج ١]	عمر ابن فهد الهاشمي المكّي	Rafed	2205	0.34001
		مُعجَمُ أعلام الجزائِر - مِن صَدر الإسلام حَتّى العَصر الحَاضِر	عادل نويهض	ShamAY	1943	0.33995
		ديوان وضاح اليمن	وضاح اليمن, عبد الرحمن بن إسماعيل بن عبد كلال من آل خوذان الحميري المتوفى سنة (90 هـ / 708 م)	ShamAY	37963	0.33994
		ألفية ابن مالك منهجها وشروحها	غريب عبد المجيد نافع	ShamAY	22756	0.33992
		إخبار الطبيب أحد الزوجين بنتائج الفحوص الطبية للآخر (رؤية شرعية)	خالد المصلح	ShamAY	36694	0.33988
		 الدر الكمين بذيل العقد الثمين في تاريخ البلد الأمين 	 عمر بن محمد ابن فهد 	ABLibrary	9063	0.33981
		مفتاح الكرامة في شرح قواعد العلّامة [ج ٣]	السيّد محمّد جواد الحسيني العاملي	Rafed	2115	0.33977
		إسعاف الأعيان في أنساب أهل عمان	سالم بن حمود بن شامس بن خميس السيابي الإباضي (المتوفى: 1414هـ)	ShamAY	490	0.33967
		علل الشرائع	محمد بن علي بن بابويه شيخ صدوق	Ghbook	2643	0.33966
		دور التنغيم في تحديد معنى الجملة العربية	الدكتور سامي عوض ـ عادل علي نعامة	ShamAY	37206	0.33962
		إفادة الخير في الاستياك بسواك الغير	الإمام محمد عبد الحي اللكنوي (ت1304هـ)	ShamAY	36001	0.3396
		تاريخ اربل [ج ٢]	شرف الدين  أبي البركات المبارك بن أحمد اللخمي الأربلي [ ابن المستوفي ]	Rafed	2427	0.33954
		القطوف الدانية فيما انفرد به الدارمي عن الثمانية	مرزوق بن هياس الزهراني	ShamelaY19	132387	0.33945
		سلسلة ولا يزال التحريف مستمرا		ShamAY	35365	0.33942
		الزواج الموقت	المجمع العالمي لاهل البيت عليهم السلام	Ghbook	7555	0.3394
		الإسلام والليبرالية نقيضان لا يجتمعان	شحاتة محمد صقر	ShamAY	817	0.33939
		دلائل الامامه ( الامام السجاد عليه السلام )	طبري امامي ( صغير ) ابوجعفر محمد بن جرير بن رستم ( قرن 4و5 ق ) ( صاحب دلائل الامامه )	Ghbook	6381	0.33933
		حول المسح علي الرجلين و السجود علي الارض	خليفه عبيد كلباني عماني	Ghbook	7637	0.33929
		الجامع الكبير - سنن الترمذي	محمد بن عيسى بن سَوْرة بن موسى بن الضحاك، الترمذي، أبو عيسى (المتوفى: 279هـ)	ShamAY	1201	0.33923
		جزء من حديث أبي علي الصواف	محمد بن أحمد بن الحسن بن إسحاق ابن الصواف، أبو علي البغدادي (المتوفى: 359هـ)	ShamAY	29898	0.33921
		حديث أبي اليمان	الحكم بن نافع البهرانى، أبو اليمان الحمصى (المتوفى: 222ه)	ShamelaY19	29704	0.33919
		نفحات الأزهار في خلاصة عبقات الأنوار [ج ١٧]	السيّد علي الحسيني الميلاني	Rafed	472	0.33917
		أمراض النساء وعلاجها بالأعشاب	عكاشه عبد السنان الطيبي	Rafed	559	0.33914
		مسند أبي أمية الطرسوسي	أبو أمية محمد بن إبراهيم بن مسلم الخزاعي البغدادي ثم الطرسوسي (المتوفى: 273هـ)	ShamAY	29711	0.33911
		 تاريخ اربل ( نباهة البلد الخامل بمن ورده من الاماثل ) 	 ابن المستوفي 	ABLibrary	8979	0.3391
		الصحيح في فضل الزيارة الرضوية	مهدي خداميان آراني	Ghbook	9577	0.33902
		أهداف الترجمات الاستشراقية لمعاني القرآن الكريم ودوافعها	محمد أشرف علي المليباري	ShamAY	37007	0.33901
		كتاب في علم الحديث للداني	عثمان بن سعيد بن عثمان بن عمر أبو عمرو الداني (المتوفى: 444ه)	Sham19Y	30386	0.33898
		كتاب الأفعال لابن القوطية	ابن القوطية (المتوفى: 367 ه)	Sham19Y	16406	0.33896
		تاريخ الأنطاکي المعروف بصلة تاريخ أوتيخاء	يحيى بن سعيد بن يحيى الأنطاكي (المتوفى: 458هـ)	ShamAY	31999	0.33894
		مسند علي بن ابراهيم القمي	احمد عابدي	Ghbook	16091	0.33893
		ذم المكس	عبد الرحمن بن أبي بكر، جلال الدين السيوطي (المتوفى: 911ه)	ShamelaY19	36041	0.33887
		الشيعه و الشريعه	آيت الله العظمي سيد محمد حسيني شيرازي	Ghbook	7752	0.33885
		بيع العُربُون في ضوء الشريعة الإسلامية	أبو حسام الدين الطرفاوي	ShamAY	36257	0.33881
		سلسلة الذهب فيما رواه الشافعي عن مالك عن نافع عن ابن عمر	أبو الفضل أحمد بن علي بن محمد بن أحمد بن حجر العسقلاني (المتوفى: 852هـ)	ShamAY	6023	0.33881
		 المتراس في علاج أوجاع الرأس 	 جلال الدين السيوطي 	ABLibrary	9951	0.33877
		كتاب في علم الحديث للداني	عثمان بن سعيد بن عثمان بن عمر أبو عمرو الداني (المتوفى: 444هـ)	ShamAY	30386	0.33876
		ذكر العقبتين وعمره صلى الله عليه وسلم للضياء المقدسي - مخطوط	الواحدي	ShamAY	32778	0.33876
		الرضا عن الله بقضائه لابن أبي الدنيا - ط أطلس الخضراء = مقابل	أبو بكر عبد الله بن محمد ابن أبي الدنيا	ShamAY	38081	0.33875
		كرامات السيده رقيه ( سلام الله عليها )	منتديات شيعه علي عليه السلام و فاطمة الزهراء عليها السلام	Ghbook	5738	0.33871
		دمية القصر وعصرة أهل العصر	علي بن الحسن بن علي بن أبي الطيب الباخرزي، أبو الحسن (المتوفى: 467ه)	Sham19Y	10665	0.33869
		فتاوى الشيخ ابن باز في المسح على الخفين	الواحدي :: ابن باز	ShamAY	37652	0.33868
		 الذريعة 	 آقا بزرگ الطهراني 	ABLibrary	870	0.33862
		حقائق حول المولد النبوي	أحمد بن عبد العزيز السليمان الحمدان	ShamelaY19	30887	0.33855
		كتاب في علم الحديث للداني	أبو عمرو، عثمان بن سعيد الداني، المتوفى ستة (440 هـ)	ShamAY	34012	0.33853
		آراء الإمام ابن ماجه الأصولية من خلال تراجم أبواب سننه	الواحدي :: سعد الشثري	ShamAY	37504	0.3385
		متن قطر الندى وبل الصدى	عبد الله بن يوسف بن أحمد بن عبد الله ابن يوسف، أبو محمد، جمال الدين، ابن هشام (المتوفى: 761هـ)	ShamAY	11376	0.33845
		تاريخ أمراء المدينة المنوّرة	عارف أحمد عبد الغني	Rafed	2237	0.33843
		أحاديث في فضل الإسكندرية وعسقلان	عثمان بن عبد الرحمن، أبو عمرو، تقي الدين المعروف بابن الصلاح (المتوفى: 643ه)	ShamelaY19	30242	0.33842
		أسنى المطالب في مناقب سيّدنا علي بن أبي طالب	أبي الخير شمس الدين محمد بن محمد بن محمد الجزري الشافعي	Rafed	2614	0.33841
		رعشات مذعوره	حسن شيرازي	Ghbook	7977	0.33821
		فضائل رمضان لابن أبي الدنيا	أبو بكر عبد الله بن محمد بن عبيد بن سفيان بن قيس البغدادي الأموي القرشي المعروف بابن أبي الدنيا (المتوفى: 281هـ)	ShamAY	10799	0.33812
		 موسوعة قرى ومدن لبنان 	 طوني مفرج 	ABLibrary	9277	0.33806
		جمع الجيوش والدساكر على ابن عساكر	يوسف بن حسن بن أحمد بن حسن ابن عبد الهادي الصالحي، جمال الدين، ابن ابن المبرد الحنبلي (المتوفى: 909ه)	ShamelaY19	30312	0.33797
		منطق الأواني بفيض تراجم عيون أعيان آل الكتاني	الشريف محمد حمزة بن محمد علي الكتاني الحسني	ShamAY	35804	0.33789
		فرائد السمطين [ج ١]	ابراهيم بن محمّد بن المؤيّد الجويني الخراساني	Rafed	2903	0.33783
		فضل ثغر الإسكندرية للسيوطي - مخطوط (ن)	عبد الرحمن بن أبي بكر، جلال الدين السيوطي (المتوفى: 911ه)	Sham19Y	11797	0.33779
		الرد على ابن القطان في كتابه بيان الوهم والإيهام	شمس الدين أبو عبد الله محمد بن أحمد بن عثمان بن قَايْماز الذهبي (المتوفى : 748هـ)	ShamAY	9075	0.33776
		التعازي لأبي الحسن المدائني	علي بْن مُحَمَّد بْن عَبْد اللَّه بْن أَبِي سيف أَبُو الحسن المعروف بالمدائني (المتوفى: 224هـ)	ShamAY	26863	0.33773
		الأناجيل والعقيدة	د. بهاء النحال	ShamAY	35330	0.33765
		حديث أَحْمَد بن عبد الله بن خالد الجويباري في مسائل عبد الله بن سلام	أحمد بن الحسين بن علي بن موسى الخُسْرَوْجِردي الخراساني، أبو بكر البيهقي (المتوفى: 458هـ)	ShamAY	7531	0.33765
		عناية الأمة بالقرآن الكريم عبر العصور د. محمد العمر	د . محمد العمر	ShamAY	36856	0.33762
		شرح العوامل في النحو	ملا نظرعلي بن محسن گيلاني	Ghbook	15383	0.33761
		المختصر المفيد في أحكام التجويد	مجهول	ShamelaY19	38050	0.33757
		آية التطهير في مصادر الفريقين	السيد مرتضى العسكري	Masaha	10	0.33756
		اجوبه الامام الشيرازي في المسائل الاعتقاديه التي كثر السوال عليها	آيت الله العظمي سيد محمد حسيني شيرازي	Ghbook	8055	0.33752
		زَهْرُ الخَمَائِل فِي تَرَاجِم عُلمَاءِ حَائِل	علي بن محمد الهندي	ShamAY	35876	0.33751
		التقيّة في الفكر الإسلامي	السيد ثامر هاشم العميدي	Rafed	754	0.3375
		إقامة الحجة بأن المتمتع عليه سعيان سعي العمرة وسعي الحج	الشيخ العلامة المحدث عبد الحق الهاشمي	ShamAY	35997	0.33749
		المجروحين لابن حبان ت حمدي	ابن حبان	Sham19Y	151099	0.33748
		دمية القصر وعصرة أهل العصر	علي بن الحسن بن علي بن أبي الطيب الباخرزي، أبو الحسن (المتوفى: 467هـ)	ShamAY	10665	0.33746
		حفظ القرآن الكريم وتعليمه في جميع مراحل التعليم العام والتعليم الجامعي في المملكة العربية السعودية (1)	الأستاذ الدكتور محمود محمد عبد الله كسناوي	ShamAY	36889	0.33745
		 كنز الفوائد في تنويع الموائد 	 مؤلف مجهول 	ABLibrary	9870	0.33744
		موسوعه الامامه في نصوص اهل السنه	آيت الله العظمي سيد شهاب الدين مرعشي نجفي	Ghbook	16317	0.33737
		ملاحظة سنية دمشقية حول كتاب الكافي	عبد الرحمن دمشقية	ShamAY	35687	0.33736
		المجتبى من مشكل إعراب القرآن	أ. د. أحمد بن محمد الخراط، أبو بلال	ShamAY	9617	0.33735
		الاجتهاد في مناط الحكم الشرعي دراسة تأصيلية تطبيقية	بلقاسم الزبيدي	ShamelaY19	37630	0.33732
		البدر التمام بما صح من أدلة الأحكام	ناصر بن سعيد السيف	ShamelaY19	36341	0.33729
		المنصوريه في النحو والصرف	آيت الله العظمي سيد محمد حسيني شيرازي	Ghbook	7847	0.33727
		ملحق البدر الطالع بمحاسن من بعد القرن السابع ((الملحق التابع للبدر الطالع))	محمد بن محمد بن يحيى زبارة الحسني اليمني الصنعاني (المتوفى: 1381هـ)	ShamAY	6672	0.33721
		قواعد الإملاء	عبد السلام محمد هارون (المتوفى: 1408هـ)	ShamAY	1499	0.33709
		المناقب	الخطيب الخوارزمي	Masaha	2331	0.33709
		إضاءات على الاستشراق الروسي	فاطمة عبد الفتاح	ShamAY	33463	0.33705
		تعليقات على شرح العقيدة الطحاوية - عبد العزيز آل عبد اللطيف	عبد العزيز بن محمد آل عبد اللطيف	ShamAY	35751	0.33705
		يوم عاشوراء في اللغه و التاريخ و الحديث	جمعي از نويسندگان	Ghbook	5999	0.33705
		البيتوتة لمحمد بن إسحاق الخراساني	محمد بن إسحاق بن إبراهيم بن مهران الخراساني، أبو العباس السراج، الثقفي مولاهم (المتوفى: 313ه)	Sham19Y	8252	0.33704
		الخلاصة البهية في ترتيب أحداث السيرة النبوية	وحيد عبد السلام بالي	ShamelaY19	37425	0.33702
		القدر للفريابي مخرجا	أبو بكر جعفر بن محمد بن الحسن بن المُسْتَفاض الفِرْيابِي (المتوفى: 301هـ)	ShamAY	13051	0.3369
		موسوعة قرى ومدن لبنان [ج ٢]	طوني مفرّج	Rafed	2578	0.33688
		 واسط في العصر العباسي 	 عبد القادر سلمان المعاضيدي 	ABLibrary	9311	0.33674
		التطبيق النحوي	الدكتور عبده الراجحي	ShamAY	9976	0.33667
		البدر التمام بما صح من أدلة الأحكام	ناصر بن سعيد السيف	ShamAY	235	0.3366
		البدر التمام بما صح من أدلة الأحكام	ناصر بن سعيد السيف	Sham19Y	36341	0.33656
		تفسير جوامع الجامع - الجزء1	الشيخ ابو علي الفضل بن الحسن الطبرسي	Masaha	3245	0.33655
		احمد بن اسحاق الثقة المرضي، من اصحاب الجواد و الهادي	موسسه پيام امام هادي عليه السلام	Ghbook	14748	0.33653
		موقف المملكة العربية السعودية من الإرهاب والعنف والتطرف ماضيا وحاضرا	د. محمد بن عمر آل مدني	ShamAY	33385	0.33629
		واو الثمانية	عمر العمري	ShamAY	37063	0.33618
		خزانة التّواريخ النجديّة [ج ٨]	عبد الله بن عبد الرحمن بن صالح آل بسام	Rafed	2174	0.33617
		الأثبات في مخطوطات الأئمة: شيخ الإسلام ابن تيمية، والعلامة ابن القيم، والحافظ ابن رجب	علي بن عبد العزيز بن علي الشبل	ShamAY	22654	0.33609
		أم المؤمنين خديجة بنت خويلد	خالد الحمودي	ShamelaY19	95680	0.33605
		المعاملات المصرفية	عباس بن علي نجفي ( آل كاشف الغطاء )	Ghbook	9063	0.33604
		المطلع على دقائق زاد المستقنع «المعاملات المالية»	عبد الكريم بن محمد اللاحم	ShamelaY19	127708	0.33595
		جزء ابن جريج	ابن جريج	ShamAY	33605	0.3358
		المتفق والمفترق فيمن ذكر بكنيته من الرواة في الكتب الستة	يوسف بن جودة يس يوسف الداودي	ShamelaY19	18641	0.33576
		جزء في طرق حديث لا تسبوا أصحابي	أبو الفضل أحمد بن علي بن محمد بن أحمد بن حجر العسقلاني (المتوفى: 852ه)	ShamelaY19	30733	0.33571
		الاستبصار - الجزء1	الشيخ الطوسي	Masaha	29	0.33564
		 فرائد السمطين في فضائل المرتضى والبتول والسبطين والأئمة من ذريتهم ( ع ) 	 ابراهيم بن سعد الدين الشافعي 	ABLibrary	7628	0.33562
		المسعى	الواحدي :: مشهور آل سلمان	ShamAY	36418	0.33561
		تحفة المحبين والأصحاب فى معرفة ما للمدنيين من الأنساب	عبد الرحمن بن عبد الكريم الحنفي المدني الشهير بالأنصاري (المتوفى: 1195ه)	ShamelaY19	30744	0.33561
		ذكر شيوخ الشريف أبي الفضل ابن المهدي - مخطوط (ن)	محمد بن عبد العزيز بن العباس بن محمد بن عبد الله بن أحمد بن محمد بن عبد الله بن المهدي، أبو الفضل الهاشمي (المتوفى: 444هـ)	ShamAY	21641	0.33552
		الصحيح المسند مما ليس في الصحيحين	أبو عبد الرحمن مقبل بن هادي الوادعي (المتوفى: 1422 ه)	Sham19Y	133366	0.33545
		هدايه الامه الي احكام الائمه ( عليهم السلام )	محمد بن حسن حر عاملي	Ghbook	10425	0.33543
		السنن المأثورة للشافعي	إسماعيل بن يحيى بن إسماعيل، أبو إبراهيم المزني (المتوفى: 264هـ)	ShamAY	13033	0.33542
		كتاب الأفعال لابن القوطية	ابن القوطية (المتوفى: 367 هـ)	ShamAY	38956	0.33538
		 عبقات الأنوار في إمامة الأئمة الأطهار ( فارسي ) 	 السيد حامد النقوي 	ABLibrary	8500	0.33538
		الهداية في الأصول و الفروع	الشيخ الصدوق	Masaha	715	0.33538
		خلق أفعال العباد والرد على الجهمية وأصحاب التعطيل - ت الفهيد	محمد بن إسماعيل البخاري	ShamAY	33864	0.33537
		اليقين لابن أبي الدنيا	أبو بكر عبد الله بن محمد بن عبيد بن سفيان بن قيس البغدادي الأموي القرشي المعروف بابن أبي الدنيا (المتوفى: 281هـ)	ShamAY	8220	0.33533
		موطأ مالك ت الأعظمي	مالك بن أنس بن مالك بن عامر الأصبحي المدني (المتوفى: 179ه)	ShamelaY19	28107	0.33519
		التعازي لأبي الحسن المدائني	علي بن محمد بن عبد الله بن أبي سيف أبو الحسن المعروف بالمدائني (المتوفى: 224ه)	Sham19Y	26863	0.33515
		حلم الامام الحسن عليه السلام ، نهج للتسامح الاجتماعي	حسن صفار	Ghbook	6073	0.33513
		دور المدرسة في مقاومة الإرهاب والعنف والتطرف	عبد الله بن عبد العزيز اليوسف	ShamAY	33378	0.33508
		السلام في المشروع الصهيوني ( مصر نموذجاً )	زبير سلطان قدوري	ShamAY	37737	0.33503
		النهي عن سب الأصحاب وما فيه من الإثم والعقاب	ضياء الدين أبو عبد الله محمد بن عبد الواحد المقدسي (المتوفى: 643ه)	Sham19Y	12735	0.33497
		الدرر المفاخر في أخبار العرب الأواخر	محمد بن حمد البسام التميمي النجدي (المتوفى: 1246هـ)	ShamAY	410	0.33487
		الجامع لأدلة الغزوات	نجد آل محمد	ShamAY	36172	0.33485
		جزء فيه مجلس من فوائد الليث بن سعد	أبو الحارث الليث بن سعد بن عبد الرحمن الفهمي المصري (المتوفى: 175هـ)	ShamAY	9812	0.33484
		الكافل بنيل السول في علم الأصول	محمد بن يحيى بن محمد بن أحمد بهران، التميمي النسب، البصري الأصل، الصَّعْدي المولد والوفاة، سراج الدين (المتوفى: 957هـ)	ShamAY	32143	0.33483
		الزهد لوكيع	أبو سفيان وكيع بن الجراح بن مليح بن عدي بن فرس بن سفيان بن الحارث بن عمرو ابن عبيد بن رؤاس الرؤاسي (المتوفى: 197هـ)	ShamAY	21545	0.33482
		اليهودية الأرثوذكسية دراسة وصفية	نسيم شحدة ياسين	ShamAY	37777	0.33481
		نماذج من الربط بضمير الفصل في القرآن الكريم - دراسة نحوية	هاشم محمد مصطفى	ShamAY	37100	0.3348
		دلائل النبوة للفريابي	أبو بكر جعفر بن محمد بن الحسن بن المُسْتَفاض الفِرْيابِي (المتوفى: 301هـ)	ShamAY	13116	0.33469
		كتاب في علم الحديث للداني	عثمان بن سعيد بن عثمان بن عمر أبو عمرو الداني (المتوفى: 444ه)	ShamelaY19	30386	0.33467
		آداب النوم	عادل الزرقي	ShamAY	34864	0.33465
		ذيل لسان الميزان «رواة ضعفاء أو تكلم فيهم، لم يذكروا في كتب الضعفاء والمتكلم فيهم»	حاتم بن عارف بن ناصر الشريف العوني	ShamAY	32166	0.33462
		إعانة الطالب في بداية علم الفرائض	أحمد بن يوسف بن محمد الأهدل	ShamelaY19	96958	0.3346
		مناجاه	حسن شيرازي	Ghbook	7987	0.33459
		جهود المملكة العربية السعودية في رعاية تحفيظ القرآن الكريم لأبناء المسلمين في الخارج	الدكتور عبد الله بن علي بصفر	ShamAY	36887	0.33458
		معرفة السنن والآثار	أحمد بن الحسين بن علي بن موسى الخسروجردي الخراساني، أبو بكر البيهقي (المتوفى: 458ه)	Sham19Y	2863	0.33451
		التطبيق النحوي	الدكتور عبده الراجحي	Sham19Y	9976	0.33442
		اختيارات شيخ الإسلام ابن تيمية - ابن عبد الهادي - ت جاد الله - ط عالم الفوائد	شمس الدين محمد بن أحمد بن عبد الهادي بن يوسف الدمشقي الحنبلي (المتوفى: 744هـ) - برهان الدين إبراهيم بن محمد بن أبي بكر بن أيوب بن قيم الجوزية (المتوفى 767 هـ)	ShamAY	38463	0.33438
		أوراق سياسية (وثائق- مبادرات- اتفاقيات)	إسماعيل عبد اللطيف الأشقر	ShamAY	37740	0.33437
		سنن الترمذي ت شاكر	محمد بن عيسى بن سَوْرة بن موسى بن الضحاك، الترمذي، أبو عيسى (المتوفى: 279هـ)	ShamAY	1159	0.33437
		متن شذور الذهب	عبد الله بن يوسف بن أحمد بن عبد الله ابن يوسف، أبو محمد، جمال الدين، ابن هشام (المتوفى: 761هـ)	ShamAY	1996	0.33427
		تأملات فى الأناجيل والعقيدة	دكتور بهاء النحال	ShamelaY19	38182	0.33414
		الأحاديث المشتركة حول الإمام المهدي	الشيخ محمد علي التسخيري	Masaha	2367	0.3341
		تاريخ المدينة لابن شبة	عمر بن شبة (واسمه زيد) بن عبيدة بن ريطة النميري البصري، أبو زيد (المتوفى: 262هـ)	ShamAY	13086	0.33408
		تاريخ التراث العربي (علم اللغة إلى حوالي سنة 430 ه)	الدكتور فؤاد سزكين	ShamelaY19	143165	0.33405
		البيان في أخبار صاحب الزمان‏	محمد بن يوسف الگنجي الشافعي‏	Masaha	1920	0.33397
		معرفة السنن والآثار	أحمد بن الحسين بن علي بن موسى الخُسْرَوْجِردي الخراساني، أبو بكر البيهقي (المتوفى: 458هـ)	ShamAY	31638	0.33394
		تحفة المحبين والأصحاب فى معرفة ما للمدنيين من الأنساب	عبد الرحمن بن عبد الكريم الحنفي المدني الشهير بالأنصاري (المتوفى: 1195ه)	Sham19Y	30744	0.33394
		الفلك المشحون فيما يتعلق بانتفاع المرتهن والمرهون	الإمام محمد عبد الحي اللكنوي (ت1304هـ)	ShamAY	36007	0.3339
		جزاء اعداء الامام الجواد عليه السلام في دار الدنيا	هاشم ناجي موسوي جزائري	Ghbook	6488	0.33385
		رسالة في تفسير قوله تعالى: إن إبراهيم كان أمة	شمس الدين محمد بن علي بن خمارويه بن طولون الدمشقي الصالحي الحنفي (المتوفى: 953هـ)	ShamAY	26435	0.33384
		المبشرون والمستشرقون في موقفهم من الإسلام	محمد البهي (المتوفى: 1402هـ)	ShamAY	549	0.33375
		أعلام الحنابلة في أصول الفقه	الدكتور إبراهيم عبد اللَّه آل إبراهيم	ShamAY	34185	0.33368
		 الذريعة 	 آقا بزرگ الطهراني 	ABLibrary	854	0.33366
		 تاريخ أُمراء المدينة المنورة 	 عارف أحمد عبد الغني 	ABLibrary	8984	0.33363
		الصحيح المسند مما ليس في الصحيحين	أبو عبد الرحمن مقبل بن هادي الوادعي (المتوفى: 1422 ه)	ShamelaY19	133366	0.33356
		التحصيل الدراسي عند طلب وطالبات حلقات التحفيظ	مجموعة من المؤلفين	ShamAY	36779	0.33355
		جواب أبي مسعود إبراهيم بن محمد بن عبيد الدمشقي لأبي الحسن الدارقطني عما بين غلط أبي الحسين مسلم بن الحجاج القشيري	أبو مسعود إبراهيم بن محمد بن عبيد الدمشقي	ShamAY	34176	0.33351
		مائه سوال حول الثالوث	آيت الله العظمي سيد محمد حسيني شيرازي	Ghbook	8085	0.33347
		غاية المقصد فى زوائد المسند	أبو الحسن نور الدين علي بن أبي بكر بن سليمان الهيثمي (المتوفى: 807ه)	Sham19Y	9567	0.33343
		المختصر المفيد في أحكام التجويد	مجهول	ShamAY	1498	0.3334
		جمع الجيوش والدساكر على ابن عساكر	يوسف بن حسن بن أحمد بن حسن ابن عبد الهادي الصالحي، جمال الدين، ابن ابن المِبْرَد الحنبلي (المتوفى: 909هـ)	ShamAY	30312	0.33339
		لمحات من حياة الشيخ عمر العرباوي	مهدي جيدال	Sham19Y	115128	0.33339
		جماليات تحول الوحدة الصرفية لدى النحاة والبلاغيين	سامي عوض	ShamAY	34497	0.33338
		التركيب في العامية للأمثال العامية	الدكتور علاء إسماعيل الحمزاوي	ShamAY	37190	0.33329
		موسوعه ام المومنين السيده خديجه عليها السلام في مصادر اهل السنه	ناصر رفيعي	Ghbook	16492	0.33329
		العلمانية - المفهوم والمظاهر والأسباب	أبو سفيان مصطفى باحو السلاوي المغربي	ShamelaY19	96931	0.33317
		 مسند الإمام الصادق ( ع ) 	 الشيخ عزيز الله عطاردي 	ABLibrary	7726	0.33317
		 خزانة التواريخ النجدية 	 عبد الله بن عبد الرحمن آل بسام 	ABLibrary	9045	0.33308
		ديوان أبي دهبل الجمحي (رواية أبي عمرو الشيباني)	أبو دهبل الجمحي	ShamelaY19	149016	0.3329
		 المحيط في اللغة 	 الصاحب بن عباد 	ABLibrary	9786	0.33282
		الجامع لعلوم الإمام أحمد - علوم الحديث	إبراهيم النحاس	ShamAY	38858	0.33281
		مكتبة العلامة الحلي	السيّد عبد العزيز الطباطبائي	Rafed	117	0.3328
		إعانة الطالب في بداية علم الفرائض	أحمد بن يوسف بن محمد الأهدل	ShamAY	2056	0.33275
		جامع بيان العلم وفضله - مؤسسة الريان	أبو عمر يوسف بن عبد الله بن عبد البر النمري القرطبي	ShamAY	33956	0.3326
		 دلائل النبوة ومعرفة أحوال صاحب الشريعة 	 أحمد بن الحسين البيهقي 	ABLibrary	934	0.33253
		بيان خطأ من أخطأ على الشافعي للبيهقي	أحمد بن الحسين بن علي بن موسى الخُسْرَوْجِردي الخراساني، أبو بكر البيهقي (المتوفى: 458هـ)	ShamAY	13085	0.33252
		الداني مفسراً من خلال كتابه : (المكتفى في الوقف والابتدا)	السالم الشنقيطي	ShamAY	36826	0.3325
		الزهد لوكيع	أبو سفيان وكيع بن الجراح بن مليح بن عدي بن فرس بن سفيان بن الحارث بن عمرو ابن عبيد بن رؤاس الرؤاسي (المتوفى: 197ه)	ShamelaY19	21545	0.33249
		التعازي لأبي الحسن المدائني	علي بن محمد بن عبد الله بن أبي سيف أبو الحسن المعروف بالمدائني (المتوفى: 224ه)	ShamelaY19	26863	0.33247
		 سنن أبي داود 	 سليمان بن الأشعث السجستاني 	ABLibrary	86	0.33242
		من عوالي مسند عبد بن حميد - مخطوط (ن)	أبو محمد عبد الحميد بن حميد بن نصر الكَسّي ويقال له: الكَشّي بالفتح والإعجام (المتوفى: 249هـ)	ShamAY	21676	0.33231
		برنامج التجيبي	القاسم بن يوسف بن محمد بن علي التجيبي البلنسي السبتي (المتوفى: 730هـ)	ShamAY	9870	0.33229
		في انتظار المطر	محمد باقر بن مرتضي موحد ابطحي اصفهاني	Ghbook	16260	0.33228
		النهي عن سب الأصحاب وما فيه من الإثم والعقاب	ضياء الدين أبو عبد الله محمد بن عبد الواحد المقدسي (المتوفى: 643هـ)	ShamAY	1294	0.33224
		أم المؤمنين ميمونة بنت الحارث	خالد الحمودي	ShamelaY19	95679	0.33222
		بعض فوائد صلح الحديبية (مطبوع ضمن مؤلفات الشيخ محمد بن عبد الوهاب، الجزء الثاني عشر)	محمد بن عبد الوهاب بن سليمان التميمي النجدي (المتوفى: 1206هـ)	ShamAY	11070	0.33221
		برنامج المجاري	أبو عبد الله محمد بن محمد بن علي بن عبد الواحد المجاري الأندلسي (المتوفى: 862هـ)	ShamAY	10735	0.33219
		غريب الحديث لإبراهيم الحربي	إبراهيم بن إسحاق الحربي أبو إسحاق [198 - 285]	ShamAY	13133	0.33218
		إعانة الطالب في بداية علم الفرائض	أحمد بن يوسف بن محمد الأهدل	Sham19Y	96958	0.33216
		أطواق الذهب في المواعظ والخطب = كتاب المقالات	أبو القاسم محمود بن عمرو بن أحمد، الزمخشري جار الله (المتوفى: 538هـ)	ShamAY	277	0.33213
		غاية المقصد فى زوائد المسند	أبو الحسن نور الدين علي بن أبي بكر بن سليمان الهيثمي (المتوفى: 807هـ)	ShamAY	9567	0.33212
		إشكالية تأثر القرآن الكريم بالأناجيل في الفكر الاستشراقي الحديث		ShamAY	36926	0.33211
		السيرة النبوية من خلال أهم كتب التفسير	عصام بن عبد المحسن الحميدان	Sham19Y	7647	0.33208
		شرح ترددات المختصر النافع	علي بن ابراهيم القطيفي	Masaha	1169	0.33208
		جزء فيه مجلسان من أمالي أبي الحسين بن بشران	علي بن محمد بن عبد الله بن بشران الأموي أبو الحسين البغدادي المعدل (المتوفى: 415هـ)	ShamAY	26562	0.33202
		معجم المصطلحات القرآنية	الدكتور ف. عبد الرحيم (=فانيامبادي عبد الرحيم)	ShamAY	2915	0.33193
		دقائق المنهاج	أبو زكريا محيي الدين يحيى بن شرف النووي (المتوفى: 676هـ)	ShamAY	6134	0.33192
		شرعية المعاملات التي تقوم بها البنوك الإسلامية المعاصرة	عبد الرحمن بن عبد الخالق اليوسف	ShamAY	12249	0.33191
		منتقى من حديث ابن مخلد وغيره رواية ابن طبرزد	ابن طبرزد عمر بن محمد بن معمر أبو حفص المؤدب (607 هـ)	ShamAY	33594	0.3319
		 عبقات الأنوار في إمامة الأئمة الأطهار ( فارسي ) 	 السيد حامد النقوي 	ABLibrary	8509	0.33189
		بشارة المصطفى لشيعة المرتضى‏	عماد الدين الطبري‏	Masaha	1944	0.33183
		القنوات الفضائية	سيد محمد ساداتي الشنقيطي	ShamelaY19	31343	0.33182
		مسألة العلو والنزول في الحديث	أبو الفضل محمد بن طاهر بن علي بن أحمد المقدسي الشيباني، المعروف بابن القيسراني (المتوفى: 507هـ)	ShamAY	6002	0.33175
		إعراب القرآن الكريم لغةً وإعجازاً وبلاغة تفسيراً بالإيجاز [ج ٨]	بهجت عبدالواحد الشيخلي	Rafed	4042	0.3317
		المتكلمون في الرجال (مطبوع ضمن مجموعة «أربع رسائل في علوم الحديث» )	شمس الدين أبو الخير محمد بن عبد الرحمن بن محمد بن أبي بكر بن عثمان بن محمد السخاوي (المتوفى: 902ه)	ShamelaY19	26111	0.33163
		 أصحاب أمير المؤمنين ( ع ) والرواة عنه 	 الشيخ محمد هادي الأميني 	ABLibrary	7414	0.33154
		القضاء والقدر للبيهقي	أحمد بن الحسين بن علي بن موسى الخُسْرَوْجِردي الخراساني، أبو بكر البيهقي (المتوفى: 458هـ)	ShamAY	13053	0.33138
		جزء محمد بن يحيى الذهلي	محمد بن يحيى بن عبد الله الذهلي، مولاهم، النيسابورى، أبو عبد الله (المتوفى: 258ه)	ShamelaY19	30368	0.33137
		الجزء الخامس من مسند حديث مالك بن أنس	القاضي أبو إسحاق إسماعيل بن إسحاق بن إسماعيل بن حماد بن زيد الأزدي البصري ثم البغدادي المالكي الجهضمي (المتوفى: 282ه)	ShamelaY19	26440	0.33134
		ميراث محدّث اُرمَوى	سيّد جعفر اشكورى	Rafed	2802	0.33132
		رساله في تعاقب الايدي	ضياءالدين عراقي	Ghbook	11150	0.33129
		الجهاد في نظر الامام السجاد عليه السلام	سيد ابراهيم امين	Ghbook	6360	0.33129
		الفروع من الكافي - الجزء3	ثقة الإسلام أبي جعفر الكليني	Masaha	3	0.33125
		تاريخ الإسلام ووفيات المشاهير والأعلام [ج ٣٨]	شمس الدين محمّد بن أحمد بن عثمان الذّهبي	Rafed	3585	0.33114
		المقلق لابن الجوزي	جمال الدين أبو الفرج عبد الرحمن بن علي بن محمد الجوزي (المتوفى: 597ه)	ShamelaY19	26892	0.33112
		بلوغ المرام من أدلة الأحكام - ت الفقي	أحمد بن علي بن حجر العسقلاني	ShamAY	34283	0.33111
		صفة النار لابن أبي الدنيا	أبو بكر عبد الله بن محمد بن عبيد بن سفيان بن قيس البغدادي الأموي القرشي المعروف بابن أبي الدنيا (المتوفى: 281ه)	Sham19Y	13128	0.33108
		نبذ في الصيام	محمد بن صالح بن محمد العثيمين (المتوفى: 1421ه)	ShamelaY19	21586	0.33105
		صحيح ابن خزيمة	أبو بكر محمد بن إسحاق بن خزيمة بن المغيرة بن صالح بن بكر السلمي النيسابوري (المتوفى: 311هـ)	ShamAY	1446	0.33093
		نسخة عبد الله بن صالح كاتب الليث (مطبوع ضمن مجموع باسم الفوائد لابن منده!)	أَبُو صَالِحٍ، عَبْدُ اللهِ بنُ صَالِحِ بنِ مُحَمَّدِ بنِ مُسْلِمٍ الجُهَنِيُّ مَوْلاَهُمُ، المِصْرِيُّ، كَاتِبُ اللَّيْثِ بنِ سَعْدٍ (المتوفى: 223هـ)	ShamAY	9633	0.33086
		تاريخ الإسلام ووفيات المشاهير والأعلام [ج ١٨]	شمس الدين محمّد بن أحمد بن عثمان الذّهبي	Rafed	3423	0.33086
		مسند إسحاق بن راهويه	أبو يعقوب إسحاق بن إبراهيم بن مخلد بن إبراهيم الحنظلي المروزي المعروف بـ ابن راهويه (المتوفى: 238هـ)	ShamAY	13159	0.33084
		النفحة النسرينية واللمحة المرينية	إسماعيل بن يوسف بن محمد بن نصر الخزرجي الأنصاري النصري، أبو الوليد، المعروف بابن الأحمر (المتوفى: 807ه)	Sham19Y	401	0.33082
		منتهى المقال في أحوال الرّجال [ج ٥]	الشيخ محمّد بن إسماعيل المازندراني	Rafed	538	0.33081
		مصباح الزجاجة في زوائد ابن ماجه	أبو العباس شهاب الدين أحمد بن أبي بكر بن إسماعيل بن سليم بن قايماز بن عثمان البوصيري الكناني الشافعي (المتوفى: 840هـ)	ShamAY	5635	0.33078
		معتمد الشيعة في أحكام الشريعة	محمد مهدي بن أبي ذر النراقي [ المولى مهدي النراقي ]	Rafed	1339	0.33077
		دراسات في الديانات الهندية	محمد ضياء الرحمن الأعظمي	ShamelaY19	22567	0.33072
		مسند إسحاق بن راهويه	أبو يعقوب إسحاق بن إبراهيم بن مخلد بن إبراهيم الحنظلي المروزي المعروف ب ابن راهويه (المتوفى: 238ه)	Sham19Y	13159	0.33071
		التوسط بين مالك وابن القاسم في المسائل التي اختلفا فيها من مسائل المدونة	قاسم بن خلف بن فتح بن عبد الله بن جبير، أبو عبيد الجبيري (المتوفى: 378هـ)	ShamAY	2041	0.33065
		 الذريعة 	 آقا بزرگ الطهراني 	ABLibrary	869	0.33065
		اسئله حول احداث ايران و الحكومه الاسلاميه المرتقبه	آيت الله العظمي سيد محمد حسيني شيرازي	Ghbook	2301	0.33065
		فهارس علوم القرآن الكريم لمخطوطات دار الكتب الظاهريّة	صلاح محمد الخيمى	ShamAY	1486	0.33063
		الشعائر الحسينيه	سيد حسين تبريزي	Ghbook	5929	0.33059
		أسماء خيل العرب وأنسابها وذكر فرسانها	الحسن بن أحمد بن محمد الأعرابي، أبو محمد الأسود الغندجاني (المتوفى: نحو 430ه)	ShamelaY19	120141	0.33045
		اتخاذ السنة النبوية الى جانب القرآن الكريم أساسا لشؤون الحياة والحكم في المملكة العربية السعودية	عبد الرحيم المغذوي	ShamAY	33424	0.33043
		المرأة قبل وبعد الإسلام	-	ShamAY	1919	0.33042
		جزء في طرق حديث لا تسبوا أصحابي	أبو الفضل أحمد بن علي بن محمد بن أحمد بن حجر العسقلاني (المتوفى: 852هـ)	ShamAY	30733	0.33041
		جزء فيه من أحاديث الإمام أيوب السختياني	القاضي أبو إسحاق إسماعيل بن إسحاق بن إسماعيل بن حماد بن زيد الأزدي البصري ثم البغدادي المالكي الجهضمي (المتوفى: 282هـ)	ShamAY	8474	0.3304
		تاريخ أمراء المدينة المنورة 1هـ - 1417هـ	عارف أحمد عبد الغني	ShamAY	38410	0.33034
		الطبقات الكبرى ط دار صادر	أبو عبد الله محمد بن سعد بن منيع الهاشمي بالولاء، البصري، البغدادي المعروف بابن سعد (المتوفى: 230ه)	Sham19Y	9351	0.33032
		المطلع على دقائق زاد المستقنع «فقه الجنايات والحدود»	عبد الكريم بن محمد اللاحم	ShamelaY19	127709	0.33028
		ديوان عدي بن الرقاع	عدي بن زيد بن مالك بن عدي بن زيد بن مالك بن عدي بن الرقاع العاملي	ShamAY	37957	0.33025
		تذكرة الفقهاء [ج ١١]	الحسن بن يوسف بن علي المطّهر [ العلامة الحلّي ]	Rafed	405	0.33024
		الرَّوضُ البَّسَام بتَرتيْبِ وَتخْريج فَوَائِدِ تَمَّام	أبو سليمان جاسم بن سليمان حمد الفهيد الدوسري	ShamAY	31720	0.33023
		المفاخر السنية في الأسانيد العلية القدسية	عبد الحميد قدس الخطيب	ShamAY	37634	0.33022
		جوامع الأخبار	عبد الرحمن بن ناصر بن عبد الله السعدي (المتوفى: 1376هـ)	ShamAY	33084	0.33021
		واسط في العصر العباسي	د. عبد القادر سلمان المعاضيدي	Rafed	2516	0.33019
		مفتاح الكرامة في شرح قواعد العلّامة [ج ٤]	السيّد محمّد جواد الحسيني العاملي	Rafed	2116	0.33018
		بيع تلقي الركبان في الفقه الإسلامي	الدكتور مسلم اليوسف	ShamAY	36261	0.33017
		ذكر شيوخ الشريف أبي الفضل ابن المهدي - مخطوط (ن)	محمد بن عبد العزيز بن العباس بن محمد بن عبد الله بن أحمد بن محمد بن عبد الله بن المهدي، أبو الفضل الهاشمي (المتوفى: 444ه)	ShamelaY19	21641	0.33015
		شرعية المعاملات التي تقوم بها البنوك الإسلامية المعاصرة	عبد الرحمن بن عبد الخالق اليوسف	Sham19Y	12249	0.33013
		 دلائل النبوة ومعرفة أحوال صاحب الشريعة 	 أحمد بن الحسين البيهقي 	ABLibrary	931	0.33001
		المقلق لابن الجوزي	جمال الدين أبو الفرج عبد الرحمن بن علي بن محمد الجوزي (المتوفى: 597هـ)	ShamAY	26892	0.33
		معجم أصحاب القاضي أبي علي الصدفي	ابن الأبار، محمد بن عبد الله بن أبي بكر القضاعي البلنسي (المتوفى: 658ه)	ShamelaY19	28740	0.32998
		جزء فيه مجلسان من أمالي أبي الحسين بن بشران	علي بن محمد بن عبد الله بن بشران الأموي أبو الحسين البغدادي المعدل (المتوفى: 415ه)	ShamelaY19	26562	0.32992
		الجزء الثاني من حديث يحيى بن معين الفوائد رواية أبي بكر المروزي	أبو زكريا يحيى بن معين بن عون بن زياد بن بسطام بن عبد الرحمن (المتوفى: 233هـ)	ShamAY	9294	0.32984
		بيان أخطاء المعجم المفهرس لألفاظ الحديث النبوي	شاكر ذيب فياض	ShamelaY19	36149	0.32978
		علم الفرائض والمواريث في الشريعة الإسلامية والقانون السوري	محمد خيري المفتي	ShamAY	7455	0.32977
		تذهيب تهذيب الكمال في أسماء الرجال	شمس الدين أبي عبد الله محمد بن أحمد بن عثمان بن قيماز الشهير ب «الذهبي» (673 - 748 ه)	ShamelaY19	149213	0.32971
		مسند الشافعي	الشافعي أبو عبد الله محمد بن إدريس بن العباس بن عثمان بن شافع بن عبد المطلب بن عبد مناف المطلبي القرشي المكي (المتوفى: 204هـ)	ShamAY	2075	0.32969
		تحفة المحبين والأصحاب فى معرفة ما للمدنيين من الأنساب	عبد الرحمن بن عبد الكريم الحنفي المدني الشهير بالأنصاري (المتوفى: 1195هـ)	ShamAY	30744	0.32966
		تقريب النفع و تيسير الجمع بين القراءات	نبيل بن هاشم بن عبد الله غمري آل باعلوي	Ghbook	4823	0.32966
		عمده الطالب في انساب آل ابي طالب	احمد بن علي ابن عنبه	Ghbook	9498	0.32962
		عمدة الطالب في أنساب آل أبي طالب	ابن عنبة الحسني‏	Masaha	2302	0.32962
		معجم المفسرين «من صدر الإسلام وحتى العصر الحاضر»	عادل نويهض	ShamAY	32161	0.32948
		آداب الاستسقاء للنووي	النووي (676 هـ)	ShamAY	34339	0.32937
		ياقوتة الصراط في تفسير غريب القرآن	محمد بن عبد الواحد بن أبي هاشم، أبو عمر الزاهد المطرز الباوردي، المعروف بغلام ثعلب (المتوفى: 345ه)	Sham19Y	6887	0.32935
		الطبقات الكبرى ط دار صادر	أبو عبد الله محمد بن سعد بن منيع الهاشمي بالولاء، البصري، البغدادي المعروف بابن سعد (المتوفى: 230هـ)	ShamAY	9351	0.32933
		تحفة المدنيين	محمد عمر بن محمد بن الفقيه	ShamAY	37022	0.32932
		أهمية مساعدات التذكر في حفظ القرآن العظيم من وجهة نظر موجهي الحلقات القرآنية ومعلميها		ShamAY	36978	0.32925
		سنن ابن ماجه	ابن ماجة أبو عبد الله محمد بن يزيد القزويني، وماجة اسم أبيه يزيد (المتوفى: 273ه)	Sham19Y	1198	0.32922
		قصيدة التوبة - أبو إسحاق الإلبيري	الواحدي :: الإِلبِيري، أبو إسحاق	ShamAY	35009	0.32911
		حقائق حول المولد النبوي	أحمد بن عبد العزيز السليمان الحمدان	Sham19Y	30887	0.3291
		حتى العاطفة على غير مذكور	الدكتور علي السوسرة	ShamAY	37047	0.32905
		دراسة نقدية تكشف سوءات اتفاقية جنيف	صالح الرقب	ShamAY	37704	0.32904
		الخلاصة البهية في ترتيب أحداث السيرة النبوية	وحيد عبد السلام بالي	ShamAY	460	0.32898
		فضل ثغر الإسكندرية للسيوطي - مخطوط (ن)	عبد الرحمن بن أبي بكر، جلال الدين السيوطي (المتوفى: 911هـ)	ShamAY	11797	0.32887
		 الذريعة 	 آقا بزرگ الطهراني 	ABLibrary	871	0.32877
		معلمة الفقه المالكي	عبد العزيز بن عبد الله	ShamelaY19	20650	0.32867
		الأنساب = أنساب العرب = تاريخ العوتبي	أبو المنذر سلمة بن مسلم بن إبراهيم الصحاري العوتبي (العماني الإباضي) نسبة الى عوتب وهي منطقة في صحار كانت تسمى في القديم: عوتب الخيام (المتوفى: 511ه)	Sham19Y	491	0.32861
		أَنْوَر الجُنْدِيّ .. حيَاةٌ مُضيئة وثَمَرَة فِكر	سامي التوني	ShamAY	35861	0.3286
		تذكرة الطالبين في بيان الموضوع وأصناف الوضاعين	محمد آدم الإتيوبي	ShamAY	7456	0.32855
		موطأ مالك ت الأعظمي	مالك بن أنس بن مالك بن عامر الأصبحي المدني (المتوفى: 179هـ)	ShamAY	1143	0.32855
		الإهتمام بالسيرة النبوية باللغة البنغالية	أبو بكر محمد زكريا	ShamAY	7559	0.32851
		تحقيق الاحتجاج بالقدر لابن تيمية	تقي الدين أبو العباس أحمد بن عبد الحليم بن تيمية (المتوفى: 728هـ)	ShamAY	301	0.3285
		بشاره المصطفي (ص)	طبري ، عمادالدين ابو جعفر محمد بن ابي القاسم ( صاحب بشاره المصطفي ص - قرن ششم )	Ghbook	2476	0.32849
		حلم معاوية لابن أبي الدنيا	أبو بكر عبد الله بن محمد بن عبيد بن سفيان بن قيس البغدادي الأموي القرشي المعروف بابن أبي الدنيا (المتوفى: 281ه)	Sham19Y	26874	0.32847
		المختصر في المنطق	محمد بن محمد ابن عرفة الورغمي التونسي المالكي، أبو عبد الله (المتوفى: 803هـ)	ShamAY	708	0.32842
		السماع لأبي عبد الرحمن السلمي	أبو عبد الرحمن السلمي	ShamAY	35232	0.32841
		بيان أخطاء المعجم المفهرس لألفاظ الحديث النبوي	شاكر ذيب فياض	Sham19Y	36149	0.32841
		الدرّ الكمين بذيل العقد الثمين في تاريخ البلد الأمين [ج ٢]	عمر ابن فهد الهاشمي المكّي	Rafed	2206	0.32837
		مكارم الأخلاق لابن أبي الدنيا - ط أطلس الخضراء = مقابل	أبو بكر عبد الله بن محمد ابن أبي الدنيا	ShamAY	38163	0.32833
		ياقوتة الصراط في تفسير غريب القرآن	محمد بن عبد الواحد بن أبي هاشم، أبو عمر الزاهد المطرز الباوَرْدي، المعروف بغلام ثعلب (المتوفى: 345هـ)	ShamAY	6887	0.32831
		انوار الفقاهه - كتاب الهبه	حسن بن جعفر بن خضر نجفي كاشف الغطاء	Ghbook	12053	0.32827
		سنن ابن ماجه	ابن ماجة أبو عبد الله محمد بن يزيد القزويني، وماجة اسم أبيه يزيد (المتوفى: 273هـ)	ShamAY	1198	0.32826
		البسط المبثوث بخبر البرغوث	الواحدي :: ابن حجر العسقلاني	ShamAY	34290	0.3282
		ديوان معاوية بن أبي سفيان	معاوية بن أبي سفيان صخر بن حرب بن أمية بن عبد شمس بن عبد مناف القرشي	ShamAY	37860	0.32817
		ذيل تذكرة الحفاظ للحسيني الدمشقي - ط العلمية = التراجم	أبو المحاسن الحسيني	ShamAY	38190	0.32812
		الإمام مالك وموقفه من الرافضة	أبو عبد البر محمد كاوا	Sham19Y	13594	0.32812
		متن السلم المنورق		ShamAY	37473	0.32807
		السيده رقيه بنت الامام الحسين عليه السلام	علي رباني خلخالي	Ghbook	5735	0.32806
		 خزانة التواريخ النجدية 	 عبد الله بن عبد الرحمن آل بسام 	ABLibrary	9050	0.32805
		كتاب السنة (ومعه ظلال الجنة في تخريج السنة بقلم: محمد ناصر الدين الألباني)	أبو بكر بن أبي عاصم وهو أحمد بن عمرو بن الضحاك بن مخلد الشيباني (المتوفى: 287هـ)	ShamAY	12051	0.32801
		إعراب القرآن الكريم لغةً وإعجازاً وبلاغة تفسيراً بالإيجاز [ج ١٠]	بهجت عبدالواحد الشيخلي	Rafed	4044	0.32801
		الإيمان بالقدر - الحويني	أبو إسحق الحويني	ShamAY	35413	0.32799
		الإنصاف فيما بين علماء المسلمين في قراءة بسم الله الرحمن الرحيم في فاتحة الكتاب.	أبو عمر يوسف بن عبد الله بن محمد بن عبد البر بن عاصم النمري القرطبي (المتوفى: 463هـ)	ShamAY	13000	0.32795
		ذم المكس	عبد الرحمن بن أبي بكر، جلال الدين السيوطي (المتوفى: 911هـ)	ShamAY	1011	0.32793
		آرشيو دروس خارج اصول آيت الله سيد عليرضا حائري 35	آيت  الله سيد عليرضا حائري	Ghbook	14508	0.32791
		تفسير عبد الرزاق	أبو بكر عبد الرزاق بن همام بن نافع الحميري اليماني الصنعاني (المتوفى: 211هـ)	ShamAY	21791	0.32784
		الأحاديث المائة الشريحية	عبد الرحمن بن أحمد بن محمد، أبو محمد ابن أبي شريح الأنصاري الهروي (المتوفى: 392هـ)	ShamAY	29734	0.32777
		معرفة السنن والآثار للبيهقي - العلمية	أبو بكر أحمد بن الحسين بن علي البيهقي	ShamAY	33950	0.32775
		تحفة التحصيل في ذكر رواة المراسيل	أحمد بن عبد الرحيم بن الحسين الكردي الرازياني ثم المصري، أبو زرعة ولي الدين، ابن العراقي (المتوفى: 826ه)	Sham19Y	5838	0.32773
		الأنساب = أنساب العرب = تَارِيخِ العَوْتَبِي	أبو المنذر سلمة بن مسلم بن إبراهيم الصحاري العوتبي (العُمَاني الإباضي) نسبة الى عَوْتَب وهي منطقة في صُحار كانت تسمى في القديم: عوتب الخيام (المتوفى: 511هـ)	ShamAY	491	0.32767
		جزاء اعداء الامام الهادي عليه السلام في دار الدنيا	هاشم ناجي موسوي جزائري	Ghbook	4039	0.32765
		تحفة التحصيل في ذكر رواة المراسيل	أحمد بن عبد الرحيم بن الحسين الكردي الرازياني ثم المصري، أبو زرعة ولي الدين، ابن العراقي (المتوفى: 826هـ)	ShamAY	5838	0.32748
		وظيفة القضاء في التعامل مع الإرهاب	د. ناصر بن إبراهيم المحيميد	ShamelaY19	31205	0.32748
		التوسط بين مالك وابن القاسم في المسائل التي اختلفا فيها من مسائل المدونة	قاسم بن خلف بن فتح بن عبد الله بن جبير، أبو عبيد الجبيري (المتوفى: 378ه)	ShamelaY19	96925	0.3274
		معلمة الفقه المالكي	عبد العزيز بن عبد الله	ShamAY	38848	0.32738
		صفة النار لابن أبي الدنيا	أبو بكر عبد الله بن محمد بن عبيد بن سفيان بن قيس البغدادي الأموي القرشي المعروف بابن أبي الدنيا (المتوفى: 281هـ)	ShamAY	13128	0.32727
		السنة في مواجهة شبهات الاستشراق (ضمن بحوث المؤتمر العالمي الثالث للسيرة والسنة النبوية)	أحمد أنور سيد أحمد الجندي (المتوفى: 1422ه)	ShamelaY19	26697	0.32722
		نظم الدرر والجواهر في النواهي والأوامر عقيدة سنية و منظومة فقهية أصلية	الشيخ محمد بن إبراهيم السيف	ShamAY	37475	0.3272
		 قاموس الطب العربي 	 علي سعيد اسماعيل 	ABLibrary	9995	0.32719
		الجزء الخامس من مسند حديث مالك بن أنس	القاضي أبو إسحاق إسماعيل بن إسحاق بن إسماعيل بن حماد بن زيد الأزدي البصري ثم البغدادي المالكي الجهضمي (المتوفى: 282هـ)	ShamAY	26440	0.32713
		إلقاء المحاجر على أثر صلوا خلف كل بر وفاجر (بحث قيم)	المحضار :: أبو الحارث المحضار	ShamAY	36684	0.32705
		معجم أصحاب القاضي أبي علي الصدفي	ابن الأبار، محمد بن عبد الله بن أبي بكر القضاعي البلنسي (المتوفى: 658هـ)	ShamAY	28740	0.32705
		البيتوتة لمحمد بن إسحاق الخراساني	محمد بن إسحاق بن إبراهيم بن مهران الخراساني، أبو العباس السراج، الثقفي مولاهم (المتوفى: 313هـ)	ShamAY	8252	0.32697
		 مسند الإمام الباقر ( ع ) 	 الشيخ عزيز الله عطاردي 	ABLibrary	7712	0.32694
		تفسير عبد الرزاق	أبو بكر عبد الرزاق بن همام بن نافع الحميري اليماني الصنعاني (المتوفى: 211ه)	ShamelaY19	21791	0.32693
		جزء في كلام العلماء على الحديث المنسوب للنبي صلى الله عليه وسلم في تواجده وتمزيق ردائه عندما أنشد عنده: قد لسعت حية الهوى كبدي	محمد بن عبد الهادي المقدسي (744 هـ)	ShamAY	33571	0.32691
		تاريخ الإسلام ووفيات المشاهير والأعلام [ج ٤٩]	شمس الدين محمّد بن أحمد بن عثمان الذّهبي	Rafed	3662	0.32683
		أكثر مدة الحمل	إبراهيم البشر	ShamAY	36697	0.32677
		المقتطفات من كتاب فضائل الصحابه	مركز تحقيقات حج	Ghbook	11352	0.32675
		الأدب المفرد - ط الصديق	أبو عبد الله محمد بن إسماعيل البخاري	ShamAY	38159	0.32673
		قصر الأمل لابن أبي الدنيا - ط أطلس الخضراء = مقابل	أبو بكر عبد الله بن محمد ابن أبي الدنيا	ShamAY	38175	0.32672
		قاموس القرآن أو إصلاح الوجوه والنظائر في القرآن الكريم	الحسين بن محمد الدامغاني	ShamAY	34085	0.3267
		العقل والهوى	محمد بن علي بن الحسن بن بشر، أبو عبد الله، الحكيم الترمذي (المتوفى: نحو 320هـ)	ShamAY	652	0.32661
		الإمام مالك وموقفه من الرافضة	أبو عبد البر محمد كاوا	ShamAY	31814	0.32655
		قائمة بمؤلفات شيخ الإسلام المطبوعة	عبد السلام بن إبراهيم الحصين	ShamAY	10457	0.32651
		قتل الغيلة	عادل بن عبد الله المطرودي	ShamAY	36407	0.32631
		حلم معاوية لابن أبي الدنيا	أبو بكر عبد الله بن محمد بن عبيد بن سفيان بن قيس البغدادي الأموي القرشي المعروف بابن أبي الدنيا (المتوفى: 281هـ)	ShamAY	1374	0.3263
		نسخة وكيع عن الأعمش	أبو سفيان وكيع بن الجراح بن مليح بن عدي بن فرس بن سفيان بن الحارث بن عمرو ابن عبيد بن رؤاس الرؤاسي (المتوفى: 197هـ)	ShamAY	23118	0.32625
		التهجد وقيام الليل لابن أبي الدنيا - ط أطلس الخضراء = مقابل	أبو بكر عبد الله بن محمد ابن أبي الدنيا	ShamAY	38106	0.32621
		تاريخ الإسلام ووفيات المشاهير والأعلام [ج ٣٣]	شمس الدين محمّد بن أحمد بن عثمان الذّهبي	Rafed	3578	0.32616
		تقريب الوصول إلي معرفة الرسول صلى الله عليه وسلم	طارق محمد امعيتيق	ShamAY	37439	0.32611
		الروض الأنيق في فضل الصديق	عبد الرحمن بن أبي بكر، جلال الدين السيوطي (المتوفى: 911ه)	Sham19Y	194	0.32605
		التسوية بين حدثنا وأخبرنا	أبو جعفر أحمد بن محمد بن سلامة بن عبد الملك بن سلمة الأزدي الحجري المصري المعروف بالطحاوي (المتوفى: 321هـ)	ShamAY	9380	0.32587
		ذريعه النجاه - التاريخ الكامل لواقعه كربلا	محمد رفيع گرمرودي تبريزي	Ghbook	5960	0.32586
		الهدايا للموظفين - أحكامها وكيفية التصرف فيها	عبد الرحيم بن إبراهيم بن عبد الرحمن السيد الهاشم	ShamAY	32134	0.32585
		أسد الغابة ط الفكر	أبو الحسن علي بن أبي الكرم محمد بن محمد بن عبد الكريم بن عبد الواحد الشيباني الجزري، عز الدين ابن الأثير (المتوفى: 630ه)	ShamelaY19	23700	0.32584
		 الدر الكمين بذيل العقد الثمين في تاريخ البلد الأمين 	 عمر بن محمد ابن فهد 	ABLibrary	9064	0.32574
		الجامع (منشور كملحق بمصنف عبد الرزاق)	معمر بن أبي عمرو راشد الأزدي مولاهم، أبو عروة البصري، نزيل اليمن (المتوفى: 153هـ)	ShamAY	5610	0.32573
		تراثنا ـ العددان [ 32 و 33 ]	مؤسسة آل البيت عليهم السلام لإحياء التراث ـ قم	Rafed	2784	0.32573
		فضل الجهاد لأحمد بن عبدالواحد المقدسي	أَبُو العَبَّاسِ أَحْمَدُ بنُ عَبْدِ الوَاحِدِ بنِ أَحْمَدَ المَقْدِسِيُّ، الحَنْبَلِيُّ، المُلَقَّبُ بِالبُخَارِيِّ (المتوفى: 623هـ)	ShamAY	27096	0.32565
		الإرهاب المفهوم والأسباب وسبل العلاج	محمد الهواري	ShamAY	33364	0.32554
		المصاحف المخطوطة في القرن الحادي عشر الهجري	د. عبد الرحمن بن سليمان المزيني	ShamAY	8552	0.32553
		مسند أبي يعلى الموصلي	أبو يعلى أحمد بن علي بن المثنى بن يحيى بن عيسى بن هلال التميمي، الموصلي (المتوفى: 307ه)	Sham19Y	12520	0.32551
		مسند أبي يعلى الموصلي	أبو يعلى أحمد بن علي بن المثُنى بن يحيى بن عيسى بن هلال التميمي، الموصلي (المتوفى: 307هـ)	ShamAY	31634	0.32549
		المختصر المفيد في احكام التجويد	مجهول ( بي نا )	Ghbook	8883	0.32547
		نوادر أبي مسحل	عبد الوهاب بن حريش الأعرابي أبو محمد، الملقب بـ أبي مسحل (المتوفى: نحو 230هـ)	ShamAY	5376	0.32545
		مناقب الأسد الغالب ممزق الكتائب ومظهر العجائب ليث بن غالب أمير المؤمنين أبي الحسن علي بن أبي طالب رضي الله عنه	شمس الدين أبو الخير ابن الجزري، محمد بن محمد بن يوسف (المتوفى: 833ه)	Sham19Y	12752	0.32542
		مباني الخلافة والسياسة الدينية وغاياتها	الشيخ المقري محمد طيب بن الحافظ محمد أحمد القاسمي الديوبندي النانتوي الصديقي (المتوفى: 1403هـ)	ShamAY	34343	0.32538
		أم المؤمنين مارية القبطية	خالد الحمودي	ShamelaY19	36566	0.32535
		رسالة في سجود السهو	محمد بن صالح بن محمد العثيمين (المتوفى: 1421ه)	Sham19Y	11225	0.32535
		حُصُول الَمأْمُول بِذِكْرِ مَنْ غَيَّرَ أَسْمَائَهُم الرَّسُول - صلى الله عليه وسلم -	أبو يعلى البيضاوي	ShamAY	33214	0.32528
		حلم معاوية لابن أبي الدنيا	أبو بكر عبد الله بن محمد بن عبيد بن سفيان بن قيس البغدادي الأموي القرشي المعروف بابن أبي الدنيا (المتوفى: 281ه)	ShamelaY19	26874	0.32521
		فوائد أبي الفرج الثقفي	أبو الفرج مسعود بن الحسن الثقفي الأصبهاني (المتوفى: 562ه)	Sham19Y	29976	0.32519
		معنى المغايرة في الواو العاطفة في العربية	سهى كناوي حسن	ShamAY	37235	0.32518
		تفسير الحبري	ابوعبدالله كوفي حسين بن حكم بن مسلم حبري	Ghbook	9217	0.32517
		فضائل رمضان لابن أبي الدنيا - ط أطلس الخضراء = مقابل	أبو بكر عبد الله بن محمد ابن أبي الدنيا	ShamAY	38089	0.3251
		صفة النبي صلى الله عليه وسلم وأجزاء حديثية أخرى [من حديث أبي نصر العكبري. ومن حديث أبي بكر النصيبي. ومن حديث خيثمة الأطرابلسي. صفة النبي صلى الله عليه وسلم رواية أبي علي محمد بن هارون بن شعيب الأنصاري، عن شيوخه. ومن حديث عنبسة بن سعيد]	المقدسي، ضياء الدين	ShamAY	1329	0.32502
		مكارم الأخلاق لابن أبي الدنيا	أبو بكر عبد الله بن محمد بن عبيد بن سفيان بن قيس البغدادي الأموي القرشي المعروف بابن أبي الدنيا (المتوفى: 281هـ)	ShamAY	13180	0.32501
		المنتخب في ذكر نسب قبائل العرب	عبد الرحمن بن حمد بن زيد المغيرى اللامي، الطائي نسبا، الحنبلي مذهبا، والنجدي وطنا (المتوفى: 1364هـ)	ShamAY	494	0.32493
		جزء في الحديث، وفيه من حديث الطبراني، وغيره، وضمنه نقولا من تهذيب الكمال حول مكانة قراء القرآن يوم القيامة - مخطوط	(؟)	ShamAY	32882	0.32483
		تلقيح الأفهام في وصايا خير الأنام	العلامة السيد الإمام شيخ الإسلام	ShamAY	35911	0.32477
		 موسوعة قرى ومدن لبنان 	 طوني مفرج 	ABLibrary	9287	0.32467
		تاريخ الإسلام ووفيات المشاهير والأعلام [ج ٤٣]	شمس الدين محمّد بن أحمد بن عثمان الذّهبي	Rafed	3625	0.32457
		الإبل	الأصمعي أبو سعيد عبد الملك بن قريب بن علي بن أصمع (المتوفى: 216هـ)	ShamAY	9208	0.32448
		احياء امر اهل البيت ( عليهم السلام ) و تعظيم الشعائر الحسينيه	احمد الحسيني	Ghbook	5892	0.32446
		بهجة المحافل وأجمل الوسائل بالتعريف برواة الشمائل	إبراهيم بن إبراهيم بن حسن اللقاني، أبو الإمداد، برهان الدين المالكي (المتوفى: 1041ه)	ShamelaY19	96239	0.32437
		 الذريعة 	 آقا بزرگ الطهراني 	ABLibrary	866	0.32437
		الدرة البهية نظم الآجرومية	يحيى بن نور الدين أبي الخير بن موسى العمريطي الشافعي الأنصاري الأزهري، شرف الدين (المتوفى: بعد 989هـ)	ShamAY	2084	0.32436
		الإخلاص والنية لابن أبي الدنيا	أبو بكر عبد الله بن محمد بن عبيد بن سفيان بن قيس البغدادي الأموي القرشي المعروف بابن أبي الدنيا (المتوفى: 281هـ)	ShamAY	6225	0.32425
		العروس المجلية في أسانيد الحديث المسلسل بالأولية - لقاء العشر الأواخر بالمسجد الحرام (15)	محمد بن أحمد بن محمد بن خير الله، أبو الفضل، صفيّ الدين الحنفي الأثري الحسيني البخاري (المتوفى: 1200 هـ)	ShamAY	32399	0.32423
		جماعة التبليغ	علي ملاموسي ميبدي	Ghbook	16054	0.32417
		صفة النبي صلى الله عليه وسلم وأجزاء حديثية أخرى [من حديث أبي نصر العكبري. ومن حديث أبي بكر النصيبي. ومن حديث خيثمة الأطرابلسي. صفة النبي صلى الله عليه وسلم رواية أبي علي محمد بن هارون بن شعيب الأنصاري، عن شيوخه. ومن حديث عنبسة بن سعيد]	المقدسي، ضياء الدين	ShamelaY19	26554	0.32416
		علاقه المسلمين الافارقه باهل البيت عبر الصحيفه السجاديه	احمد تيجان سيلا	Ghbook	6388	0.32413
		المجلد الأول من ثبت عمر بن أحمد بن علي الشماع - مخطوط	عمر بن أحمد بن علي الشماع الحلبي	ShamAY	32855	0.32409
		الرعاية اللاحقة	عبد الله السدحان	ShamAY	36586	0.32394
		تلخيص كتاب الموضوعات لابن الجوزي	شمس الدين أبو عبد الله محمد بن أحمد بن عثمان بن قايماز الذهبي (المتوفى: 748ه)	Sham19Y	6068	0.32389
		الغبن في الفقه الإسلامي	الدكتور مسلم اليوسف	ShamAY	36306	0.32388
		الطبقات الكبير - ط الخانجي	محمد بن سعد بن منيع الزهري	ShamAY	35884	0.32388
		نظم الورقات (للمغربي )		ShamAY	37476	0.32386
		المحنة على الإمام أحمد لعبد الغني المقدسي	عبد الغني المقدسي (600 هـ)	ShamAY	34574	0.32386
		 المراسلات 	 أبي المعالي القونوي 	ABLibrary	8774	0.32385
		دور التربية الأسرية في حماية الأبناء من الإرهاب	سارة صالح عيادة الخمشي	ShamAY	33376	0.32383
		بيان أخطاء المعجم المفهرس لألفاظ الحديث النبوي	شاكر ذيب فياض	ShamAY	550	0.32381
		مناقب الأسد الغالب مُمزق الكتائب ومُظهر العجائب ليث بن غالب أمير المؤمنين أبي الحسن علي بن أبي طالب رضي الله عنه	شمس الدين أبو الخير ابن الجزري، محمد بن محمد بن يوسف (المتوفى: 833هـ)	ShamAY	12752	0.3238
		المحتضرين لابن أبي الدنيا - ط أطلس الخضراء = مقابل	أبو بكر عبد الله بن محمد ابن أبي الدنيا	ShamAY	38114	0.32376
		الفلك الدوار في رؤية الهلال بالنهار	الإمام محمد عبد الحي اللكنوي (ت1304هـ)	ShamAY	36006	0.32372
		من حديث محمد بن عثمان بن كرامة وحديث طاهر بن خالد بن نزار الأيلي، رواية محمد بن مخلد العطار عنهما	أبو عبد الله محمد بن مخلد بن حفص العطار الدوري البغدادي (المتوفى: 331ه)	ShamelaY19	26359	0.32372
		فوائد أبي الفرج الثقفي	أَبُو الفَرَجِ مَسْعُوْدُ بنُ الحَسَنِ الثَّقَفِيُّ الأَصْبَهَانِيُّ (المتوفى: 562هـ)	ShamAY	1377	0.32367
		أحكام المياه	الشيخ محمد رضا النجفي الأصفهاني	Masaha	4862	0.32363
		تاريخ التراث العربي (علم اللغة إلى حوالي سنة 430 ه)	الدكتور فؤاد سزكين	Sham19Y	143165	0.32354
		حكم تولي المرأة الأذان والإمامة في الصلاة	أيمن سامي	ShamAY	33216	0.32353
		فلسطين .. أرض وشعب منذ مؤتمر بال وحتى 2002	نبيل محمود السهلي	ShamAY	37688	0.32347
		عقلاء المجانين والموسوسين	الحسن بن إسمعيل بن محمد، أبو محمد الضّرّاب المصري (المتوفى: 392هـ)	ShamAY	27093	0.32347
		مباحث في التقليد	محمد حسيني شاهرودي	Ghbook	2152	0.32345
		المسائل في الطب للمتعلمين	حنين بن اسحاق	Ghbook	10002	0.32344
		جزاء اعداء الامام السجاد عليه السلام في دار الدنيا	هاشم ناجي موسوي جزائري	Ghbook	6377	0.32343
		حلول التعب والآلام بوصول أبي الذهب إلى دمشق الشام	سليمان بن أحمد بن سليمان بن إسماعيل المحاسني (المتوفى: 1187هـ)	ShamAY	5359	0.32332
		بابات في علوم القرآن - سلسلة متون الكتب ومختصراتها (4)	حازم خنفر	ShamelaY19	132519	0.3233
		مسألة في قص الشارب	أبو الفضل زين الدين العراقي (806 هـ)	ShamAY	34317	0.32322
		صحيح الجامع الصغير وزياداته	أبو عبد الرحمن محمد ناصر الدين، بن الحاج نوح بن نجاتي بن آدم، الأشقودري الألباني (المتوفى: 1420هـ)	ShamAY	10757	0.3232
		التحديات الاجتماعية التربوية المعاصرة للمرأة المسلمة	خلود عطية الفليت	ShamAY	33468	0.32318
		القرآن حجة لك أو عليك	أبو أحمد، محمد بن أحمد بن محمد العماري، عضو الدعوة والإرشاد بوزارة الشؤون الإسلامية، بالمملكة العربية السعودية	ShamAY	181	0.32316
		 كفاية الطالب في مناقب علي بن أبي طالب ( ع ) ( ويليه البيان في أخبار صاحب الزمان ع ) 	 محمد بن يوسف الگنجي الشافعي 	ABLibrary	7682	0.32315
		موسوعة قرى ومدن لبنان [ج ١١]	طوني مفرّج	Rafed	2592	0.32314
		تأملات فى الأناجيل والعقيدة	دكتور بهاء النحال	ShamAY	1277	0.32303
		الدعاء من الكتاب والسنة	د. سعيد بن على بن وهف القحطاني	ShamelaY19	30900	0.32301
		المصارف الإسلامية وما لها من دور مأمول وعملي في التنمية الشاملة	المستشار / عبد الملك يوسف الحمر	ShamAY	36288	0.32291
		الأنبياء فى التوراة	د. منقذ بن محمود السقار	ShamAY	35331	0.3229
		صفة النار لابن أبي الدنيا - ط أطلس الخضراء = مقابل	أبو بكر عبد الله بن محمد ابن أبي الدنيا	ShamAY	38137	0.32287
		تحفة الطالب بمعرفة من ينتسب إلي عبدالله و أبي طالب	سيدمهدي رجايي	Ghbook	15617	0.32285
		اجوبه المسائل الاعتقاديه محمد حسيني شاهرودي	محمد حسيني شاهرودي	Ghbook	966	0.32284
		إتحاف الخيرة المهرة بزوائد المسانيد العشرة	أبو العباس شهاب الدين أحمد بن أبي بكر بن إسماعيل بن سليم بن قايماز بن عثمان البوصيري الكناني الشافعي (المتوفى: 840هـ)	ShamAY	21765	0.32282
		الفروق في مباحث الكتاب والسنة عند الأصوليين	هشام السعيد	ShamAY	37526	0.32277
		من سؤالات أبي بكر أحمد بن محمد بن هانئ الأثرم أبا عبد الله أحمد بن محمد بن حنبل	أبو عبد الله أحمد بن محمد بن حنبل بن هلال بن أسد الشيباني (المتوفى: 241ه)	Sham19Y	25873	0.32274
		البخلاء للخطيب البغدادي	أبو بكر أحمد بن علي بن ثابت بن أحمد بن مهدي الخطيب البغدادي (المتوفى: 463هـ)	ShamAY	21475	0.3227
		جامع البيان في القراءات السبع	عثمان بن سعيد بن عثمان بن عمر أبو عمرو الداني (المتوفى: 444ه)	ShamelaY19	37649	0.32268
		 توضيح الأسناد المشكلة في الكتب الأربعة 	 السيد محمد جواد الشبيري الزنجاني 	ABLibrary	9772	0.32268
		كيف تؤدي مناسك الحج والعمرة	الواحدي :: ابن عثيمين	ShamAY	36414	0.32267
		وصف المطر والسحاب وما نعتته العرب الرواد من البقاع	أبو بكر محمد بن الحسن بن دريد الأزدي (المتوفى: 321هـ)	ShamAY	593	0.32266
		العمر والشيب لابن أبي الدنيا	أبو بكر عبد الله بن محمد بن عبيد بن سفيان بن قيس البغدادي الأموي القرشي المعروف بابن أبي الدنيا (المتوفى: 281ه)	Sham19Y	13044	0.32264
		عقلاء المجانين والموسوسين	الحسن بن إسمعيل بن محمد، أبو محمد الضراب المصري (المتوفى: 392ه)	Sham19Y	27093	0.32262
		الصحابه الذين رووا احاديث الرسول الاعظم (ص) في الامام المهدي (عج)	علي محمد علي دخيل	Ghbook	11218	0.32259
		المروءة	محمد بن خلف بن المرزبان بن بسام، أبو بكر المحولي (المتوفى: 309ه)	Sham19Y	9640	0.32253
		 منهاج الدكان ودستور الأعيان في أعمال وتراكيب الأدوية النافعة للأبدان 	 العطار الإسرائيلي ( داوود بن أبي نصر ) 	ABLibrary	9869	0.32246
		من حديث محمد بن عثمان بن كرامة وحديث طاهر بن خالد بن نزار الأيلي، رواية محمد بن مخلد العطار عنهما	أبو عبد الله محمد بن مخلد بن حفص العطار الدوري البغدادي (المتوفى: 331هـ)	ShamAY	1314	0.32244
		عصر الدولة الزنكية	عَلي محمد محمد الصَّلاَّبي	ShamAY	265	0.32238
		من سؤالات أبي بكر أحمد بن محمد بن هانئ الأثرم أبا عبد الله أحمد بن محمد بن حنبل	أبو عبد الله أحمد بن محمد بن حنبل بن هلال بن أسد الشيباني (المتوفى: 241ه)	ShamelaY19	25873	0.32237
		الحلم لابن أبي الدنيا - ط أطلس الخضراء = مقابل	أبو بكر عبد الله بن محمد ابن أبي الدنيا	ShamAY	38060	0.32233
		السيرة النبوية من خلال أهم كتب التفسير	عصام بن عبد المحسن الحميدان	ShamAY	7647	0.32232
		تلخيص كتاب الموضوعات لابن الجوزي	شمس الدين أبو عبد الله محمد بن أحمد بن عثمان بن قَايْماز الذهبي (المتوفى: 748هـ)	ShamAY	6068	0.3223
		من حديث محمد بن عثمان بن كرامة وحديث طاهر بن خالد بن نزار الأيلي، رواية محمد بن مخلد العطار عنهما	أبو عبد الله محمد بن مخلد بن حفص العطار الدوري البغدادي (المتوفى: 331ه)	Sham19Y	26359	0.32225
		نتائج الأفكار في تخريج أحاديث الأذكار	ابن حجر العسقلاني (852 هـ)	ShamAY	34134	0.32221
		الفجوة التقنية وآثارها الاقتصادية في الدول الإسلامية	أ. د. عطية بن عبد الحليم صقر	ShamAY	36618	0.32218
		رسالة في فضل الأخبار وشرح مذاهب أهل الآثار وحقيقة السنن	أبو عبد الله محمد بن إسحاق بن محمد بن يحيى بن مَنْدَه العبدي (المتوفى: 395هـ)	ShamAY	6015	0.32214
		لعنةُ جَمَاعَة الأمَّة القِبْطِيَّة	أَمْجَاد	ShamAY	2036	0.32204
		يا مسلمي العالم أفيقوا قبل أن يهدم المسجد الأقصى	صالح الرقب	ShamAY	33281	0.32203
		إتحاف الخيرة المهرة بزوائد المسانيد العشرة	أبو العباس شهاب الدين أحمد بن أبي بكر بن إسماعيل بن سليم بن قايماز بن عثمان البوصيري الكناني الشافعي (المتوفى: 840ه)	Sham19Y	21765	0.32198
		أهم صناعات الجاهليين كما تبدت في أشعارهم	د. حمدي منصور	ShamAY	35920	0.32197
		لعنة جماعة الأمة القبطية	أمجاد	ShamelaY19	96917	0.32195
		أدعية الصلاةً وأذكارها	مجموعة من المؤلفين	ShamAY	34865	0.32194
		مفتاح الفلاح	بهاءالدين محمد بن حسين شيخ بهائي	Ghbook	2615	0.32187
		 مسند الإمام الصادق ( ع ) 	 الشيخ عزيز الله عطاردي 	ABLibrary	7729	0.32182
		آداب الشافعي ومناقبه	أبو محمد عبد الرحمن بن محمد بن إدريس بن المنذر التميمي، الحنظلي، الرازي ابن أبي حاتم (المتوفى: 327هـ)	ShamAY	1485	0.3218
		إتحاف الخيرة المهرة بزوائد المسانيد العشرة	أبو العباس شهاب الدين أحمد بن أبي بكر بن إسماعيل بن سليم بن قايماز بن عثمان البوصيري الكناني الشافعي (المتوفى: 840ه)	ShamelaY19	21765	0.32175
		أبيات مشكلة الإعراب		ShamAY	37036	0.32174
		الدر الكمين بذيل العقد الثمين في تاريخ البلد الأمين‏  - الجزء1	عمر بن فهد الهاشمي المكي	Masaha	4231	0.32172
		المروءة	محمد بن خلف بن المرزبان بن بسام، أبو بكر المحولي (المتوفى: 309هـ)	ShamAY	9640	0.3216
		حكم شرب الدخان وإمامة من يتجاهر بشربه ويليه حقائق مثيرة عن وقائع التدخين وشركاته	عبد العزيز بن عبد الله بن باز (المتوفى: 1420ه)	ShamelaY19	31258	0.32159
		من حديث شيبان بن فروخ وغيره لأبي بكر الباغندي (الابن) -مخطوط	أبو بكر الباغندي (الابن) (محمد بن محمد بن سليمان)	ShamAY	32818	0.32158
		تدريس القرآن الكريم في السجون ودور الملاحظة الاجتماعية	محمد حبيب أحمد مختار	ShamAY	11089	0.32154
		احكام المياه	محمد رضا نجفي	Ghbook	11141	0.32152
		إعراب القرآن الكريم لغةً وإعجازاً وبلاغة تفسيراً بالإيجاز [ج ٩]	بهجت عبدالواحد الشيخلي	Rafed	4043	0.32147
		شواهد التنزيل لقواعد التفضيل [ج ٢]	عبيدالله بن عبدالله بن أحمد [ الحكام الحسكاني ]	Rafed	2854	0.32145
		معلقة طرفة بن العبد	طرفة بن العبد	ShamAY	38522	0.32141
		الجهاد لابن المبارك - ط المطبوعات الحديثة	الامام الحافظ المجاهد عبد الله بن المبارك	ShamAY	33534	0.32141
		لباب الأنساب والألقاب والأعقاب	أبو الحسن ظهير الدين علي بن زيد البيهقي، الشهير بابن فندمه (المتوفى: 565هـ)	ShamAY	355	0.3213
		 دلائل النبوة ومعرفة أحوال صاحب الشريعة 	 أحمد بن الحسين البيهقي 	ABLibrary	936	0.32125
		القنوات الفضائية	سيد محمد ساداتي الشنقيطي	ShamAY	31343	0.32123
		كرامات الأولياء للالكائي - من كتاب شرح أصول اعتقاد أهل السنة والجماعة للالكائي	أبو القاسم هبة الله بن الحسن بن منصور الطبري الرازي اللالكائي (المتوفى: 418هـ)	ShamAY	13150	0.3212
		المنتخب من غريب كلام العرب	علي بن الحسن الهُنائي الأزدي، أبو الحسن الملقب بـ «كراع النمل» (المتوفى: بعد 309هـ)	ShamAY	31832	0.32118
		الاجتهاد في مناط الحكم الشرعي دراسة تأصيلية تطبيقية	بلقاسم الزبيدي	Sham19Y	37630	0.32115
		البخلاء للخطيب البغدادي	أبو بكر أحمد بن علي بن ثابت بن أحمد بن مهدي الخطيب البغدادي (المتوفى: 463ه)	ShamelaY19	21475	0.32112
		 الوصلة إلى الحبيب في وصف الطيبات والطيب 	 عمر بن أحمد العقيلي الحلبي ( ابن العديم ) 	ABLibrary	9893	0.3211
		سنن سعيد بن منصور - ت الأعظمي - ت العلمية	سعيد بن منصور	ShamAY	33972	0.32101
		 عبقات الأنوار في إمامة الأئمة الأطهار ( فارسي ) 	 السيد حامد النقوي 	ABLibrary	8495	0.32089
		وسطية الإسلام	صالح حبيب الله (تشي شيوه ي) الصيني	ShamAY	1245	0.32068
		من المشكلات اللغوية في القرآن الكريم	عبد الجليل عبده شلبي	Sham19Y	4458	0.32067
		الحركة الإسلامية تحتاج لمزيد من التربية حوار مع محمد قطب	الواحدي :: كمال حبيب	ShamAY	33327	0.32065
		الحلم لابن أبي الدنيا	أبو بكر عبد الله بن محمد بن عبيد بن سفيان بن قيس البغدادي الأموي القرشي المعروف بابن أبي الدنيا (المتوفى: 281هـ)	ShamAY	13014	0.32064
		تقويم طرق تعليم القرآن الكريم في مراحل التعليم العام والتعليم الجامعي	د. محمود بن إبراهيم الخطيب	ShamAY	989	0.32057
		الإصابة في تمييز الصحابة (ط الهند)	أحمد بن علي بن حجر أبو الفضل العسقلاني	ShamAY	34567	0.32055
		الإصابة في تمييز الصحابة - ت البجاوي ط الجيل	أحمد بن علي بن حجر أبو الفضل العسقلاني الشافعي	ShamAY	38004	0.32055
		 عبقات الأنوار في إمامة الأئمة الأطهار ( فارسي ) 	 السيد حامد النقوي 	ABLibrary	8497	0.32051
		المرض والكفارات لابن أبي الدنيا - ط أطلس الخضراء = مقابل	أبو بكر عبد الله بن محمد ابن أبي الدنيا	ShamAY	38113	0.32049
		جزء فيه من حديث علي بن عاصم عن شيوخه - مخطوط		ShamAY	32820	0.32044
		عقود التأمين حقيقتها وحكمها	حمد بن حماد بن عبد العزيز الحماد	ShamAY	12151	0.32043
		العبارة المختصرة في علة حديث إن هذه الحشوش محتضرة (أصله محاضرة ألقيت على طلبة الدراسات العليا)	أبو ذر عبد القادر بن مصطفى بن عبد الرزاق المحمدي	ShamelaY19	117137	0.32038
		دراسات في الديانات الهندية	محمد ضياء الرحمن الأعظمي	ShamAY	22567	0.3203
		عيوب النفس	محمد بن الحسين بن محمد بن موسى بن خالد بن سالم النيسابوري، أبو عبد الرحمن السلمي (المتوفى: 412ه)	Sham19Y	6786	0.32026
		قواعد الاعراب	آيت الله العظمي سيد محمد حسيني شيرازي	Ghbook	7778	0.32024
		الناسخ و المنسوخ	حاتم صالح الضامن	Ghbook	9489	0.32015
		فهارس علوم القرآن الكريم لمخطوطات دار الكتب الظاهرية	صلاح محمد الخيمى	ShamelaY19	38011	0.32013
		علم العروض والقافية	عبد العزيز عتيق (المتوفى: 1396هـ)	ShamAY	11298	0.32012
		أخبار وأشعار لأبي عبد الله الحميدي عن شيوخه (مطبوع ضمن مجموع باسم الفوائد لابن منده!)	أبو عبد الله محمد بن أبي نصر الحَمِيدي (المتوفى: 488هـ)	ShamAY	9357	0.32003
		ديوان علية بنت المهدي	علية بنت المهدي المشهورة بالعباسة	ShamAY	37900	0.32002
		موافقة الخبر الخبر في تخريج أحاديث المختصر	أبو الفضل أحمد بن علي بن محمد بن أحمد بن حجر العسقلاني (المتوفى: 852 هـ)	ShamAY	32465	0.31999
		جواب عن مسألة في جماعة من النساء قد تظاهرن بسلوك طريق الفقراء وصار منهن شيخات يجتمع عندهن الفقراء الرجال والنساء	شيخ الإسلام أبو العباس أحمد ابن تيمية	ShamAY	34355	0.31993
		عقلاء المجانين والموسوسين	الحسن بن إسمعيل بن محمد، أبو محمد الضراب المصري (المتوفى: 392ه)	ShamelaY19	27093	0.31978
		فضائل القرآن للقاسم بن سلام	أبو عُبيد القاسم بن سلاّم بن عبد الله الهروي البغدادي (المتوفى: 224هـ)	ShamAY	12524	0.31975
		إثبات عذاب القبر للبيهقي - مكتبة التراث الإسلامي	أحمد بن الحسين بن علي بن موسى الخُسْرَوْجِردي الخراساني، أبو بكر البيهقي (المتوفى: 458هـ)	ShamAY	34008	0.31972
		انوار الفقاهه - كتاب المضاربه	حسن بن جعفر بن خضر نجفي كاشف الغطاء	Ghbook	12057	0.31965
		دراسة ادلة اثبات وجود الواجب في ضوء الحكمة المتعالية	سيد احمد صلاح موسوي	Ghbook	15020	0.31954
		ديوان قيس بن الخطيم	قيس بن الخطيم بن عدي الأوسي، أبو يزيد. شاعر الأوس وأحد صناديدها في الجاهلية. المتوفى سنة (2 ق. هـ / 620 م)	ShamAY	37907	0.31952
		الطبقات الكبرى ط العلمية	أبو عبد الله محمد بن سعد بن منيع الهاشمي بالولاء، البصري، البغدادي المعروف بابن سعد (المتوفى: 230هـ)	ShamAY	1686	0.31944
		الحاجة إلى تحديث المؤسسة الوقفية بما يخدم أغراض التنمية الاقتصادية	الدكتور محمد بوجلال	ShamAY	36575	0.3194
		إصلاح المال لابن أبي الدنيا - ط أطلس الخضراء = مقابل	أبو بكر عبد الله بن محمد ابن أبي الدنيا	ShamAY	38076	0.31938
		البهائيه في خدمه الاستعمار	جمعي از نويسندگان	Ghbook	7024	0.31937
		العملية الإرشادية	محمد محروس الشناوي	ShamAY	10553	0.31925
		الطبقات الكبرى، القسم المتمم لتابعي أهل المدينة ومن بعدهم	أبو عبد الله محمد بن سعد بن منيع الهاشمي بالولاء، البصري، البغدادي المعروف بابن سعد (المتوفى: 230هـ)	ShamAY	7666	0.31925
		الاتجاهات الجديدة للتجارة الدولية في ظل العولمة الاقتصادية	حشماوي محمد	ShamAY	35902	0.31923
		أسماء خيل العرب وأنسابها وذكر فرسانها	الحسن بن أحمد بن محمد الأعرابي، أبو محمد الأسود الغندجاني (المتوفى: نحو 430هـ)	ShamAY	31704	0.31922
		موسوعة قرى ومدن لبنان [ج ٢١]	طوني مفرّج	Rafed	2606	0.31921
		مباحث في الحديث المسلسل (مطبوع مع كتاب المسلسلات المختصرة للعلائي)	أحمد أيوب محمد عبد الله الفياض	ShamAY	12284	0.31919
		البصمة الوراثية ومدي مشروعية استخدامها في النسب والجناية	عمر بن محمد السبيل	ShamAY	36545	0.31918
		الاحكام الشرعيه علي مذهب اهل البيت عليهم السلام	آيت الله العظمي حسينعلي منتظري	Ghbook	9805	0.31914
		الرقابة الشرعية الفعالة في المؤسسات المالية الإسلامية	عبد الحميد البعل	ShamAY	33197	0.31912
		الرتب العليات النورانية في فضل القراءات القرآنية	محمد بن رجب الخولي	ShamelaY19	143911	0.31911
		فتوى جامعة في زكاة العقار	الواحدي :: بكر أبو زيد	ShamAY	36373	0.3191
		الأثر العلمي لتدريس قاعدة النور في حلقات تحفيظ القران الكريم	إبراهيم البديوي	ShamAY	36778	0.31904
		مسند البزار المنشور باسم البحر الزخار	أبو بكر أحمد بن عمرو بن عبد الخالق بن خلاد بن عبيد الله العتكي المعروف بالبزار (المتوفى: 292ه)	Sham19Y	12981	0.31904
		الاغتيالات الصهيونية ضد رموز الشعب الفلسطيني	إسماعيل عبد اللطيف الأشقر	ShamAY	37741	0.31901
		معارج الوصول الي معرفه فضل آل الرسول و البتول ( عليهم الصلاه و السلام ) - الامام...	محمد بن يوسف زرندي	Ghbook	6249	0.319
		الروض البسام بترتيب وتخريج فوائد تمام	أبو سليمان جاسم بن سليمان حمد الفهيد الدوسري	ShamelaY19	122405	0.31892
		تدريس القرآن الكريم في السجون ودور الملاحظة الاجتماعية	محمد حبيب أحمد مختار	Sham19Y	11089	0.31892
		دلاله الصوره الحسيه في الشعر الحسيني 	صباح عباس عنوز	Ghbook	12308	0.31879
		العلمانية - المفهوم والمظاهر والأسباب	أبو سفيان مصطفى باحُّو السلاوي المغربي	ShamAY	2046	0.31872
		تاريخ الإسلام ووفيات المشاهير والأعلام [ج ٢٦]	شمس الدين محمّد بن أحمد بن عثمان الذّهبي	Rafed	3535	0.31871
		مسند البزار المنشور باسم البحر الزخار	أبو بكر أحمد بن عمرو بن عبد الخالق بن خلاد بن عبيد الله العتكي المعروف بالبزار (المتوفى: 292هـ)	ShamAY	12981	0.31864
		رسالة الفضالي في إعراب لا إله إلا الله	محمد الفضالي	ShamAY	37029	0.31862
		البعث لابن أبي داود - ت الحويني - ط الكتاب العربي	أبو بكر بن أبي داود، عبد الله بن سليمان بن الأشعث الأزدي السجستاني (المتوفى: 316هـ)	ShamAY	33692	0.31857
		القدر وما ورد فيه من الآثار لابن وهب	أبو محمد عبد الله بن وهب بن مسلم المصري القرشي (المتوفى: 197هـ)	ShamAY	5604	0.31853
		سورة الناس دراسة صوتية دلالية	شاكر الأسدي	ShamAY	33139	0.31836
		حقائق حول المولد النبوي	أحمد بن عبد العزيز السليمان الحمدان	ShamAY	30887	0.31832
		البعث والنشور - ط الحجاز ت الشوامي	أبو بكر أحمد بن الحسين البيهقي	ShamAY	38107	0.3183
		من أحاديث محمد بن يحيى الذهلي رواية المعقلي عنه - مخطوط (ن)	محمد بن يحيى بن عبد الله الذهلي، مولاهم، النيسابورى، أبو عبد الله (المتوفى: 258ه)	ShamelaY19	21684	0.31825
		الأول من حديث سعدان بن نصر بن منصور البزاز أبي عثمان	أبو عثمان سعدان بن نصر بن منصور المخرمي المتوفى سنة 265 هـ	ShamAY	35246	0.31817
		فضائل القرآن للفريابي	أبو بكر جعفر بن محمد بن الحسن بن المُسْتَفاض الفِرْيابِي (المتوفى: 301هـ)	ShamAY	9320	0.318
		الاحاديث المشتركه حول الامام المهدي	محمد امير ناصري	Ghbook	16363	0.31793
		جهود الاستشراق الروسي في مجال السنة والسيرة	سليمان بن محمد الجار الله	ShamAY	11138	0.31791
		من أحاديث محمد بن يحيى الذهلي رواية المعقلي عنه - مخطوط (ن)	محمد بن يحيى بن عبد الله الذُّهْلي، مولاهم، النيسابورىّ، أبو عبد الله (المتوفى: 258هـ)	ShamAY	21684	0.31791
		تمييز المهمل من السفيانين ( من خلال الرواة عنهما )	محمد بن تركي التركي	ShamAY	34029	0.31785
		عيوب النفس	محمد بن الحسين بن محمد بن موسى بن خالد بن سالم النيسابوري، أبو عبد الرحمن السلمي (المتوفى: 412هـ)	ShamAY	6786	0.3176
		كتاب تفسير القرآن	أبو بكر محمد بن إبراهيم بن المنذر النيسابوري (المتوفى: 319هـ)	ShamAY	22549	0.31758
		التنبيه والإيقاظ لما في ذيول تذكرة الحفاظ	أحمد رافع بن محمد الحسيني القاسمي الطهطاوي الحنفي (المتوفى: 1355هـ)	ShamAY	1116	0.3175
		الجزء الثاني من الفوائد لابن قدامة المقدسي - مخطوط	موفق الدين أبو محمد عبد الله بن أحمد بن محمد بن قدامة المقدسي	ShamAY	32887	0.31743
		ادوات الاعراب	ظاهر شوكت بياتي	Ghbook	16018	0.31743
		خاتمة مستدرك الوسائل [ج ٦]	الشيخ حسين النوري الطبرسي [ المحدّث النوري ]	Rafed	1469	0.3174
		ثلاثة الأصول (مطبوع ضمن مؤلفات الشيخ محمد بن عبدالوهاب، الجزء الأول)	محمد بن عبد الوهاب بن سليمان التميمي النجدي (المتوفى: 1206هـ)	ShamAY	11126	0.31739
		المباحثات	أبو علي حسين بن عبد الله بن سينا [ شيخ الرئيس ابن سينا ]	Rafed	1805	0.31738
		التهجد وقيام الليل (ط الرشد)	أبو بكر عبدالله بن محمد بن عبيد بن سفيان بن قيس القرشي	ShamAY	34114	0.31737
		قرة العينين برفع اليدين في الصلاة	محمد بن إسماعيل بن إبراهيم بن المغيرة البخاري، أبو عبد الله (المتوفى: 256هـ)	ShamAY	1613	0.31736
		جزء علي بن محمد الحِمْيَري	علي بن محمد بن هارون بن زياد بن عبد الرحمن الحِمْيَري (المتوفى: 323هـ)	ShamAY	9212	0.31728
		تعليم القرآن الكريم في المناطق الريفية	محمد السلمي	ShamAY	36781	0.31726
		حديث الرايه	آيت الله علي حسيني ميلاني	Ghbook	4815	0.31726
		البعث لابن أبي داود	أبو بكر بن أبي داود، عبد الله بن سليمان بن الأشعث الأزدي السجستاني (المتوفى: 316هـ)	ShamAY	8251	0.31718
		أنساب الخيل في الجاهلية والإسلام وأخبارها	أبو المنذر هشام بن محمد أبي النضر ابن السائب ابن بشر الكلبي (المتوفى: 204ه)	Sham19Y	9249	0.31718
		رد شبهة تعطيل النص الشرعي لتحقيق المصلحة	جيهان الطاهر	ShamAY	37607	0.31713
		الطبقات الكبير لابن سعد - مكتبة الخانجي	محمد بن سعد بن منيع الزهري	ShamAY	34595	0.31713
		أسماء مؤلفات شيخ الإسلام ابن تيمية	محمد بن أبي بكر بن أيوب بن سعد شمس الدين ابن قيم الجوزية (المتوفى: 751هـ)	ShamAY	10713	0.3171
		الهم والحزن لابن أبي الدنيا	أبو بكر عبد الله بن محمد بن عبيد بن سفيان بن قيس البغدادي الأموي القرشي المعروف بابن أبي الدنيا (المتوفى: 281هـ)	ShamAY	13076	0.3171
		كتاب تفسير القرآن	أبو بكر محمد بن إبراهيم بن المنذر النيسابوري (المتوفى: 319ه)	ShamelaY19	22549	0.31707
		 سنن الدارمي 	 عبد الله بن الرحمن الدارمي 	ABLibrary	843	0.3169
		الأمر بالمعروف والنهي عن المنكر للخلال	أبو بكر أحمد بن محمد بن هارون بن يزيد الخَلَّال البغدادي الحنبلي (المتوفى: 311هـ)	ShamAY	8248	0.31681
		سؤالات الحافظ السلفي لخميس الحوزي عن جماعة من أهل واسط	خميس بن علي بن أحمد، أبو الكرم الواسطي الحوزي (المتوفى: 510ه)	ShamelaY19	26209	0.31676
		المقصد العلي في زوائد أبي يعلى الموصلي	أبو الحسن نور الدين علي بن أبي بكر بن سليمان الهيثمي (المتوفى: 807هـ)	ShamAY	21570	0.31672
		قاموس الحرمين الشريفين	محمد رضا نعمتي	Ghbook	10936	0.31672
		عوالي الحارث بن أبي أسامة	أبو محمد الحارث بن محمد بن داهر التميمي البغدادي الخصيب المعروف بابن أبي أسامة (المتوفى: 282هـ)	ShamAY	9808	0.31668
		أكثر مدة الحمل د سعد الخثلان	سعد الخثلان	ShamAY	36698	0.31661
		المقصد العلي في زوائد أبي يعلى الموصلي	أبو الحسن نور الدين علي بن أبي بكر بن سليمان الهيثمي (المتوفى: 807ه)	Sham19Y	21570	0.3164
		 تذكرة في الطب والحكمة ( وفي الهامش كتاب الرحمة في الطب والحكمة للصبيري ) 	 الشيخ أحمد القليوبي / حكيم مقري الصبيري 	ABLibrary	9969	0.31639
		 دلائل النبوة ومعرفة أحوال صاحب الشريعة 	 أحمد بن الحسين البيهقي 	ABLibrary	937	0.31639
		إثبات عذاب القبر وسؤال الملكين	أحمد بن الحسين بن علي بن موسى الخُسْرَوْجِردي الخراساني، أبو بكر البيهقي (المتوفى: 458هـ)	ShamAY	8258	0.31638
		 كتاب جالينوس في فرق الطب للمتعلمين 	 جالينوس ( مترجم : حنين بن اسحاق ) 	ABLibrary	9804	0.31638
		تلخيص الخلاف و خلاصه الاختلاف	مفلح بن حسن  صيمري	Ghbook	3467	0.31638
		الأوزان والمقادير	الشيخ ابراهيم سليمان البياضي	Masaha	618	0.31638
		الميزان في القرآن الكريم (دراسة لغوية)		ShamAY	36922	0.31636
		العلل الصغير للترمذي	محمد بن عيسى بن سَوْرة بن موسى بن الضحاك، الترمذي، أبو عيسى (المتوفى: 279هـ)	ShamAY	5897	0.31635
		مسند ابن أبي شيبة	أبو بكر بن أبي شيبة، عبد الله بن محمد بن إبراهيم بن عثمان بن خواستي العبسي (المتوفى: 235هـ)	ShamAY	13155	0.31629
		من المشكلات اللغوية في القرآن الكريم	عبد الجليل عبده شلبي	ShamAY	4458	0.31619
		الإجماع لابن المنذر	أبو بكر محمد بن إبراهيم بن المنذر النيسابوري (المتوفى : 319هـ)	ShamAY	12445	0.31611
		المطالب العالية بزوائد المسانيد الثمانية	أبو الفضل أحمد بن علي بن محمد بن أحمد بن حجر العسقلاني (المتوفى: 852ه)	ShamelaY19	22804	0.31603
		حديث سفيان بن عيينة رواية المروزي	سفيان بن عيينة بن ميمون (المتوفى: 198ه)	ShamelaY19	26337	0.31602
		دور البصرة في نشأة الدراسات الصوتية	الدكتور محمد جبار المعيبد	ShamAY	37201	0.31597
		المدخل إلى علم السنن للبيهقي ت عوامة	أبو بكر أحمد بن الحسين البيهقي (384 ه - 458 ه)	ShamelaY19	39268	0.31596
		جزء حنبل (التاسع من فؤائد ابن السماك)	أبو علي حنبل بن إسحاق بن حنبل بن هلال بن أسد الشيباني (المتوفى: 273ه)	Sham19Y	13104	0.31593
		فتيا وجوابها في ذكر الاعتقاد وذم الاختلاف	الحسن بن أحمد بن الحسن بن أحمد بن محمد بن سهل أبو العلاء العطار الهمذاني (المتوفى: 596هـ)	ShamAY	6429	0.31586
		النفحة النسرينية واللمحة المرينية	إسماعيل بن يوسف بن محمد بن نصر الخزرجي الأنصاري النصري، أبو الوليد، المعروف بابن الأحمر (المتوفى: 807هـ)	ShamAY	401	0.31585
		طباع الحيوان البحري و البري	ارسطو / ارسطاطاليس	Ghbook	10068	0.31582
		زكاة الأسهم المتعثرة	يوسف القاسم	ShamAY	36268	0.31577
		الجامع للأعلام والمؤلفات	الدكتور صلاح محمد أبو الحاج	ShamAY	37633	0.31577
		تنقيح تحقيق أحاديث التعليق	شمس الدين محمد بن أحمد بن عبد الهادي الحنبلي	ShamAY	34125	0.31555
		المذكرات النحوية .. شرح الألفية	عبد الرحمن الأهدل	ShamAY	37053	0.31546
		سؤالات الحافظ السِلفِي لخميس الحَوزي عن جماعة من أهل واسط	خميس بن علي بن أحمد، أبو الكرم الواسطي الحوزي (المتوفى: 510هـ)	ShamAY	26209	0.31545
		ظاهرة التقاص في النحو العربي	دردير محمد أبو السعود	ShamAY	4215	0.31536
		جزء فيه مجلسان من إملاء النسائي	أبو عبد الرحمن أحمد بن شعيب بن علي الخراساني، النسائي (المتوفى: 303ه)	Sham19Y	8225	0.31534
		مرويات عبدالرحمن بن عبدالله بن مسعود عن أبيه في كتب السنة - جمعاً ودراسة -	د غالب حامضي	ShamAY	33081	0.31531
		المستخرجات نشأتها وتطورها د. موفق عبد القادر	موفق بن عبد القادر	ShamAY	37306	0.3153
		المغيث بأدلة المواريث	محمد العماري	ShamelaY19	36439	0.31519
		أهمية وجود المؤسسات الاقتصادية والمالية الإسلامية الموازية للمؤسسات الدولية	عماد سعيد لبد	ShamAY	33467	0.31516
		الذّريعة إلى تصانيف الشّيعة [ج ٦]	الشيخ آقا بزرك الطهراني	Rafed	447	0.31516
		 دلائل النبوة ومعرفة أحوال صاحب الشريعة 	 أحمد بن الحسين البيهقي 	ABLibrary	935	0.31508
		طرسوس صفحة من جهاد المسلمين في الثغور	جميل عبد الله محمد المصري	ShamAY	12277	0.31497
		تاريخ مدينة دمشق [ج ٧١]	أبي القاسم علي بن الحسن ابن هبة الله بن عبد الله الشافعي [ ابن عساكر ]	Rafed	2582	0.31489
		معاني الحروف العربية على واقع المعاجم اللغوية خصائص الحروف العربية ومعانيها	حسن عباس	ShamAY	37186	0.31487
		حكم بناء الكنائس وهدمها - اللجنة الدائمة	اللجنة الدائمة للبحوث العلمية والإفتاء	ShamAY	38199	0.31482
		الرواة الثقات المتكلم فيهم بما لا يوجب ردهم = التراجم	شمس الدين أبو عبد الله محمد بن أحمد بن عثمان بن قَايْماز الذهبي (المتوفى: 748هـ)	ShamAY	38006	0.31481
		جامع المسانيد والسنن الهادي لأقوم سنن	أبو الفداء إسماعيل بن عمر بن كثير القرشي البصري ثم الدمشقي (المتوفى: 774ه)	ShamelaY19	21809	0.31481
		متن الشاطبية = حرز الأماني ووجه التهاني في القراءات السبع	القاسم بن فيره بن خلف بن أحمد الرعيني، أبو محمد الشاطبي (المتوفى: 590هـ)	ShamAY	7754	0.31479
		الكشف الحثيث عمن رمي بوضع الحديث	برهان الدين الحلبي أبو الوفا إبراهيم بن محمد بن خليل الطرابلسي الشافعي سبط ابن العجمي (المتوفى: 841هـ)	ShamAY	5832	0.31479
		 الدرة الباهرة من الأصداف الطاهرة 	 الشهيد الأول 	ABLibrary	975	0.31479
		الكشف الحثيث عمن رمي بوضع الحديث	برهان الدين الحلبي أبو الوفا إبراهيم بن محمد بن خليل الطرابلسي الشافعي سبط ابن العجمي (المتوفى: 841ه)	Sham19Y	5832	0.31473
		تاريخ ابن يونس المصري [ج ٢]	أبي سعيد عبد الرحمان بن أحمد بن يونس بن عبد الأعلى الصدفي المصري	Rafed	2365	0.31464
		الفرق بين الحروف الخمسة	ابن السِّيد البَطَلْيَوسي	ShamAY	37193	0.31462
		المقصد العلي في زوائد أبي يعلى الموصلي	أبو الحسن نور الدين علي بن أبي بكر بن سليمان الهيثمي (المتوفى: 807ه)	ShamelaY19	21570	0.31461
		شرح نفاق السلعة باتفاق السبعة	سعيدِ بنِ محمدٍ الْمَرّيّ	ShamAY	36281	0.31452
		فوائد ابن الباغبان (مطبوع ضمن كتاب جمهرة الأجزاء الحديثية)	أَبُو الخَيْرِ مُحَمَّدُ بنُ أَحْمَدَ بنِ مُحَمَّدِ بنِ عُمَرَ بنِ القَاسِمِ بنِ عَبْدِ اللهِ بنِ عَلِيِّ بنِ إِسْحَاقَ بنِ سندَارَ الأَصْبَهَانِيُّ، المُقَدِّرُ، المُهَنْدِسُ، المُؤَذِّنُ، الصُّوْفِيُّ، شُهِرَ بِالبَاغْبَانِ. (المتوفى: 559هـ)	ShamAY	9592	0.31451
		لحظ الألحاظ بذيل طبقات الحفاظ	محمد بن محمد بن محمد، أبو الفضل تقي الدين ابن فهد الهاشمي العلويّ الأصفوني ثم المكيّ الشافعي (المتوفى: 871هـ)	ShamAY	7313	0.31451
		المنهاج في القواعد و الاعراب	محمد الانطاكي	Ghbook	16359	0.31447
		الأوائل للطبراني	سليمان بن أحمد بن أيوب بن مطير اللخمي الشامي، أبو القاسم الطبراني (المتوفى: 360هـ)	ShamAY	13002	0.31427
		زكاة الأسهم والسندات والورق النقدي	أ. د صالح بن غانم بن عبد الله بن سليمان بن علي السدلان	ShamAY	336	0.31424
		فوائد أبي بكر النصيبي	أبو بكر أحمد بن يوسف بن خلاد بن منصور النصيبي ثم البغدادي العطار (المتوفى: 359ه)	Sham19Y	29779	0.31418
		الورع لابن أبي الدنيا	أبو بكر عبد الله بن محمد بن عبيد بن سفيان بن قيس البغدادي الأموي القرشي المعروف بابن أبي الدنيا (المتوفى: 281ه)	Sham19Y	13078	0.31414
		الاستيطان اليهودي في فلسطين من الاستعمار إلى الامبريالية	غازي حسين	ShamAY	37738	0.31412
		أثر التأجيل في إسقاط زكاة الدين على الدائن وتطبيقاته المعاصرة	عبد السلام الشويعر	ShamAY	36690	0.31411
		فوائد أبي بكر النصيبي	أَبُو بَكْرٍ أَحْمَدُ بنُ يُوْسُفَ بنِ خَلاَّدِ بنِ مَنْصُوْرٍ النَّصِيْبِيُّ ثُمَّ البَغْدَادِيُّ العَطَّارُ (المتوفى: 359هـ)	ShamAY	29779	0.31395
		إكمال تهذيب الكمال في أسماء الرجال	مغلطاي بن قليج بن عبد الله البكجري المصري الحكري الحنفي، أبو عبد الله، علاء الدين (المتوفى: 762ه)	ShamelaY19	36515	0.31387
		الطبقات الكبرى - الجزء1	محمد بن سعد كاتب الواقدي	Masaha	2054	0.31381
		نزهة الطرف شرح بناء الأفعال في علم الصرف	صادق بن محمد البيضاني	ShamAY	37225	0.31375
		لحظ الألحاظ بذيل طبقات الحفاظ	محمد بن محمد بن محمد، أبو الفضل تقي الدين ابن فهد الهاشمي العلوي الأصفوني ثم المكي الشافعي (المتوفى: 871ه)	Sham19Y	7313	0.31371
		التسويق الهرمي او الاحتيال المشبوه	ابوالقاسم عليان نژادي دامغاني	Ghbook	3279	0.31371
		سنن سعيد بن منصور - ط العلمية والصميعي والألوكة	سعيد بن منصور	ShamAY	38067	0.31369
		مسند عائشة لابن أبي داود	أبو بكر بن أبي داود، عبد الله بن سليمان بن الأشعث الأزدي السجستاني (المتوفى: 316هـ)	ShamAY	13167	0.31367
		الذّريعة إلى تصانيف الشّيعة [ج ٩ - ١]	الشيخ آقا بزرك الطهراني	Rafed	451	0.31355
		مدينة القدس والمسجد الأقصى ماض مجيد ومستقبل موعود	حسني محمد العطار	ShamAY	37112	0.3135
		جزء فيه نسخة من حديث فليح بن سليمان ومن حديث أبي بكر النقاش - مخطوط	أبو بكر محمد بن علي بن الحسن النقاش	ShamAY	32952	0.31341
		فوائد أبي القاسم الحرفي رواية الثقفي	عبد الرحمن بن عبيد الله بن عبد الله ابن محمد، أبو القاسم الحربي الحُرْفي (المتوفى: 423هـ)	ShamAY	26533	0.31337
		المصفي باكف اهل الرسوخ من علم الناسخ و المنسوخ ( نصوص محققة )	ابوالفرج عبدالرحمن بن علي ابن جوزي	Ghbook	8887	0.31333
		إصلاح المال	أبو بكر عبد الله بن محمد بن عبيد بن سفيان بن قيس البغدادي الأموي القرشي المعروف بابن أبي الدنيا (المتوفى: 281هـ)	ShamAY	13187	0.31328
		الطفل نشوؤه وتربيته	مؤسسة البعثة	Rafed	683	0.31324
		مسائل (إذن)	أحمد بن محمد بن أحمد القرشي	ShamAY	3545	0.31312
		التبيين لأسماء المدلسين - ط الريان	إبراهيم بن محمد بن سبط ابن العجمي أبو الوفا الحلبي الطرابلسي	ShamAY	34616	0.31309
		المناهل السلسلة في الأحاديث المسلسلة	محمد عبد الباقي الأيوبي (1364 هـ)	ShamAY	33675	0.31305
		منهيات النبي صلى الله عليه وسلم	أبو إسلام أحمد بن علي	ShamAY	36245	0.31296
		اعلام الدين في صفات المومنين	حسن بن ابي الحسن ديلمي	Ghbook	2362	0.31294
		الطفل نشوؤه وتربيته	مؤسسة البعثة	Masaha	504	0.3129
		رَفعُ الغَين عمن ينكر ثبوت زيادة "وبركاته" في التسليم من الجانبين	محمد بن الشيخ علي بن آدم الأتيوبي	ShamAY	33069	0.31289
		إكمال تهذيب الكمال في أسماء الرجال	مغلطاي بن قليج بن عبد الله البكجري المصري الحكري الحنفي، أبو عبد الله، علاء الدين (المتوفى: 762هـ)	ShamAY	329	0.31289
		إحقاق الحقّ وإزهاق الباطل [ج ١٦]	السيّد نور الله الحسيني المرعشي التستري	Rafed	2755	0.31288
		القراءة الجماعية في الرقية الشرعية (أسبابها - آثارها - حكمها)	الواحدي :: فالح بن محمد الصغير	ShamAY	34900	0.31282
		حديث سفيان بن عيينة رواية الخلعي	علي بن الحسن بن الحسين بن محمد، أبو الحسن الخِلَعي الشافعيّ (المتوفى: 492هـ)	ShamAY	29776	0.31282
		العوامل لملّا محسن	محسن بن محمدطاهر قزويني	Ghbook	15379	0.31282
		العلل ومعرفة الرجال لابن المديني - ط الفاروق	الواحدي :: علي بن المديني	ShamAY	34150	0.31278
		جهود الاستشراق الروسي في مجال السنة والسيرة	سليمان بن محمد الجار الله	Sham19Y	11138	0.31273
		جزء الحسن بن عرفة العبدي	أبو علي الحسن بن عرفة بن يزيد العبدي البغدادي (المتوفى: 257هـ)	ShamAY	9313	0.31258
		منظومة الزمزمي	عبد العزيز الزمزمي	ShamAY	36818	0.31255
		الهداية في الأصول و الفروع المقدمة	الشيخ الصدوق	Masaha	714	0.31254
		هل تريد الحج ؟	آيت الله العظمي سيد محمد حسيني شيرازي	Ghbook	8127	0.31248
		الكشف الحثيث عمن رمي بوضع الحديث	برهان الدين الحلبي أبو الوفا إبراهيم بن محمد بن خليل الطرابلسي الشافعي سبط ابن العجمي (المتوفى: 841هـ)	ShamAY	38183	0.3124
		الجزء الأول من الفوائد العوالي والأحاديث الغرائب لابن خيرون - مخطوط	أبو الفضل أحمد بن الحسن بن خيرون المعدل	ShamAY	32946	0.31218
		تقويم طرق تعليم القرآن الكريم في مراحل التعليم العام والتعليم الجامعي	د. محمود بن إبراهيم الخطيب	Sham19Y	989	0.31217
		مجلسان من أمالي أبي الحسين ابن بشران - مخطوط (ن)	أبو الحسين علي بن محمد بن عبد الله بن بشران	ShamAY	38034	0.31216
		الطهور للقاسم بن سلام	أبو عبيد القاسم بن سلام بن عبد الله الهروي البغدادي (المتوفى: 224ه)	Sham19Y	262	0.31204
		الأدب لابن أبي شيبة	أبو بكر بن أبي شيبة، عبد الله بن محمد بن إبراهيم بن عثمان بن خواستي العبسي (المتوفى: 235هـ)	ShamAY	638	0.31203
		حديث أبي نعيم عن أبي علي الصواف لأبي نعيم الأصبهاني	أبو نعيم أحمد بن عبد الله بن أحمد بن إسحاق بن موسى بن مهران الأصبهاني (المتوفى: 430ه) عن شيخه أبي علي الصواف	Sham19Y	9416	0.31197
		أحكام القرآن للجهضمي	القاضي أبو إسحاق إسماعيل بن إسحاق بن إسماعيل بن حماد بن زيد الأزدي البصري ثم البغدادي المالكي الجهضمي (المتوفى: 282هـ)	ShamAY	6206	0.31196
		المستخرج من كتب الناس للتذكرة والمستطرف من أحوال الرجال للمعرفة	عبد الرحمن بن محمد بن إسحاق، ابن مندة العبدي الأصبهاني، أبو القاسم (المتوفى: 470ه)	ShamelaY19	122397	0.31195
		النجاة بحمد الله	يوسف بن حسن بن أحمد بن حسن ابن عبد الهادي الصالحي، جمال الدين، ابن ابن المبرد الحنبلي (المتوفى: 909ه)	Sham19Y	30291	0.31192
		جزء حنبل (التاسع من فؤائد ابن السماك)	أبو علي حنبل بن إسحاق بن حنبل بن هلال بن أسد الشيباني (المتوفى: 273هـ)	ShamAY	13104	0.31186
		علل الدارقطني = العلل الواردة في الأحاديث النبوية	أبو الحسن علي بن عمر بن أحمد بن مهدي بن مسعود بن النعمان بن دينار البغدادي الدارقطني (المتوفى: 385هـ)	ShamAY	9082	0.3118
		وظيفة القضاء في التعامل مع الإرهاب	د. ناصر بن إبراهيم المحيميد	ShamAY	31205	0.31179
		فهرس الأزهرية		ShamAY	37619	0.31177
		من عوالي مسند عبد بن حميد - مخطوط (ن)	أبو محمد عبد الحميد بن حميد بن نصر الكسي ويقال له: الكشي بالفتح والإعجام (المتوفى: 249ه)	ShamelaY19	21676	0.31176
		رسالة أبي غالب الزراري و تكملتها‌	احمد بن سليمان الشيباني الكوفي	Masaha	3536	0.31175
		جمهرة تراجم الفقهاء المالكية	د. قاسم علي سعد	ShamAY	34657	0.31174
		مسائل الجاهلية (الأصل) دون زيادات محمود شكري الألوسي	محمد بن عبد الوهاب بن سليمان التميمي النجدي (المتوفى: 1206ه)	Sham19Y	8137	0.31173
		الشّفاء ـ طبيعيّات [ج ٢ [٨]]	أبو علي حسين بن عبد الله بن سينا [ شيخ الرئيس ابن سينا ]	Rafed	3072	0.31172
		الرسالة المفيدة	محمد بن عبد الوهاب بن سليمان التميمي النجدي (المتوفى: 1206هـ)	ShamAY	7637	0.31166
		الأحاديث العوالي من جزء ابن عرفة العبدي (150هـ - 257هـ)	تقي الدين أبو العباس أحمد بن عبد الحليم بن عبد السلام بن عبد الله بن أبي القاسم بن محمد ابن تيمية الحراني الحنبلي الدمشقي (المتوفى : 728هـ)	ShamAY	7525	0.31165
		المتفق والمفترق فيمن ذكر بكنيته من الرواة في الكتب الستة	يوسف بن جودة يس يوسف الداودي	ShamAY	38518	0.3116
		ماساه واقعه الطف و قتل الطفل الرضيع	سيد محمد صادق بحرالعلوم	Ghbook	5982	0.31156
		الخصال‏  - الجزء1	الشيخ الصدوق	Masaha	4652	0.31155
		سهم الألحاظ في وهم الألفاظ	محمد بن إبراهيم بن يوسف الحلبي القادري التاذفي، الحنفي رضي الدين المعروف بـ ابن الحنبلي (المتوفى: 971هـ)	ShamAY	6921	0.31151
		نزهة السامعين في رواية الصحابة عن التابعين	أبو الفضل أحمد بن علي بن محمد بن أحمد بن حجر العسقلاني (المتوفى: 852ه)	Sham19Y	6009	0.31149
		التبشير في منطقة الخليج العربي (دراسة في التاريخ الاجتماعي والسّياسي)	عبد المالك خلف التميمي	ShamAY	37682	0.31148
		عوامل ملا محسن (جامع المقدمات) همراه با صوت استاد مدرس افغاني	محسن بن محمدطاهر قزويني	Ghbook	15553	0.31148
		 من ذيول العبر 	 الذهبي - الحسيني 	ABLibrary	970	0.31144
		تاريخ الإسلام ووفيات المشاهير والأعلام [ج ٥٢]	شمس الدين محمّد بن أحمد بن عثمان الذّهبي	Rafed	3665	0.31139
		عالمية الإسلام والعولمة	صالح الرقب	ShamAY	33393	0.31136
		التأجير المنتهي بالتمليك	سعد السبر	ShamAY	36296	0.31135
		بكاء الرسول على الإمام الحسين عليه السلام	الشيخ أحمد الماحوزي	Rafed	1527	0.31135
		المتكلمون في الرجال (مطبوع ضمن مجموعة «أربع رسائل في علوم الحديث» )	شمس الدين أبو الخير محمد بن عبد الرحمن بن محمد بن أبي بكر بن عثمان بن محمد السخاوي (المتوفى: 902هـ)	ShamAY	26111	0.3113
		الإباضية وهل هم خوارج	عبد العزيز بن محمد بن علي آل عبد اللطيف	Sham19Y	12576	0.3112
		فوائد أبي القاسم الحرفي رواية الثقفي	عبد الرحمن بن عبيد الله بن عبد الله ابن محمد، أبو القاسم الحربي الحرفي (المتوفى: 423ه)	ShamelaY19	26533	0.31118
		المقنع	أبي جعفر محمّد بن علي بن الحسين بن بابويه القمّي [ الشيخ الصدوق ]	Rafed	347	0.31109
		فوائد حسان ومقتل عثمان لأحمد بن كامل بن خلف - مخطوط		ShamAY	32785	0.31103
		الورع لابن أبي الدنيا	أبو بكر عبد الله بن محمد بن عبيد بن سفيان بن قيس البغدادي الأموي القرشي المعروف بابن أبي الدنيا (المتوفى: 281هـ)	ShamAY	13078	0.31097
		رواية حفص من طريق المعدل	حسان عيد	ShamAY	36802	0.31089
		الدرس النفسي لأبي نواس ما بين العقاد والنويهي	ريم هلال	ShamAY	34466	0.31086
		الشيخ النجاشي	الدكتور حسن عيسى الحكيم	Rafed	2991	0.31078
		 موسوعة قرى ومدن لبنان 	 طوني مفرج 	ABLibrary	9281	0.31067
		جزء ابن فارس	أبو محمد عبد الله بن جعفر بن أحمد بن فارس الأصبهاني (346 هـ)	ShamAY	35224	0.31063
		أحاديث منتخبة من مغازي موسى بن عقبة	موسى بن عقبة بن أبي عياش الأسدي بالولاء، أبو محمد، مولى آل الزبير (المتوفى: 141هـ)	ShamAY	1342	0.31057
		 آراء المراجع في الحج 	 الشيخ علي افتخاري الگلپايگاني 	ABLibrary	9738	0.31057
		الإسرائيليات في تفسير آية الكرسي عرض ونقد	أحمد بن محمد الشرقاوى	ShamAY	33130	0.31055
		جمهرة تراجم الفقهاء المالكية	د. قاسم علي سعد	ShamAY	31752	0.31044
		جزء فيه ذكر أبى القاسم الطبراني	يحيى بن عبد الوهاب بن محمد ابن إسحاق بن محمد بن يحيى العبدي الأصبهاني، أبو زكريا، ابن منده (المتوفى: 511هـ)	ShamAY	6654	0.31036
		متن الرحبية = بغيه الباحث عن جمل الموارث	موفق الدين أبو عبد الله - توفي 579 سنة	ShamAY	11372	0.31032
		حديث سفيان بن عيينة رواية المروزي	سفيان بن عيينة بن ميمون (المتوفى: 198هـ)	ShamAY	26337	0.31031
		الجزء العاشر من مسند عمر بن الخطاب ليعقوب بن شيبة	يعقوب بن شيبة السدوسي	ShamAY	33697	0.31024
		المغيث بأدلة المواريث	محمد العماري	ShamAY	304	0.31023
		بيع المسترسل في الفقه الإسلامي	الدكتور مسلم اليوسف	ShamAY	36260	0.31016
		مناقب أهل البيت(ع)	ابن المغازلي الواسطي	Masaha	3295	0.3101
		فضائل الكتاب الجامع لأبي عيسى الترمذي	تقي الدين أبو القاسم عُبيد بن محمد بن عباس الإسعردي (المتوفى: 692هـ)	ShamAY	6028	0.31006
		جزء فيه الكلام على حديث إن أولى الناس بي أكثرهم علي صلاة	ابن حجر العسقلاني	ShamAY	33577	0.31004
		 رؤيت هلال ( فارسي ) 	 رضا مختاري / محسن صادقي 	ABLibrary	9762	0.31001
		اجازات الحديث	محمدباقر بن محمدتقي علامه مجلسي	Ghbook	7061	0.30994
		نسخة وكيع عن الأعمش	أبو سفيان وكيع بن الجراح بن مليح بن عدي بن فرس بن سفيان بن الحارث بن عمرو ابن عبيد بن رؤاس الرؤاسي (المتوفى: 197ه)	ShamelaY19	23118	0.30993
		بغية الطلب في تاريخ حلب [ج ٢]	كمال الدّين عمر بن أحمد بن أبي جرادة الحلبي [ ابن العديم ]	Rafed	2137	0.30989
		وصول الأماني بأصول التهاني	الواحدي :: السيوطي	ShamAY	33743	0.30988
		تاريخ نيسابور المنتخب من السياق‏	عبد الغافر بن إسماعيل الفارسي	Masaha	4118	0.30988
		معجم المصطلحات الحديثية	محمود الطحان	ShamAY	37290	0.30986
		مسائل حرب الكرماني من كتاب النكاح إلى نهاية الكتاب - ت فايز حابس	أبو محمد حرب بن إسماعيل بن خلف الكرماني (المتوفى: 280 ه)	Sham19Y	12527	0.30984
		السلاح	أبو عبيد القاسم بن سلام بن عبد الله الهروي البغدادي (المتوفى: 224ه)	Sham19Y	7052	0.30983
		فضائل القرآن وما أنزل من القرآن بمكة وما أنزل بالمدينة	أبو عبد الله محمد بن أيوب بن يحيى بن الضريس بن يسار الضريس البجلي الرازي (المتوفى: 294ه)	Sham19Y	9317	0.30983
		 مسند الإمام الصادق ( ع ) 	 الشيخ عزيز الله عطاردي 	ABLibrary	7723	0.30979
		العمر والشيب لابن أبي الدنيا - ط أطلس الخضراء = مقابل	أبو بكر عبد الله بن محمد ابن أبي الدنيا	ShamAY	38075	0.30978
		المحن	محمد بن أحمد بن تميم التميمي المغربي الإفريقي، أبو العرب (المتوفى: 333هـ)	ShamAY	6706	0.30975
		داعش؛ دراسة نقدية	محمد ابراهيم نجاد	Ghbook	16030	0.30975
		الطهور للقاسم بن سلام	أبو عُبيد القاسم بن سلاّم بن عبد الله الهروي البغدادي (المتوفى: 224هـ)	ShamAY	262	0.30974
		بقيع الغرقد في دراسة شاملة	محمد أمين الأميني	Masaha	2360	0.30974
		اليقين لابن أبي الدنيا - ط أطلس الخضراء = مقابل	أبو بكر عبد الله بن محمد ابن أبي الدنيا	ShamAY	38105	0.30971
		الصوارم المهرقه	قاضي نورالله شوشتري	Ghbook	2412	0.30968
		جزء أبي الجهم العلاء بن موسى الباهلي	العلاء بن موسى بن عطية البغدادي، أبو الجهم الباهلي (المتوفى: 228هـ)	ShamAY	9088	0.30966
		العمر والشيب لابن أبي الدنيا	أبو بكر عبد الله بن محمد بن عبيد بن سفيان بن قيس البغدادي الأموي القرشي المعروف بابن أبي الدنيا (المتوفى: 281هـ)	ShamAY	13044	0.30963
		رواة الحديث من أهل ذمار إلى نهاية القرن الثالث الهجري	عبد الرحمن الخميسي	ShamAY	35890	0.30957
		تاريخ بغداد ت بشار	أبو بكر أحمد بن علي بن ثابت بن أحمد بن مهدي الخطيب البغدادي (المتوفى: 463هـ)	ShamAY	736	0.3095
		فضائل القرآن للنسائي	أبو عبد الرحمن أحمد بن شعيب بن علي الخراساني، النسائي (المتوفى: 303هـ)	ShamAY	5507	0.30941
		المطالب العالية بزوائد المسانيد الثمانية	أبو الفضل أحمد بن علي بن محمد بن أحمد بن حجر العسقلاني (المتوفى: 852هـ)	ShamAY	22804	0.30936
		تحديات العولمة التربوية المتعلقة بالمدرسة وسبل مواجهتها بحث مقدم إلى مؤتمر "الإسلام والتحديات المعاصرة" المنعقد بكلية أصول الدين في الجامعة الإسلامية في الفترة: 2 - 3/ 4/2007م	مصطفى يوسف منصور	ShamAY	33481	0.30935
		المطالب العالية بزوائد المسانيد الثمانية	أبو الفضل أحمد بن علي بن محمد بن أحمد بن حجر العسقلاني (المتوفى: 852ه)	Sham19Y	22804	0.30924
		الفوائد المنتقاة العوالي الحسان للسمرقندي	عثمان بن محمد بن أحمد بن محمد بن هارون بن وردان السمرقندي، أبو عمرو المصري، الحذاء (المتوفى: 345هـ)	ShamAY	8267	0.30923
		الأربعون الودعانية لابن ودعان - مخطوط (ن)	محمد بن علي بن عبيد الله بن أحمد بن صالح بن سليمان بن ودعان الموصلي، أبو نصر (المتوفى: 494هـ)	ShamAY	12882	0.30915
		تاريخ الإسلام ووفيات المشاهير والأعلام [ج ٢٨]	شمس الدين محمّد بن أحمد بن عثمان الذّهبي	Rafed	3558	0.30914
		السفر الخامس من كتاب الذيل والتكملة لكتابي الموصول والصلة	أبو عبد الله محمد بن محمد بن عبد الملك الأنصاري الأوسي المراكشي (المتوفى: 703ه)	Sham19Y	1030	0.30911
		الصحيح في فضل الزيارة الحسينية	مهدي خداميان آراني	Ghbook	9576	0.30907
		مسائل حرب الكرماني من كتاب النكاح إلى نهاية الكتاب - ت فايز حابس	أبو محمد حرب بن إسماعيل بن خلف الكرماني (المتوفى: 280 هـ)	ShamAY	32504	0.30903
		البوسنة و الهرسك دراسة عامة	أحمد عبد الكريم نجيب	ShamAY	37715	0.30887
		التذكرة للحميدي (وهو مطبوع ضمن كتاب الفوائد)	محمد بن فتوح بن عبد الله بن فتوح بن حميد الأزدي الميورقي الحَمِيدي أبو عبد الله بن أبي نصر (المتوفى: 488هـ)	ShamAY	10025	0.30878
		الاختلاف بين رواة البخاري	يوسف بن حسن بن أحمد بن حسن ابن عبد الهادي الصالحي، جمال الدين، ابن ابن المبرد الحنبلي (المتوفى: 909ه)	Sham19Y	30358	0.30869
		المنهج البنيوي دراسة نظرية	ثامر المصاروة	ShamAY	37195	0.30862
		تاريخ الإسلام ووفيات المشاهير والأعلام [ج ٤]	شمس الدين محمّد بن أحمد بن عثمان الذّهبي	Rafed	3331	0.30861
		فريدة الدهر في تأصيل وجمع القراءات	محمد إبراهيم محمد سالم (المتوفى: 1430ه)	ShamelaY19	29909	0.30857
		سؤالات السلفي أبا الكرم خميس بن علي الحوزي - ط الفاروق	أبو طاهر أحمد بن محمد السلفي	ShamAY	34164	0.30853
		قواعد في اللغة والإعراب	عمر العمري	ShamAY	37059	0.3085
		السفر الخامس من كتاب الذيل والتكملة لكتابي الموصول والصلة	أبو عبد الله محمد بن محمد بن عبد الملك الأنصاري الأوسي المراكشي (المتوفى: 703هـ)	ShamAY	1030	0.30848
		جنة الولدان في الحسان من الغلمان	أحمد بن محمد بن علي الأنصاري الخزرجي، شهاب الدين المعروف بالحجازي (المتوفى: 875هـ)	ShamAY	9733	0.30846
		الصلة في تاريخ أئمة الأندلس لابن بشكوال	أبو القاسم خلف بن عبد الملك بن بشكوال (المتوفى: 578 ه)	ShamelaY19	22788	0.30838
		التحفة اللطيفة في عمارة المسجد النبوي وسور المدينة الشريفة	محمد بن خضر الرومي	ShamAY	38423	0.30829
		ذيل تأريخ مدينة السلام [ج ٥]	أبي عبد الله محمّد بن سعيد بن الدبيثي	Rafed	2334	0.30828
		 الموسوعة الكبرى عن فاطمة الزهراء ( س ) 	 اسماعيل الأنصاري الزنجاني الخوئيني 	ABLibrary	7834	0.30826
		دور هيئة التحقيق والادعاء العام بالمملكة العربية السعودية مع المقارنة بالهيئات المماثلة في الدول العربية	فؤاد عبد المنعم أحمد	ShamAY	37721	0.30824
		فضل قيام الليل والتهجد للآجري	أبو بكر محمد بن الحسين بن عبد الله الآجُرِّيُّ البغدادي (المتوفى: 360هـ)	ShamAY	1301	0.30818
		سؤالات السلمي للدارقطني	محمد بن الحسين بن محمد بن موسى بن خالد بن سالم النيسابوري، أبو عبد الرحمن السلمي (المتوفى: 412هـ)	ShamAY	1680	0.30806
		أحاديث منتخبة من مشيخة ابن كليب - مخطوط	أبو الفرج عبد المنعم بن عبد الوهاب بن سعد بن صدقة بن الخضر بن كليب الحراني	ShamAY	32834	0.30799
		معجم الدخيل في اللغة العربية الحديثة ولهجاتها	الدكتور ف. عبد الرحيم	Sham19Y	148181	0.30794
		الأنساب للسمعاني - دار الجنان	السمعاني، عبد الكريم	ShamAY	34668	0.3078
		الاختلاف بين رواة البخاري	يوسف بن حسن بن أحمد بن حسن ابن عبد الهادي الصالحي، جمال الدين، ابن ابن المبرد الحنبلي (المتوفى: 909ه)	ShamelaY19	30358	0.30779
		اصطناع المعروف لابن أبي الدنيا	أبو بكر عبد الله بن محمد بن عبيد بن سفيان بن قيس البغدادي الأموي القرشي المعروف بابن أبي الدنيا (المتوفى: 281هـ)	ShamAY	1406	0.30771
		مَتنُ الجوهر المكنون في الثلاثة فنون (البيان والمعاني والبديع)	عبد الرحمن الأخضري	ShamAY	34482	0.30768
		الكافي [ج ١٣]	أبو جعفر محمّد بن يعقوب الكليني الرازي	Rafed	1133	0.30757
		فضائل فاطمة بنت رسول الله صلى الله عليه وسلم	أبو حفص عمر بن أحمد بن عثمان بن أحمد بن محمد بن أيوب بن أزداذ البغدادي المعروف بـ ابن شاهين (المتوفى: 385هـ)	ShamAY	9449	0.30756
		جزء فيه من حديث أبي الحسن علي بن حرب الطائي - مخطوط	أبو الحسن علي بن حرب الطائي	ShamAY	32940	0.30751
		تاريخ مدينة السلام وأخبار محدثيها وذكر قطانها العلماء من غير أهلها ووارديها (المعروف بتاريخ بغداد)	أبو بكر أحمد بن علي بن ثابت الخطيب البغدادي	ShamAY	34639	0.30739
		هكذا حج رسول الله ( صلي الله عليه و آله و سلم )	آيت الله العظمي سيد محمد حسيني شيرازي	Ghbook	7861	0.30738
		مقتل أمير المؤمنين علي بن أبي طالب عليه السلام	أبو بكر عبد الله بن محمد بن عبيد بن سفيان بن قيس البغدادي الأموي القرشي المعروف بابن أبي الدنيا (المتوفى: 281هـ)	ShamAY	12751	0.30723
		من حديث عبد الصمد الطستي	أبو الحسين عبد الصمد بن علي بن محمد بن مكرم البغدادي، الطستي، الوكيل (المتوفى: 346ه)	Sham19Y	28853	0.30718
		أوزان المقادير	العلامة المجلسي	Masaha	1266	0.30718
		نقد الرجال - الجزء1	السيد مصطفى التفرشي	Masaha	1717	0.30716
		الفوائد والأخبار والحكايات عن الشافعي وحاتم الأصم ومعروف الكرخي وغيرهم	الْحَسَن بن الْحُسَيْن بن حمكان أَبُو عَلِيّ الهمذاني (المتوفى: 405هـ)	ShamAY	26505	0.30709
		الديات لابن أبي عاصم	أبو بكر بن أبي عاصم وهو أحمد بن عمرو بن الضحاك بن مخلد الشيباني (المتوفى: 287هـ)	ShamAY	13018	0.30702
		أسانيد آية الرجم	حمد بن إبراهيم العثمان	ShamAY	33080	0.30702
		النحو العربي [ج ٢]	إبراهيم إبراهيم بركات	Rafed	1943	0.30702
		الورع لابن أبي الدنيا - ط أطلس الخضراء = مقابل	أبو بكر عبد الله بن محمد ابن أبي الدنيا	ShamAY	38098	0.30682
		بحث في الصلاة من خلال كتب الحديث التسعة	مختار الجزائري	Masaha	216	0.30663
		العقوبات لابن أبي الدنيا	أبو بكر عبد الله بن محمد بن عبيد بن سفيان بن قيس البغدادي الأموي القرشي المعروف بابن أبي الدنيا (المتوفى: 281هـ)	ShamAY	8266	0.30642
		موطأ عبد الله بن وهب (قطعة من الكتاب)	أبو محمد عبد الله بن وهب بن مسلم المصري القرشي (المتوفى: 197هـ)	ShamAY	12534	0.30642
		الثمر الداني بتتبع ما أعل في السنن الكبرى للبيهقي والمحاكمة بينه وبين ابن التركماني	يحي الحجوري	ShamAY	35215	0.30636
		الكافي [ج ١٤]	أبو جعفر محمّد بن يعقوب الكليني الرازي	Rafed	1135	0.30634
		مسند أبي أمية الطرسوسي	أبو أمية محمد بن إبراهيم بن مسلم الخزاعي البغدادي ثم الطرسوسي (المتوفى: 273ه)	ShamelaY19	29711	0.30632
		قصص الانبياء ( داستانهاي پيغامبران )	قطب الدين سعيد بن هبة الله راوندي	Ghbook	2587	0.30625
		دراسه عن الحوزه العلميه الزينبيه	مركز رسول اعظم صلي الله عليه و آله	Ghbook	8147	0.30614
		فضائل القرآن وما أنزل من القرآن بمكة وما أنزل بالمدينة	أبو عبد الله محمد بن أيوب بن يحيى بن الضريس بن يسار الضريس البجلي الرازي (المتوفى: 294هـ)	ShamAY	9317	0.30611
		امالي الصدوق	محمد بن علي بن بابويه شيخ صدوق	Ghbook	2382	0.30611
		فريدة الدهر في تأصيل وجمع القراءات	محمد إبراهيم محمد سالم (المتوفى: 1430هـ)	ShamAY	1457	0.30607
		الفرائض	عبد الكريم بن محمد بن عبد العزيز اللاحم	ShamAY	31238	0.30607
		فضل الصلاة على النبي صلى الله عليه وسلم	القاضي أبو إسحاق إسماعيل بن إسحاق بن إسماعيل بن حماد بن زيد الأزدي البصري ثم البغدادي المالكي الجهضمي (المتوفى: 282هـ)	ShamAY	1462	0.30606
		15 سببا للانتكاسة	عبد الرحمن العايد	ShamAY	35135	0.30597
		نسخة طالوت وهي في أحاديث طالوت بن عباد البصري الصيرفي المتوفى: 238ه	أبو القاسم عبد الله بن محمد بن عبد العزيز بن المرزبان بن سابور بن شاهنشاه البغوي (المتوفى: 317ه)	ShamelaY19	26341	0.30597
		الاقتصاد الإسلامي	-	ShamAY	1905	0.30591
		معجزة القرآن في عصر المعلوماتية	عبدالدائم الكحيل	Ghbook	8909	0.3059
		الأثبات في مخطوطات الأئمة: شيخ الإسلام ابن تيمية، والعلامة ابن القيم، والحافظ ابن رجب	علي بن عبد العزيز بن علي الشبل	ShamelaY19	22654	0.30588
		الحَوالَة والسَّفتَجَة بينَ الدِّراسةِ والتَطبِيق	بسام العف	ShamAY	36579	0.30587
		معرفة القراء الكبار على الطبقات والأعصار	شمس الدين أبو عبد الله محمد بن أحمد بن عثمان بن قايماز الذهبي (المتوفى: 748ه)	Sham19Y	8349	0.30584
		التحقيق في حكم رواية عبد الله بن لهيعة		ShamAY	35796	0.30583
		 مختصر تذكرة الإمام السويدي في الطب 	 عبد الوهاب الشعراني 	ABLibrary	9957	0.30583
		السلطان الشهيد عماد الدين زنكي شخصيته وعصره	عَلي محمد محمد الصَّلاَّبي	ShamAY	294	0.30576
		السماع لابن القيسراني	أبو الفضل محمد بن طاهر بن علي بن أحمد المقدسي الشيباني، المعروف بابن القيسراني (المتوفى: 507هـ)	ShamAY	6277	0.30565
		من عقائد السلف (الرد على الجهمية)	أبو عبد الله محمد بن إسحاق بن محمد بن يحيى بن منده العبدي (المتوفى: 395ه)	Sham19Y	3976	0.30563
		السنن (المعروف بالسنن الكبرى) للنسائي - ط التأصيل	أبو عبد الرحمن أحمد بن شعيب النسائي	ShamAY	33997	0.30557
		آفات القراء	عبد الرحمن الصويان	ShamAY	35031	0.30556
		ديوان عروة بن حزام	عروة بن حزام بن مهاجر الضني من بني عذرة المتوفى سنة (30هـ ـ 650م)	ShamAY	37960	0.30552
		معجم قبايل العرب - الجزء1	عمر كحالة	Masaha	2994	0.30548
		العتيق مصنف جامع لفتاوى أصحاب النبي صلى الله عليه وسلم	محمد بن مبارك حكيمي	ShamAY	33183	0.30546
		الأموال النقدية والالكترونية هل يجري الربا فيهما؟		ShamAY	36254	0.30537
		أحاديث عوالي وفوائد منتقاة وإنشادات	علي بن محمد بن علي بن محمد بن أحمد أبو القاسم التيمي الكوفي المعروف بابن الأذلاني (المتوفى: 470هـ)	ShamAY	29769	0.30531
		معرفة القراء الكبار على الطبقات والأعصار	شمس الدين أبو عبد الله محمد بن أحمد بن عثمان بن قَايْماز الذهبي (المتوفى: 748هـ)	ShamAY	8349	0.30521
		من حديث عبد الصمد الطستي	أَبُو الحُسَيْنِ عَبْدُ الصَّمَدِ بنُ عَلِيِّ بنِ مُحَمَّدِ بنِ مُكْرمٍ البَغْدَادِيُّ، الطَّسْتِيُّ، الوَكِيْلُ (المتوفى: 346هـ)	ShamAY	28853	0.30519
		رفع شان الحبشان للسيوطي	الواحدي :: السيوطي	ShamAY	33660	0.30519
		في عمارة السورة القرآنية	د. محمود البستاني	ShamAY	1478	0.30518
		فضائل بيت المقدّس	الإمام الحافظ ضياء الدين محمّد بن عبد الواحد بن أحمد المقدسي الحنبلي	Rafed	2384	0.30515
		حديث سفيان بن عيينة رواية الطائي (نسخة القسطلاني) - مخطوط	الواحدي	ShamAY	32777	0.30511
		مسند أبي داود الطيالسي	أبو داود سليمان بن داود بن الجارود الطيالسي البصرى (المتوفى: 204ه)	Sham19Y	1456	0.30509
		الكتاب اللطيف لشرح مذاهب أهل السنة ومعرفة شرائع الدين والتمسك بالسنن	أبو حفص عمر بن أحمد بن شاهين [287 هـ - 385 هـ]	ShamAY	33856	0.30506
		الفوائد والأخبار والحكايات عن الشافعي وحاتم الأصم ومعروف الكرخي وغيرهم	الحسن بن الحسين بن حمكان أبو علي الهمذاني (المتوفى: 405ه)	ShamelaY19	26505	0.30499
		الإتباع والمزاوجة	أحمد بن فارس بن زكرياء القزويني الرازي، أبو الحسين (المتوفى: 395هـ)	ShamAY	6933	0.30496
		المحدثون من آل ابي طالب	سيدمهدي رجايي	Ghbook	15627	0.30494
		الاشراف في عامه فرائض اهل الاسلام (الحج)	محمد بن  محمد بن نعمان شيخ مفيد	Ghbook	2922	0.30479
		شرح سنن أبي داود لابن رسلان	شهاب الدين أبو العباس أحمد بن حسين بن علي بن رسلان المقدسي الرملي الشافعي (المتوفى: 844 ه)	ShamelaY19	131521	0.30474
		معجم الدخيل في اللغة العربية الحديثة ولهجاتها	الدكتور ف. عبد الرحيم	ShamelaY19	148181	0.30472
		ديوان ثابت بن جابر	ثابت بن جابر بن سفيان بن عميثل المشهور بلقب: تأبط شرا	ShamAY	37943	0.3047
		التبعية الاقتصادية في الدول العربية وعلاجها في الاقتصاد الإسلامي	د. عمر بن فيحان المرزوقي	ShamAY	34787	0.30467
		منتهى المقال في أحوال الرّجال [ج ٤]	الشيخ محمّد بن إسماعيل المازندراني	Rafed	536	0.30461
		المعجم الجغرافي للإمبراطورية العثمانية	س. موستراس	ShamAY	38955	0.30455
		فوائد أبي الفرج الثقفي	أبو الفرج مسعود بن الحسن الثقفي الأصبهاني (المتوفى: 562ه)	ShamelaY19	29976	0.30453
		نزهة السامعين في رواية الصحابة عن التابعين	أبو الفضل أحمد بن علي بن محمد بن أحمد بن حجر العسقلاني (المتوفى: 852هـ)	ShamAY	6009	0.30434
		ديوان سلامة بن جندل	أبو مالك سلامه بن جندل بن عمرو التميمى نحو 33 ق. هـ	ShamAY	37950	0.30428
		ديوان علقمة الفحل	علقمة بن عَبدة بن ناشرة بن قيس، من بني تميم	ShamAY	37936	0.30417
		الصلة في تاريخ أئمة الأندلس لابن بشكوال	أبو القاسم خلف بن عبد الملك بن بشكوال (المتوفى: 578 هـ)	ShamAY	22788	0.30417
		الإتباع لأبي علي القالي	أبو علي القالي، إسماعيل بن القاسم بن عيذون بن هارون بن عيسى بن محمد بن سلمان (المتوفى: 356ه)	Sham19Y	6934	0.30417
		وسطية الإسلام	صالح حبيب الله (تشي شيوه ي) الصيني	Sham19Y	1245	0.30416
		ابن عباس ومسائل ابن الأزرق	منير عرفة	ShamAY	35465	0.30413
		الدرة السنية منظومة في علم الفرائض (مطبوع مع الكوكب الزهري نظم مختصر الأخضري)	أبو عبد الله محمد عبد القادر بن محمد بن المختار بن أحمد العالم القبلوي الجزائري المالكي الشهير بالشيخ باي بلعالم (المتوفى: 1430هـ)	ShamAY	1635	0.3041
		مسند أبي داود الطيالسي	أبو داود سليمان بن داود بن الجارود الطيالسي البصرى (المتوفى: 204هـ)	ShamAY	1456	0.30409
		حياة الأنبياء بعد وفاتهم - ط العلوم والحكم	أبو بكر أحمد بن الحسين البيهقي	ShamAY	33863	0.30406
		الأمر بالمعروف والنهي عن المنكر لابن أبي الدنيا - ط أطلس الخضراء = مقابل	أبو بكر عبد الله بن محمد ابن أبي الدنيا	ShamAY	38103	0.30406
		المصنف لعبد الرزاق الصنعاني - ط التأصيل	عبد الرزاق بن همام الصنعاني	ShamAY	38048	0.30404
		منتهى المقال في أحوال الرّجال [ج ٣]	الشيخ محمّد بن إسماعيل المازندراني	Rafed	535	0.30396
		روايات البغوي في تفسيره معالم التنزيل عن شيخه عبد الواحد المليحي "تخريج ودراسة"	عبد الحميد شيخون	ShamelaY19	132397	0.30393
		إعلام الخلف [ج ٢]	صادق العلائي	Rafed	3056	0.30392
		ملحة البيان	زين المرصفي	ShamAY	34483	0.30391
		فوائد أبي علي أحمد بن علي بن شعيب المدائني	أبو علي أحمد بن علي بن شعيب المدائني (المتوفى: بعد 310هـ)	ShamAY	29713	0.30383
		تزيين الممالك بمناقب الإمام مالك	الواحدي :: السيوطي	ShamAY	34223	0.30377
		الثاني من الفوائد المنتقاة لابن السماك ويليه من حديث دعلج للحمامي	عثمان بن أحمد بن عبيد الله بن يزيد، أبو عمرو الدقاق، ابن السماك (المتوفى: 344ه)	Sham19Y	29940	0.3037
		معجم مقاييس اللغة [ج ٦]	أبي الحسين أحمد بن فارس بن زكريّا	Rafed	2921	0.30364
		طبقات المدلسين = تعريف أهل التقديس بمراتب الموصوفين بالتدليس	أبو الفضل أحمد بن علي بن محمد بن أحمد بن حجر العسقلاني (المتوفى: 852هـ)	ShamAY	1186	0.30362
		مباحث في العقيدة - الطيار	أبو محمد عبد الله بن محمد بن أحمد الطيار	ShamAY	35276	0.30361
		تخريج اقتضاء العلم العمل	ناصر الدين الألباني	ShamAY	34137	0.30345
		الأدب المفرد - ط الخانجي	محمد بن إسماعيل أبو عبد الله البخاري الجعفي	ShamAY	33935	0.3034
		مسموعات أبي محمد رزق الله التميمي	رزق الله بن عبد الوهاب بن عبد العزيز، أبو محمد التَّمِيمي الحنبلي (المتوفى: 488هـ)	ShamAY	29773	0.30339
		تذكرة الحفاظ لابن القيسراني =أطراف أحاديث كتاب المجروحين لابن حبان	أبو الفضل محمد بن طاهر بن علي بن أحمد المقدسي الشيباني، المعروف بابن القيسراني (المتوفى: 507هـ)	ShamAY	1578	0.30324
		نظم الإمام السيوطي للآيات المنسوخة في القرآن الكريم	الواحدي	ShamAY	33114	0.30321
		 عبقات الأنوار في إمامة الأئمة الأطهار ( فارسي ) 	 السيد حامد النقوي 	ABLibrary	8505	0.30311
		طبقات علماء إفريقية، وكتاب طبقات علماء تونس	محمد بن أحمد بن تميم التميمي المغربي الإفريقي، أبو العرب (المتوفى: 333هـ)	ShamAY	13079	0.30309
		الجزء فيه تفسير القرآن ليحيى بن يمان ونافع بن أبي نعيم القارئ ومسلم بن خالد الزنجي وعطاء الخراساني برواية أبي جعفر الترمذي	أبو جعفر الترمذي محمد بن أحمد بن نصر الشافعي الترمذي الرملي الفقيه (المتوفى: 295ه)	Sham19Y	26470	0.30307
		الجزء فيه تفسير القرآن ليحيى بن يمان ونافع بن أبي نعيم القارئ ومسلم بن خالد الزنجي وعطاء الخراساني برواية أبي جعفر الترمذي	أبو جعفر الترمذي محمد بن أحمد بن نصر الشافعي الترمذي الرملي الفقيه (المتوفى: 295ه)	ShamelaY19	26470	0.30298
		شرح المنام	محمد بن  محمد بن نعمان شيخ مفيد	Ghbook	2573	0.30294
		مسند إسحاق بن راهويه - مسند ابن عباس	أبو يعقوب إسحاق بن إبراهيم بن مخلد بن إبراهيم الحنظلي المروزي المعروف ب ابن راهويه (المتوفى: 238ه)	Sham19Y	1423	0.30291
		قرائه العزائم في الصلاه	المجمع العالمي لاهل البيت عليهم السلام	Ghbook	7688	0.30264
		ذم المسكر لابن أبي الدنيا - ط أطلس الخضراء = مقابل	أبو بكر عبد الله بن محمد ابن أبي الدنيا	ShamAY	38143	0.30257
		تاريخ خليفة بن خياط	أبو عمرو خليفة بن خياط بن خليفة الشيباني العصفري البصري (المتوفى: 240هـ)	ShamAY	6615	0.30252
		 الإشارات إلى معرفة الزيارات 	 علي بن أبي بكر الهروي 	ABLibrary	8954	0.30251
		تجربة الحفظ للملتقى في جمعية الرياض		ShamAY	36852	0.30246
		الجهاد لابن أبي عاصم	أبو بكر بن أبي عاصم وهو أحمد بن عمرو بن الضحاك بن مخلد الشيباني (المتوفى: 287هـ)	ShamAY	13013	0.30244
		الذّريعة إلى تصانيف الشّيعة [ج ٩ - ٢]	الشيخ آقا بزرك الطهراني	Rafed	478	0.30237
		الثاني من الفوائد المنتقاة لابن السماك ويليه من حديث دعلج للحمامي	عثمان بن أحمد بن عبيد الله بن يزيد، أبو عمرو الدقاق، ابن السَّمَّاك (المتوفى: 344هـ)	ShamAY	29940	0.30235
		معرفة القراء الكبار على الطبقات والأعصار - ط العلمية = التراجم	شمس الدين أبو عبد الله محمد بن أحمد بن عثمان بن قَايْماز الذهبي (المتوفى: 748هـ)	ShamAY	38181	0.30235
		أحاديث السري بن يحيى	السرى بن يحيى بن إياس بن حرملة بن إياس الشيبانى المحلمى، أبو الهيثم، ويقال أبو يحيى، البصرى (المتوفى: 167هـ)	ShamAY	29701	0.30222
		معجم حفّاظ القرآن عبر التّاريخ [ج ٢]	الدكتور محمّد سالم محيسن	Rafed	906	0.30212
		نسخة طالوت وهي في أحاديث طالوت بن عباد البصري الصيرفي المتوفى: 238هـ	أبو القاسم عبد الله بن محمد بن عبد العزيز بن المَرْزُبان بن سابور بن شاهنشاه البغوي (المتوفى: 317هـ)	ShamAY	26341	0.3021
		ديوان عامر بن الطفيل	عامر بن الطفيل بن مالك بن جعفر العامرى، 10 هـ	ShamAY	37922	0.30209
		مسند عقبة بن عامر	زين الدين أبو العدل قاسم بن قطلوبغا السودوني (نسبة إلى معتق أبيه سودون الشيخوني) الجمالي الحنفي (المتوفى: 879هـ)	ShamAY	30774	0.30209
		مصنف ابن أبي شيبة (الفكر)	أبو بكر بن أبي شيبة	ShamAY	33966	0.30202
		الروض الأنيق في فضل الصديق	عبد الرحمن بن أبي بكر، جلال الدين السيوطي (المتوفى: 911هـ)	ShamAY	194	0.30196
		حديث عباس الترقفي	أبو محمد عباس بن عبد الله بن أبي عيسى الباكسائي، الترقفي (المتوفى: 267ه)	ShamelaY19	30432	0.30188
		فضل رجب لابن عساكر	ثقة الدين، أبو القاسم علي بن الحسن بن هبة الله المعروف بابن عساكر (المتوفى: 571ه)	ShamelaY19	22053	0.30181
		كتاب الأربعين حديثا (الأربعين من أربعين عن أربعين)	الحسن بن محمد بن محمد ابن عمروك التيمي النيسابورىّ ثم الدمشقيّ، أبو علي، صدر الدين البكري (المتوفى: 656هـ)	ShamAY	26487	0.3018
		صحيح وضعيف الجامع الصغير وزيادته	عبد الرحمن بن أبي بكر، جلال الدين السيوطي (المتوفى: 911ه)	ShamelaY19	21659	0.30175
		فتاوى في سجود التلاوة	الواحدي :: ابن جبرين	ShamAY	37648	0.30174
		الاغتباط لمعرفة من رمي بالاختلاط - ت: علي الحلبي	برهان الدين الحلبي إبراهيم بن محمد بن خليل الطرابلسي العجمي	ShamAY	34587	0.30172
		منهج المقال في تحقيق احوال الرجال [ج ٢]	محمد بن علي الاسترابادي	Rafed	206	0.30169
		ما جاء فى التوراة عن رسول الله صلى الله عليه وسلم		ShamAY	35374	0.30167
		موسوعة قرى ومدن لبنان [ج ١٥]	طوني مفرّج	Rafed	2598	0.30165
		الرقابة الشرعية والتحديات المعاصرة للبنوك الإسلامية	د. عطية السيد السيد فياض	ShamAY	33198	0.3016
		تقريب التقريب ويليه خمس رسائل إسنادية هامة	أبو الحسن عبد الرحمن بن محمد نور الدين الأثري	ShamAY	35893	0.30157
		السلاح	أبو عُبيد القاسم بن سلاّم بن عبد الله الهروي البغدادي (المتوفى: 224هـ)	ShamAY	7052	0.30152
		البطائح تحت نفوذ عمران بن شاهين من حوالي 330 ـ 369هـ / 941 ـ 979م	فايزة إسماعيل أكبر	ShamAY	37126	0.30149
		الأوائل السنبلية وذيلها	محمد سعيد سنبل المكي (1175 هـ)	ShamAY	33555	0.30147
		جزء من أحاديث أبي بكر الصولي شيوخه (مطبوع ضمن مجموع باسم الفوائد لابن منده!)	أبو بكر محمد بن يحيى بن عبد الله الصولي (المتوفى: 335هـ)	ShamAY	9395	0.30144
		دوله الامام المهدي و بدائل العولمه	مرتضي معاش	Ghbook	4596	0.30141
		النفقة على العيال لابن أبي الدنيا	أبو بكر عبد الله بن محمد بن عبيد بن سفيان بن قيس البغدادي الأموي القرشي المعروف بابن أبي الدنيا (المتوفى: 281هـ)	ShamAY	13075	0.30137
		سنن أبى داود - الكتاب العربي	أبو داود سليمان بن الأشعث السجستاني	ShamAY	33960	0.30135
		حاشية الآجرومية	عبد الرحمن بن محمد بن قاسم العاصمي الحنبلي النجدي (المتوفى: 1392هـ)	ShamAY	7368	0.30131
		فضائل القدس	جمال الدين أبو الفرج عبد الرحمن بن علي بن محمد الجوزي (المتوفى: 597هـ)	ShamAY	1599	0.30126
		الوفيات والأحداث	عضو ملتقى أهل الحديث / الباحث - غفر الله له -	ShamAY	1577	0.30122
		الاختلاف بين رواة البخاري	يوسف بن حسن بن أحمد بن حسن ابن عبد الهادي الصالحي، جمال الدين، ابن ابن المِبْرَد الحنبلي (المتوفى: 909هـ)	ShamAY	30358	0.30115
		أنساب الخيل في الجاهلية والإسلام وأخبارها	أبو المنذر هشام بن محمد أبي النضر ابن السائب ابن بشر الكلبي (المتوفى: 204هـ)	ShamAY	9249	0.30112
		 عبقات الأنوار في إمامة الأئمة الأطهار ( فارسي ) 	 السيد حامد النقوي 	ABLibrary	8502	0.30112
		 مؤلفات ابن عربى تاريخُها وتصنيفُها 	 عثمان يحيى / احمد محمد الطيب 	ABLibrary	8869	0.30111
		ترجمة موجزة للشيخ ربيع بن هادي عمير المدخلي		ShamAY	32995	0.301
		من عقائد السلف (الرد على الجهمية)	أبو عبد الله محمد بن إسحاق بن محمد بن يحيى بن مَنْدَه العبدي (المتوفى: 395هـ)	ShamAY	3976	0.30098
		موافقة الخبر الخبر في تخريج أحاديث المختصر	أبو الفضل أحمد بن علي بن محمد بن أحمد بن حجر العسقلاني (المتوفى: 852 ه)	ShamelaY19	18611	0.30095
		العلل لابن المديني	علي بن عبد الله بن جعفر السعدي بالولاء المديني، البصري، أبو الحسن (المتوفى: 234ه)	Sham19Y	6038	0.30085
		أحاديث أبي العروبة الحراني برواية أبي أحمد الحاكم	أبو عروبة الحراني	ShamAY	33611	0.30084
		من حديث الحافظ أبي طاهر السلفي عن بعض الأبهريين (أو: رحلة الحافظ أبي طاهر السلفي إلى مدينة أبهر)	صدر الدين، أبو طاهر السلفي أحمد بن محمد بن أحمد بن محمد بن إبراهيم سلفه الأصبهاني (المتوفى: 576ه)	Sham19Y	27087	0.30084
		شرح معاني الآثار	أبو جعفر أحمد بن محمد بن سلامة بن عبد الملك بن سلمة الأزدي الحجري المصري المعروف بالطحاوي (المتوفى: 321هـ)	ShamAY	21108	0.30083
		حديث أبي بكر بن الأنباري	محمد بن جعفر بن محمد بن الهيثم، أبو بكر الأنباري، البُنْدار (المتوفى: 360هـ)	ShamAY	29781	0.30082
		تغليق التعليق على صحيح البخاري	أبو الفضل أحمد بن علي بن محمد بن أحمد بن حجر العسقلاني (المتوفى: 852ه)	Sham19Y	347	0.30079
		المدخل إلى تقويم اللسان	ابن هشام اللخمي (المتوفى: 577 ه)	ShamelaY19	148096	0.30074
		الجزء فيه تفسير القرآن ليحيى بن يمان ونافع بن أبي نعيم القارئ ومسلم بن خالد الزنجي وعطاء الخراساني برواية أبي جعفر الترمذي	أَبُو جَعْفَرٍ التِّرْمِذِيُّ مُحَمَّدُ بنُ أَحْمَدَ بنِ نَصْرٍ الشافعي التِّرْمِذِيّ الرملي الفقيه (المتوفى: 295هـ)	ShamAY	26470	0.30072
		 سنن أبي داود 	 سليمان بن الأشعث السجستاني 	ABLibrary	85	0.30068
		نظم لامية الأفعال لابن مالك	ابن مالك	ShamAY	37033	0.30067
		طبقات اعلام الشيعة - الجزء1	الشيخ آقا بزرك الطهراني	Masaha	3164	0.30066
		المفهوم على مقدمة ابن آجروم	حمد القمرا المري	ShamAY	37051	0.30064
		المراسيل لأبي داود - ط الصميعي	أبو داود سليمان بن الأشعث السجستاني	ShamAY	33999	0.30056
		الأمر بالمعروف والنهي عن المنكر	أبو بكر احمد بن محمد بن هارون الخلال	ShamAY	33905	0.30055
		مسند أبي عوانة - ط المعرفة	أبو عوانة يعقوب بن إسحاق الإسفرائيني	ShamAY	33939	0.30053
		ما صح من آثار الصحابة في الفقه	زكريا بن غلام قادر الباكستاني	ShamAY	37984	0.30048
		جزء فيه ذكر شيوخ الشريف ابن المهدي محمد بن العباس ابن المهدي وذكر حالهم وتاريخ وفاتهم ومختار حديثهم وغير ذلك	أبو الفضل محمد بن العباس ابن المهدي	ShamAY	33644	0.30047
		الدُّرّة المضيّة في الأخلاق المرضيّة	الشاعر أحمد بن أحمد العناياتيّ النابلسيّ	ShamAY	35906	0.30042
		الإشارات إلى معرفة الزّيارات	أبي الحسن علي بن أبي بكر الهروي	Rafed	2186	0.30041
		منهج الصالحين: فتاوي فقيه اهل البيت عليهم السلام	آيت الله العظمي سيد محمد علي علوي گرگاني	Ghbook	13891	0.30035
		إعراب القرآن الكريم لغةً وإعجازاً وبلاغة تفسيراً بالإيجاز [ج ٧]	بهجت عبدالواحد الشيخلي	Rafed	4041	0.30033
		مسند إسحاق بن راهويه - مسند ابن عباس	أبو يعقوب إسحاق بن إبراهيم بن مخلد بن إبراهيم الحنظلي المروزي المعروف بـ ابن راهويه (المتوفى: 238هـ)	ShamAY	1423	0.30032
		القيم الاخلاقيه في النهضه الحسينيه	محمود عذاري	Ghbook	5932	0.30028
		التيسير في القراءات السبع ت الشغدلي	أبو عمرو عثمان بن سعيد الداني الأندلسي (المتوفى: 444 ه)	ShamelaY19	147812	0.30026
		الاعجاز العددي للقرآن الكريم	عبدالرزاق نوفل	Ghbook	2800	0.30023
		المجروحين من المحدثين والضعفاء والمتروكين	محمد بن حبان بن أحمد بن حبان بن معاذ بن معبد، التميمي، أبو حاتم، الدارمي، البستي (المتوفى: 354ه)	Sham19Y	5834	0.30015
		في عمارة السورة القرآنية	د. محمود البستاني	Sham19Y	1478	0.30014
		أصوات حروف القلقلة بين المتقدمين والمتأخرين	عمر العرباوي	ShamAY	37756	0.30013
		العلل ومعرفة الرجال لأحمد رواية المروذي وغيره ت صبحي السامرائي	أبو عبد الله أحمد بن محمد بن حنبل بن هلال بن أسد الشيباني (المتوفى: 241هـ)	ShamAY	6044	0.30008
		الدُّعَاءُ من الكتابِ والسُّنة	د. سعيد بن على بن وهف القحطاني	ShamAY	1952	0.29999
		الثبات عند الممات	جمال الدين أبو الفرج عبد الرحمن بن علي بن محمد الجوزي (المتوفى: 597ه)	Sham19Y	6789	0.29993
		جزء في تفسير الباقيات الصالحات	صلاح الدين أبو سعيد خليل بن كيكلدي بن عبد الله الدمشقي العلائي (المتوفى: 761هـ)	ShamAY	5509	0.29987
		العلل لابن المديني	علي بن عبد الله بن جعفر السعدي بالولاء المديني، البصري، أبو الحسن (المتوفى: 234هـ)	ShamAY	6038	0.29975
		مثالب العرب	ابن الكلبي هشام بن محمد	Masaha	2348	0.29972
		المراسيل لأبي داود	أبو داود سليمان بن الأشعث بن إسحاق بن بشير بن شداد بن عمرو الأزدي السَِّجِسْتاني (المتوفى: 275هـ)	ShamAY	13063	0.29964
		العلل ومعرفة الرجال للإمام أحمد رواية المروذي وصالح والميموني - ط الفاروق	أحمد بن حنبل	ShamAY	34149	0.29963
		الأحاديث العشرة العشارية الاختيارية لابن حجر	أبو الفضل أحمد بن علي بن محمد بن أحمد بن حجر العسقلاني (المتوفى: 852ه)	ShamelaY19	21489	0.29955
		الصحيح في البكاء الحسيني	مهدي خداميان آراني	Ghbook	9575	0.29954
		مَجْلِسٌ مِنْ أَمَالِي الشَّيْخِ الزَّاهِدِ أَبِي بَكْرٍ مُحَمَّدِ بْنِ الْحُسَيْنِ ابْنِ فَنْجُوَيْهِ الثَّقَفِيِّ فِي «فَضْلِ رَمَضَانَ» .	أَبُو عَبْدِ اللهِ الحُسَيْنُ بنُ مُحَمَّدِ بنِ الحُسَيْنِ بنِ عَبْدِ اللهِ بنِ صَالِحِ بنِ شُعَيْب بنِ فَنْجَوَيْهِ الثَّقَفِيُّ، الدِّيْنَوَرِيُّ (المتوفى: 414هـ)	ShamAY	3548	0.29953
		المجاب برد السلام السيد ابراهيم بن محمد العابد ابن الامام موسي بن جعفر عليه السل...	وسام البلداوي	Ghbook	12326	0.29949
		تغليق التعليق على صحيح البخاري	أبو الفضل أحمد بن علي بن محمد بن أحمد بن حجر العسقلاني (المتوفى: 852هـ)	ShamAY	347	0.29947
		إدراك الفوت في ذكر قبائل تاريخ حضرموت	علي بن محمد باخيل آل بابطين	ShamAY	37018	0.29942
		الأربعون في الحث على الجهاد	ثقة الدين، أبو القاسم علي بن الحسن بن هبة الله المعروف بابن عساكر (المتوفى: 571هـ)	ShamAY	5716	0.29933
		الكافي [ج ١٢]	أبو جعفر محمّد بن يعقوب الكليني الرازي	Rafed	1131	0.29933
		الآثار لمحمد بن الحسن الشيباني - ط النوادر	محمد بن الحسن الشيباني (189 هـ)	ShamAY	33987	0.29931
		مسند أبي الطيالسي (دار المعرفة)	سليمان بن داود أبو داود الفارسي البصري الطيالسي	ShamAY	33930	0.29918
		جزء محمد بن عاصم الثقفي الأصبهاني	محمد بن عاصم بن عبد الله الأصبهاني، أبو جعفر الثقفي مولاهم (المتوفى: 262ه)	Sham19Y	9314	0.29916
		طوالات الأخبار لأبي موسى المديني - مخطوط (ن)	محمد بن عمر بن أحمد بن عمر بن محمد الأصبهاني المديني، أبو موسى (المتوفى: 581هـ)	ShamAY	21646	0.29911
		الجزء الأول والثاني من فوائد ابن بشران عن شيوخه (ضمن مجموع مطبوع باسم الفوائد لابن منده!)	علي بن محمد بن عبد الله بن بشران الأموي أبو الحسين البغدادي المعدل (المتوفى: 415هـ)	ShamAY	9383	0.29911
		ديوان عمرو بن قميئة	عمرو بن قميئة	ShamelaY19	149481	0.29905
		المعجم المفصّل في الإعراب	طاهر يوسف الخطيب	Rafed	1949	0.29902
		شَذَرَاتٌ مِنَ الْمَنْهَجِ الْمَأْمُولِ بِبَيَانِ مَعْنَى قَوْلِ ابْنِ حَجَرٍ مَقْبُولْ	أبُو مْحَمَّدٍ أَحْمَدُ شِحَاتَهْ الأَلْفِيُّ السَّكَنْدَرِيُّ	ShamAY	37278	0.29897
		المجتبى (المعروف بالسنن الصغرى) للنسائي - ط التأصيل	أبو عبد الرحمن أحمد بن شعيب النسائي	ShamAY	33998	0.29894
		عمل اليوم والليلة للنسائي	أبو عبد الرحمن أحمد بن شعيب بن علي الخراساني، النسائي (المتوفى: 303هـ)	ShamAY	6772	0.29892
		تنظيم القاعدة	احمد الربيعي فر	Ghbook	16055	0.29892
		المجروحين من المحدثين والضعفاء والمتروكين	محمد بن حبان بن أحمد بن حبان بن معاذ بن مَعْبدَ، التميمي، أبو حاتم، الدارمي، البُستي (المتوفى: 354هـ)	ShamAY	5834	0.29889
		اضطراب المصطلح النحوي وكيفية معالجته في الكتب المنهجية لقواعد اللغة العربية في المدارس الابتدائية والمتوسطة والإعدادية	هاشم محمد مصطفى	ShamAY	37099	0.29887
		السنة لعبد الله بن أحمد - ت: عادل آل حمدان	أبو عبد الرحمن عبد الله بن أحمد بن محمد بن حنبل الشيبانيّ البغدادي (المتوفى: 290 هـ)	ShamAY	33843	0.29887
		الجغرافيا	أبو الحسن على بن موسى بن سعيد المغربي (المتوفى: 685هـ)	ShamAY	463	0.29877
		من حديث الحافظ أبي طاهر السلفي عن بعض الأبهريين (أو: رحلة الحافظ أبي طاهر السلفي إلى مدينة أبهر)	صدر الدين، أبو طاهر السلفي أحمد بن محمد بن أحمد بن محمد بن إبراهيم سلفه الأصبهاني (المتوفى: 576ه)	ShamelaY19	27087	0.29877
		الأمراض الجلدية للأطفال	الدكتور محمود حجازي	ShamAY	35940	0.29872
		تعامل المؤسسات الأمنية السعودية مع الإرهاب	بركة بن زامل الحوشان	ShamAY	33374	0.29863
		شرح معاني الآثار	أبو جعفر أحمد بن محمد بن سلامة بن عبد الملك بن سلمة الأزدي الحجري المصري المعروف بالطحاوي (المتوفى: 321ه)	ShamelaY19	21108	0.29853
		العبر في خبر من غبر	شمس الدين أبو عبد الله محمد بن أحمد بن عثمان بن قايماز الذهبي (المتوفى: 748ه)	ShamelaY19	25841	0.29851
		مشيخة ابن الجوزي	جمال الدين أبو الفرج عبد الرحمن بن علي بن محمد الجوزي (المتوفى: 597هـ)	ShamAY	9619	0.29849
		الأربعون من رواية مالك عن نافع للسيوطي	عبد الرحمن بن أبي بكر، جلال الدين السيوطي (المتوفى: 911ه)	Sham19Y	29569	0.29849
		الإشارات إلى معرفة الزيارات‏	علي بن أبي بكر الهروي	Masaha	4640	0.29833
		معجم قبائل العرب القديمة والحديثة	عمر بن رضا بن محمد راغب بن عبد الغني كحالة الدمشق (المتوفى: 1408ه)	Sham19Y	12402	0.29827
		كتاب الصوائف		ShamAY	37161	0.29823
		الكاشف المبين عن غلط المحققين	محمد بن رجب الخولي	ShamelaY19	144113	0.29823
		الوقوف على الموقوف على صحيح مسلم	أبو الفضل أحمد بن علي بن محمد بن أحمد بن حجر العسقلاني (المتوفى: 852هـ)	ShamAY	5993	0.29818
		جزء فيه خمسة أحاديث عن الأئمة الخمسة	علي بن بلبان الدمشقي علاء الدين أبو الحسن الناصري المحدث ابن الشرف (المتوفى: 684ه)	ShamelaY19	26641	0.29809
		مساجلة علمية بين الإمامين الجليلين العز بن عبد السلام وابن الصلاح حول صلاة الرغائب المبتدعة	تخريج محمد ناصر الدين الألباني (المتوفى: 1420هـ)	ShamAY	702	0.29804
		تاريخ الإسلام ووفيات المشاهير والأعلام [ج ٢٧]	شمس الدين محمّد بن أحمد بن عثمان الذّهبي	Rafed	3552	0.29804
		تاريخ الإسلام ووفيات المشاهير والأعلام [ج ٢٠]	شمس الدين محمّد بن أحمد بن عثمان الذّهبي	Rafed	3458	0.29804
		بلوغ المرام من أدلة الأحكام ت فحل	أبو الفضل أحمد بن علي بن محمد بن أحمد بن حجر العسقلاني (المتوفى: 852 هـ)	ShamAY	32350	0.298
		الإتباع	عبد الواحد بن علي الحلبي، أبو الطيب اللغوي (المتوفى: 351ه)	ShamelaY19	37469	0.29796
		من حديث عبد الصمد الطستي	أبو الحسين عبد الصمد بن علي بن محمد بن مكرم البغدادي، الطستي، الوكيل (المتوفى: 346ه)	ShamelaY19	28853	0.29792
		العوالي لشمس الدين الجزري - مخطوط (ن)	شمس الدين أبو الخير ابن الجزري، محمد بن محمد بن يوسف (المتوفى: 833ه)	Sham19Y	10831	0.29792
		الاصيلي في انساب الطالبين	صفي الدين محمد بن تاج الدين علي ابن طقطقي	Ghbook	15562	0.29792
		معارج الوصول الي معرفه فضل آل الرسول و البتول ( عليهم الصلاه و السلام ) - الامام...	محمد كاظم محمودي	Ghbook	6288	0.2979
		جزء فيه خمسة أحاديث عن الأئمة الخمسة	علي بن بلبان الدمشقي علاء الدين أبو الحسن الناصري المحدث ابن الشرف (المتوفى: 684هـ)	ShamAY	26641	0.29788
		السنة لعبد الله بن أحمد	أبو عبد الرحمن عبد الله بن أحمد بن محمد بن حنبل الشيبانيّ البغدادي (المتوفى: 290هـ)	ShamAY	323	0.29779
		عمل اليوم والليلة سلوك النبي مع ربه عز وجل ومعاشرته مع العباد	أحمد بن محمد بن إسحاق بن إبراهيم بن أسباط بن عبد الله بن إبراهيم بن بُدَيْح، الدِّيْنَوَريُّ، المعروف بـ «ابن السُّنِّي» (المتوفى: 364هـ)	ShamAY	13132	0.29777
		جزء فيه حديث أبي سعيد الأشج	أَبُو سَعِيْدٍ الأَشَجُّ عَبْدُ اللهِ بنُ سَعِيْدِ بنِ حُصَيْنٍ الكِنْدِيُّ، الكُوْفِيُّ (المتوفى: 257هـ)	ShamAY	1313	0.29775
		معجم حفاظ القرآن عبر التاريخ	محمد محمد محمد سالم محيسن (المتوفى: 1422ه)	ShamelaY19	38067	0.29773
		رؤية فرنسية في النحو العربي	أندريه رومان	ShamAY	37067	0.29771
		جامع الأحاديث (ويشتمل على جمع الجوامع للسيوطى والجامع الأزهر وكنوز الحقائق للمناوى، والفتح الكبير للنبهانى)	عبد الرحمن بن أبي بكر، جلال الدين السيوطي (المتوفى: 911هـ)	ShamAY	1438	0.29768
		تنوير الفكرة بحديث بهز بن حكيم (مطبوع ضمن مجموع رسائل لابن ناصر الدين)	محمد بن عبد الله (أبي بكر) بن محمد ابن أحمد بن مجاهد القيسي الدمشقي الشافعي، شمس الدين، الشهير بابن ناصر الدين (المتوفى: 842ه)	Sham19Y	9393	0.29768
		التكملة لكتاب الصلة	ابن الأبار، محمد بن عبد الله بن أبي بكر القضاعي البلنسي (المتوفى: 658ه)	Sham19Y	6608	0.29758
		فضائل القرآن وتلاوته للرازي	أبو الفضل عبد الرحمن بن أحمد بن الحسن الرازي المقرىء (المتوفى: 454هـ)	ShamAY	34108	0.29757
		مصنف عبد الرزاق الصنعاني	أبو بكر عبد الرزاق بن همام بن نافع الحميري اليماني الصنعاني (المتوفى: 211هـ)	ShamAY	31637	0.29756
		الأحاديث المائة الشريحية	عبد الرحمن بن أحمد بن محمد، أبو محمد ابن أبي شريح الأنصاري الهروي (المتوفى: 392ه)	ShamelaY19	29734	0.29756
		الحسين (عليه السلام) و عاشوراء في الفكر الانساني	مطران خليل ابي نادر	Ghbook	5925	0.29756
		فضائل الصحابة للنسائي	أبو عبد الرحمن أحمد بن شعيب بن علي الخراساني، النسائي (المتوفى: 303ه)	Sham19Y	6601	0.29754
		آرشيو دروس خارج اصول آيت الله شيخ هادي آل راضي 36-35	آيت الله شيخ هادي آل راضي	Ghbook	14506	0.29754
		الهم والحزن لابن أبي الدنيا - ط أطلس الخضراء = مقابل	أبو بكر عبد الله بن محمد ابن أبي الدنيا	ShamAY	38155	0.29753
		فضل عشر ذي الحجة للطبراني	سليمان بن أحمد بن أيوب بن مطير اللخمي الشامي، أبو القاسم الطبراني (المتوفى: 360هـ)	ShamAY	1300	0.2975
		تاريخ بغداد أو مدينة السّلام [ج ١٩]	محبّ الدين أبي عبدالله محمّد بن محمود بن الحسن [ ابن النجّار البغدادي ]	Rafed	2980	0.29742
		جزء فيه مجلسان من إملاء النسائي	أبو عبد الرحمن أحمد بن شعيب بن علي الخراساني، النسائي (المتوفى: 303هـ)	ShamAY	8225	0.29741
		 الذريعة 	 آقا بزرگ الطهراني 	ABLibrary	872	0.29734
		رعاية الحفاظ بين الواقع والمامول-عبدالله المهيب		ShamAY	36854	0.29728
		تحديات تغيير المناهج الشرعية في العالم الإسلامي	شريف علي حماد	ShamAY	33482	0.29724
		مكتبه العلامه الحلي	عبدالعزيز طباطبايي	Ghbook	7075	0.29722
		المجالسة وجواهر العلم	الدينوري، أبو بكر	Sham19Y	9948	0.29717
		بلوغ المرام من أدلة الأحكام ت فحل	أبو الفضل أحمد بن علي بن محمد بن أحمد بن حجر العسقلاني (المتوفى: 852 ه)	Sham19Y	17757	0.29716
		منهاج الامام الحسين ( عليه السلام ) في الاصلاح	حسين الواعظ	Ghbook	5992	0.29713
		الثبات عند الممات	جمال الدين أبو الفرج عبد الرحمن بن علي بن محمد الجوزي (المتوفى: 597هـ)	ShamAY	6789	0.29702
		كلمات وفاء لذكرى أحمد الشقيري	عرفات حجازي وآخرون	ShamAY	35863	0.29693
		ميزان الاعتدال في نقد الرجال	شمس الدين أبو عبد الله محمد بن أحمد بن عثمان بن قَايْماز الذهبي (المتوفى: 748هـ)	ShamAY	1692	0.29689
		التكملة لكتاب الصلة	ابن الأبار، محمد بن عبد الله بن أبي بكر القضاعي البلنسي (المتوفى: 658هـ)	ShamAY	6608	0.29675
		الاعلام بما اتفقت عليه الاماميه من الاحكام (الحج)	محمد بن  محمد بن نعمان شيخ مفيد	Ghbook	2924	0.29671
		الغيبة والنميمة لابن أبي الدنيا - ط أطلس الخضراء = مقابل	أبو بكر عبد الله بن محمد ابن أبي الدنيا	ShamAY	38151	0.29669
		قواعد اللغة العربية المبسطة	عبد اللطيف السعيد	ShamAY	37058	0.29666
		مائة حديث ساقطة من سنن النسائي الكبرى المطبوع	أبو عبد الرحمن أحمد بن شعيب بن علي الخراساني، النسائي (المتوفى: 303هـ)	ShamAY	8623	0.29666
		من حديث الإمام سفيان بن سعيد الثوري	أبو عبد الله سفيان بن سعيد بن مسروق الثوري الكوفي (المتوفى: 161ه)	ShamelaY19	26548	0.29664
		علل أحاديث صحيح مسلم بن الحجاج القشيري	أبو الفضل محمد بن أبي الحسين ابن عمار الشهيد	ShamAY	34174	0.29662
		العبر في خبر من غبر - ت: المنجد	الواحدي :: الذهبي، شمس الدين	ShamAY	33810	0.2966
		العلل ومعرفة الرجال لأحمد رواية المروذي وغيره ت وصي الله عباس	أبو عبد الله أحمد بن محمد بن حنبل بن هلال بن أسد الشيباني (المتوفى: 241هـ)	ShamAY	10272	0.29642
		صحيح وضعيف الجامع الصغير وزيادته	عبد الرحمن بن أبي بكر، جلال الدين السيوطي (المتوفى: 911هـ)	ShamAY	21659	0.29633
		الأدب المفرد مخرجا	محمد بن إسماعيل بن إبراهيم بن المغيرة البخاري، أبو عبد الله (المتوفى: 256ه)	Sham19Y	12991	0.29632
		مقتل أمير المؤمنين علي بن أبي طالب عليه السلام	ابو نعيم	Masaha	2359	0.29632
		الرسالة المغنية في السكوت ولزوم البيوت	الحسن بن أحمد بن عبد الله بن البَناَّ، أبو علي، البغدادي الحنبلي (المتوفى: 471هـ)	ShamAY	6782	0.29628
		الدرة الباهرة من الأصداف الطاهرة	الشهيد الأول	Masaha	4700	0.29627
		معجم قبائل العرب القديمة والحديثة	عمر بن رضا بن محمد راغب بن عبد الغني كحالة الدمشق (المتوفى: 1408هـ)	ShamAY	12402	0.29625
		الأدب المفرد مخرجا	محمد بن إسماعيل بن إبراهيم بن المغيرة البخاري، أبو عبد الله (المتوفى: 256هـ)	ShamAY	12991	0.29625
		الصلاة لأبي نعيم الفضل بن دكين	أبو نعيم الفضل بن عمرو بن حماد بن زهير بن درهم القرشي التيمي بالولاء الملائي، المعروف بابن دُكَيْن (المتوفى: 219هـ)	ShamAY	33694	0.29624
		منتهى المقال في أحوال الرّجال [ج ٧]	الشيخ محمّد بن إسماعيل المازندراني	Rafed	542	0.29624
		الشجره الطيبه في الارض المخصبه	سيدمهدي رجايي	Ghbook	15624	0.29624
		من جهود المملكة العربية السعودية في مكافحة الإرهاب	د. سعيد بن عائض الزهراني	ShamAY	33383	0.29622
		معجم الصحابة للبغوي	أبو القاسم عبد الله بن محمد بن عبد العزيز بن المرزبان بن سابور بن شاهنشاه البغوي (المتوفى: 317ه)	ShamelaY19	23100	0.29622
		حكم الشرع في التعقيم	عصمت الله عنايت الله	ShamAY	33215	0.2962
		المعجم المفصل في شواهد العربية	د. إميل بديع يعقوب	Sham19Y	14277	0.29616
		فضائل الصحابة للنسائي	أبو عبد الرحمن أحمد بن شعيب بن علي الخراساني، النسائي (المتوفى: 303هـ)	ShamAY	6601	0.29615
		خلاصه الاقوال في معرفه الرجال	حسن بن يوسف بن مطهر علامه حلي	Ghbook	7057	0.29614
		تحريم نكاح المتعة	نصر بن إبراهيم بن نصر بن إبراهيم ابن داود النابلسي المقدسي، أبو الفتح المعروف بابن أبي حافظ (المتوفى: 490هـ)	ShamAY	9391	0.29613
		من فوائد النصيبي ومن حديثه عن الكديمي - مخطوط	أبو بكر أحمد بن يوسف بن خلاد العطار النصيبي	ShamAY	32824	0.29603
		أخبار مكة في قديم الدهر وحديثه‏  - الجزء1	محمد بن إسحاق الفاكهي	Masaha	4538	0.29603
		توضيح الأسناد المشكلة في الكتب الأربعة‌ - الجزء1	السيد محمد جواد الشبيري الزنجاني	Masaha	3521	0.29603
		جزاء اعداء الامام العسكري عليه السلام في دار الدنيا	هاشم ناجي موسوي جزائري	Ghbook	6227	0.296
		العوالي لشمس الدين الجزري - مخطوط (ن)	شمس الدين أبو الخير ابن الجزري، محمد بن محمد بن يوسف (المتوفى: 833هـ)	ShamAY	10831	0.29595
		مفاهيم الإرهاب والعنف واختلاف وجهات النظر حولها	محمد بن علي الهرفي	ShamAY	33410	0.29593
		جزء فيه أمالي من إملاء الإمام أبي الحسن عبد الغافر بن إسماعيل الفارسي	عبد الغافر بن إسماعيل بن عبد الغافر ابن محمد الفارسيّ (المتوفى: 529هـ)	ShamAY	26558	0.29592
		أمالي أبي الفتح المقدسي - المجلس الحادي والعشرون بعد المائة	نصر بن إبراهيم بن نصر بن إبراهيم ابن داود النابلسي المقدسي، أبو الفتح الشافعي (المتوفى: 490ه)	Sham19Y	29774	0.29589
		العراق في شعر الشهيد آيه الله السيد حسن الشيرازي رحمه الله عليه	آيت الله العظمي سيد محمد حسيني شيرازي	Ghbook	7971	0.29581
		المجلس الخمسون والحادي والستون من أمالي الضبي - مخطوط	أبو عبد الله الحسين بن هارون الضبي	ShamAY	32899	0.29579
		فضل الجهاد لأحمد بن عبدالواحد المقدسي	أبو العباس أحمد بن عبد الواحد بن أحمد المقدسي، الحنبلي، الملقب بالبخاري (المتوفى: 623ه)	ShamelaY19	27096	0.29564
		جزء فيه حديث أبي سعيد الأشج	أبو سعيد الأشج عبد الله بن سعيد بن حصين الكندي، الكوفي (المتوفى: 257ه)	ShamelaY19	26353	0.29563
		الوفيات والأحداث	عضو ملتقى أهل الحديث / الباحث - غفر الله له -	Sham19Y	1577	0.29563
		جزء آدم بن أبي إياس	آدم بن أبى إياس: عبد الرحمن ويقال: ناهية بن محمد بن شعيب الخراسانى المروذى أبو الحسن العسقلانى، مولى بنى تيم أو تميم (المتوفى: 221هـ)	ShamAY	29703	0.29557
		 معجم ما كتب عن الرسول ( ص ) وأهل بيته ( ع ) 	 عبد الجبار الرفاعي 	ABLibrary	7756	0.29553
		متن عقيدة العوام		ShamAY	35582	0.29549
		مختصر الأحكام = مستخرج الطوسي على جامع الترمذي	أَبو عَلِيٍّ الحسنُ بنُ عَليِّ بنِ نَصْرٍ الطُّوْسِيُّ، المُلَقَّبُ: بِكَرْدُوشٍ (المتوفى: 312هـ)	ShamAY	5583	0.29546
		التواضع والخمول لابن أبي الدنيا	أبو بكر عبد الله بن محمد بن عبيد بن سفيان بن قيس البغدادي الأموي القرشي المعروف بابن أبي الدنيا (المتوفى: 281هـ)	ShamAY	13009	0.29546
		من حديث الحافظ أبي طاهر السلفي عن بعض الأبهريين (أو: رحلة الحافظ أبي طاهر السلفي إلى مدينة أبهر)	صدر الدين، أبو طاهر السِّلَفي أحمد بن محمد بن أحمد بن محمد بن إبراهيم سِلَفَه الأصبهاني (المتوفى: 576هـ)	ShamAY	27087	0.29511
		معجم الصحابة للبغوي	أبو القاسم عبد الله بن محمد بن عبد العزيز بن المَرْزُبان بن سابور بن شاهنشاه البغوي (المتوفى: 317هـ)	ShamAY	1307	0.29511
		كتاب الأربعين حديثا (الأربعين من أربعين عن أربعين)	الحسن بن محمد بن محمد ابن عمروك التيمي النيسابورى ثم الدمشقي، أبو علي، صدر الدين البكري (المتوفى: 656ه)	ShamelaY19	26487	0.2951
		طوالات الأخبار لأبي موسى المديني - مخطوط (ن)	محمد بن عمر بن أحمد بن عمر بن محمد الأصبهاني المديني، أبو موسى (المتوفى: 581ه)	ShamelaY19	21646	0.29506
		الإخوان لابن أبي الدنيا - ط أطلس الخضراء = مقابل	أبو بكر عبد الله بن محمد ابن أبي الدنيا	ShamAY	38053	0.29505
		وسائل الإرهاب الإلكتروني حكمها في الإسلام وطرق مكافحتها	د. عبد الرحمن بن عبد الله السند	ShamAY	1244	0.29495
		تاريخ دمشق لابن عساكر	أبو القاسم علي بن الحسن بن هبة الله المعروف بابن عساكر (المتوفى: 571هـ)	ShamAY	71	0.29494
		الرقة والبكاء لابن أبي الدنيا	أبو بكر عبد الله بن محمد بن عبيد بن سفيان بن قيس البغدادي الأموي القرشي المعروف بابن أبي الدنيا (المتوفى: 281هـ)	ShamAY	8256	0.2949
		تاريخ جرجان	حمزة بن يوسف السهمي الجرجاني [ السّهمي ]	Rafed	2299	0.29487
		الأحاديث العشرة العشارية الاختيارية لابن حجر	أبو الفضل أحمد بن علي بن محمد بن أحمد بن حجر العسقلاني (المتوفى: 852هـ)	ShamAY	21489	0.29481
		فهارس البحر المحيط في التّفسير [ج ١١]	محمّد بن يوسف [ أبي حيّان الأندلسي الغرناطي ]	Rafed	2704	0.29478
		الحياة السياسية للامام الحسن(ع)	السيد جعفر مرتضى العاملي	Masaha	243	0.29473
		الزهد لأحمد بن حنبل	أبو عبد الله أحمد بن محمد بن حنبل بن هلال بن أسد الشيباني (المتوفى: 241هـ)	ShamAY	8494	0.29469
		من حديث الإمام سفيان بن سعيد الثوري	أبو عبد الله سفيان بن سعيد بن مسروق الثوري الكوفي (المتوفى: 161هـ)	ShamAY	26548	0.29466
		جزء بكر بن بكار - مطبوع ضمن جمهرة الأجزاء الحديثية	بَكْرُ بنُ بَكَّارٍ أَبُو عَمْرٍو القَيْسِيُّ البَصْرِيُّ (المتوفى: 207هـ)	ShamAY	11475	0.2946
		مسند عبد الله بن عمر للطرسوسي	أبو أمية محمد بن إبراهيم بن مسلم الخزاعي البغدادي ثم الطرسوسي (المتوفى: 273ه)	Sham19Y	13169	0.29452
		الجزء الثاني من الأول من الفوائد المنتخبة للآجري - مخطوط	أبو بكر محمد بن الحسين الآجري	ShamAY	32929	0.29451
		ملخص القواعد الفقهية	محمد بن صالح العثيمين- رحمه الله	ShamAY	37582	0.29449
		الصلاة لأبي نعيم الفضل بن دكين	أبو نعيم الفضل بن عمرو بن حماد بن زهير بن درهم القرشي التيمي بالولاء الملائي، المعروف بابن دُكَيْن (المتوفى: 219هـ)	ShamAY	9644	0.29441
		سنن أبي داود	أبو داود سليمان بن الأشعث بن إسحاق بن بشير بن شداد بن عمرو الأزدي السَِّجِسْتاني (المتوفى: 275هـ)	ShamAY	1160	0.2944
		الإباضِيَّة وهل هم خوارج	عبد العزيز بن محمد بن علي آل عبد اللطيف	ShamAY	12576	0.29437
		ذيل ميزان الاعتدال	أبو الفضل زين الدين عبد الرحيم بن الحسين بن عبد الرحمن بن أبي بكر بن إبراهيم العراقي (المتوفى: 806هـ)	ShamAY	5847	0.29433
		الجامع لابن وهب ت رفعت فوزي عبد المطلب	أبو محمد عبد الله بن وهب بن مسلم المصري القرشي (المتوفى: 197هـ)	ShamAY	26865	0.29428
		معرفة علوم الحديث للحاكم	أبو عبد الله الحاكم محمد بن عبد الله بن محمد بن حمدويه بن نُعيم بن الحكم الضبي الطهماني النيسابوري المعروف بابن البيع (المتوفى: 405هـ)	ShamAY	13179	0.29422
		الكفاية في معرفة أصول علم الرواية للخطيب البغدادي - ت: ماهر الفحل	أبو بكر أحمد بن علي بن ثابت الخطيب البغدادي	ShamAY	33976	0.29422
		تاج التراجم لابن قطلوبغا	أبو الفداء زين الدين أبو العدل قاسم بن قُطلُوبغا السودوني (نسبة إلى معتق أبيه سودون الشيخوني) الجمالي الحنفي (المتوفى: 879هـ)	ShamAY	1127	0.29417
		آراء المراجع في الحج	علي افتخاري گلپايگاني	Ghbook	2925	0.29412
		الكشف الحثيث عمن جهلهم أبو حاتم وهم معروفون من رواة الحديث	عاطف عبد الحميد	ShamAY	35853	0.29411
		شعار أصحاب الحديث لأبي أحمد الحاكم	أبو أحمد محمد بن محمد بن أحمد بن إسحاق النيسابوري الكرابيسي المعروف بالحاكم الكبير (المتوفى: 378هـ)	ShamAY	13126	0.29402
		دلائل النبوة	أبو العباس جعفر بن محمد المستغفري	ShamAY	34438	0.29398
		سنن النسائي بشرح السيوطي وحاشية السندي	أبو عبد الرحمن أحمد بن شعيب النسائي	ShamAY	33910	0.29395
		مجلسان أحدهما عن ابن بشران والثاني عن ابن أبي الفوارس - مخطوط	الواحدي	ShamAY	32888	0.29392
		الزهد لأحمد بن حنبل - دار ابن رجب	الواحدي :: أحمد بن حنبل	ShamAY	33738	0.2939
		قصة الثورة الجزائرية	أحمد الشقيري	ShamAY	37696	0.29389
		منتهى المقال في أحوال الرّجال [ج ٦]	الشيخ محمّد بن إسماعيل المازندراني	Rafed	540	0.29381
		الحوض والكوثر لبقي بن مخلد	أبو عبد الرحمن بقي بن مخلد بن يزيد الأندلسي القرطبي (المتوفى: 276هـ)	ShamAY	13015	0.29375
		التطبيق النحوي	عبده راجحي	Ghbook	16343	0.29374
		الجامع لابن وهب ت رفعت فوزي عبد المطلب	أبو محمد عبد الله بن وهب بن مسلم المصري القرشي (المتوفى: 197ه)	ShamelaY19	26865	0.29371
		المنتخب من كتاب أزواج النبي صلى الله عليه وسلم	الزبير بن بكار بن عبد الله القرشي الأسدي المكي (المتوفى: 256ه)	Sham19Y	6599	0.29366
		رسالة في سجود السهو	محمد بن صالح بن محمد العثيمين (المتوفى: 1421هـ)	ShamAY	11225	0.29364
		المعجم المفصل في شواهد العربية	د. إميل بديع يعقوب	ShamAY	31972	0.29354
		 تاريخ ابن يونس الصدفي 	 عبد الرحمن ابن احمد الصدفي المصري 	ABLibrary	8975	0.29347
		العوالي الموافقات للأصبهاني	إسماعيل بن محمد بن الفضل بن علي القرشي الطليحي التيمي الأصبهاني، أبو القاسم، الملقب بقوام السنة (المتوفى: 535هـ)	ShamAY	29900	0.29345
		التكملة لكتاب الصلة - ط الفكر ت هراس = التراجم	ابن الأبار، محمد بن عبد الله بن أبي بكر القضاعي البلنسي (المتوفى: 658 هـ)	ShamAY	38013	0.29342
		أحاديث أبي عبد الله الرازي	ابن الحطاب أبو عبد الله الرازي، محمد بن أحمد بن إبراهيم (المتوفى: 525هـ)	ShamAY	29726	0.2934
		ذيل تاريخ بغداد - ابن النجار - ط العلمية ت عطا = التراجم	الحافظ محب الدين ابو عبد الله محمد بن محمود ابن الحسن بن هبة الله بن محاسن المعروف بابن النجار البغدادي المتوفى سنة 643 ه	ShamAY	38202	0.29339
		إعلام العالم بعد رسوخه بناسخ الحديث ومنسوخه	جمال الدين أبو الفرج عبد الرحمن بن علي بن محمد الجوزي (المتوفى: 597هـ)	ShamAY	9369	0.29336
		العقد المذهب في طبقات حملة المذهب	ابن الملقن سراج الدين أبو حفص عمر بن علي بن أحمد الشافعي المصري (المتوفى: 804 ه)	Sham19Y	16664	0.29336
		جزء فيه أمالي من إملاء الإمام أبي الحسن عبد الغافر بن إسماعيل الفارسي	عبد الغافر بن إسماعيل بن عبد الغافر ابن محمد الفارسي (المتوفى: 529ه)	Sham19Y	26558	0.29334
		 فضائل بيت المقدس 	 ضياء الدين محمد المقدسي 	ABLibrary	9151	0.29317
		أخبار الصلاة لعبد الغني المقدسي	عبد الغني بن عبد الواحد بن علي بن سرور المقدسي الجماعيلي الدمشقي الحنبلي، أبو محمد، تقي الدين (المتوفى: 600ه)	ShamelaY19	26390	0.29308
		المختلطين للعلائي	صلاح الدين أبو سعيد خليل بن كيكلدي بن عبد الله الدمشقي العلائي (المتوفى: 761ه)	ShamelaY19	25846	0.29305
		الترجيح لحديث صلاة التسبيح لابن ناصر الدين	ابن ناصر الدين (842 هـ)	ShamAY	33557	0.29304
		أخبار الصلاة لعبد الغني المقدسي	عبد الغني بن عبد الواحد بن علي بن سرور المقدسي الجماعيلي الدمشقي الحنبلي، أبو محمد، تقي الدين (المتوفى: 600هـ)	ShamAY	1320	0.29303
		حلية الأولياء وطبقات الأصفياء	أبو نعيم أحمد بن عبد الله بن أحمد بن إسحاق بن موسى بن مهران الأصبهاني (المتوفى: 430هـ)	ShamAY	1225	0.29296
		الدليل الطبي للمريض في شهر الصيام	الدكتور حسان شمسي باشا	ShamAY	34884	0.29294
		المجتبى من السنن = السنن الصغرى للنسائي	أبو عبد الرحمن أحمد بن شعيب بن علي الخراساني، النسائي (المتوفى: 303هـ)	ShamAY	829	0.29291
		مسألة الاحتجاج بالشافعي	أبو بكر أحمد بن علي بن ثابت بن أحمد بن مهدي الخطيب البغدادي (المتوفى: 463هـ)	ShamAY	6353	0.29291
		خاتمة مستدرك الوسائل [ج ٩]	الشيخ حسين النوري الطبرسي [ المحدّث النوري ]	Rafed	1472	0.29287
		المقولات العشر	حمود السلامه	ShamAY	35946	0.29282
		السنن الصغرى للبيهقي - ت الأعظمي ط الرشد	محمد ضياء الرحمن الأعظمي	ShamAY	33602	0.29282
		العيال لابن أبي الدنيا - ط أطلس الخضراء = مقابل	أبو بكر عبد الله بن محمد ابن أبي الدنيا	ShamAY	38104	0.29277
		مسند فاطمه الزهراء ( سلام الله عليها )	حسين شيخ الاسلامي	Ghbook	3789	0.29259
		 موسوعة قرى ومدن لبنان 	 طوني مفرج 	ABLibrary	9276	0.29257
		التفسيرالتربوي للقرآن الكريم (المباني والاتجاهات)	هاشم عبدالنبي ابوخمسين	Ghbook	14956	0.29256
		بغية الطلب في تاريخ حلب [ج ٦]	كمال الدّين عمر بن أحمد بن أبي جرادة الحلبي [ ابن العديم ]	Rafed	2141	0.29248
		ارجوزه في الطب	ابوعلي حسين بن عبدالله ابن سينا	Ghbook	2219	0.29242
		الضعفاء والمتروكون للدارقطني - الفاروق	أبو الحسن علي بن عمر الدارقطني	ShamAY	34651	0.29235
		معلقة امرؤ القيس	امرؤ القيس	ShamAY	38521	0.29226
		الديات لابن أبي عاصم - الصميعي	أبو بكر أحمد بن عمرو بن أبي عاصم الضحاك بن مخلد الشيباني	ShamAY	34284	0.29218
		تاريخ الفلبين	-	ShamAY	10033	0.29215
		هدية ذوي الألباب في فضائل عمر بن الخطاب لأبي الخير القزويني - مخطوط	أبو الخير أحمد بن إسماعيل الطالقاني القزويني	ShamAY	32964	0.29214
		نوادر الأصول في أحاديث الرسول - النسخة المسندة	أبو عبد الله محمد بن علي بن الحسن المعروف بالحكيم الترمذي	ShamAY	38092	0.29212
		ذيل ميزان الاعتدال - ط العلمية = التراجم	أبو الفضل زين الدين عبد الرحيم بن الحسين بن عبد الرحمن بن أبي بكر بن إبراهيم العراقي (المتوفى: 806هـ)	ShamAY	38198	0.29204
		تذكرة المؤتسي فيمن حدث ونسي	عبد الرحمن بن أبي بكر، جلال الدين السيوطي (المتوفى: 911هـ)	ShamAY	6021	0.29202
		آثار الشيخ محمد بن عبد الوهاب	أحمد محمد الضبيب	ShamAY	7477	0.29197
		الفرائد الحسان في عد آى القرآن	عبد الفتاح بن عبد الغني بن محمد القاضي (المتوفى: 1403ه)	Sham19Y	8649	0.29185
		مجلس من أمالي الشيخ الزاهد أبي بكر محمد بن الحسين ابن فنجويه الثقفي في «فضل رمضان» .	أبو عبد الله الحسين بن محمد بن الحسين بن عبد الله بن صالح بن شعيب بن فنجويه الثقفي، الدينوري (المتوفى: 414ه)	Sham19Y	3548	0.29182
		الخمول والتواضع لابن أبي الدنيا - ط أطلس الخضراء = مقابل	أبو بكر عبد الله بن محمد ابن أبي الدنيا	ShamAY	38157	0.29179
		الاستعانة بالفاتحة على نجاح الأمور (مطبوع ضمن كتاب جمهرة الأجزاء الحديثية)	يوسف بن حسن بن أحمد بن حسن ابن عبد الهادي الصالحي، جمال الدين، ابن المبرد الحنبلي (المتوفى: 909هـ)	ShamAY	9378	0.29178
		 توضيح الأسناد المشكلة في الكتب الأربعة 	 السيد محمد جواد الشبيري الزنجاني 	ABLibrary	9773	0.29177
		المنتخب من كتاب أزواج النبي صلى الله عليه وسلم	الزبير بن بكار بن عبد الله القرشي الأسدي المكي (المتوفى: 256هـ)	ShamAY	6599	0.29176
		المنتخب من ذيل المذيل	محمد بن جرير بن يزيد بن كثير بن غالب الآملي، أبو جعفر الطبري (المتوفى: 310هـ)	ShamAY	1133	0.29169
		الصمت لابن أبي الدنيا	أبو بكر عبد الله بن محمد بن عبيد بن سفيان بن قيس البغدادي الأموي القرشي المعروف بابن أبي الدنيا (المتوفى: 281هـ)	ShamAY	13039	0.29168
		الاقتصاد الإسلامي	-	Sham19Y	1905	0.29166
		الثقات للعجلي ط الباز	أبو الحسن أحمد بن عبد الله بن صالح العجلى الكوفى (المتوفى: 261هـ)	ShamAY	9170	0.29156
		القلب والإبدال	ابن السكيت، أبو يوسف يعقوب بن إسحاق (المتوفى: 244هـ)	ShamAY	5420	0.29152
		مسند أبي بكر الصديق لأحمد بن علي المروزي	أبو بكر أحمد بن علي بن سعيد بن إبراهيم الأموي المروزي (المتوفى: 292هـ)	ShamAY	13156	0.29148
		دور علماء مكة المكرمة في خدمة السنة والسيرة النبوية	رضا بن محمد صفي الدين السنوسي	Sham19Y	11201	0.2914
		التنصير الطبي	حمود السلامه	ShamAY	33495	0.29138
		من سنن النبي ( صلي الله عليه و آله ) الصلاه علي محمد و ال محمد	مرتضي عسكري	Ghbook	7716	0.29135
		أحاديث عن النبي صلى الله عليه وسلم لأبي الفرج الحراني - مخطوط	أبو الفرج عبد المنعم بن عبد الوهاب بن سعد بن كليب الحراني	ShamAY	32898	0.29132
		آثار الصيام الصحية	مجموعة من المؤلفين	ShamAY	36457	0.29131
		الأمالي الحلبية	أبو الفضل أحمد بن علي بن محمد بن أحمد بن حجر العسقلاني (المتوفى: 852هـ)	ShamAY	5729	0.29129
		الرد على الجهمية لابن منده	أبو عبد الله محمد بن إسحاق بن محمد بن يحيى بن مَنْدَه العبدي (المتوفى: 395هـ)	ShamAY	13022	0.29123
		إرشاد السائل	السيد محمد رضا الگلپايگاني	Masaha	4901	0.29121
		أمالي أبي الفتح المقدسي - المجلس الحادي والعشرون بعد المائة	نصر بن إبراهيم بن نصر بن إبراهيم ابن داود النابلسي المقدسي، أبو الفتح الشافعي (المتوفى: 490ه)	ShamelaY19	30574	0.29118
		إعراب القرآن الكريم لغةً وإعجازاً وبلاغة تفسيراً بالإيجاز [ج ٢]	بهجت عبدالواحد الشيخلي	Rafed	4036	0.29112
		الجزء الأول والثاني من مسند أنس بن مالك للحنيني	أبو جعفر محمد بن الحسين بن موسى الحنيني	ShamAY	33698	0.29109
		الذيل على جزء بقي بن مخلد من أحاديث الحوض (مطبوع مع كتاب الحوض والكوثر لبقي بن مخلد)	أبو القاسم خلف بن عبد الملك بن مسعود بن بشكوال الخزرجي الأنصاري الأندلسي (المتوفى: 578هـ)	ShamAY	6753	0.29104
		النجاة بحمد الله	يوسف بن حسن بن أحمد بن حسن ابن عبد الهادي الصالحي، جمال الدين، ابن ابن المبرد الحنبلي (المتوفى: 909ه)	ShamelaY19	30291	0.2909
		فضائل القرآن وتلاوته للرازي	أبو الفضل عبد الرحمن بن أحمد بن الحسن الرازي المقرىء (المتوفى: 454هـ)	ShamAY	1600	0.29084
		الحبة السوداء في الحديث النبوي والطب الحديث	عبد الله بن عمر با موسى	ShamAY	7604	0.29083
		الرقة والبكاء لابن أبي الدنيا - ط أطلس الخضراء = مقابل	أبو بكر عبد الله بن محمد ابن أبي الدنيا	ShamAY	38171	0.29079
		الاشارات الى معرفة الزيارات	علي بن أبي بكر بن علي الهروي، أبو الحسن (المتوفى: 611هـ)	ShamAY	10797	0.29071
		حديث أبي القاسم الحلبي	إسماعيل بن القاسم بن إسماعيل الإمام أبو القاسم الحلبي الخياط المؤدب (المتوفى: بعد 370هـ)	ShamAY	29725	0.29071
		الغوامض والمبهمات لعبدالغني بن سعيد	أبو محمد عبد الغني بن سعيد بن علي بن بشر بن مروان الأزدي المصري (المتوفى: 409ه)	ShamelaY19	26507	0.2907
		الأوائل لابن أبي عاصم	أبو بكر بن أبي عاصم وهو أحمد بن عمرو بن الضحاك بن مخلد الشيباني (المتوفى: 287هـ)	ShamAY	13001	0.29069
		المفاريد عن رسول الله صلى الله عليه وسلم	أبو يعلى أحمد بن علي بن المثُنى بن يحيى بن عيسى بن هلال التميمي، الموصلي (المتوفى: 307هـ)	ShamAY	13069	0.29056
		كتاب القضاء لسريج بن يونس	أبو الحارث سريج بن يونس بن إبراهيم البغدادي (المتوفى: 235ه)	Sham19Y	8219	0.29052
		الجزء من فوائد أبي محمد عبد الله بن علي الطامذي	عبد الله بن علي الطامذي	ShamAY	33582	0.29051
		اسماء الكتب المتمم لكشف الظنون	عبد اللطيف بن محمد بن مصطفى المتخلص بلطفي، الشهير بـ «رِياض زَادَه» الحنفي (المتوفى: 1078هـ)	ShamAY	10734	0.2905
		العبر في خبر من غبر	شمس الدين أبو عبد الله محمد بن أحمد بن عثمان بن قَايْماز الذهبي (المتوفى: 748هـ)	ShamAY	25841	0.29047
		فوائد أبي بكر عبد الله بن محمد بن زياد النيسابوري - مخطوط	أبو بكر عبد الله بن محمد بن زياد النيسابوري	ShamAY	32904	0.29042
		البيان في عدّ آي القرآن	عثمان بن سعيد بن عثمان بن عمر أبو عمرو الداني (المتوفى: 444هـ)	ShamAY	5542	0.29039
		جزء من أحاديث القزاز عن شيوخه (مطبوع ضمن مجموع باسم الفوائد لابن منده!)	محمد بن سنان بن يزيد، أبو الحسن القزاز البصري (المتوفى: 271هـ)	ShamAY	9399	0.29025
		جزء حديث المتبايعين بالخيار	عبد العظيم بن عبد القوي بن عبد الله، أبو محمد، زكي الدين المنذري (المتوفى: 656هـ)	ShamAY	29464	0.29024
		تقييد المهمل وتمييز المشكل (شيوخ البخاري المهملون)	أبو علي الحسين بن محمد الغساني وكان يَكره أن يقال له الجياني (المتوفى: 498هـ)	ShamAY	5795	0.29023
		دلائل الامامه	طبري امامي ( صغير ) ابوجعفر محمد بن جرير بن رستم ( قرن 4و5 ق ) ( صاحب دلائل الامامه )	Ghbook	2501	0.29021
		العقد المذهب في طبقات حملة المذهب	ابن الملقن سراج الدين أبو حفص عمر بن علي بن أحمد الشافعي المصري (المتوفى: 804 هـ)	ShamAY	32426	0.29019
		 المسالك والممالك ( ويليه نبذ من كتاب الخراج وصنعة الكتابة لأبي الفرج البغدادي ) 	 عبيد الله بن عبد الله ابن خرداذبه 	ABLibrary	9202	0.29015
		الجدول في إعراب القرآن الكريم	محمود بن عبد الرحيم صافي (المتوفى: 1376هـ)	ShamAY	22916	0.29004
		مسند عبد الله بن عمر للطرسوسي	أبو أمية محمد بن إبراهيم بن مسلم الخزاعي البغدادي ثم الطرسوسي (المتوفى: 273هـ)	ShamAY	13169	0.28999
		دليلك إلى أكثر من 350 كتاب مع الطبعات الحديثة	باسل الفوزان	ShamAY	37618	0.28993
		الجامع لعلوم الإمام أحمد - العقيدة	خالد الرباط، سيد عزت عيد، محمد أحمد عبد التواب [بمشاركة الباحثين بدار الفلاح]	ShamelaY19	20879	0.28982
		دور علماء مكة المكرمة في خدمة السنة والسيرة النبوية	رضا بن محمد صفي الدين السنوسي	ShamAY	11201	0.28978
		فضل رجب لابن عساكر	ثقة الدين، أبو القاسم علي بن الحسن بن هبة الله المعروف بابن عساكر (المتوفى: 571هـ)	ShamAY	22053	0.28977
		تعجيل المنفعة بزوائد رجال الأئمة الأربعة	أبو الفضل أحمد بن علي بن محمد بن أحمد بن حجر العسقلاني (المتوفى: 852هـ)	ShamAY	1893	0.28966
		جزء من حديث أبي علي الصواف	محمد بن أحمد بن الحسن بن إسحاق ابن الصواف، أبو علي البغدادي (المتوفى: 359ه)	ShamelaY19	29898	0.28965
		كتاب تاريخ أصبهان [ج ١]	أبي نعيم أحمد بن عبدالله بن أحمد بن إسحاق ابن موسى بن مهران المهراني الأصبهاني	Rafed	2251	0.28959
		السنن الصغير للبيهقي	أحمد بن الحسين بن علي بن موسى الخُسْرَوْجِردي الخراساني، أبو بكر البيهقي (المتوفى: 458هـ)	ShamAY	31633	0.28952
		فضائل القدس	جمال الدين أبو الفرج عبد الرحمن بن علي بن محمد الجوزي (المتوفى: 597هـ)	ShamAY	32164	0.28948
		كشف الأستار عن زوائد البزار	نور الدين علي بن أبي بكر بن سليمان الهيثمي (المتوفى: 807هـ)	ShamAY	12862	0.28947
		الإتباع لأبي علي القالي	أبو علي القالي، إسماعيل بن القاسم بن عيذون بن هارون بن عيسى بن محمد بن سلمان (المتوفى: 356هـ)	ShamAY	6934	0.28945
		ابنيه الصرف	آيت الله العظمي سيد محمد حسيني شيرازي	Ghbook	2291	0.28935
		ديوان الشنفرى	عمرو بن مالك الأزدي توفي في عام 70 قبل الهجرة	ShamAY	37893	0.28928
		المجالسة وجواهر العلم - ط ابن حزم	أبو بكر أحمد بن مروان بن محمد الدينوري القاضي المالكي	ShamAY	33954	0.28926
		سنن ابن ماجه ت الأرنؤوط	ابن ماجة - وماجة اسم أبيه يزيد - أبو عبد الله محمد بن يزيد القزويني (المتوفى: 273ه)	ShamelaY19	98138	0.2891
		السنن الصغير للبيهقي	أحمد بن الحسين بن علي بن موسى الخسروجردي الخراساني، أبو بكر البيهقي (المتوفى: 458ه)	Sham19Y	12415	0.2891
		قوارع القرآن وما يستحب أن لا يخل بقراءته كل يوم وليلة للجوري	أبو عمرو محمد بن يحيى بن الحسن الجوري النيسابوري	ShamAY	33672	0.28908
		ذيول العبر - ت: المنجد	محمد بن أحمد بن عثمان بن قايماز الذهبي أبو عبد الله	ShamAY	34590	0.28901
		ديوان عمرو بن قميئة	عمرو بن قميئة بن سعد بن مالك	ShamAY	37903	0.28899
		أحاديث عفان بن مسلم	عفان بن مسلم بن عبد الله الباهلى، أبو عثمان الصفار البصرى، مولى عزرة بن ثابت الأنصارى (المتوفى: بعد 219هـ)	ShamAY	30305	0.28898
		المنة الكبرى شرح وتخريج السنن الصغرى	محمد ضياء الرحمن الأعظمي	ShamAY	33916	0.2889
		المحتضرين لابن أبي الدنيا	أبو بكر عبد الله بن محمد بن عبيد بن سفيان بن قيس البغدادي الأموي القرشي المعروف بابن أبي الدنيا (المتوفى: 281ه)	Sham19Y	13058	0.28885
		 منتقلة الطالبية 	 ابراهيم بن ناصر بن طبطبا 	ABLibrary	9232	0.28873
		معلقة زهير بن أبي سلمى	زهير بن أبي سلمى	ShamAY	38525	0.2887
		منظومة رياضة الصبيان	الرملي، شمس الدين	ShamAY	34940	0.28859
		الإخوان لابن أبي الدنيا	أبو بكر عبد الله بن محمد بن عبيد بن سفيان بن قيس البغدادي الأموي القرشي المعروف بابن أبي الدنيا (المتوفى: 281هـ)	ShamAY	12990	0.28859
		 موسوعة قرى ومدن لبنان 	 طوني مفرج 	ABLibrary	9278	0.28859
		مسألة التسمية لمحمد بن طاهر المقدسي	أبو الفضل محمد بن طاهر بن علي بن أحمد المقدسي الشيباني، المعروف بابن القيسراني (المتوفى: 507هـ)	ShamAY	26591	0.28849
		الجزء الأول من حديث الزهري للأبار - مخطوط	أبو العباس أحمد بن علي بن مسلم الأبار	ShamAY	38636	0.28849
		ديوان حسان بن ثابت الانصاري - الجزء1	حسان بن ثابت	Masaha	3392	0.28849
		تعجيل المنفعة بزوائد رجال الأئمة الأربعة	أحمد بن علي بن حجر أبو الفضل العسقلاني الشافعي	ShamAY	34606	0.28839
		ظاهرة الاقتراض الخارجي	فضيلة جنوحات حريتي	ShamAY	36591	0.28838
		جزء فيه أمالي من إملاء الإمام أبي الحسن عبد الغافر بن إسماعيل الفارسي	عبد الغافر بن إسماعيل بن عبد الغافر ابن محمد الفارسي (المتوفى: 529ه)	ShamelaY19	26558	0.28838
		حديث أبي نصر اليونارتي	أَبُو نَصْرٍ الحَسَنُ بنُ مُحَمَّدِ بنِ إِبْرَاهِيْمَ بن أَحْمَدَ بنِ عَلِيٍّ اليُونَارتِي، الأَصْبَهَانِيّ (المتوفى: 527هـ)	ShamAY	29782	0.28826
		تقويم الأعمال التي تناولت الإعجاز العلمي والطبي في السنة النبوية	أحمد أبو الوفا عبد الآخر	ShamAY	11102	0.28818
		الموسوعة القرآنيّة [ج ٥]	ابراهيم الأبياري	Rafed	3814	0.28796
		تعليقات علي رسالة في التقية	عبدالحسين لاري	Ghbook	11262	0.28794
		مسألة التسمية لمحمد بن طاهر المقدسي	أبو الفضل محمد بن طاهر بن علي بن أحمد المقدسي الشيباني، المعروف بابن القيسراني (المتوفى: 507ه)	ShamelaY19	26591	0.28789
		المعجم لعبد الخالق بن أسد الحنفي	عبد الخالق بن أسد بن ثابت، الفقيه أبو محمد الدمشقي الحنفي المحدث الأطرابلسي الأصل (المتوفى: 564ه)	Sham19Y	123581	0.28783
		الاغتراب في أحكام الكلاب	الواحدي :: يوسف بن عبد الهادي	ShamAY	34288	0.2878
		الغوامض والمبهمات لعبدالغني بن سعيد	أبو محمد عبد الغني بن سعيد بن علي بن بشر بن مروان الأزدي المصري (المتوفى: 409هـ)	ShamAY	26507	0.28772
		عناية الإعلام السعودي بالقرآن الكريم	د . إسماعيل أحمد محمد النزاري	ShamAY	36890	0.28769
		الجزء الأول من حديث سفيان بن عيينة رواية علي بن حرب الطائي	سفيان بن عيينة (198 هـ)	ShamAY	33714	0.28766
		منظومة الحافظ زين الدين العراقي في الصور التي يستحب فيها الوضوء وشرحها لابنه ولي الدين العراقي	زين الدين العراقي (806 هـ) وابنه ولي الدين العراقي (826 هـ)	ShamAY	34319	0.28755
		التبصرة بالتجارة في وصف ما يستظرف في البلدان من الأمتعة الرفيعة والأعلاق النفيسة والجواهر الثمينة	عمرو بن بحر بن محبوب الكناني بالولاء، الليثي، أبو عثمان، الشهير بالجاحظ (المتوفى: 255هـ)	ShamAY	6956	0.28749
		معاجز الامام الصادق ( عليه السلام )	هاشم البحراني	Ghbook	5019	0.28749
		مسائل الجاهلية (الأصل) دون زيادات محمود شكري الألوسي	محمد بن عبد الوهاب بن سليمان التميمي النجدي (المتوفى: 1206هـ)	ShamAY	8137	0.28748
		جزء محمد بن عاصم الثقفي الأصبهاني	محمد بن عاصم بن عبد الله الأصبهاني، أبو جعفر الثقفي مولاهم (المتوفى: 262هـ)	ShamAY	9314	0.28743
		فيض المعين على جمع الأربعين في فضل القرآن المبين	علي بن (سلطان) محمد، أبو الحسن نور الدين الملا الهروي القاري (المتوفى: 1014هـ)	ShamAY	31378	0.28742
		تعجيل المنفعة بزوائد رجال الأئمة الأربعة (مضافًا إلى خدمة التراجم)	أبو الفضل أحمد بن علي بن محمد بن أحمد بن حجر العسقلاني (المتوفى: 852هـ)	ShamAY	38185	0.28742
		الإجارة المنتهية بالتمليك في الفقه الإسلامي	فهد الحسون	ShamAY	36291	0.2874
		مستخرج أبي عوانة	أبو عوانة يعقوب بن إسحاق بن إبراهيم النيسابوري الإسفراييني (المتوفى: 316ه)	ShamelaY19	21618	0.28733
		طبقات القراء السبعة وذكر مناقبهم وقراءاتهم	عبد الوهاب بن يوسف بن إبراهيم، ابن السلار الشافعي (المتوفى: 782ه)	ShamelaY19	30067	0.28731
		أحاديث عفان بن مسلم	عفان بن مسلم بن عبد الله الباهلى، أبو عثمان الصفار البصرى، مولى عزرة بن ثابت الأنصارى (المتوفى: بعد 219ه)	ShamelaY19	30305	0.28719
		جزء حديث المتبايعين بالخيار	عبد العظيم بن عبد القوي بن عبد الله، أبو محمد، زكي الدين المنذري (المتوفى: 656ه)	ShamelaY19	29464	0.28713
		آثار الذنوب على الأفراد والشعوب	عبد الهادي بن حسن وهبي	ShamAY	35139	0.28707
		تنوير الفكرة بحديث بهز بن حكيم (مطبوع ضمن مجموع رسائل لابن ناصر الدين)	محمد بن عبد الله (أبي بكر) بن محمد ابن أحمد بن مجاهد القيسي الدمشقي الشافعي، شمس الدين، الشهير بابن ناصر الدين (المتوفى: 842هـ)	ShamAY	9393	0.28699
		المعجم لعبد الخالق بن أسد الحنفي	عَبْد الخالق بْن أسد بْن ثابت، الفقيه أَبُو مُحَمَّد الدّمشقيّ الحنفيّ المحدِّث الأطْرابُلُسيّ الأصل (المتوفى: 564هـ)	ShamAY	31732	0.28695
		الذرية الطاهرة للدولابي	أبو بشر محمد بن أحمد بن حماد بن سعيد بن مسلم الأنصاري الدولابي الرازي (المتوفى: 310ه)	Sham19Y	13019	0.28694
		الكواكب النيرات-ط العلم	محمد بن أحمد بن يوسف أبو البركات الذهبي الشافعي	ShamAY	34617	0.2869
		التصنيف في السنة النبوية وعلومها في القرن الخامس الهجري	د. عبد العزيز بن عبد الله الهليل	Sham19Y	7579	0.28686
		حجة الوداع لابن حزم	أبو محمد علي بن أحمد بن سعيد بن حزم الأندلسي القرطبي الظاهري (المتوفى: 456هـ)	ShamAY	13109	0.28676
		اوزان المقادير	محمدباقر بن محمدتقي علامه مجلسي	Ghbook	2359	0.28674
		التصنيف في السنة النبوية وعلومها في القرن الخامس الهجري	د. عبد العزيز بن عبد الله الهليل	ShamAY	7579	0.28671
		أمالي أبي الفتح المقدسي - المجلس الحادي والعشرون بعد المائة	نصر بن إبراهيم بن نصر بن إبراهيم ابن داود النابلسي المقدسي، أبو الفتح الشافعي (المتوفى: 490ه)	ShamelaY19	29774	0.28663
		الصمت وآداب اللسان لابن أبي الدنيا - ط أطلس الخضراء = مقابل	أبو بكر عبد الله بن محمد ابن أبي الدنيا	ShamAY	38093	0.28659
		الحديث الجيد عند أهل السنن الأربعة	عبد الرحمن بن عبد الكريم الزيد	ShamAY	37259	0.28656
		الموافقات العوالي للضياء المقدسي_2	ضياء الدين أبو عبد الله محمد بن عبد الواحد المقدسي (المتوفى: 643هـ)	ShamAY	29738	0.28652
		الجزء الخامس من حديث زيد بن أبي أنيسة - مخطوط	أبو عمر هلال بن العلاء بن هلال الباهلي القتبي الرقي	ShamAY	32851	0.2864
		أخبار القضاة	أَبُو بَكْرٍ مُحَمَّدُ بْنُ خَلَفِ بْنِِ حَيَّانَ بْنِِ صَدَقَةََ الضَّبِّيّ البَغْدَادِيّ, المُلَقَّب بِـ"وَكِيع" (المتوفى: 306هـ)	ShamAY	150	0.28626
		من حديث أبي طاهر ابن أبي الصقر الأنباري - مخطوط	أبو طاهر محمد بن أحمد بن محمد بن أبي الصقر الأنباري	ShamAY	32933	0.28624
		طبقات المفسرين للسيوطي	عبد الرحمن بن أبي بكر، جلال الدين السيوطي (المتوفى: 911ه)	Sham19Y	6234	0.28621
		إغلاق الأبواب لمنع الحب والإعجاب	محمد العماري	ShamelaY19	36438	0.28604
		قصيدة عنوان الحكم	علي بن محمد بن الحسين بن يوسف بن محمد بن عبد العزيز البُسْتي، أَبُو الفَتح (المتوفى: 400هـ)	ShamAY	6873	0.28603
		مختصر زوائد مسند البزار على الكتب الستة ومسند أحمد	شهاب الدين أبي الفضل بن حجر العسقلاني	ShamAY	33053	0.28603
		مستخرج أبي عوانة	أبو عوانة يعقوب بن إسحاق بن إبراهيم النيسابوري الإسفراييني (المتوفى: 316هـ)	ShamAY	21618	0.28601
		المنتقى من كتاب مكارم الأخلاق ومعاليها ومحمود طرائقها	أبو بكر محمد بن جعفر بن محمد بن سهل بن شاكر الخرائطي السامري (المتوفى: 327هـ)	ShamAY	11930	0.286
		السنة لابن أبي عاصم - ط الصميعي	أبو بكر أحمد بن عمرو المعروف بابن أبي عاصم	ShamAY	33984	0.28595
		كتاب نساء رسول الله صلى الله عليه وسلم وأولاده ومن سالفه من قريش وحلفائهم وغيرهم	الواحدي :: شرف الدين الدمياطي	ShamAY	34435	0.28592
		التصريف	عبدالوهاب بن عباد الدين بن ابراهيم زنجاني	Ghbook	15363	0.28588
		تنبيه الباشا على أخبار ابن كمال باشا	الدكتور صلاح محمد أبو الحاج	ShamAY	35849	0.28576
		مجلسان لأبي بكر العنبري	أبو بكر أحمد بن محمد العنبري الملحمي (المتوفى: 324هـ)	ShamAY	29716	0.28575
		مسند عمر بن الخطاب ليعقوب بن شيبة	أبو يوسف يعقوب بن شيبة بن الصَّلْت بن عُصْفور السدوسي بالولاء البصري (المتوفى: 262هـ)	ShamAY	13172	0.28572
		ذيل تأريخ مدينة السلام [ج ٣]	أبي عبد الله محمّد بن سعيد بن الدبيثي	Rafed	2323	0.28572
		الفوائد المنتقاة من أمالي النجاد رواية ابن دوست - مخطوط	أبو بكر أحمد بن سلمان بن الحسن النجاد	ShamAY	32890	0.28533
		الغرر في فضائل عمر	عبد الرحمن بن أبي بكر، جلال الدين السيوطي (المتوفى: 911هـ)	ShamAY	193	0.28531
		إعراب القرآن الكريم لغةً وإعجازاً وبلاغة تفسيراً بالإيجاز [ج ١]	بهجت عبدالواحد الشيخلي	Rafed	4035	0.2853
		تكملة إكمال الإكمال في الأنساب والأسماء والألقاب	ابن الصابوني , محمد بن علي بن محمود، أبو حامد، جمال الدين المحمودي (المتوفى: 680ه)	ShamelaY19	21107	0.28523
		مشيخة يعقوب بن سفيان الفسوي	يعقوب بن سفيان بن جوان الفارسي الفسوي، أبو يوسف (المتوفى: 277ه)	Sham19Y	21670	0.28519
		منهاج الدكان و دستور الاعيان	داود بن ابي نصر عطار اسرائيلي	Ghbook	10045	0.28518
		السنة لابن أبي عاصم - ط المكتب الإسلامي	عمرو بن أبي عاصم الضحاك الشيباني [ت: 287]	ShamAY	33852	0.28516
		مسند سعد بن أبي وقاص	أبو عبد الله أحمد بن إبراهيم بن كثير بن زيد بن أفلح بن منصور بن مزاحم العبدي المعروف بـ الدَّوْرَقي (المتوفى: 246هـ)	ShamAY	13166	0.28516
		الآثار لمحمد بن الحسن.	الامام الحافظ ابي عبد الله محمد بن الحسن الشيباني	ShamAY	1332	0.28515
		الشمائل المحمدية للترمذي - ط الصديق	أبو عيسى محمد بن عيسى بن سورة الترمذي	ShamAY	38142	0.28509
		المحتضرين لابن أبي الدنيا	أبو بكر عبد الله بن محمد بن عبيد بن سفيان بن قيس البغدادي الأموي القرشي المعروف بابن أبي الدنيا (المتوفى: 281هـ)	ShamAY	13058	0.28507
		مجلسان لأبي بكر العنبري	أبو بكر أحمد بن محمد العنبري الملحمي (المتوفى: 324ه)	Sham19Y	29716	0.28507
		جزء في مسائل عن أبي عبد الله أحمد بن حنبل	أبو القاسم عبد الله بن محمد بن عبد العزيز بن المَرْزُبان بن سابور بن شاهنشاه البغوي (المتوفى: 317هـ)	ShamAY	12853	0.28493
		الوفاة	النسائي	ShamelaY19	22643	0.28484
		أحاديث الموطأ وذكر اتفاق الرواة عن مالك واختلافهم فيه وزيادتهم ونقصانهم	أبو الحسن علي بن عمر بن أحمد بن مهدي بن مسعود بن النعمان بن دينار البغدادي الدارقطني (المتوفى: 385ه)	Sham19Y	1518	0.28483
		العلل الواردة في الأحاديث النبوية.	أبو الحسن علي بن عُمَر الدارقطني.	ShamAY	34171	0.28481
		مستخرج أبي عوانة	أبو عوانة يعقوب بن إسحاق بن إبراهيم النيسابوري الإسفراييني (المتوفى: 316ه)	Sham19Y	21618	0.28476
		مائة منقبة	ابن شاذان القمي‏	Masaha	2852	0.28471
		ديوان الأقيشر السعدي	أبو معرض المغيرة بن عبد الله بن معرض الأسدي المتوفى سنة 80هـ	ShamAY	37940	0.28466
		المجالسة وجواهر العلم	أبو بكر أحمد بن مروان الدينوري المالكي (المتوفى : 333هـ)	ShamAY	9948	0.28466
		الفرق للسجستاني	أبو حاتم سهل بن محمد بن عثمان الجشمي السجستاني (المتوفى: 248هـ)	ShamAY	7056	0.28465
		منتخب الطبراني لابنه	الطبراني	ShamAY	35230	0.28463
		توضيح الاسناد المشكلة في الكتب الاربعة	آيت الله سيد محمد جواد شبيري زنجاني	Ghbook	9005	0.28452
		حقوق النساء في الإسلام وحظهن من الإصلاح المحمدي العام	محمد رشيد بن علي رضا بن محمد شمس الدين بن محمد بهاء الدين بن منلا علي خليفة القلموني الحسيني (المتوفى: 1354هـ)	ShamAY	411	0.28451
		شرح أصول اعتقاد أهل السنة والجماعة	أبو القاسم هبة الله بن الحسن بن منصور الطبري الرازي اللالكائي (المتوفى: 418هـ)	ShamAY	9200	0.28451
		منتقى من كتاب الوسوسة لابن أبي داود - مخطوط	أبو بكر عبد الله بن أبي داود سليمان بن الأشعث السجستاني	ShamAY	32914	0.28445
		من سنن النبي(ص) الصلاة على محمد وآل محمد	السيد مرتضى العسكري	Masaha	440	0.28443
		مشيخة يعقوب بن سفيان الفسوي	يعقوب بن سفيان بن جوان الفارسي الفسوي، أبو يوسف (المتوفى: 277هـ)	ShamAY	21670	0.2844
		دعائم الاسلام	نعمان بن محمد تميمي مغربي	Ghbook	2638	0.28439
		إعراب المشترك من حروف المعاني في القرآن الكريم (إن، وأَنْ، ولا، وما)	علي الناجم	ShamAY	37079	0.28434
		الجرح والتعديل لابن أبي حاتم	أبو محمد عبد الرحمن بن محمد بن إدريس بن المنذر التميمي، الحنظلي، الرازي ابن أبي حاتم (المتوفى: 327ه)	Sham19Y	2170	0.28433
		52 معلما في تربية الأبناء للآباء والأمهات	مجموعة من المؤلفين	ShamAY	35194	0.28421
		 عبقات الأنوار في إمامة الأئمة الأطهار ( فارسي ) 	 السيد حامد النقوي 	ABLibrary	8493	0.28421
		الآثار لأبي يوسف	أبو يوسف يعقوب بن إبراهيم بن حبيب بن سعد بن حبتة الأنصاري (المتوفى: 182هـ)	ShamAY	12987	0.28419
		إجازة مفتي الشافعية بدمشق محمد بن عبد الرحمن الغزي الدمشقي للشيخ علي بن مصطفى المعروف بابن الدباغ الحلبي	محمد بن عبد الرحمن الغزي الدمشقي (1167 هـ)	ShamAY	33536	0.28418
		تكملة إكمال الإكمال في الأنساب والأسماء والألقاب	ابن الصابوني , محمد بن علي بن محمود، أبو حامد، جمال الدين المحمودي (المتوفى: 680هـ)	ShamAY	21107	0.28415
		الوجادات في مسند الإمام أحمد بن حنبل	عامر بن حسن صبري	ShamAY	33060	0.2841
		معجم ما كتب عن الرسول و أهل بيته‏ - الجزء1	عبد الجبار الرفاعي‏	Masaha	3011	0.28405
		موسوعة عشائر العراق [ج ٣]	عباس العزاوي المحامي	Rafed	3084	0.28403
		الامام الصادق ( عليه السلام ) تحيه و ذكري	عارف تامر	Ghbook	4977	0.28399
		التوجيه والإرشاد النفسي	الدكتور حامد عبد السلام زهران	ShamAY	11542	0.28398
		النزول للدارقطني	أبو الحسن علي بن عمر بن أحمد بن مهدي بن مسعود بن النعمان بن دينار البغدادي الدارقطني (المتوفى: 385ه)	Sham19Y	13074	0.28394
		حديث أبي جعفر الطحاوي	أبو جعفر أحمد بن محمد بن سلامة بن عبد الملك بن سلمة الأزدي الحجري المصري المعروف بالطحاوي (المتوفى: 321هـ)	ShamAY	30526	0.28387
		مناقب النساء الصحابيات لعبد الغني المقدسي	عبد الغني بن عبد الواحد بن علي بن سرور المقدسي الجماعيلي الدمشقي الحنبلي، أبو محمد، تقي الدين (المتوفى: 600ه)	ShamelaY19	26710	0.28379
		تذكرة الحفاظ = طبقات الحفاظ للذهبي	شمس الدين أبو عبد الله محمد بن أحمد بن عثمان بن قَايْماز الذهبي (المتوفى: 748هـ)	ShamAY	1583	0.28378
		 موسوعة الإمام الهادي ( ع ) 	 الشيخ أبو القاسم الخزعلي 	ABLibrary	7846	0.28372
		حزب الأمة الاشتراكي العراقي دراسة تاريخية	رحيم الشامي	ShamAY	33498	0.28371
		 الأدب المفرد 	 البخاري 	ABLibrary	98	0.2837
		المختار من أحاديث الصادق الصدوق في فضائل الصديق والفاروق لأبي الخير القزويني - مخطوط	أبو الخير أحمد بن إسماعيل الطالقاني القزويني	ShamAY	32945	0.28363
		الجمعة للنسائي	أبو عبد الرحمن أحمد بن شعيب بن علي الخراساني، النسائي (المتوفى: 303هـ)	ShamAY	21577	0.28362
		الكواكب النيرات في معرفة من الرواة الثقات	بركات بن أحمد بن محمد الخطيب، أبو البركات، زين الدين ابن الكيال (المتوفى: 929هـ)	ShamAY	309	0.28361
		أخبار وحكايات من حديث أبي علي محمد بن القاسم بن معروف - مخطوط	محمد بن القاسم بن معروف، أبو علي التميمي الدمشقي الشهير بابن حبيب (المتوفى: 347ه)	Sham19Y	10279	0.2836
		 موسوعة قرى ومدن لبنان 	 طوني مفرج 	ABLibrary	9279	0.2836
		الوفاة (وفاة النبي صلى الله عليه وسلم)	أبو عبد الرحمن أحمد بن شعيب بن علي الخراساني، النسائي (المتوفى : 303هـ)	ShamAY	22643	0.28356
		تحفة الصديق في فضائل أبي بكر الصديق	الأمير أبو الحسن علي بن بلبان بن عبد الله، علاء الدين الفارسي الحنفي (المتوفى: 739هـ)	ShamAY	6603	0.28353
		من فضائل سورة الإخلاص وما لقارئها	أبو محمد الحسن بن محمد بن الحسن بن علي البغدادي الخَلَّال (المتوفى: 439هـ)	ShamAY	13138	0.2835
		مشيخة يعقوب بن سفيان الفسوي	يعقوب بن سفيان بن جوان الفارسي الفسوي، أبو يوسف (المتوفى: 277ه)	ShamelaY19	21670	0.2835
		كتاب الأربعين وهو ثالث الأربعينيات في الحديث الشريف	أبو العباس الحسن بن سفيان بن عامر بن عبد العزيز بن النعمان بن عطاء الشيباني الخراساني النسوي (المتوفى: 303هـ)	ShamAY	8205	0.28347
		أركان الصلاة - وواجباتها، وسننها، ومكروهاتها، ومبطلاتها في ضوء الكتاب والسنة	د. سعيد بن على بن وهف القحطاني	ShamelaY19	96454	0.28341
		روايات البغوي في تفسيره معالم التنزيل عن شيخه عبد الواحد المليحي "تخريج ودراسة"	عبد الحميد شيخون	Sham19Y	132397	0.28327
		تاثير الثورة الاسلامية علي البلدان العربية	محمدباقر حشمت زاده	Ghbook	14970	0.28326
		تحفة الأشراف بمعرفة الأطراف	جمال الدين أبو الحجاج يوسف بن عبد الرحمن المزي (المتوفى: 742هـ)	ShamAY	11385	0.28323
		رسالة المسلسلات	أبو عبد الله محمد بن أبي الفيض جعفر بن إدريس الحسني الإدريسي الشهير بـ الكتاني (المتوفى: 1345هـ)	ShamAY	11781	0.28319
		تاريخ مدينة دمشق [ج ٦٧]	أبي القاسم علي بن الحسن ابن هبة الله بن عبد الله الشافعي [ ابن عساكر ]	Rafed	2543	0.28319
		جزء القاسم بن موسى الأشيب	القاسم بن موسى بن الحسن بن موسى الأشيب أبو محمد البغدادي (المتوفى: 302هـ)	ShamAY	29702	0.2831
		حديث أبي جعفر الطحاوي	أبو جعفر أحمد بن محمد بن سلامة بن عبد الملك بن سلمة الأزدي الحجري المصري المعروف بالطحاوي (المتوفى: 321ه)	Sham19Y	30526	0.28292
		مرجع الطلّاب في الإعراب	إبراهيم شمس الدين	Rafed	2561	0.28282
		التداوي في رمضان .. بين الفقه والطب	الدكتور حسان شمسي باشا	ShamAY	34879	0.28274
		جزء فيه أحاديث من مسموعات للشيخ الحافظ أبي ذر عبيد بن أحمد بن محمد الهروي (وهو مطبوع ضمن كتاب الفوائد)	أبو ذر عبيد بن أحمد بن محمد بن عبد الله بن غفير بن محمد الأنصاري الخراساني الهروي (المتوفى: 434هـ)	ShamAY	9855	0.2827
		الموطأ برواية سويد الحدثاني - ط الغرب الإسلامي	الإمام مالك بن أنس (179 هـ)	ShamAY	33923	0.28263
		تذكرة الحفاظ - ط العلمية ت عميرات = التراجم	الواحدي :: الذهبي، شمس الدين	ShamAY	38192	0.28258
		 ذكر أخبار أصبهان ( تاريخ أصبهان ) 	 أبي نعيم الأصبهاني 	ABLibrary	8981	0.28256
		مشاهير المدفونين في الصحن العلوي الشريف	كاظم عبود الفتلاوي	Rafed	1509	0.28252
		المستملح من كتاب التكملة	شمس الدين أبو عبد الله محمد بن أحمد بن عثمان بن قَايْماز الذهبي (المتوفى: 748هـ)	ShamAY	34658	0.28247
		الجزء الأول من أمالي أبي إسحاق	إبراهيم بن عبد الصمد بن موسى بن محمد بن إبراهيم بن محمد بن علي بن عبد الله بن العباس بن عبد المطلب القرشي الهاشمي، أبو إسحاق البغدادي (المتوفى: 325هـ)	ShamAY	9305	0.28247
		الثامن من أجزاء أبي علي بن شاذان	الحسن بن خلف بن شاذان بن زياد الواسطى، أبو على البزاز (المتوفى: 246هـ)	ShamAY	29707	0.28241
		جزء أبي العباس العصمي (طُبع: ضمن مجموع فيه ثلاثة من الأجزاء الحديثية)	أبو العباس رافع بن عُصْم بن العباس بن أحمد العصمي (المتوفى: 405هـ)	ShamAY	26563	0.28229
		علل الدارقطني - ت: محفوظ الرحمن - ط طيبة	أبو الحسن علي بن عُمَر بن أحمد بن مهدي الدارقطني.	ShamAY	34177	0.28229
		الذرية الطاهرة للدولابي	أبو بِشْر محمد بن أحمد بن حماد بن سعيد بن مسلم الأنصاري الدولابي الرازي (المتوفى: 310هـ)	ShamAY	13019	0.28223
		الدليل المغني لشيوخ الإمام أبي الحسن الدارقطني	أبو الطيب نايف بن صلاح بن علي المنصوري	ShamAY	31826	0.28213
		فوائد أبي بكر القاسم المطرز وأماليه	أَبُو بَكْرٍ القَاسِمُ بنُ زَكَرِيَّا بنِ يَحْيَى البَغْدَادِيُّ، المَعْرُوْفُ: بِالمُطَرِّزِ (المتوفى: 305هـ)	ShamAY	9563	0.28204
		حفظ العمر لابن الجوزي	جمال الدين أبو الفرج عبد الرحمن بن علي بن محمد الجوزي (المتوفى: 597هـ)	ShamAY	26677	0.28202
		القند في ذكر علماء سمرقند [ج ١]	نجم الدين عمر بن محمّد بن أحمد النسفي	Rafed	2379	0.28192
		مفحمات الأقران في مبهمات القرآن	عبد الرحمن بن أبي بكر، جلال الدين السيوطي (المتوفى: 911 ه)	ShamelaY19	26582	0.28186
		أحاديث الموطأ وذكر اتفاق الرواة عن مالك واختلافهم فيه وزيادتهم ونقصانهم	أبو الحسن علي بن عمر بن أحمد بن مهدي بن مسعود بن النعمان بن دينار البغدادي الدارقطني (المتوفى: 385هـ)	ShamAY	1518	0.28166
		أحاديث السلفي عن جعفر السراج	صدر الدين، أبو طاهر السلفي أحمد بن محمد بن أحمد بن محمد بن إبراهيم سلفه الأصبهاني (المتوفى: 576ه)	Sham19Y	30240	0.28163
		حكم شرب الدخان وإمامة من يتجاهر بشربه ويليه حقائق مثيرة عن وقائع التدخين وشركاته	عبد العزيز بن عبد الله بن باز (المتوفى: 1420هـ)	ShamAY	31258	0.28161
		الجدول في إعراب القرآن الكريم	محمود بن عبد الرحيم صافي (المتوفى: 1376ه)	ShamelaY19	22916	0.28157
		الكفاية في علم الرواية للخطيب البغدادي	أبو بكر أحمد بن علي بن ثابت بن أحمد بن مهدي الخطيب البغدادي (المتوفى: 463هـ)	ShamAY	13055	0.28143
		طبقات المفسرين للسيوطي	عبد الرحمن بن أبي بكر، جلال الدين السيوطي (المتوفى: 911هـ)	ShamAY	6234	0.28136
		تحفة الأطفال والغلمان في تجويد القرآن	سليمان بن محمد الجمزوري (المتوفى: بعد 1198ه)	Sham19Y	9632	0.28135
		الإبانة عن شريعة الفرقة الناجية. الكتاب الرابع (جزء في فضائل الصحابة)	أبو عبدالله عبيدالله بن محمد بن بطة العكبري الحنبلي	ShamAY	33871	0.28134
		احكام ملاقي الشبهات المحصوره	فتح اللّٰه بن محمد جواد نمازي (شيخ الشريعه)	Ghbook	11273	0.28134
		تاريخ الإسلام ووفيات المشاهير والأعلام [ج ٢١]	شمس الدين محمّد بن أحمد بن عثمان الذّهبي	Rafed	3459	0.2813
		القصاص والمذكرين	جمال الدين أبو الفرج عبد الرحمن بن علي بن محمد الجوزي (المتوفى: 597ه)	Sham19Y	3617	0.28125
		إعراب القرآن الكريم لغةً وإعجازاً وبلاغة تفسيراً بالإيجاز [ج ٣]	بهجت عبدالواحد الشيخلي	Rafed	4037	0.2812
		أمالي أبي الفتح المقدسي - المجلس الحادي والعشرون بعد المائة	نصر بن إبراهيم بن نصر بن إبراهيم ابن داود النابلسي المقدسي، أبو الفتح الشافعي (المتوفى: 490هـ)	ShamAY	29774	0.28119
		الجرح والتعديل لابن أبي حاتم	أبو محمد عبد الرحمن بن محمد بن إدريس بن المنذر التميمي، الحنظلي، الرازي ابن أبي حاتم (المتوفى: 327هـ)	ShamAY	2170	0.28118
		مجلس في حديث جابر (مطبوع ضمن مجموع رسائل لابن ناصر الدين)	محمد بن عبد الله (أبي بكر) بن محمد ابن أحمد بن مجاهد القيسي الدمشقي الشافعي، شمس الدين، الشهير بابن ناصر الدين (المتوفى: 842هـ)	ShamAY	9605	0.28117
		الأمالي السفرية الحلبية	أبو الفضل أحمد بن علي بن محمد بن أحمد بن حجر العسقلاني (المتوفى: 852هـ)	ShamAY	9377	0.28116
		ملحق لمن يبدأ بحرف النون من الصحابة جُمِعَ من مخطوطتي زوائد المعجم الكبير للطبراني والمنتقى من المعجم الكبير للطبراني	أبو القاسم سليمان بن أحمد الطبراني	ShamAY	33986	0.28114
		الجزء فيه مسند عابس الغفاري وجماعة من الصحابة رضي الله عنهم	أَحْمَدُ بنُ حَازِمِ بنِ مُحَمَّدِ بنِ يُوْنُسَ بنِ قَيْسِ بنِ أَبِي غَرَزَةَ، أَبُو عَمْرٍو الغِفَارِيُّ الكُوْفِيُّ (المتوفى: 276هـ)	ShamAY	1321	0.28109
		الفوائد الجليلة في مسلسلات ابن عقيلة	محمد بن أحمد بن سعيد الحنفي المكي، شمس الدين، المعروف كوالده بعقيلة (المتوفى: 1150ه)	Sham19Y	10758	0.28107
		الحجج القاطعة في المواريث القاطعة	الواحدي :: فيصل المبارك	ShamAY	36515	0.28106
		سلسلة كتاب المسلمون في العالم	-	ShamAY	1962	0.28104
		إيضاح المقالة فيما ورد بالإمالة لابن عبد الهادي	يوسف بن عبد الهادي (909 هـ)	ShamAY	34299	0.28104
		الترغيب في فضائل الأعمال لابن شاهين - ط: ابن الجوزي	أبو حفص عمر بن أحمد بن عثمان بن أحمد بن محمد بن أيوب بن أزداذ البغدادي المعروف بـ ابن شاهين (المتوفى: 385هـ)	ShamAY	34002	0.28103
		قضاء الحوائج لابن أبي الدنيا	أبو بكر عبد الله بن محمد بن عبيد بن سفيان بن قيس البغدادي الأموي القرشي المعروف بابن أبي الدنيا (المتوفى: 281هـ)	ShamAY	13149	0.281
		الفرائد الحسان في عد آى القرآن	عبد الفتاح بن عبد الغني بن محمد القاضي (المتوفى: 1403هـ)	ShamAY	8649	0.28099
		المنتقى من السنن المسندة - ت الحويني - ط العلمية	أبو محمد عبد الله بن علي بن الجارود	ShamAY	33947	0.28096
		فضل عشر ذي الحجة لابن أبي الدنيا - ط الجمعية السعودية ت الصاعدي	أبو بكر عبد الله بن محمد ابن أبي الدنيا	ShamAY	38170	0.28096
		السنن الكبرى للنسائي	أبو عبد الرحمن أحمد بن شعيب بن علي الخراساني، النسائي (المتوفى: 303هـ)	ShamAY	1240	0.28092
		مجموع فيه ثلاثة أجزاء حديثية - جرار	مجموعة من المؤلفين	ShamelaY19	29857	0.28089
		تاريخ الإسلام ووفيات المشاهير والأعلام [ج ٢٤]	شمس الدين محمّد بن أحمد بن عثمان الذّهبي	Rafed	3521	0.28089
		اين الانسان ؟ مناجاه نحن و القراصنه	حسن شيرازي	Ghbook	7975	0.28084
		الألفاظ الكتابية (ناقص)	عبد الرحمن الهمذاني	ShamAY	34461	0.28079
		سنن الدارمي - ت زمرلي والعلمي	عبد الله بن عبد الرحمن أبو محمد الدارمي	ShamAY	33928	0.28073
		سجاد آل البيت ( عليهم السلام )	محمد عباس علي	Ghbook	6383	0.28073
		البردة شرحا وإعرابا وبلاغة لطلاب المعاهد والجامعات	محمد يحيى حلو	ShamAY	9779	0.28071
		 معجم قرى جبل عامل 	 الشيخ سليمان ظاهر 	ABLibrary	9215	0.28067
		معجم شيوخ الطبري الذين روى عنهم في كتبه المسندة المطبوعة	أكرم بن محمد زيادة الفالوجي الأثري	ShamelaY19	29741	0.28066
		معجم قرى جبل عامل [ج ٢]	الشيخ سليمان ظاهر	Rafed	2500	0.28062
		الأربعون لأبي سعد النيسابوري	محمد بن يحيى بن منصور، أبو سعد، محيي الدين النيسابورى (المتوفى: 548ه)	ShamelaY19	29785	0.28057
		امالي الطوسي	محمد بن حسن شيخ طوسي ( شيخ الطائفه )	Ghbook	2383	0.28056
		استدراك وتعقيب على تحقيق كتاب" السبعة في القراءات" بتحقيق الدكتور شوقي ضيف وعلى ما كتب عن مؤلفه أبي بكر بن مجاهد (ت 324هـ).	د. خلف حسين صالح الجبوري	ShamAY	35915	0.28054
		مشيخة ابن طرخان	شمس الدين محمد بن أبي بكر بن محمد بن طرخان السلمي الدمشقي الصالحي	ShamAY	33705	0.28052
		جزء هلال بن محمد الحفار، المسمى بحديث أبي عبد الله المتوثي القطان عن شيوخه	هلال بن محمد الحفار	ShamAY	33576	0.28051
		شيخ الإسلام عبد الكريم الفكون داعية السلفية	أبو القاسم سعد الله (المتوفى: 1435ه)	ShamelaY19	123662	0.28051
		علل الدارقطني من -مسند أمِّ الفضل بنتِ حمزة- إلى -مسند خنساء بنت خدام-وهو آخر مسند في الكتاب-	أبو الحسن علي بن عمر بن أحمد بن مهدي بن مسعود بن النعمان بن دينار البغدادي الدارقطني (المتوفى: 385هـ)	ShamAY	35209	0.28045
		معارج الوصول الي معرفه فضل آل الرسول و البتول ( عليهم الصلاه و السلام ) - الامام...	محمد بن يوسف زرندي	Ghbook	4047	0.28045
		الثالث والثلاثون من المشيخة البغدادية لأبي طاهر السلفي	صدر الدين، أبو طاهر السلفي أحمد بن محمد بن أحمد بن محمد بن إبراهيم سلفه الأصبهاني (المتوفى: 576ه)	ShamelaY19	30092	0.28044
		شيوخ شعبة الذين ضعفهم الإمام أحمد	عبد العزيز بن صالح اللحيدان	ShamAY	35221	0.28035
		دلائل النبوة للبيهقي مخرجا	أحمد بن الحسين بن علي بن موسى الخسروجردي الخراساني، أبو بكر البيهقي (المتوفى: 458ه)	Sham19Y	13115	0.28033
		جزء أبي العباس العصمي (طبع: ضمن مجموع فيه ثلاثة من الأجزاء الحديثية)	أبو العباس رافع بن عصم بن العباس بن أحمد العصمي (المتوفى: 405ه)	ShamelaY19	26563	0.28025
		إعراب القرآن الكريم لغةً وإعجازاً وبلاغة تفسيراً بالإيجاز [ج ٤]	بهجت عبدالواحد الشيخلي	Rafed	4038	0.2802
		الأمالي في آثار الصحابة لعبد الرزاق الصنعاني	أبو بكر عبد الرزاق بن همام بن نافع الحميري اليماني الصنعاني (المتوفى: 211هـ)	ShamAY	25782	0.28019
		من وافقت كنيته كنية زوجه لابن حيويه	أبو الحسن محمد بن عبد الله بن زكريا بن حَيَّوَيْهِ النيسابوري ثم المصري الشافعي (المتوفى: 366هـ)	ShamAY	12958	0.28019
		جزء أبي محمد عبد القادر بن محمد بن محمد بن نصر الله القرشي - مخطوط		ShamAY	32773	0.28016
		القصاص والمذكرين	جمال الدين أبو الفرج عبد الرحمن بن علي بن محمد الجوزي (المتوفى: 597هـ)	ShamAY	32197	0.28016
		اهداف ثوره الامام الحسين عليه السلام	جريدة الانباء	Ghbook	5941	0.28016
		سوال و جواب	محمد حسين آل كاشف الغطاء	Ghbook	6733	0.28012
		الجزء فيه مسند عابس الغفاري وجماعة من الصحابة رضي الله عنهم	أحمد بن حازم بن محمد بن يونس بن قيس بن أبي غرزة، أبو عمرو الغفاري الكوفي (المتوفى: 276ه)	ShamelaY19	26449	0.28011
		المتمنين لابن أبي الدنيا - ط أطلس الخضراء = مقابل	أبو بكر عبد الله بن محمد ابن أبي الدنيا	ShamAY	38133	0.28002
		شرح الآجرومية	أحمد بن زيني دحلان	ShamAY	37050	0.27995
		فضيلة الشكر لله على نعمته	أبو بكر محمد بن جعفر بن محمد بن سهل بن شاكر الخرائطي السامري (المتوفى: 327ه)	Sham19Y	13140	0.27994
		جزء يعلى بن عباد شيوخه (ضمن مجموع مطبوع باسم الفوائد لابن منده!)	يعلى بن عباد (المتوفى: 230هـ)	ShamAY	9413	0.2799
		الثالث والثلاثون من المشيخة البغدادية لأبي طاهر السلفي	صدر الدين، أبو طاهر السِّلَفي أحمد بن محمد بن أحمد بن محمد بن إبراهيم سِلَفَه الأصبهاني (المتوفى: 576هـ)	ShamAY	30092	0.27987
		عشرة أحاديث من الجزء المنتقى الأول والثاني من حديث الليث (مطبوع ضمن مجموع باسم الفوائد لابن منده!)	أبو الحارث الليث بن سعد بن عبد الرحمن الفهمي المصري (المتوفى: 175هـ)	ShamAY	9556	0.27986
		الدين و عملية العولمة	مهدي ساماني	Ghbook	14941	0.27984
		فوائد أبي عبد الله النعالي	محمد بن طلحة بن محمد بن عثمان أبو الحسن النعالي الرافضي (المتوفى: 413هـ)	ShamAY	30435	0.27983
		تحفة الأطفال والغلمان في تجويد القرآن	سليمان بن محمد الجمزوري (المتوفى: بعد 1198هـ)	ShamAY	9632	0.27982
		التسلي والاغتباط بثواب من تقدم من الأفراط	عبد المؤمن بن خلف الدمياطي، أبو محمد، شرف الدين الشافعي (المتوفى: 705ه)	Sham19Y	22301	0.27975
		دراسة عقدية لكتاب النقد الثقافي تأليف: د. عبد الله الغذّامي	بدر ناضرين	ShamAY	35758	0.27973
		فضائل فاطمة بنت رسول الله صلى الله عليه وسلم	أبو حفص عمر بن أحمد بن عثمان بن أحمد بن محمد بن أيوب بن أزداذ البغدادي المعروف بـ ابن شاهين (المتوفى: 385هـ)	ShamAY	9434	0.27972
		حفظ العمر لابن الجوزي	جمال الدين أبو الفرج عبد الرحمن بن علي بن محمد الجوزي (المتوفى: 597ه)	ShamelaY19	26677	0.27967
		إرشاد المبتدي وتذكرة المنتهي في القراءات العشر	أبي العزّ محمّد بن الحسين بن بندار الواسطي القلانسي	Rafed	3404	0.27965
		الجمعة للنسائي	أبو عبد الرحمن أحمد بن شعيب بن علي الخراساني، النسائي (المتوفى: 303ه)	ShamelaY19	21577	0.27961
		 موسوعة عشائر العراق 	 عباس العزاوي المحامي 	ABLibrary	9265	0.27957
		معجزات الشفاء في التداوي بالحبة السوداء والعسل والثوم والبصل	محمد عارف	ShamAY	34909	0.27954
		أمالي أبي الفتح المقدسي - المجلس الحادي والعشرون بعد المائة	نصر بن إبراهيم بن نصر بن إبراهيم ابن داود النابلسي المقدسي، أبو الفتح الشافعي (المتوفى: 490هـ)	ShamAY	30574	0.27945
		المرحمة الغيثية بالترجمة الليثية	أبو الفضل أحمد بن علي بن محمد بن أحمد بن حجر العسقلاني (المتوفى: 852ه)	ShamelaY19	30287	0.27933
		جزء ابن ثرثال (ضمن مجموع مطبوع باسم الفوائد لابن منده!)	أَبُو الحَسَنِ أَحْمَدُ بنُ عَبْدِ العَزِيْزِ بنِ أَحْمَدَ بنِ حَامِدِ بنِ مَحْمُوْدِ بنِ ثَرْثَالٍ التَّيْمِيُّ (المتوفى: 408هـ)	ShamAY	12852	0.2793
		موسوعة قرى ومدن لبنان [ج ١٢]	طوني مفرّج	Rafed	2593	0.2792
		مسند الشاشي - نسخة مقابلة	أبو سعيد الهيثم بن كليب الشاشي	ShamAY	33981	0.27911
		العلل الكبير للترمذي = ترتيب علل الترمذي الكبير	محمد بن عيسى بن سَوْرة بن موسى بن الضحاك، الترمذي، أبو عيسى (المتوفى: 279هـ)	ShamAY	13131	0.2791
		إرشاد القاصي والداني إلى تراجم شيوخ الطبراني	أبو الطيب نايف بن صلاح بن علي المنصوري	ShamelaY19	29745	0.27902
		المؤتلف والمختلف في أسماء الشعراء وكناهم وألقابهم وأنسابهم وبعض شعرهم	أبو القاسم الحسن بن بشر الآمدي (المتوفى: 370هـ)	ShamAY	10913	0.27901
		الأربعون الصغرى للبيهقي	أحمد بن الحسين بن علي بن موسى الخُسْرَوْجِردي الخراساني، أبو بكر البيهقي (المتوفى: 458هـ)	ShamAY	12992	0.27893
		ذيل كشف الظنون	آقا بزرگ تهراني	Ghbook	7086	0.27883
		أحاديث السلفي عن جعفر السراج	صدر الدين، أبو طاهر السِّلَفي أحمد بن محمد بن أحمد بن محمد بن إبراهيم سِلَفَه الأصبهاني (المتوفى: 576هـ)	ShamAY	30240	0.27875
		عوالي مالك رواية عمر بن الحاجب	عمر بن محمد بن منصور الأميني، أبو حفص، عز الدين، المعروف بابن الحاجب (المتوفى: 630ه)	ShamelaY19	26370	0.27874
		تحريم النرد والشطرنج والملاهي للآجري	أبو بكر محمد بن الحسين بن عبد الله الآجُرِّيُّ البغدادي (المتوفى: 360هـ)	ShamAY	8222	0.27863
		قصر الأمل لابن أبي الدنيا	أبو بكر عبد الله بن محمد بن عبيد بن سفيان بن قيس البغدادي الأموي القرشي المعروف بابن أبي الدنيا (المتوفى: 281هـ)	ShamAY	6899	0.27862
		حقيقة الإرهاب المفاهيم والجذور	المستشار الدكتور مطيع الله بن دخيل الله الصرهيد الحربي	ShamAY	33375	0.2785
		جوامع السيرة وخمس رسائل أخرى لابن حزم	أبو محمد علي بن أحمد بن سعيد بن حزم الأندلسي القرطبي الظاهري (المتوفى: 456ه)	Sham19Y	1036	0.27842
		جزء ابن غطريف للجرجاني	أبو أحمد محمد بن أحمد بن حسين بن القاسم بن السري بن الغطريف بن الجهم العبدي الغطريفي الجرجاني (المتوفى: 377ه)	Sham19Y	13096	0.27833
		إغلاق الأبواب لمنع الحب والإعجاب	محمد العماري	ShamAY	303	0.27824
		العولمة	صالح الرقب	ShamAY	33392	0.27822
		المشاركة في الأسهم العالمية	محمد بن سعود العصيمي	ShamAY	36310	0.27815
		بغية الطلب في تاريخ حلب [ج ٤]	كمال الدّين عمر بن أحمد بن أبي جرادة الحلبي [ ابن العديم ]	Rafed	2139	0.27808
		السابع من حديث أبي الحسن السقا	محمد بن جعفر بن هشام أبو الحسن ابن السقا الحلبي (350 هـ)	ShamAY	33635	0.27806
		إكرام الضيف لإبراهيم الحربي	أبو إسحاق إبراهيم بن إسحاق بن إبراهيم بن بشير البغدادي الحَرْبي (المتوفى: 285هـ)	ShamAY	12986	0.278
		الفوائد الجليلة في مسلسلات ابن عقيلة	محمد بن أحمد بن سعيد الحنفي المكيّ، شمس الدين، المعروف كوالده بعقيلة (المتوفى: 1150هـ)	ShamAY	10758	0.27796
		ذم الغيبة والنميمة لابن أبي الدنيا	أبو بكر عبد الله بن محمد بن عبيد بن سفيان بن قيس البغدادي الأموي القرشي المعروف بابن أبي الدنيا (المتوفى: 281هـ)	ShamAY	8241	0.27791
		مقدمات حول تخريج الحديث النبوي عن طريق الموسوعات الألكترونية	إسلام دربالة	ShamAY	33077	0.2779
		تاريخ علماء الأندلس	عبد الله بن محمد بن يوسف بن نصر الأزدي، أبو الوليد، المعروف بابن الفرضي (المتوفى: 403ه)	ShamelaY19	30743	0.27787
		جوامع السيرة وخمس رسائل أخرى لابن حزم	أبو محمد علي بن أحمد بن سعيد بن حزم الأندلسي القرطبي الظاهري (المتوفى: 456هـ)	ShamAY	1036	0.27782
		جزء المؤمل بن إيهاب	مؤمل بن إهاب - وقيل: يهاب - بن عبد العزيز بن قُفْل بن سدل الربعي أبو عبد الرحمن الكوفي الرملي (المتوفى: 254هـ)	ShamAY	13102	0.27777
		أحاديث السلفي عن جعفر السراج	صدر الدين، أبو طاهر السلفي أحمد بن محمد بن أحمد بن محمد بن إبراهيم سلفه الأصبهاني (المتوفى: 576ه)	ShamelaY19	30240	0.27776
		موسوعة قرى ومدن لبنان [ج ١٣]	طوني مفرّج	Rafed	2595	0.27775
		النزول للدارقطني	أبو الحسن علي بن عمر بن أحمد بن مهدي بن مسعود بن النعمان بن دينار البغدادي الدارقطني (المتوفى: 385هـ)	ShamAY	13074	0.27774
		نظرات في كتاب سيبويه	د. ماهر عباس جلال	ShamAY	37221	0.27768
		جمهرة الأجزاء الحديثية (يحتوي على 19 جزءاً حديثياً نادراً)	مجموعة من أصحاب الأجزاء الحديثية	ShamAY	9886	0.27768
		المنتقى من السنن المسندة	أبو محمد عبد الله بن علي بن الجارود النيسابوري المجاور بمكة (المتوفى: 307هـ)	ShamAY	13071	0.27767
		بر الوالدين للبخاري - ط البخاري ت الشرقاوي	أبو عبد الله محمد بن إسماعيل البخاري	ShamAY	38121	0.27764
		السابق واللاحق في تباعد ما بين وفاة راويين عن شيخ واحد	أبو بكر أحمد بن علي بن ثابت بن أحمد بن مهدي الخطيب البغدادي (المتوفى: 463هـ)	ShamAY	7640	0.27762
		المنتقى من السنن المسندة عن رسول الله صلى الله عليه وسلم	أبو محمد عبد الله بن علي بن الجارود النيسابوري	ShamAY	33903	0.27758
		أحاديث أبي محمد عبد الله بن جعفر بن إسحاق الجابري - مخطوط		ShamAY	32772	0.27749
		التضخم النقدي في الفقه الاسلامي	الواحدي :: خالد المصلح	ShamAY	36297	0.27745
		حق الجار	شمس الدين أبو عبد الله محمد بن أحمد بن عثمان بن قَايْماز الذهبي (المتوفى: 748هـ)	ShamAY	11064	0.27735
		إرشاد القاصي والداني إلى تراجم شيوخ الطبراني	أبو الطيب نايف بن صلاح بن علي المنصوري	ShamAY	32196	0.27735
		نُبَذٌ في الصيام	محمد بن صالح بن محمد العثيمين (المتوفى: 1421هـ)	ShamAY	21586	0.27731
		الكشف عن صاحب البسيط في النحو	حسن موسى الشاعر	ShamAY	8891	0.2773
		حديث محمد بن عبد الله الأنصاري	أبو عبد الله محمد بن عبد الله بن المثنى بن عبد الله بن أنس بن مالك البصري الأنصاري (المتوفى: 215هـ)	ShamAY	33686	0.27721
		سنن أبي بكر الأثرم	أَبُو بَكْرٍ أَحْمَدُ بنُ مُحَمَّدِ بنِ هَانِئ الإِسْكَافيُّ الأَثْرَم الطَّائِيُّ وَقِيْلَ: الكَلْبِيّ (المتوفى: 273هـ)	ShamAY	26550	0.2772
		المختلطين للعلائي	صلاح الدين أبو سعيد خليل بن كيكلدي بن عبد الله الدمشقي العلائي (المتوفى: 761هـ)	ShamAY	25846	0.27718
		الزهد الكبير للبيهقي	أحمد بن الحسين بن علي بن موسى الخُسْرَوْجِردي الخراساني، أبو بكر البيهقي (المتوفى: 458هـ)	ShamAY	13025	0.27715
		الترغيب في فضائل الأعمال وثواب ذلك لابن شاهين	أبو حفص عمر بن أحمد بن عثمان بن أحمد بن محمد بن أيوب بن أزداذ البغدادي المعروف بـ ابن شاهين (المتوفى: 385هـ)	ShamAY	8209	0.27714
		مختصر كتاب البسملة لأبي شامة - اختصار الذهبي	شهاب الدين عبد الرحمن بن إسماعيل الشافعي المعروف بأبي شامة المقدسي (665 هـ)	ShamAY	33591	0.27712
		كتاب وفيات الونشريسى	أحمد بن يحيى بن محمد الونشريسي التلمساني، أبو العباس المالكي (المتوفى: 914هـ)	ShamAY	34655	0.27711
		تقويم التطبيقات المعاصرة للزكاة ((إيجابيات - سلبيات))	الأستاذ الدكتور محمد الزحيلي	ShamAY	33208	0.27709
		ذم المسكر لابن أبي الدنيا	أبو بكر عبد الله بن محمد بن عبيد بن سفيان بن قيس البغدادي الأموي القرشي المعروف بابن أبي الدنيا (المتوفى: 281ه)	Sham19Y	13117	0.27709
		 معجم ما كتب عن الرسول ( ص ) وأهل بيته ( ع ) 	 عبد الجبار الرفاعي 	ABLibrary	7758	0.27705
		المنتخب من كتاب السياق لتاريخ نيسابور	تَقِيُّ الدِّيْنِ، أَبُو إِسْحَاقَ إِبْرَاهِيْمُ بنُ مُحَمَّدِ بنِ الأَزْهَرِ بنِ أَحْمَدَ بنِ مُحَمَّدٍ العِرَاقِيُّ، الصَّرِيْفِيْنِيُّ، الحَنْبَلِيُّ (المتوفى: 641هـ)	ShamAY	12528	0.27704
		الزهد الكبير للبيهقي	أحمد بن الحسين بن علي بن موسى الخسروجردي الخراساني، أبو بكر البيهقي (المتوفى: 458ه)	Sham19Y	13025	0.277
		جزء فيه أحاديث من حديث أبي حفص عمر بن محمد بن علي الزيات	أبو حفص عمر بن محمد بن علي الزيات (375 هـ)	ShamAY	33597	0.27699
		مستخرج أبي نعيم الأصبهاني على الجامع الصحيح للبخاري - مخطوط	أبو نعيم أحمد بن عبد الله الأصفهاني	ShamAY	38083	0.27686
		أركان الصلاة - وواجباتها، وسننها، ومكروهاتها، ومبطلاتها في ضوء الكتاب والسنة	د. سعيد بن على بن وهف القحطاني	ShamAY	1801	0.27685
		أخبار وحكايات من حديث أبي علي محمد بن القاسم بن معروف - مخطوط	محمد بن القاسم بن معروف، أبو علي التميمي الدمشقي الشهير بابن حبيب (المتوفى: 347هـ)	ShamAY	10279	0.27682
		الأماکن أو ما اتفق لفظه وافترق مسماه من الأمکنة	الحازمي	Rafed	2453	0.27681
		من سنن النبي صلي الله عليه و آله: البكاءعلي الميت	محمد جواد طبسي	Ghbook	2946	0.27671
		الدعاء للطبراني - نسخة مقابلة	أبو القاسم سليمان بن أحمد الطبراني	ShamAY	33982	0.27669
		ثلاثة مجالس من أمالي ابن مردويه	أبو بكر أحمد بن موسى بن مردوية بن فورك بن موسى بن جعفر الأصبهاني (المتوفى: 410هـ)	ShamAY	8275	0.27658
		الجزء الأول من المنتخب من فوائد ابن علويه القطان - مخطوط	أبو محمد الحسن بن علي بن محمد القطان المعروف بابن علويه	ShamAY	32938	0.27655
		تاريخ علماء الأندلس	عبد الله بن محمد بن يوسف بن نصر الأزدي، أبو الوليد، المعروف بابن الفرضي (المتوفى: 403هـ)	ShamAY	30743	0.27648
		مسند الموطأ للجوهري	أَبُو القَاسِمِ عَبْدُ الرَّحْمَنِ بنُ عَبْدِ اللهِ بنِ مُحَمَّدٍ الغَافِقِيُّ، الجَوْهَرِيُّ المالكي (المتوفى: 381هـ)	ShamAY	1222	0.27645
		التسلي والاغتباط بثواب من تقدم من الأفراط	عبد المؤمن بن خلف الدمياطيّ، أبو محمد، شرف الدين الشافعي (المتوفى: 705هـ)	ShamAY	22301	0.27635
		 عبقات الأنوار في إمامة الأئمة الأطهار ( فارسي ) 	 السيد حامد النقوي 	ABLibrary	8498	0.27627
		تطبيق القواعد الفقهية على مسائل التخدير المعاصرة	عبد السلام الحصين	ShamAY	33207	0.27621
		مسند الموطأ للجوهري	أبو القاسم عبد الرحمن بن عبد الله بن محمد الغافقي، الجوهري المالكي (المتوفى: 381ه)	ShamelaY19	21479	0.27616
		إرشاد القاصي والداني إلى تراجم شيوخ الطبراني = التراجم	أبو الطيب نايف بن صلاح بن علي المنصوري	ShamAY	38012	0.27615
		الحسابات الجارية حقيقتها - تكييفها	حسين بن معلوي الشهراني	ShamAY	36284	0.27613
		جزء الحسن بن رشيق العسكري عن شيوخه من الأمالي	الحسن بن رشيق، أبو محمد العسكري المصري (المتوفى: 370ه)	Sham19Y	26564	0.27608
		جزء من أحاديث ابن المقير عن شيوخه شيوخه (مطبوع ضمن مجموع باسم الفوائد لابن منده!)	علي بن الحسين بن علي بن منصور، أبو الحسن ابن المقير النجار (المتوفى: 643ه)	Sham19Y	9398	0.27606
		كتاب القضاء لسريج بن يونس	أبو الحارث سُرَيج بن يونس بن إبراهيم البغدادي (المتوفى: 235هـ)	ShamAY	8219	0.27604
		التلمود تاريخه وتعاليمه	ظفر الإسلام خان	ShamelaY19	23120	0.27581
		عوالي مالك رواية عمر بن الحاجب	عمر بن محمد بن منصور الأميني، أبو حفص، عز الدين، المعروف بابن الحاجب (المتوفى: 630هـ)	ShamAY	1317	0.27579
		ما اتصل إلينا من فوائد أبي أحمد الحاكم	أبو أحمد محمد بن محمد بن أحمد بن إسحاق النيسابوري الكرابيسي المعروف بالحاكم الكبير (المتوفى: 378هـ)	ShamAY	26730	0.27573
		العبارة المختصرة في علة حديث إن هذه الحشوش محتضرة (أصله محاضرة ألقيت على طلبة الدراسات العليا)	أبو ذر عبد القادر بن مصطفى بن عبد الرزاق المحمدي	ShamAY	31660	0.27567
		قصيدة السلفي	صدر الدين، أبو طاهر السلفي أحمد بن محمد بن أحمد بن محمد بن إبراهيم سلفه الأصبهاني (المتوفى: 576ه)	ShamelaY19	26670	0.27561
		من لا يحضره الفقيه	محمد بن علي بن بابويه شيخ صدوق	Ghbook	793	0.27561
		الفوائد العوالي المؤرخة من الصحاح والغرائب لمحمد بن علي الصوري	محمد بن علي الصوري	ShamAY	12721	0.27556
		موارد الظمآن إلى زوائد ابن حبان	أبو الحسن نور الدين علي بن أبي بكر بن سليمان الهيثمي (المتوفى: 807هـ)	ShamAY	901	0.27554
		جزء الحسن بن رشيق العسكري عن شيوخه من الأمالي	الحسن بن رشيق، أبو محمد العسكري المصري (المتوفى: 370هـ)	ShamAY	26564	0.27533
		جزء يعلى بن عباد شيوخه (ضمن مجموع مطبوع باسم الفوائد لابن منده!)	يعلى بن عباد (المتوفى: 230ه)	Sham19Y	9413	0.27525
		مسند الإمام أحمد بن حنبل	أحمد بن حنبل أبو عبدالله الشيباني	ShamAY	33964	0.27523
		الامام الثاني الامام الحسن ( عليه السلام )	موسسه في طريق الحق	Ghbook	6054	0.27519
		الترجمة الذهبية لأعلام آل تيمية	محمد صالح قرواش اليافعي	ShamAY	35812	0.27506
		جزء البطاقة للكناني	حمزة بن محمد بن علي بن العباس، أبو القاسم الكناني المصري (المتوفى: 357ه)	Sham19Y	13100	0.27504
		جمع النقول عن كتاب "غرائب مالك" للدارقطني	هيثم حمدان	ShamAY	35244	0.27503
		الثاني من الفوائد المنتقاة لابن السماك ويليه من حديث دعلج للحمامي	عثمان بن أحمد بن عبيد الله بن يزيد، أبو عمرو الدقاق، ابن السماك (المتوفى: 344ه)	ShamelaY19	29940	0.27482
		الرضا عن الله بقضائه لابن أبي الدنيا	أبو بكر عبد الله بن محمد بن عبيد بن سفيان بن قيس البغدادي الأموي القرشي المعروف بابن أبي الدنيا (المتوفى: 281هـ)	ShamAY	13024	0.2748
		الجزء العاشر من أسنى المقاصد وأعذب الموارد من مشيخة أبي الحسن علي بن أحمد بن عبد الواحد - مخطوط	أبو الحسن علي بن أحمد بن عبد الواحد المقدسي المعروف بابن البخاري	ShamAY	32854	0.2748
		القصيدة النونية "ذات الحلل ومهاة الكلل"	الواحدي :: السخاوي ، علم الدين	ShamAY	37174	0.27478
		المنتقى من السنن المسندة ـ مشكول ط العلمية	عبد الله بن علي بن الجارود، أبو محمد النيسابوري (ت: 307)	ShamAY	33925	0.27477
		حواريات فقهيه (الحج)	محمد سعيد طباطبائي حكيم	Ghbook	3497	0.27473
		جزء الحسن بن رشيق العسكري عن شيوخه من الأمالي	الحسن بن رشيق، أبو محمد العسكري المصري (المتوفى: 370ه)	ShamelaY19	26564	0.27472
		مناقب النساء الصحابيات لعبد الغني المقدسي	عبد الغني بن عبد الواحد بن علي بن سرور المقدسي الجماعيلي الدمشقي الحنبلي، أبو محمد، تقي الدين (المتوفى: 600هـ)	ShamAY	1348	0.27468
		متن الشاطبية = حرز الأماني - الكتاب النفيس	القاسم بن فيرة بن خلف الشاطبي	ShamAY	34095	0.27467
		منهج المقال في تحقيق احوال الرجال [ج ٣]	محمد بن علي الاسترابادي	Rafed	208	0.27458
		تاريخ علماء الأندلس - ط الخانجي = التراجم	عبد الله بن محمد بن يوسف بن نصر الأزدي، أبو الوليد، المعروف بابن الفرضي (المتوفى: 403 هـ)	ShamAY	38194	0.27455
		مفحمات الأقران في مبهمات القرآن	عبد الرحمن بن أبي بكر، جلال الدين السيوطي (المتوفى: 911 هـ)	ShamAY	26582	0.27449
		قصيدة السلفي	صدر الدين، أبو طاهر السِّلَفي أحمد بن محمد بن أحمد بن محمد بن إبراهيم سِلَفَه الأصبهاني (المتوفى: 576هـ)	ShamAY	26670	0.27447
		جزء فيه المنظوم والمنثور من الحديث النبوي	أبو الحسين عفيف بن محمد الخطيب البوشنجي (المتوفى: ق 5ه)	Sham19Y	26886	0.27443
		ذكر المصافحة لضياء الدين المقدسي	ضياء الدين أبو عبد الله محمد بن عبد الواحد المقدسي (المتوفى: 643ه)	Sham19Y	29458	0.27436
		الثالث من مشيخة ابن حيويه	محمد بن العباس بن محمد بن زكرياء، أبو عمر ابن حيويه الخزاز (المتوفى: 382هـ)	ShamAY	29954	0.27432
		المرحمة الغيثية بالترجمة الليثية	أبو الفضل أحمد بن علي بن محمد بن أحمد بن حجر العسقلاني (المتوفى: 852هـ)	ShamAY	30287	0.27428
		المختصر المفيد في تحديد جنس الوليد	عبد الرحمن عبد الله اليحيى	ShamAY	36420	0.27423
		مجلس من أمالي ابن الأنباري	محمد بن القاسم بن محمد بن بشار، أبو بكر الأنباري (المتوفى: 328ه)	ShamelaY19	26738	0.2742
		محجة القرب إلى محبة العرب للعراقي	زين الدين أبو الفضل عبد الرحيم بن الحسين العراقي (806 هـ)	ShamAY	33590	0.27414
		الأضرار الناجمة عن تعاطي المسكرات والمخدرات	عبد الكريم بن صنيتان العمري	ShamAY	7543	0.2741
		عاشوراء يوم الاسلام العظيم	سيد محمد باقر موسوي مهري	Ghbook	5967	0.27408
		من حديث أبي محمد ابن معروف وأبي بكر الوراق وأبي الحسن الباقلاني- مخطوط	أبو الغنائم محمد بن علي بن ميمون النرسي	ShamAY	32944	0.27406
		النكت في مقدمات الاصول 	محمد بن  محمد بن نعمان شيخ مفيد	Ghbook	2471	0.27399
		الإيثار بمعرفة رواة الآثار	أبو الفضل أحمد بن علي بن محمد بن أحمد بن حجر العسقلاني (المتوفى: 852ه)	Sham19Y	5861	0.27395
		فضائل أمير المؤمنين معاوية لأبي القاسم السقطي - مخطوط (ن)	أَبُو القَاسِمِ عُبَيْدُ اللهِ بنُ مُحَمَّدِ بنِ أَحْمَدَ بنِ جَعْفَرٍ البَغْدَادِيُّ، السَّقَطِيُّ (المتوفى: 406هـ)	ShamAY	21647	0.27393
		 بغية الطلب في تاريخ حلب 	 عمر بن أحمد العقيلي الحلبي ( ابن العديم ) 	ABLibrary	811	0.27384
		الثالث من مشيخة ابن حيويه	محمد بن العباس بن محمد بن زكرياء، أبو عمر ابن حيويه الخزاز (المتوفى: 382ه)	Sham19Y	29954	0.27376
		رموز الوسوم عند العرب	راشد بن فضل الدوسري	ShamAY	37243	0.27369
		حديث أبي نعيم عن أبي علي الصواف لأبي نعيم الأصبهاني	أبو نعيم أحمد بن عبد الله بن أحمد بن إسحاق بن موسى بن مهران الأصبهاني (المتوفى: 430هـ) عن شيخه أبي علي الصواف	ShamAY	9416	0.27364
		جزء فيه المنظوم والمنثور من الحديث النبوي	أبو الحسين عفيف بن محمد الخطيب البوشنجي (المتوفى: ق 5هـ)	ShamAY	26886	0.27363
		الذّريعة إلى تصانيف الشّيعة [ج ٩ - ٤]	الشيخ آقا بزرك الطهراني	Rafed	528	0.27357
		مجلسان من أمالي ابن صاعد	أبو محمد يحيى بن محمد بن صاعد بن كاتب الهاشمي بالولاء البغدادي (المتوفى: 318هـ)	ShamAY	29852	0.27354
		المسالك والممالك لابن خرداذبة	عبيد الله بن عبد الله ابن خرداذبة	Masaha	3950	0.27349
		أحاديث محمد بن هشام بن ملاس النميري وهي سباعيات أبي المعالي الفراوي	عبد المنعم بن عبد الله ابن فقيه الحرم أبي عبد الله محمد بن الفضل بن أحمد النيسابوري، أبو المعالي الفُراوي، الصاعدي، الشافعي (المتوفى: 587هـ)	ShamAY	9664	0.27348
		 الأماكن 	 محمد بن موسى الحازمي 	ABLibrary	8936	0.27346
		جمع الجوامع أو الجامع الكبير للسيوطي	السيوطي	ShamAY	33068	0.27341
		الشيعه في القرآن	آيت الله العظمي حسيني	Ghbook	7919	0.27341
		 موسوعة قرى ومدن لبنان 	 طوني مفرج 	ABLibrary	9283	0.27339
		ذكر المصافحة لضياء الدين المقدسي	ضياء الدين أبو عبد الله محمد بن عبد الواحد المقدسي (المتوفى: 643ه)	ShamelaY19	29458	0.27337
		جزء ابن عيينة - مكتبة المنار	سفيان بن عيينة بن أبي عمران الكوفي	ShamAY	33618	0.27332
		قيام دولة القراخطاي واتساعها في آسيا الوسطى	فاضل كاظم صادق	ShamAY	37157	0.2732
		ما اتصل إلينا من فوائد أبي أحمد الحاكم	أبو أحمد محمد بن محمد بن أحمد بن إسحاق النيسابوري الكرابيسي المعروف بالحاكم الكبير (المتوفى: 378ه)	ShamelaY19	26730	0.27319
		جزء ابن غطريف للجرجاني	أبو أحمد محمد بن أحمد بن حسين بن القاسم بن السري بن الغِطْريف بن الجهم العَبْدي الغِطْريفي الجرجاني (المتوفى: 377هـ)	ShamAY	13096	0.2731
		الذّريعة إلى تصانيف الشّيعة [ج ١٩]	الشيخ آقا بزرك الطهراني	Rafed	486	0.2731
		من حديث أبي الفوارس الصابوني وغيره لأبي القاسم المصيصي - مخطوط	أبو القاسم علي بن محمد بن علي بن أبي العلاء المصيصي	ShamAY	32870	0.273
		جزء من أحاديث ابن المقير عن شيوخه شيوخه (مطبوع ضمن مجموع باسم الفوائد لابن منده!)	علي بن الحسين بن علي بن منصور، أبو الحسن ابن المقير النجار (المتوفى: 643هـ)	ShamAY	9398	0.27297
		سؤالات حمزة بن يوسف السهمي	أبو القاسم حمزة بن يوسف بن إبراهيم السهمي القرشي الجرجاني (المتوفى: 427هـ)	ShamAY	2491	0.27297
		حديث محمد بن عبد الله الأنصاري	أبو عبد الله محمد بن عبد الله بن المثنى بن عبد الله بن أنس بن مالك البصري الأنصاري (المتوفى: 215هـ)	ShamAY	13110	0.27296
		حديث البدر بن الهيثم القاضي	بَدْرُ بنُ الهَيْثَمِ بنِ خَلَفٍ أَبُو القَاسِمِ اللَّخْمِيُّ، الكُوْفِيُّ (المتوفى: 317هـ)	ShamAY	21484	0.27294
		الأمالي في آثار الصحابة لعبد الرزاق الصنعاني	أبو بكر عبد الرزاق بن همام بن نافع الحميري اليماني الصنعاني (المتوفى: 211ه)	ShamelaY19	25782	0.27293
		مجلس من إملاء الفارسي ومجلسان من إملاء البخاري	نصر بن عبد العزيز بن أحمد، أبو الحسين الفارسي (المتوفى: 461هـ) ، وأبو زكريا عبد الرحيم بن أحمد بن نصر البخاري (المتوفى: 461هـ)	ShamAY	30388	0.27284
		فضل يوم التروية وعرفة	أبو محمد موفق الدين عبد الله بن أحمد بن محمد بن قدامة الجماعيلي المقدسي ثم الدمشقي الحنبلي، الشهير بابن قدامة المقدسي (المتوفى: 620ه)	ShamelaY19	30317	0.27281
		رواية حفص من طريق الفيل من كتاب المصباح	حسان عيد	ShamAY	36801	0.27264
		السنن الكبرى للنسائي - العلمية	أحمد بن شعيب أبو عبد الرحمن النسائي	ShamAY	33958	0.27264
		صحيح وضعيف سنن الترمذي	محمد ناصر الدين الألباني (المتوفى: 1420هـ)	ShamAY	782	0.27263
		العلم لزهير بن حرب	أبو خيثمة زهير بن حرب النسائي (المتوفى: 234هـ)	ShamAY	7777	0.27259
		الأربعون في التصوف للسلمي	محمد بن الحسين بن محمد بن موسى بن خالد بن سالم النيسابوري، أبو عبد الرحمن السلمي (المتوفى: 412هـ)	ShamAY	22526	0.27257
		الكتاب: من الفوائد الغرائب الحسان	محمد بن عبد الله بن محمد بن صالح، أبو بكر التميمي الأبهري المالكي (المتوفى: 375ه)	ShamelaY19	22381	0.27251
		العلاج بالرقية الشرعية	فضيلة الشيخ أسعد الكحيل	ShamAY	34893	0.27248
		أحكام التلاوة	عادل نصار	ShamAY	36791	0.27246
		المطر والرعد والبرق والريح لابن أبي الدنيا - ط أطلس الخضراء = مقابل	أبو بكر عبد الله بن محمد ابن أبي الدنيا	ShamAY	38120	0.27245
		التفسير من سنن سعيد بن منصور - مخرجا	أبو عثمان سعيد بن منصور بن شعبة الخراساني الجوزجاني (المتوفى: 227هـ)	ShamAY	13008	0.27241
		منتقى من العشرين جزءا المنتخبة (الخلعيات)	علي بن الحسن بن الحسين بن محمد، أبو الحسن الخلعي الشافعي (المتوفى: 492ه)	Sham19Y	30340	0.2724
		فضائل أمير المؤمنين معاوية لأبي القاسم السقطي - مخطوط (ن)	أبو القاسم عبيد الله بن محمد بن أحمد بن جعفر البغدادي، السقطي (المتوفى: 406ه)	ShamelaY19	21647	0.27231
		أحاديث أبي عبد الله الرازي	ابن الحطاب أبو عبد الله الرازي، محمد بن أحمد بن إبراهيم (المتوفى: 525ه)	ShamelaY19	29726	0.27229
		مشاهير علماء الأمصار وأعلام فقهاء الأقطار	محمد بن حبان بن أحمد بن حبان بن معاذ بن مَعْبدَ، التميمي، أبو حاتم، الدارمي، البُستي (المتوفى: 354هـ)	ShamAY	896	0.27228
		منتقى حديث أبي الحسن أحمد بن إبراهيم بن عبدويه بن سدوس العبدويي	ضياء الدين أبو عبد الله محمد بن عبد الواحد المقدسي (المتوفى: 643ه)	Sham19Y	26339	0.27226
		حديث سفيان بن عيينة رواية الخلعي	علي بن الحسن بن الحسين بن محمد، أبو الحسن الخلعي الشافعي (المتوفى: 492ه)	ShamelaY19	29776	0.27222
		القربة إلى رب العالمين بالصلاة على النبي صلى الله عليه وسلم سيد المرسلين	ابن بشكوال (578 هـ)	ShamAY	33627	0.27219
		أحاديث منتخبة من الجزء السادس من كتاب أمارات السوء للجوزجاني - مخطوط	أبو إسحاق إبراهيم بن يعقوب الجوزجاني	ShamAY	32910	0.27217
		الزهد لأبي حاتم	محمد بن إدريس بن المنذر بن داود بن مهران الحنظلي الرازي (المتوفى: 277هـ)	ShamAY	3525	0.27216
		الرابع والثلاثون من المشيخة البغدادية لأبي طاهر السلفي	صدر الدين، أبو طاهر السِّلَفي أحمد بن محمد بن أحمد بن محمد بن إبراهيم سِلَفَه الأصبهاني (المتوفى: 576هـ)	ShamAY	30118	0.27216
		إلى بائع الدخان	الواحدي :: محمد بن إبراهيم الحمد	ShamAY	35167	0.27213
		العدة للكرب والشدة لضياء الدين المقدسي	ضياء الدين أبو عبد الله محمد بن عبد الواحد المقدسي (المتوفى: 643هـ)	ShamAY	9385	0.27209
		الكتاب: من الفوائد الغرائب الحسان	محمد بن عبد الله بن محمد بن صالح، أَبو بكر التميمي الأبهري المالكي (المتوفى: 375هـ)	ShamAY	22381	0.27203
		قطعة في الحديث ومنه حديث الإسراء وغيره لأبي طاهر السلفي- مخطوط	أبو طاهر أحمد بن محمد السلفي	ShamAY	38063	0.27194
		ذكر من اختلف العلماء ونقاد الحديث فيه لابن شاهين - ط الفاروق	أبو حفص عمر بن أحمد بن عثمان البغدادي، المعروف بابن شاهين	ShamAY	34153	0.27191
		التسلي والاغتباط بثواب من تقدم من الأفراط	عبد المؤمن بن خلف الدمياطي، أبو محمد، شرف الدين الشافعي (المتوفى: 705ه)	ShamelaY19	22301	0.27189
		دلائل النبوة للبيهقي مخرجا	أحمد بن الحسين بن علي بن موسى الخُسْرَوْجِردي الخراساني، أبو بكر البيهقي (المتوفى: 458هـ)	ShamAY	13115	0.27185
		جزء فيه المنظوم والمنثور من الحديث النبوي	أبو الحسين عفيف بن محمد الخطيب البوشنجي (المتوفى: ق 5ه)	ShamelaY19	26886	0.27183
		النجاة بحمد الله	يوسف بن حسن بن أحمد بن حسن ابن عبد الهادي الصالحي، جمال الدين، ابن ابن المِبْرَد الحنبلي (المتوفى: 909هـ)	ShamAY	30291	0.27174
		جزء فيه أحاديث أبي عبد الله بن محمد بن جعفر بن حيان المعروف بأبي الشيخ الأصبهاني	أَبُو بَكْرٍ أَحْمَدُ بنُ مُحَمَّدِ ابنِ الحَافِظ الكَبِيْر أَبِي بَكْرٍ أَحْمَدَ بنِ مُوْسَى بن مَرْدَوَيْه بن فُورَك بن مُوْسَى الأَصْبَهَانِيّ (المتوفى: 498هـ)	ShamAY	33701	0.27172
		شواهد التنزيل لقواعد التفضيل - الجزء1	الحاكم الحسكاني	Masaha	2296	0.27172
		منتقى من حديث أبي بكر الأنباري	محمد بن جعفر بن محمد بن الهيثم، أبو بكر الأنباري، البُنْدار (المتوفى: 360هـ)	ShamAY	29868	0.27169
		ميزان الاعتدال في نقد الرجال	شمس الدين محمد بن أحمد الذهبي	ShamAY	34601	0.27168
		الإيثار بمعرفة رواة الآثار	أبو الفضل أحمد بن علي بن محمد بن أحمد بن حجر العسقلاني (المتوفى: 852هـ)	ShamAY	5861	0.27154
		سؤالات الحافظ السِلفِي لخميس الحَوزي عن جماعة من أهل واسط	خميس بن علي بن أحمد، أبو الكرم الواسطي الحوزي (المتوفى: 510هـ)	ShamAY	38026	0.27149
		المورد الكبير	الدكتور فخر الدين قباوة	Rafed	1789	0.27147
		جامع المسانيد للخوارزمي	أبو المؤيد محمد بن محمد الخوارزمي (665 هـ)	ShamAY	34122	0.27145
		منتقى حديث أبي الحسن أحمد بن إبراهيم بن عبدويه بن سدوس العبدويي	ضياء الدين أبو عبد الله محمد بن عبد الواحد المقدسي (المتوفى: 643هـ)	ShamAY	26339	0.27139
		الجزء الأول من الفوائد الصحاح والغرائب والأفراد	عبد الرحمن بن عبيد الله بن عبد الله ابن محمد، أبو القاسم الحربي الحُرْفي (المتوفى: 423هـ)	ShamAY	26584	0.27129
		مجالس ابن القاسم التي سأل عنها مالكا رحمه الله	عبد الرحمن بن القاسم بن خالد بن جنادة العتقي المصري، أبو عبد الله، ويعرف بابن القاسم (المتوفى: 191ه)	ShamelaY19	96602	0.27129
		التفسير من سنن سعيد بن منصور - مخرجا	أبو عثمان سعيد بن منصور بن شعبة الخراساني الجوزجاني (المتوفى: 227ه)	Sham19Y	13008	0.27124
		جزء فيه أحاديث أبي عبد الله بن محمد بن جعفر بن حيان المعروف بأبي الشيخ الأصبهاني	أَبُو بَكْرٍ أَحْمَدُ بنُ مُحَمَّدِ ابنِ الحَافِظ الكَبِيْر أَبِي بَكْرٍ أَحْمَدَ بنِ مُوْسَى بن مَرْدَوَيْه بن فُورَك بن مُوْسَى الأَصْبَهَانِيّ (المتوفى: 498هـ)	ShamAY	13105	0.27122
		الكافئة في إبطال توبة الخاطئة	الشيخ المفيد	Masaha	4761	0.27122
		منتقى حديث أبي الحسن أحمد بن إبراهيم بن عبدويه بن سدوس العبدويي	ضياء الدين أبو عبد الله محمد بن عبد الواحد المقدسي (المتوفى: 643ه)	ShamelaY19	26339	0.27121
		معارج الوصول الي معرفه فضل آل الرسول و البتول ( عليهم الصلاه و السلام ) - الامام...	محمد بن عزالدين يوسف بن حسن زرندي	Ghbook	6481	0.27114
		ارشاد السائل	آيت الله العظمي سيد محمد رضا گلپايگاني	Ghbook	2918	0.27113
		فضائل عثمان بن عفان لعبد الله بن أحمد	أبو عبد الرحمن عبد الله بن أحمد بن محمد بن حنبل الشيباني (المتوفى: 290ه)	Sham19Y	9322	0.2711
		ذكر المصافحة لضياء الدين المقدسي	ضياء الدين أبو عبد الله محمد بن عبد الواحد المقدسي (المتوفى: 643هـ)	ShamAY	29458	0.27107
		مداراة الناس لابن أبي الدنيا	أبو بكر عبد الله بن محمد بن عبيد بن سفيان بن قيس البغدادي الأموي القرشي المعروف بابن أبي الدنيا (المتوفى: 281هـ)	ShamAY	13152	0.27104
		من حديث خيثمة بن سليمان القرشي الأطرابلسي	أبو الحسن خيثمة بن سليمان بن حيدرة بن سليمان القرشي الشامي الأطرابلسي (المتوفى: 343هـ)	ShamAY	13182	0.27098
		الجزء الأول من الفوائد الصحاح والغرائب والأفراد	عبد الرحمن بن عبيد الله بن عبد الله ابن محمد، أبو القاسم الحربي الحرفي (المتوفى: 423ه)	ShamelaY19	26584	0.27097
		دراسة تحليلية لكتاب سبل الهدى والرشاد في سيرة خير العباد ج 4	علي عبد العزيز الراجحي	ShamAY	37398	0.27092
		 موسوعة قرى ومدن لبنان 	 طوني مفرج 	ABLibrary	9280	0.27089
		الولد الميت قبل ابيه يستحق اولاده الايتام الارث	نجاح الطائي	Ghbook	15446	0.27089
		الأحاديث العشرة الاختيارية العشارية الأسانيد - ت: الألفي	ابن حجر العسقلاني	ShamAY	33613	0.27081
		المدخل إلى تقويم اللسان	ابن هشام اللخمي (المتوفى: 577 ه)	Sham19Y	148096	0.27071
		مجالس ابن القاسم التي سأل عنها مالكًا رحمه الله	عبد الرحمن بن القاسم بن خالد بن جنادة العتقيّ المصري، أبو عبد الله، ويعرف بابن القاسم (المتوفى: 191هـ)	ShamAY	1942	0.27069
		ميزان الاعتدال للذهبي - الرسالة	أبو عبد الله شمس الدين محمد بن أحمد بن عثمان الذهبي	ShamAY	34652	0.27069
		ذم الملاهي لابن أبي الدنيا - ط أطلس الخضراء = مقابل	أبو بكر عبد الله بن محمد ابن أبي الدنيا	ShamAY	38091	0.27068
		سنن أبي بكر الأثرم	أبو بكر أحمد بن محمد بن هانئ الإسكافي الأثرم الطائي وقيل: الكلبي (المتوفى: 273ه)	ShamelaY19	26550	0.27066
		مجلس من أمالي أبي الفتح المقدسي_1	نصر بن إبراهيم بن نصر بن إبراهيم ابن داود النابلسي المقدسي، أبو الفتح الشافعي (المتوفى: 490هـ)	ShamAY	29895	0.27064
		تاريخ الإسلام ووفيات المشاهير والأعلام [ج ٢٥]	شمس الدين محمّد بن أحمد بن عثمان الذّهبي	Rafed	3522	0.27055
		تعظيم الفتيا لابن الجوزي	جمال الدين أبو الفرج عبد الرحمن بن علي بن محمد الجوزي (المتوفى: 597هـ)	ShamAY	26894	0.27044
		مُصنف ابن أبي شيبة	أبو بكر بن أبي شيبة	ShamAY	33931	0.27041
		الأوهام التي في مدخل أبي عبد الله الحاكم النيسابوري	أبو محمد عبد الغني بن سعيد بن علي بن بشر بن مروان الأزدي المصري (المتوفى: 409هـ)	ShamAY	13004	0.27039
		منتقى من العشرين جزءا المنتخبة (الخلعيات)	علي بن الحسن بن الحسين بن محمد، أبو الحسن الخِلَعي الشافعيّ (المتوفى: 492هـ)	ShamAY	30340	0.27038
		مجلس من أمالي أبي عبد الله العطار	أبو عبد الله محمد بن مخلد بن حفص العطار الدوري البغدادي (المتوفى: 331ه)	Sham19Y	29858	0.27036
		ترجمة موجزة للشيخ محمد الأمين الشنقيطي	الواحدي :: عطية سالم	ShamAY	35801	0.27034
		الأماكن أو ما اتفق لفظه وافترق مسماه من الأمكنة	أبو بكر محمد بن موسى بن عثمان الحازمي الهمداني، زين الدين (المتوفى: 584هـ)	ShamAY	122	0.27033
		الأربعون لأبي سعد النيسابوري	محمد بن يحيى بن منصور، أبو سعد، محيي الدين النيسابورىّ (المتوفى: 548هـ)	ShamAY	29785	0.27033
		المعرفة والتاريخ	يعقوب بن سفيان بن جوان الفارسي الفسوي، أبو يوسف (المتوفى: 277هـ)	ShamAY	12403	0.27032
		إعراب القراءات الشّواذ [ج ٢]	محبّ الدين عبدالله بن الحسين البغدادي [ أبي البقاء العكبري ]	Rafed	3135	0.27029
		مصنف ابن أبي شيبة (عوامة)	أبو بكر عبد الله بن محمد بن أبي شيبة العبسي الكوفي.	ShamAY	33967	0.27023
		الموافقات العوالي للضياء المقدسي_2	ضياء الدين أبو عبد الله محمد بن عبد الواحد المقدسي (المتوفى: 643ه)	ShamelaY19	29738	0.27023
		ديوان ليلى الأخيلية	ليلى بنت عبد الله بن الرحال بن شداد بن كعب الأخيلية من بني عامر بن صعصعة, توفيت سنة (80 هـ / 700 م)	ShamAY	37836	0.27018
		رحلة الايطالي كاسبارو بالبي	كاسبارو بالبي	Ghbook	9511	0.27018
		منظومة ابن الشحنة في البلاغة	ابن الشحنة، محب الدين	ShamAY	34484	0.27017
		طرح التثريب في شرح التقريب (المقصود بالتقريب: تقريب الأسانيد وترتيب المسانيد)	أبو الفضل زين الدين عبد الرحيم بن الحسين بن عبد الرحمن بن أبي بكر بن إبراهيم العراقي (المتوفى: 806ه)	Sham19Y	11036	0.27011
		النشر الإلكتروني لترجمات معاني القرآن الكريم في خدمة الدعوة	الدكتور فهد بن محمد المالك	ShamAY	1938	0.2701
		أخبار المصحفين	أبو أحمد الحسن بن عبد الله بن سعيد بن إسماعيل العسكري (المتوفى: 382هـ)	ShamAY	6722	0.27009
		البعث والنشور للبيهقي - ت زغلول ط الكتب الثقافية	أحمد بن الحسين بن علي بن موسى الخُسْرَوْجِردي الخراساني، أبو بكر البيهقي (المتوفى: 458 هـ)	ShamAY	34010	0.26995
		 موسوعة الإمام العسكري ( ع ) 	 الشيخ أبو القاسم الخزعلي 	ABLibrary	7852	0.26993
		100 من الأحاديث المشتهرة على الألسنة	إحسان العتيبي	ShamAY	33088	0.26981
		الأربعون الصغرى المخرجة في أحوال عباد الله تعالى وأخلاقهم	أبو بكر أحمد بن الحسين البيهقي	ShamAY	33600	0.2698
		المجلس الثاني من الفوائد المدنية من حديث أبي الحسن الشافعي - مخطوط		ShamAY	32768	0.26969
		مسائل و ردود	محمد صدر	Ghbook	16356	0.26969
		الجزء فيه من حديث أبي بكر محمد بن الحسن بن يعقوب بن مقسم العطار عن شيوخه (وهو مطبوع ضمن كتاب الفوائد)	محمد بن الحسن بن يعقوب بن الحسن، بن مِقْسَم العَطَّار، أبو بكر (المتوفى: 354هـ)	ShamAY	40	0.26965
		المطر والرعد والبرق لابن أبي الدنيا	أبو بكر عبد الله بن محمد بن عبيد بن سفيان بن قيس البغدادي الأموي القرشي المعروف بابن أبي الدنيا (المتوفى: 281هـ)	ShamAY	8273	0.26963
		كتاب المعقبين من ولد الإمام أمير المؤمنين أبي الحسن عليّ بن أبي طالب عليه السلام	يحيى العبيدلي العقيقي	ShamAY	37020	0.2696
		تقييد المهمل وتمييز المشكل - ط عالم الفوائد	أبو علي الحسين بن محمد الغساني الجياني (498 هـ)	ShamAY	34577	0.26955
		ديوان الحارث بن حلزة	الحارث بن حلزة اليشكري	ShamAY	37848	0.26946
		العوالي الموافقات للأصبهاني	إسماعيل بن محمد بن الفضل بن علي القرشي الطليحي التيمي الأصبهاني، أبو القاسم، الملقب بقوام السنة (المتوفى: 535ه)	ShamelaY19	29900	0.26946
		الأحاديث الأربعون المتباينة الأسانيد والمتون	محمد بن عبد الله (أبي بكر) بن محمد ابن أحمد بن مجاهد القيسي الدمشقي الشافعي، شمس الدين، الشهير بابن ناصر الدين (المتوفى: 842ه)	ShamelaY19	30248	0.26944
		جزء في الذب عن الطبراني للضياء	الضياء المقدسي (643 هـ)	ShamAY	33570	0.2694
		ذكر من اختلف العلماء ونقاد الحديث فيه	أبو حفص عمر بن أحمد بن عثمان بن أحمد بن محمد بن أيوب بن أزداذ البغدادي المعروف بـ ابن شاهين (المتوفى: 385هـ)	ShamAY	5800	0.26937
		المتحابين في الله	أبو محمد موفق الدين عبد الله بن أحمد بن محمد بن قدامة الجماعيلي المقدسي ثم الدمشقي الحنبلي، الشهير بابن قدامة المقدسي (المتوفى: 620هـ)	ShamAY	6763	0.2693
		إعراب القرآن الكريم لغةً وإعجازاً وبلاغة تفسيراً بالإيجاز [ج ٥]	بهجت عبدالواحد الشيخلي	Rafed	4039	0.26925
		الأماكن أو ما اتفق لفظه وافترق مسماه من الأمكنة	محمد بن موسى الحازمي	Masaha	4107	0.26909
		تاريخ الإسلام ووفيات المشاهير والأعلام [ج ١٣]	شمس الدين محمّد بن أحمد بن عثمان الذّهبي	Rafed	3397	0.26908
		مجلس في حديث جابر الذي رحل فيه مسيرة شهر إلى عبد الله بن أنيس	أبو عبد الله محمد بن عبد الملك بن علي القيسيّ المِنْتَوري تـ834هـ.	ShamAY	33624	0.26904
		جامع الصحيحين بحذف المعاد والطرق	أبو نعيم الحداد عبيد الله بن الحسن بن أحمد الأصبهاني (517 هـ)	ShamAY	34005	0.26903
		الجزء الرابع من الفوائد المنتقاة العوالي من حديث القطيعي-مخطوط (ن)	أبو بكر أحمد بن جعفر بن حمدان بن مالك بن شبيب البغدادي المعروف بالقطيعي (المتوفى: 368هـ)	ShamAY	10515	0.26902
		بغية الطلب في تاريخ حلب [ج ٨]	كمال الدّين عمر بن أحمد بن أبي جرادة الحلبي [ ابن العديم ]	Rafed	2149	0.26902
		الجبال والأمكنة والمياه	أبو القاسم محمود بن عمرو بن أحمد، الزمخشري جار الله (المتوفى: 538 ه)	Sham19Y	7287	0.26898
		أحاديث مستخرجة من كتاب الخلافة لمحمد بن عطية الشامي - مخطوط		ShamAY	32745	0.26889
		أمالي المحاملي - رواية ابن يحيى البيع	أبو عبد الله البغدادي الحسين بن إسماعيل بن محمد بن إسماعيل بن سعيد بن أبان الضبي المحاملي (المتوفى: 330ه)	Sham19Y	13081	0.26885
		الشمائل المحمدية للترمذي ط المكتبة التجارية	محمد بن عيسى بن سَوْرة بن موسى بن الضحاك، الترمذي، أبو عيسى (المتوفى: 279هـ)	ShamAY	13037	0.26877
		طرح التثريب في شرح التقريب (المقصود بالتقريب: تقريب الأسانيد وترتيب المسانيد)	أبو الفضل زين الدين عبد الرحيم بن الحسين بن عبد الرحمن بن أبي بكر بن إبراهيم العراقي (المتوفى: 806هـ)	ShamAY	11036	0.26877
		أمالي المحاملي - رواية ابن يحيى البيع	أبو عبد الله البغدادي الحسين بن إسماعيل بن محمد بن إسماعيل بن سعيد بن أبان الضبي المحاملي (المتوفى: 330هـ)	ShamAY	31636	0.26872
		فضل التهليل وثوابه الجزيل لابن البناء	الحسن بن أحمد بن عبد الله بن البَناَّ، أبو علي، البغدادي الحنبلي (المتوفى: 471هـ)	ShamAY	1335	0.26867
		فضل التهليل وثوابه الجزيل لابن البناء	الحسن بن أحمد بن عبد الله بن البنا، أبو علي، البغدادي الحنبلي (المتوفى: 471ه)	ShamelaY19	26660	0.26867
		التغطية الصحفية لأحداث التفجيرات الإرهابية في مدينة الرياض	محمد بن سعود البشر	ShamAY	33373	0.26865
		فرائد السمطين في فضائل المرتضى و البتول و السبطين و الأئمة من ذريتهم(ع) - الجزء1	إبراهيم بن سعد الدين الشافعي‏	Masaha	2880	0.26864
		حديث أبي نصر اليونارتي	أبو نصر الحسن بن محمد بن إبراهيم بن أحمد بن علي اليونارتي، الأصبهاني (المتوفى: 527ه)	ShamelaY19	29782	0.26863
		فوائد أبي علي أحمد بن علي بن شعيب المدائني	أبو علي أحمد بن علي بن شعيب المدائني (المتوفى: بعد 310ه)	ShamelaY19	29713	0.26854
		 بغية الطلب في تاريخ حلب 	 عمر بن أحمد العقيلي الحلبي ( ابن العديم ) 	ABLibrary	815	0.26846
		الجامع لعلوم الإمام أحمد - الترجمة	خالد الرباط، وائل إمام [بمشاركة الباحثين بدار الفلاح]	ShamelaY19	20870	0.26841
		جزء الألف دينار وهو الخامس من الفوائد المنتقاة والأفراد الغرائب الحسان	أبو بكر أحمد بن جعفر بن حمدان بن مالك بن شبيب البغدادي المعروف بالقطيعي (المتوفى: 368هـ)	ShamAY	13099	0.26836
		الأول من حديث أبي علي بن شاذان	الحسن بن أحمد بن إبراهيم بن الحسن ابن محمد بن شاذان، أبو علي البَزَّاز (المتوفى: 425هـ)	ShamAY	29972	0.26835
		الحسين (عليه السلام) الفاتح	جريدة الوطن	Ghbook	5918	0.26832
		كشاف المخطوطات العربية في مكتبة تشستربيتي		ShamAY	37629	0.26819
		الدعاء للطبراني	سليمان بن أحمد بن أيوب بن مطير اللخمي الشامي، أبو القاسم الطبراني (المتوفى: 360هـ)	ShamAY	13016	0.26819
		أمالي أبي القاسم الحرفي	أبو القاسم عبد الرحمن بن عبيد الله بن محمد الحرفي البغدادي	ShamAY	33567	0.26816
		موسوعة قرى ومدن لبنان [ج ١٧]	طوني مفرّج	Rafed	2600	0.26808
		شرح قطعة من المقدمة الجزرية	الدكتور صلاح محمد أبو الحاج	ShamAY	36880	0.26796
		نسخة عبد الله بن عون الخراز عن شيوخه	عبد الله بن عون الخراز	ShamAY	33610	0.26791
		أحاديث خماسية وسداسية للغزنوي - مخطوط	نصر الدين أبو المعالي منصور بن مسعود بن محمود الغزنوي	ShamAY	38161	0.26785
		مسند ابن زيدان	أَبُو مُحَمَّدٍ عَبْدُ اللهِ بنُ زَيْدَانَ بنِ بُرَيْدِ بنِ رَزِيْنِ بنِ رَبِيْعِ بنِ قطنٍ البَجَلِيُّ، الكُوْفِيُّ (المتوفى: 313هـ)	ShamAY	21488	0.26779
		موسوعة العروض والقافية	البشير عصام	ShamAY	34504	0.26773
		الرابع والثلاثون من المشيخة البغدادية لأبي طاهر السلفي	صدر الدين، أبو طاهر السلفي أحمد بن محمد بن أحمد بن محمد بن إبراهيم سلفه الأصبهاني (المتوفى: 576ه)	ShamelaY19	30118	0.26772
		اسرار الحج في حوار بين الامام زين العابدين عليه السلام و الشبلي	مرتضي عسكري	Ghbook	11307	0.2677
		تشنيف الأسماع ببعض مسائل الإجماع	الواحدي :: وليد السعيدان	ShamAY	37483	0.26769
		نسبة ومنسوب	مرزوق بن هياس آل مرزوق الزهراني	ShamelaY19	132412	0.26767
		فوائد أبي بكر النصيبي	أبو بكر أحمد بن يوسف بن خلاد بن منصور النصيبي ثم البغدادي العطار (المتوفى: 359ه)	ShamelaY19	29779	0.26766
		تبيين العجب ممن ضعف حديث زينب بنت كعب	أَبُو مُحَمَّدٍ أَحْمَدُ شِحَاتَهْ الأَلْفِيُّ السَّكَنْدَرِيُّ	ShamAY	33061	0.26762
		الأول من حديث أبي علي بن شاذان	الحسن بن أحمد بن إبراهيم بن الحسن ابن محمد بن شاذان، أبو علي البزاز (المتوفى: 425ه)	Sham19Y	29972	0.26762
		التوحيد ومعرفة أسماء الله عز وجل وصفاته على الاتفاق والتفرد لابن منده	أبو عبد الله محمد بن إسحاق بن محمد بن يحيى بن مَنْدَه العبدي (المتوفى: 395هـ)	ShamAY	8210	0.26755
		أخبار الدجال لعبد الغني المقدسي	عبد الغني بن عبد الواحد بن علي بن سرور المقدسي الجماعيلي الدمشقي الحنبلي، أبو محمد، تقي الدين (المتوفى: 600هـ)	ShamAY	1303	0.2675
		من حديث أبي ذوالة وغيره للحسين بن إدريس الأنصاري - مخطوط	أبو علي الحسين بن إدريس الأنصاري	ShamAY	32810	0.26749
		مصباح الزجاجة - دار الجنان	البوصيري	ShamAY	34128	0.26748
		الأريعون المدنية	أبو أحمد، محمد بن أحمد بن محمد العماري	ShamAY	585	0.26741
		أحاديث مختارة من موضوعات الجورقاني وابن الجوزي	شمس الدين أبو عبد الله محمد بن أحمد بن عثمان بن قايماز الذهبي (المتوفى: 748ه)	Sham19Y	6071	0.26731
		ذخيرة الحفاظ (من الكامل لابن عدي)	أبو الفضل محمد بن طاهر بن علي بن أحمد المقدسي الشيباني، المعروف بابن القيسراني (المتوفى: 507هـ)	ShamAY	6060	0.26723
		ذخيرة الحفاظ (من الكامل لابن عدي)	أبو الفضل محمد بن طاهر بن علي بن أحمد المقدسي الشيباني، المعروف بابن القيسراني (المتوفى: 507ه)	Sham19Y	6060	0.26714
		 سلسلة المسائل الفقهية 	 الشيخ السبحاني 	ABLibrary	9593	0.26697
		تقويم طرق تدريس القرآن الكريم في مدارس تحفيظ القرآن الكريم التابعة لوزارة المعارف-هـ	سعود بن عبد العزيز العاصم	ShamAY	36886	0.26693
		أمارات النبوة للجوزجاني	أبو إسحاق إبراهيم بن يعقوب الجوزجاني	ShamAY	33696	0.26689
		مسائل الإمام أحمد بن حنبل رواية أبي القاسم البغوي - ط الفاروق	أبو القاسم عبد الله بن محمد البغوي	ShamAY	34168	0.26685
		فهارس الشيعه: فهرست ابن قولويه القمي	مهدي خداميان آراني	Ghbook	15584	0.26681
		الجزء الأول والثاني من المنتخب من كتاب السبعيات لأبي نصر السجزي - مخطوط	أبو نصر هبة الله بن عبد الجبار بن معاذ بن فاخر السجزي	ShamAY	32843	0.26671
		منتقى من الجزء الثاني من الفوائد والنوادر لابن أبي علي الأصفهاني - مخطوط	أبو الحسين محمد بن الحسن بن أحمد الأهوازي المعروف بابن أبي علي الأصفهاني	ShamAY	38127	0.2667
		نكتة الإعراب	عبد الله بن يوسف بن أحمد بن عبد الله ابن يوسف، أبو محمد، جمال الدين، ابن هشام (المتوفى: 761هـ)	ShamAY	5352	0.26665
		موسوعة الأسئلة والأجوبة	أبو الوليد المقتدي	ShamAY	34761	0.26664
		إسهام الجمعيات الخيرية لتحفيظ القرآن الكريم في بناء المرأة	هدى الدليجان	ShamAY	36768	0.2665
		العنوان في القراءات السبع	أبو طاهر إسماعيل بن خلف بن سعيد المقرئ الأنصاري السرقسطي (المتوفى: 455هـ)	ShamAY	12228	0.26642
		البعث والنشور للبيهقي	أحمد بن الحسين بن علي بن موسى الخسروجردي الخراساني، أبو بكر البيهقي (المتوفى: 458ه)	Sham19Y	9292	0.2664
		الذّريعة إلى تصانيف الشّيعة [ج ٩ - ٣]	الشيخ آقا بزرك الطهراني	Rafed	480	0.2664
		البنك اللاربوي في الإسلام	السيد محمد باقر الصدر	Masaha	581	0.26637
		كتاب الصلاة على النبي صلى الله عليه وسلم	أبو بكر بن أبي عاصم وهو أحمد بن عمرو بن الضحاك بن مخلد الشيباني (المتوفى: 287هـ)	ShamAY	1366	0.26631
		مداراة الناس لابن أبي الدنيا - ط أطلس الخضراء = مقابل	أبو بكر عبد الله بن محمد ابن أبي الدنيا	ShamAY	38129	0.2663
		الخامس من معجم شيوخ الدمياطي	عبد المؤمن بن خلف الدمياطي، أبو محمد، شرف الدين الشافعي (المتوفى: 705ه)	ShamelaY19	30644	0.2663
		تعظيم الفتيا لابن الجوزي	جمال الدين أبو الفرج عبد الرحمن بن علي بن محمد الجوزي (المتوفى: 597ه)	ShamelaY19	26894	0.26629
		طبقات المحدثين بأصبهان والواردين عليها	أبو محمد عبد الله بن محمد بن جعفر بن حيان الأنصاري المعروف بأبِي الشيخ الأصبهاني (المتوفى: 369هـ)	ShamAY	4182	0.26621
		الجزء الثاني من حديث أبي محمد حاجب بن أحمد الطوسي- مخطوط (ن)	أَبُو مُحَمَّدٍ حَاجِبُ بنُ أَحْمَدَ بنِ يَرْحُمَ بنِ سُفْيَانَ الطُّوْسِيُّ (المتوفى: 336هـ)	ShamAY	10498	0.26614
		الإخلاص لابن أبي الدنيا - ط أطلس الخضراء = مقابل	أبو بكر عبد الله بن محمد ابن أبي الدنيا	ShamAY	38073	0.26613
		الآداب للبيهقي	أحمد بن الحسين بن علي بن موسى الخسروجردي الخراساني، أبو بكر البيهقي (المتوفى: 458ه)	Sham19Y	8203	0.26613
		من قال فيه البخاري «فيه نظر» وأقوال أهل الجرح والتعديل - دراسة تطبيقية في كتابه «التاريخ الكبير»	أبو ذر عبد القادر بن مصطفى بن عبد الرزاق المحمدي	ShamelaY19	95586	0.26612
		مشيخة ابن شاذان الصغرى	الحسن بن أحمد بن إبراهيم بن الحسن ابن محمد بن شاذان، أبو علي البَزَّاز (المتوفى: 425هـ)	ShamAY	5723	0.26606
		كتاب المزار - مناسك المزار	محمد بن  محمد بن نعمان شيخ مفيد	Ghbook	2589	0.266
		أسماء من يعرف بكنيته من أصحاب الرسول (صلى الله عليه وسلم)	أبو الفتح الأزدي	ShamAY	34619	0.26596
		معجم البدع	رائد بن صبري بن أبي علفة	ShamAY	32572	0.26595
		النحو المستطاب [ج ١]	الدكتور عبد الرحمن بن عبد الرحمن شميلة الأهدل	Rafed	2076	0.26593
		كتاب الكنى لمن لا يعرف له اسم من أصحاب النبي صلى الله عليه وسلم	أبو الفتح محمد بن الحسين بن أحمد بن عبد الله بن بريدة الموصلي الأزدي (المتوفى: 374ه)	ShamelaY19	26895	0.26592
		الأربعون لابن المقرئ (مطبوع ضمن جمهرة الأجزاء الحديثية)	أبو بكر بن المقرئ (المتوفى: 381هـ)	ShamAY	21473	0.26591
		ذم الثقلاء	محمد بن خلف بن المرزبان بن بسام، أبو بكر المحولي (المتوفى: 309هـ)	ShamAY	6769	0.26591
		مشيخة ابن البخاري - مخطوط	أبو الحسن علي بن أحمد بن عبد الواحد المقدسي المعروف بابن البخاري	ShamAY	32864	0.26589
		مجموع فيه عشرة أجزاء حديثية	مجموعة من أصحاب الأجزاء	ShamAY	1401	0.26589
		الجزء الثاني من مسند أبي هريرة رضي الله عنه	أَبُو إِسْحَاقَ إِبْرَاهِيْمُ بنُ حَرْبٍ العَسْكرِيُّ، السِّمْسَارُ (المتوفى: بعد 282هـ)	ShamAY	26592	0.26586
		الكرم والجود وسخاء النفوس	أبو جعفر محمد بن الحسين البرجلاني (المتوفى: 238ه)	Sham19Y	7755	0.26577
		التخريج لصحيح الحديث	أَحْمَد بْن مُحَمَّد بْن أَحْمَد بْن مُحَمَّد بْن منصور أَبُو الحسن المجهز المعروف بالعتيقي (المتوفى: 441هـ)	ShamAY	22334	0.2657
		الموسوعة القرآنيّة [ج ٧]	ابراهيم الأبياري	Rafed	3866	0.26569
		الامام الثالث الامام الحسين ( عليه السلام )	موسسه في طريق الحق	Ghbook	5904	0.26562
		الأنوار في شمائل النبي المختار	محيي السنة، أبو محمد الحسين بن مسعود بن محمد بن الفراء البغوي الشافعي (المتوفى: 516هـ)	ShamAY	10803	0.26558
		فوائت كتاب سيبويه	أبو سعيد الحسن بن عبد الله السيرافي (المتوفى: 368 هـ)	ShamAY	38991	0.26557
		الثاني من شعار الأبرار في الأدعية والأذكار شيوخه (ضمن مجموع مطبوع باسم الفوائد لابن منده!)	عبد الرحمن بن أحمد بن مبارك بن حماد بن تركي الغزي الشيخ الزاهد زين الدين أبو الفرج المعروف بابن الشيخة المصري الحسيني (المتوفى: 799هـ)	ShamAY	9382	0.2655
		فضل يوم التروية وعرفة	أبو محمد موفق الدين عبد الله بن أحمد بن محمد بن قدامة الجماعيلي المقدسي ثم الدمشقي الحنبلي، الشهير بابن قدامة المقدسي (المتوفى: 620هـ)	ShamAY	30317	0.26548
		الزهد لابن أبي عاصم	أبو بكر بن أبي عاصم وهو أحمد بن عمرو بن الضحاك بن مخلد الشيباني (المتوفى: 287هـ)	ShamAY	13026	0.26545
		الرسائل الثلاث: المستطابه في نسب سادات طابه 	سيدمهدي رجايي	Ghbook	15605	0.26539
		فضائل الرمي لإسحاق القراب	أبو يعقوب إسحاق بن أبي إسحاق إبراهيم بن محمد ابن عبد الرحمن السرخسي الهروي، المعروف بـ القَرَّاب (المتوفى: 429هـ)	ShamAY	10269	0.26536
		الكتاب المصنف في الأحاديث والآثار	أبو بكر بن أبي شيبة، عبد الله بن محمد بن إبراهيم بن عثمان بن خواستي العبسي (المتوفى: 235هـ)	ShamAY	31642	0.26535
		الفقيه والمتفقه للخطيب البغدادي	أبو بكر أحمد بن علي بن ثابت بن أحمد بن مهدي الخطيب البغدادي (المتوفى: 463هـ)	ShamAY	13048	0.26534
		فضيلة الشكر لله على نعمته	أبو بكر محمد بن جعفر بن محمد بن سهل بن شاكر الخرائطي السامري (المتوفى: 327هـ)	ShamAY	13140	0.26533
		علل الأحاديث في كتاب الصحيح المسلم بن الحجاج	أَبُو الفَضْلِ مُحَمَّدُ بنُ أَبِي الحُسَيْنِ أَحْمَدَ بنِ مُحَمَّدِ بنِ عَمَّارِ بنِ مُحَمَّدِ بنِ حَازِمِ بنِ المُعَلَّى بنِ الجَارُوْدِ الجَارُوْدِيُّ، الهَرَوِيُّ، الشَّهِيْدُ (المتوفى: 317هـ)	ShamAY	6049	0.26524
		مكارم الأخلاق للخرائطي - مطبعة المدني	الخرائطي	ShamAY	33949	0.26523
		مسند ابن الجعد	علي بن الجَعْد بن عبيد الجَوْهَري البغدادي (المتوفى: 230هـ)	ShamAY	4407	0.26514
		الأربعون من رواية مالك عن نافع للسيوطي	عبد الرحمن بن أبي بكر، جلال الدين السيوطي (المتوفى: 911هـ)	ShamAY	29569	0.26507
		المسند للشاشي	أبو سعيد الهيثم بن كليب بن سريج بن معقل الشاشي البِنْكَثي (المتوفى: 335هـ)	ShamAY	13066	0.26503
		دفع التشنيع في مسألة التسميع	عبد الرحمن بن أبي بكر، جلال الدين السيوطي (المتوفى: 911هـ)	ShamAY	6260	0.26498
		من قال فيه البخاري «فيه نظر» وأقوال أهل الجرح والتعديل - دراسة تطبيقية في كتابه «التاريخ الكبير»	أبو ذر عبد القادر بن مصطفى بن عبد الرزاق المحمدي	Sham19Y	95586	0.26488
		الجزء الخامس من الفوائد المنتخبة العوالي (السراجيات) - مخطوط	أبو محمد جعفر بن أحمد بن الحسين السراج القارئ	ShamAY	38108	0.26487
		الدعاء للمحاملي	أبو عبد الله البغدادي الحسين بن إسماعيل بن محمد بن إسماعيل بن سعيد بن أبان الضبي المحاملي (المتوفى: 330هـ)	ShamAY	8255	0.26486
		كتاب فيه مواعظ وحكمة لأبي الفتح الأزدي - مخطوط	أبو الفتح محمد بن الحسين الأزدي	ShamAY	32941	0.26484
		أسد الغابة في معرفة الصحابة	أبو الحسن علي بن أبي الكرم محمد بن محمد بن عبد الكريم بن عبد الواحد الشيباني الجزري، عز الدين ابن الأثير (المتوفى: 630ه)	Sham19Y	1110	0.26481
		جزء فيه من حديث أبي الحسين عبد الوهاب بن الحسن الكلابي عن شيوخه	أَبُو الحُسَيْنِ عَبْدُ الوَهَّابِ بنُ الحَسَنِ بنِ الوَلِيْدِ بنِ مُوْسَى الكِلاَبِيُّ الدِّمَشْقِيُّ (المتوفى: 396هـ)	ShamAY	26877	0.26478
		تساعيات ابن العطار	أبو الحسن على بن إبراهيم بن داود الدمشقي الشافعي الشهير بابن العطار	ShamAY	33569	0.26475
		معجم المحدثين للذهبى - العلمية	شمس الدين محمد بن أحمد بن عثمان الذهبي	ShamAY	34631	0.26471
		مجمع البحرين في زوائد المعجمين (الأوسط والصغير للطبراني) للهيثمي - ط الرشد	نور الدين الهيثمي	ShamAY	38036	0.26469
		الأربعين من الأحاديث النبوية عن أربعين من مشائخ الإسلام مروية - مخطوط	أحمد بن أبي بكر بن علي بن إسماعيل الحموي، ابن الرسام (المتوفى: 844ه)	Sham19Y	13129	0.26468
		تاريخ مدينة دمشق [ج ٧٠]	أبي القاسم علي بن الحسن ابن هبة الله بن عبد الله الشافعي [ ابن عساكر ]	Rafed	2571	0.26465
		حديث خالد بن مرداس السراج	خَالِد بْن مرداس أَبُو الهيثم السراج (المتوفى: 231هـ)	ShamAY	29705	0.26464
		سوابق عنوان المجد في تاريخ نجد	عثمان بن عبدالله ابن بشر	Rafed	2454	0.26463
		 مقامع الفضل 	 آقا محمد علي كرمانشاهي 	ABLibrary	9352	0.26457
		سلسلة الكذّابين والوضّاعين	الشيخ عبد الحسين الأميني النجفي	Masaha	304	0.26454
		آليات نقل حقوق الملكية في الأسواق	د. محمد بن إبراهيم السحيباني	ShamAY	36173	0.26453
		العقل وفضله لابن أبي الدنيا - ط أطلس الخضراء = مقابل	أبو بكر عبد الله بن محمد ابن أبي الدنيا	ShamAY	38119	0.26451
		ديوان عبد الله بن المبارك	الإمام عبدالله بن المبارك (110 هـ - 181 هـ)	ShamAY	37918	0.26448
		جامع بيان العلم وفضله - ت السعدني ط العلمية	أبو عمر يوسف بن عبد الله بن محمد بن عبد البر بن عاصم النمري القرطبي (المتوفى: 463هـ)	ShamAY	34003	0.26447
		مجموع أجزاء حديثية	مجموعة من المؤلفين	ShamAY	35229	0.26446
		منتقى من الجزء الأول والثالث من حديث المروزي	أَبُو القَاسِمِ، عَبْدُ اللهِ بنُ مُحَمَّدِ بنِ إِسْحَاقَ بنِ يَزِيْدَ، المَرْوَزِيُّ الأَصل، البَغْدَادِيُّ، وَيُعْرَفُ بحَامض رَأْسه (المتوفى: 329هـ)	ShamAY	5776	0.2644
		الأول والثاني من الفوائد المنتقاة من حديث الإخميمي انتقاء عبد الغني بن سعيد الأزدي - مخطوط	أبو الحسن محمد بن أحمد بن العباس الإخميمي	ShamAY	32839	0.26439
		الآداب للبيهقي	أحمد بن الحسين بن علي بن موسى الخُسْرَوْجِردي الخراساني، أبو بكر البيهقي (المتوفى: 458هـ)	ShamAY	8203	0.26438
		رسالة في اسم الفاعل، المراد به الاستمرار في جميع الأزمنة	أحمد بن قاسم الصباغ العبادي ثم المصري الشافعي الأزهري، شهاب الدين (المتوفى: 992ه)	Sham19Y	6992	0.26437
		المحدث الفاصل بين الراوي والواعي للرامهرمزي	أبو محمد الحسن بن عبد الرحمن بن خلاد الرامهرمزي الفارسي (المتوفى: 360هـ)	ShamAY	13059	0.2643
		أسد الغابة في معرفة الصحابة	أبو الحسن علي بن أبي الكرم محمد بن محمد بن عبد الكريم بن عبد الواحد الشيباني الجزري، عز الدين ابن الأثير (المتوفى: 630هـ)	ShamAY	1110	0.26422
		الأربعون حديثا في حق الفقراء لأبي طاهر السلفي - مخطوط (ن)	صدر الدين، أبو طاهر السِّلَفي أحمد بن محمد بن أحمد بن محمد بن إبراهيم سِلَفَه الأصبهاني (المتوفى: 576هـ)	ShamAY	12883	0.2642
		الثاني من المصباح في عيون الصحاح	عبد الغني بن عبد الواحد بن علي بن سرور المقدسي الجماعيلي الدمشقي الحنبلي، أبو محمد، تقي الدين (المتوفى: 600هـ)	ShamAY	30617	0.26416
		كتاب سلوك طريق السلف في ذكر مشايخ الشيخ المعمر أبي محمد عبد الحق بن خلف المتوفى: 641 ه	محمد بن يوسف بن يداس البرزالي الأندلسي الإشبيلي، أبو عبد الله (المتوفى: 636ه)	ShamelaY19	26560	0.26413
		القواعد التطبيقية في اللغة العربيّة	الدكتور نديم حسين دعكور	Rafed	2833	0.26407
		أربع مجالس للخطيب البغدادي	أبو بكر أحمد بن علي بن ثابت بن أحمد بن مهدي الخطيب البغدادي (المتوفى: 463ه)	ShamelaY19	30025	0.26406
		علل الأحاديث في كتاب الصحيح المسلم بن الحجاج	أبو الفضل محمد بن أبي الحسين أحمد بن محمد بن عمار بن محمد بن حازم بن المعلى بن الجارود الجارودي، الهروي، الشهيد (المتوفى: 317ه)	Sham19Y	6049	0.26406
		حديث ذي النون المصري	ذو النون المصري ثوبان بن إبراهيم وقيل: فيض بن أحمد وقيل: فيض بن إبراهيم النوبي، الإخميمي (المتوفى: 248ه)	Sham19Y	30738	0.26404
		عروس الأجزاء	أَبُو الفَرَجِ مَسْعُوْدُ بنُ الحَسَنِ الثَّقَفِيُّ الأَصْبَهَانِيُّ (المتوفى: 562هـ)	ShamAY	1361	0.26403
		معجم الصحابة للبغوي - ط: مبرة الآل والأصحاب	أبو القاسم البغوي (317 هـ)	ShamAY	34636	0.26403
		مجلس من أمالي أبي عبد الله العطار	أبو عبد الله محمد بن مخلد بن حفص العطار الدوري البغدادي (المتوفى: 331هـ)	ShamAY	29858	0.26399
		الجزء فيه من حديث أبي عمرو عثمان بن عمر الدراج	عُثْمَان بْن عُمَر بْن خفيف أَبُو عُمَر المقرئ المعروف بالدراج (المتوفى: 361هـ)	ShamAY	7911	0.26398
		الصيام للفريابي	أبو بكر جعفر بن محمد بن الحسن بن المُسْتَفاض الفِرْيابِي (المتوفى: 301هـ)	ShamAY	13040	0.26395
		جزء فيه : ستة مجالس من أمالي الشيخ الإمام العدل أبي بكر محمد بن عبد الباقي بن محمد الأنصاري عن شيوخه (442هـ ــ 535هـ )	محمد بن زيد الأنصاري	ShamAY	35227	0.26395
		أخبار المصحفين للعسكري	أبو أحمد الحسن بن عبد الله العسكري (ت:382هـ)	ShamAY	34669	0.26387
		وسائل التعرف على الجهر والهمس	أشرف أحمد البكليش	ShamAY	37176	0.26373
		بيان خطا البخاري في تاريخه	عبد الرحمن بن محمد بن إدريس بن المنذر التميمي، الحنظلي، الرازي ابن أبي حاتم (المتوفى: 327هـ)	ShamAY	1076	0.26368
		أحاديث في ذم الكلام وأهله انتخبها الإمام أبو الفضل المقرئ من رد أبي عبد الرحمن السلمي على أهل الكلام	أبو الفضل عبد الرحمن بن أحمد بن الحسن الرازي المقرىء (المتوفى: 454ه)	Sham19Y	26462	0.26365
		تفسير القرآن العظيم [ج ٢]	عبد الرحمن بن محمّد ابن إدريس الرازي ابن أبي حاتم	Rafed	1827	0.26364
		موسوعة قرى ومدن لبنان [ج ١٤]	طوني مفرّج	Rafed	2596	0.26362
		مجلس إملاء في رؤية الله تعالى للدقاق	أَبُو عَبْدِ اللهِ مُحَمَّدُ بنُ عَبْدِ الوَاحِدِ بنِ مُحَمَّدٍ الأَصْبَهَانِيّ، الدَّقَّاق (المتوفى: 516هـ)	ShamAY	9594	0.26358
		عروس الأجزاء	أبو الفرج مسعود بن الحسن الثقفي الأصبهاني (المتوفى: 562ه)	ShamelaY19	26746	0.26358
		المسالك والممالك لابن خرداذبة	أبو القاسم عبيد الله بن عبد الله المعروف بابن خرداذبة (المتوفى: نحو 280هـ)	ShamAY	11800	0.26353
		لباب الإعراب في تيسير علم النحو لعامة الطلاب	فيصل المبارك	ShamAY	37077	0.26351
		العقل وفضله لابن أبي الدنيا	أبو بكر عبد الله بن محمد بن عبيد بن سفيان بن قيس البغدادي الأموي القرشي المعروف بابن أبي الدنيا (المتوفى: 281هـ)	ShamAY	3732	0.26345
		صلة التكملة لوفيات النقلة	الحافظ عز الدين أحمد بن محمد بن عبد الرحمن الحسيني (المتوفى:695هـ)	ShamAY	34633	0.26344
		أصحاب الإمام أمير المؤمنين عليه السلام والرّواة عنه [ج ٢]	الدكتور الشيخ محمّد هادي الأميني	Rafed	2546	0.26338
		رساله الدم	سيد محمد باقر موسوي مهري	Ghbook	5962	0.26338
		فضائل القرآن للمستغفري	أَبُو العَبَّاسِ جَعْفَرُ بنُ مُحَمَّدِ بنُ المُعْتَزِّ بنِ مُحَمَّدِ بنِ المُسْتَغْفِرِ بنِ الفَتْحِ بنِ إِدْرِيْسَ المُسْتَغْفِرِيُّ، النَّسَفِيُّ (المتوفى: 432هـ)	ShamAY	21315	0.26337
		الرضا عن الله بقضائه (الكتب الثقافية)	أبو بكر عبد الله بن محمد بن عبيد بن سفيان بن أبي الدنيا	ShamAY	34117	0.26335
		أحاديث في ذم الكلام وأهله انتخبها الإمام أبو الفضل المقرئ من رد أبي عبد الرحمن السلمي على أهل الكلام	أبو الفضل عبد الرحمن بن أحمد بن الحسن الرازي المقرىء (المتوفى: 454ه)	ShamelaY19	26462	0.26334
		الجزء الثاني من مسند أبي هريرة رضي الله عنه	أبو إسحاق إبراهيم بن حرب العسكري، السمسار (المتوفى: بعد 282ه)	ShamelaY19	26592	0.26329
		شرح مذاهب أهل السنة ومعرفة شرائع الدين والتمسك بالسنن	أبو حفص عمر بن أحمد بن عثمان بن أحمد بن محمد بن أيوب بن أزداذ البغدادي المعروف بـ ابن شاهين (المتوفى: 385هـ)	ShamAY	13124	0.26327
		مسموعات أبي محمد رزق الله التميمي	رزق الله بن عبد الوهاب بن عبد العزيز، أبو محمد التميمي الحنبلي (المتوفى: 488ه)	ShamelaY19	29773	0.26325
		جزء فيه مجلس من إملاء أبي الفرج محمد بن أحمد المعروف بابن الغوري	محمد بن أحمد أبو الفرج ابن الغوري (ت: 239)	ShamAY	33638	0.26324
		معارج الوصول الي معرفه فضل آل الرسول و البتول ( عليهم الصلاه و السلام ) - الامام...	جمال الدين محمد بن يوسف زرندي نجفي	Ghbook	6234	0.26321
		صفة الفتوى والمفتي والمستفتي	أبو عبد الله أحمد بن حمدان بن شبيب بن حمدان النميري الحرّاني الحنبلي (المتوفى: 695هـ)	ShamAY	679	0.26319
		البعث والنشور للبيهقي	أحمد بن الحسين بن علي بن موسى الخُسْرَوْجِردي الخراساني، أبو بكر البيهقي (المتوفى: 458هـ)	ShamAY	9292	0.26317
		أنوار الفقاهة (كتاب الكفالة)	الشيخ حسن كاشف الغطاء	Masaha	914	0.26313
		البدع والنهي عنها	أبو عبد الله محمد بن وضاح بن بزيع المرواني القرطبي (المتوفى: 286ه)	Sham19Y	8208	0.26303
		جزء العبدي	علي بن الحسن بن إسماعيل العبديّ، من بني عبد القيس، أبو الحسن (المتوفى: 599هـ)	ShamAY	30731	0.26301
		الأربعون في شيوخ الصوفية للماليني	أبو سعد أحمد بن محمد بن أحمد بن عبد الله بن حفص بن خليل الأنصاري الهروي الماليني (المتوفى: 412هـ)	ShamAY	8247	0.26284
		طبقات النسابين	بكر بن عبد الله أبو زيد بن محمد بن عبد الله بن بكر بن عثمان بن يحيى بن غيهب بن محمد (المتوفى: 1429هـ)	ShamAY	1592	0.26284
		مائة حديث من الأحاديث الضعيفة والموضوعة	إحسان العتيبي	ShamAY	33072	0.26276
		التاريخ والعلل عن يحيى بن معين رواية الدوري - ط الفاروق الحديثة	يحيى بن معين	ShamAY	38167	0.2627
		تاريخ الرقة ومن نزلها من أصحاب رسول الله صلى الله عليه وسلم والتابعين والفقهاء والمحدثين	محمد بن سعيد بن عبد الرحمن القشيري، أبو علي (المتوفى: 334ه)	ShamelaY19	26383	0.2627
		(المنفعة في القرض) دراسة تأصيلية تطبيقية	عبد الله بن محمد العمراني	ShamAY	36312	0.26266
		الفوائد المنتخبة من أصول مسموعات المخلدي انتخاب البحيري - مخطوط	أبو محمد الحسن بن أحمد بن محمد بن علي بن مخلد بن شيبان العدل المخلدي	ShamAY	32921	0.26263
		تفسير القرآن العظيم [ج ٤]	عبد الرحمن بن محمّد ابن إدريس الرازي ابن أبي حاتم	Rafed	1829	0.26262
		من سؤالات أبي بكر أحمد بن محمد بن هانئ الأثرم أبا عبد الله أحمد بن محمد بن حنبل	أبو عبد الله أحمد بن محمد بن حنبل بن هلال بن أسد الشيباني (المتوفى: 241هـ)	ShamAY	25873	0.26256
		مسند عبد الرحمن بن عوف للبرتي	أبو العباس أحمد بن محمد بن عيسى بن الأزهر البِرْتي البغدادي القاضي الحنفي (المتوفى: 280هـ)	ShamAY	13168	0.26247
		فوائد محمد بن مخلد	أبو عبد الله محمد بن مخلد بن حفص العطار الدوري البغدادي (المتوفى: 331هـ)	ShamAY	1305	0.2624
		فضائل فاطمة الزهراء لأبي عبد الله الحاكم	أبو عبد الله محمد بن عبد الله المعروف بابن البَيِّع الحاكم النيسابوري	ShamAY	33603	0.2624
		تاريخ الإسلام ووفيات المشاهير والأعلام [ج ١٠]	شمس الدين محمّد بن أحمد بن عثمان الذّهبي	Rafed	3354	0.26238
		الجزء الخامس من الفوائد الصحاح العوالي والأفراد والحكايات - مخطوط	أبو يعلى محمد بن الحسين الفراء	ShamAY	32912	0.26233
		كتاب سلوك طريق السلف في ذكر مشايخ الشيخ المعمر أبي محمد عبد الحق بن خلف المتوفى: 641 هـ	محمد بن يوسف بن يَدَّاس البرزالي الأندلسي الإشبيلي، أبو عبد الله (المتوفى: 636هـ)	ShamAY	26560	0.26223
		المعجم المختص بالمحدثين	شمس الدين أبو عبد الله محمد بن أحمد بن عثمان بن قايماز الذهبي (المتوفى: 748ه)	Sham19Y	9869	0.26207
		محدث الحرمين عمر بن حمدان بن عمر المحرسي المكي المدني، العلامة، الثبت، المسند، الإمام	د. رضا بن محمد صفي الدين السنوسي	ShamAY	34648	0.26201
		فضيلة العادلين من الولاة لأبي نعيم	أبو نعيم أحمد بن عبد الله بن أحمد بن إسحاق بن موسى بن مهران الأصبهاني (المتوفى: 430ه)	Sham19Y	13141	0.26184
		 سوابق عنوان المجد في تاريخ نجد 	 عثمان بن عبد الله ابن بشر 	ABLibrary	9125	0.26183
		الفوائد الملتفظة والفرائد الملتقطة من مسموعات أبي الفتح الخرقي - مخطوط		ShamAY	32766	0.26182
		عجائب وطرائف الكتاب المقدس		ShamAY	35367	0.2618
		حديث أبي القاسم عافية وغيره لأبي بكر بن المهندس - مخطوط (ن)	أَبُو بَكْرٍ أَحْمَدُ بنُ مُحَمَّدِ بنِ إِسْمَاعِيْلَ البنَّاءُ ابْنُ المُهَنْدِسِ (المتوفى: 385هـ)	ShamAY	11433	0.2618
		أبو الحسين ابن الطراوة وآراؤه في النحو والصرف ( 438 - 528 هـ )	الدكتور مزيد إسماعيل نعيم ـ روفائيل مرجان	ShamAY	37035	0.26178
		الدعاء للمحاملي - دار الغرب	أبو عبد الله البغدادي الحسين بن إسماعيل بن محمد بن إسماعيل بن سعيد بن أبان الضبي المحاملي (المتوفى: 330هـ)	ShamAY	33680	0.26176
		التخريج لصحيح الحديث	أحمد بن محمد بن أحمد بن محمد بن منصور أبو الحسن المجهز المعروف بالعتيقي (المتوفى: 441ه)	Sham19Y	22334	0.26175
		رسالة ابن عبد الهادي في فضائل الصحابة - مخطوط	أبو عبد الله محمد بن أحمد بن عبد الهادي المقدسي	ShamAY	32857	0.26172
		مجلس من إملاء ابن الغوري - مخطوط		ShamAY	32796	0.26168
		المتوارين الذين اختفوا خوفا من الحجاج بن يوسف الثقفي	أبو محمد عبد الغني بن سعيد بن علي بن بشر بن مروان الأزدي المصري (المتوفى: 409هـ)	ShamAY	1139	0.26164
		الفرق بين الضاد والظاء	تقي الدين أبو بكر عبد الله بن علي بن محمد الشيباني الموصلي ثم الدمشقي الشافعي (المتوفى: 797ه)	Sham19Y	14603	0.26161
		سؤالات البرذعي لأبي زرعة الرازي ومعه كتاب أسامي الضعفاء له - ط الفاروق	عبيد الله بن عبد الكريم أبو زرعة الرازي	ShamAY	34145	0.2616
		المعرفة والتاريخ (العلمية)	أبو يوسف يعقوب بن سفيان الفسوي (المتوفى : 347هـ)	ShamAY	33818	0.2616
		حديث أبي بكر بن الأنباري	محمد بن جعفر بن محمد بن الهيثم، أبو بكر الأنباري، البندار (المتوفى: 360ه)	ShamelaY19	29781	0.26157
		القمر الزاهر: الاسيله والاجوبه حول الامام المهدي (عج)	مسعود دريس	Ghbook	12932	0.26149
		أحاديث مختارة من موضوعات الجورقاني وابن الجوزي	شمس الدين أبو عبد الله محمد بن أحمد بن عثمان بن قَايْماز الذهبي (المتوفى: 748هـ)	ShamAY	6071	0.26148
		سؤالات أبي بكر الأثرم لأبي عبد الله أحمد بن حنبل - ط الفاروق	أبو بكر أحمد بن محمد بن هانيء الأثرم	ShamAY	34157	0.26146
		أحاديث في ذم الكلام وأهله انتخبها الإمام أبو الفضل المقرئ من رد أبي عبد الرحمن السلمي على أهل الكلام	أبو الفضل عبد الرحمن بن أحمد بن الحسن الرازي المقرىء (المتوفى: 454هـ)	ShamAY	26462	0.26145
		الاختيار في بيع العقار	يوسف بن عبد الهادي (909 هـ)	ShamAY	34285	0.2614
		أربعون حديثا عن أربعين شيخا في أربعين لابن المقرب	ابن المقرب	ShamAY	1421	0.2614
		الأريعون المدنية	أبو أحمد، محمد بن أحمد بن محمد العماري	ShamelaY19	36565	0.2614
		السنة لابن أبي عاصم	أبو بكر بن أبي عاصم وهو أحمد بن عمرو بن الضحاك بن مخلد الشيباني (المتوفى: 287هـ)	ShamAY	5930	0.26129
		مسند ابن الجعد - ط الفلاح ت عبد الهادي	ابن الجعد	ShamAY	38024	0.26127
		الأربعين من الأحاديث النبوية عن أربعين من مشائخ الإسلام مروية - مخطوط	أحمد بن أبي بكر بن علي بن إسماعيل الحموي، ابن الرَّسَّام (المتوفى: 844هـ)	ShamAY	13129	0.26117
		تلقيح فهوم أهل الأثر في عيون التاريخ والسير	جمال الدين أبي الفرج عبد الرحمن ابن الجوزي [508هـ - 597هـ]	ShamAY	6700	0.26117
		معجم حفاظ القرآن عبر التاريخ	محمد محمد محمد سالم محيسن (المتوفى: 1422هـ)	ShamAY	1227	0.26108
		القدر وما ورد في ذلك من الآثار	عبد الله بن وهب بن مسلم القرشي	ShamAY	33860	0.26105
		المشيخة البغدادية للأموي ت بشار	رَشِيدُ الدِّيْنِ، أَبُو العَبَّاسِ أَحْمَدُ بنُ المُفَرّج بن عَلِيِّ بنِ عَبْدِ العَزِيْزِ بنِ مَسْلَمَةَ الدِّمَشْقِيُّ (المتوفى: 650هـ)	ShamAY	9389	0.26104
		الأمالي والقراءة	أبو محمد الحسن بن علي بن عفان الكوفي العامري (المتوفى: 270ه)	Sham19Y	12998	0.26104
		عوالي مالك رواية الخطيب	أبو بكر أحمد بن علي بن ثابت بن أحمد بن مهدي الخطيب البغدادي (المتوفى: 463ه)	ShamelaY19	26750	0.26103
		 عبقات الأنوار في إمامة الأئمة الأطهار ( فارسي ) 	 السيد حامد النقوي 	ABLibrary	8508	0.26096
		مَشْيَخَةُ أَبِي يُوسُف يَعْقُوبَ بْنِ سُفْيَانَ الْفَسَوِيِّ - مخطوط	يعقوب بن سفيان الفسوي	ShamAY	38035	0.26093
		أحاديث السري بن يحيى	السرى بن يحيى بن إياس بن حرملة بن إياس الشيبانى المحلمى، أبو الهيثم، ويقال أبو يحيى، البصرى (المتوفى: 167ه)	ShamelaY19	29701	0.26089
		إن الله يزع بالسلطان ما لا يزع بالقرآن - تخريجا وشرحا	إبراهيم بن عبد الله المديهش	ShamelaY19	145426	0.26085
		مكارم الأخلاق ومعاليها ومحمود طرائقها	أبو بكر محمد بن جعفر بن محمد بن سهل بن شاكر الخرائطي السامري (المتوفى: 327ه)	Sham19Y	9595	0.26085
		فضائل القرآن للمستغفري	أبو العباس جعفر بن محمد بن المعتز بن محمد بن المستغفر بن الفتح بن إدريس المستغفري، النسفي (المتوفى: 432ه)	ShamelaY19	21315	0.26082
		جزء أحمد بن عصام (مطبوع مع جزء محمد بن عاصم)	أبو يحيى أحمد بن عصام بن عبد المجيد بن كثير بن أبي عمرة الأنصاري الأصبهاني (المتوفى: 272هـ)	ShamAY	9051	0.26078
		الهداية	أبي جعفر محمّد بن علي بن الحسين بن بابويه القمّي [ الشيخ الصدوق ]	Rafed	3443	0.26077
		المعجم المختص بالمحدثين	شمس الدين أبو عبد الله محمد بن أحمد بن عثمان بن قَايْماز الذهبي (المتوفى: 748هـ)	ShamAY	9869	0.26075
		مجلس من أمالي ابن الأنباري	محمد بن القاسم بن محمد بن بشار، أبو بكر الأنباري (المتوفى: 328هـ)	ShamAY	26738	0.2607
		المدينة المنورة النبوية فضلها، فضل ساكنيها، زيارتها	جابر بن موسى بن عبد القادر بن جابر أبو بكر الجزائري	ShamAY	8546	0.26065
		ذيل تأريخ مدينة السلام [ج ٢]	أبي عبد الله محمّد بن سعيد بن الدبيثي	Rafed	2311	0.26056
		الثاني من أمالي ابن السماك	عثمان بن أحمد بن عبيد الله بن يزيد، أبو عمرو الدقاق، ابن السَّمَّاك (المتوفى: 344هـ)	ShamAY	29863	0.26053
		مجموع فيه مصنفات أبي الحسن ابن الحمامي وأجزاء حديثية أخرى	مجموعة من المؤلفين	ShamAY	1379	0.26052
		سنن ابن ماجة - ط الرسالة	ابن ماجة أبو عبد الله محمد بن يزيد القزويني	ShamAY	33959	0.26048
		تلقيح فهوم أهل الأثر في عيون التاريخ والسير	جمال الدين أبي الفرج عبد الرحمن ابن الجوزي [508هـ - 597هـ]	ShamAY	32198	0.26048
		ديوان المثقب العبدي	العائذ بن محصن بن ثعلبة ( 553 ـ 587 م )	ShamAY	37895	0.26046
		فضل يوم عرفة لابن عساكر	ثقة الدين، أبو القاسم علي بن الحسن بن هبة الله المعروف بابن عساكر (المتوفى: 571ه)	ShamelaY19	26469	0.26037
		تعليقة على العلل لابن أبي حاتم	شمس الدين محمد بن أحمد بن عبد الهادي بن يوسف الدمشقي الحنبلي (المتوفى: 744هـ)	ShamAY	11569	0.26034
		إسلام زيد بن حارثة وغيره من أحاديث الشيوخ	أبو القاسم تمام بن محمد بن عبد الله بن جعفر بن عبد الله بن الجنيد البجلي الرازي ثم الدمشقي (المتوفى: 414هـ)	ShamAY	9368	0.26024
		العهد الجديد ـ عرض ونقد	حمود السلامه	ShamAY	37763	0.26009
		الأحاديث الأربعون المتباينة الأسانيد والمتون	محمد بن عبد الله (أبي بكر) بن محمد ابن أحمد بن مجاهد القيسي الدمشقي الشافعي، شمس الدين، الشهير بابن ناصر الدين (المتوفى: 842هـ)	ShamAY	30248	0.26006
		مجلسان لأبي سعد البغدادي	أَبُو سَعْدٍ أَحْمَدُ بنُ مُحَمَّدِ بنِ أَحْمَدَ بنِ الحَسَنِ بنِ عَلِيِّ بنِ أَحْمَدَ بنِ سُلَيْمَانَ االبَغْدَادِيُّ الأَصْل، الأَصْبَهَانِيُّ (المتوفى: 540هـ)	ShamAY	29783	0.25997
		بغية الطلب في تاريخ حلب [ج ٣]	كمال الدّين عمر بن أحمد بن أبي جرادة الحلبي [ ابن العديم ]	Rafed	2138	0.25987
		تراجم القراء	الشيخ فائز عبد القادر شيخ الزور	ShamAY	35815	0.25983
		مشيخة السهروردي	عمر بن محمد بن عبد الله ابن عمويه، أبو حفص شهاب الدين القرشي التيمي البكري السهروردي (المتوفى: 632ه)	ShamelaY19	26473	0.25975
		ذم المسكر لابن أبي الدنيا	أبو بكر عبد الله بن محمد بن عبيد بن سفيان بن قيس البغدادي الأموي القرشي المعروف بابن أبي الدنيا (المتوفى: 281هـ)	ShamAY	13117	0.25968
		جزء فيه ما انتخبه أبو القاسم سليمان بن أحمد الطبراني، لابنه أبي ذر على أبي محمد عبد الله بن جعفر ابن فارس - مخطوط	أبو محمد عبد الله بن جعفر ابن فارس	ShamAY	38123	0.25968
		الجزء الثامن من المشيخة البغدادية	صدر الدين، أبو طاهر السِّلَفي أحمد بن محمد بن أحمد بن محمد بن إبراهيم سِلَفَه الأصبهاني (المتوفى: 576هـ)	ShamAY	30622	0.25968
		مجموع فيه مصنفات أبي العباس الأصم وإسماعيل الصفار	أبو العباس الأصم محمد بن يعقوب بن يوسف النيسابوري (346 هـ)	ShamAY	1381	0.25958
		التلمود تاريخه وتعاليمه	ظفر الإسلام خان	ShamAY	23120	0.25949
		حصن المسلم من أذكار الكتاب والسنة	د. سعيد بن على بن وهف القحطاني	ShamelaY19	31307	0.25949
		نسخة أبي حفص عمر بن زرارة الحدثي - مخطوط	أبو حفص عمر بن زرارة الحدثي الطرسوسي	ShamAY	32875	0.25944
		أمالي أبي بكر النجاد	أبو بكر النجاد، أحمد بن سلمان بن الحسن بن إسرائيل بن يونس البغدادي (المتوفى: 348ه)	Sham19Y	29721	0.25929
		رؤية الله للدارقطني	أبو الحسن علي بن عمر بن أحمد بن مهدي بن مسعود بن النعمان بن دينار البغدادي الدارقطني (المتوفى: 385ه)	ShamelaY19	21794	0.25927
		أنوار الفقاهة (كتاب الحوالة)	الشيخ حسن كاشف الغطاء	Masaha	903	0.25927
		مكارم الأخلاق ومعاليها ومحمود طرائقها	أبو بكر محمد بن جعفر بن محمد بن سهل بن شاكر الخرائطي السامري (المتوفى: 327هـ)	ShamAY	9595	0.25926
		الفوائد البهية في المواريث الشرعية	قاسم بن نعيم الطائي	ShamAY	36622	0.25925
		مجلسان لأبي بكر الشافعي - مخطوط	أبو بكر محمد بن عبد الله بن إبراهيم الشافعي	ShamAY	32913	0.25923
		مجموع فيه مصنفات أبي العباس الأصم وإسماعيل الصفار	أبو العباس الأصم محمد بن يعقوب بن يوسف النيسابوري (346 ه)	ShamelaY19	38194	0.25923
		فضائل عثمان بن عفان لعبد الله بن أحمد	أبو عبد الرحمن عبد الله بن أحمد بن محمد بن حنبل الشيباني (المتوفى: 290هـ)	ShamAY	9322	0.25922
		معجم أبي يعلى الموصلي	أبو يعلى أحمد بن علي بن المثنى بن يحيى بن عيسى بن هلال التميمي، الموصلي (المتوفى: 307ه)	Sham19Y	13175	0.25919
		موارد الإمام البيهقي في كتابه السنن الكبرى	نجم عبد الرحمن خلف	ShamAY	4776	0.2591
		خير الكلام في التقصي عن أغلاط العوام	علي بن لالي بالي بن محمد القسطنطيني الحنفي، ويعرف بمنق (المتوفى: 992هـ)	ShamAY	310	0.2591
		تلخيص فقة الفرائض	محمد بن صالح بن محمد العثيمين (المتوفى: 1421هـ)	ShamAY	11109	0.25906
		تفسير القرآن العظيم [ج ٩]	عبد الرحمن بن محمّد ابن إدريس الرازي ابن أبي حاتم	Rafed	1836	0.25905
		أمالي المحاملي رواية ابن الصلت	أبو عبد الله البغدادي الحسين بن إسماعيل بن محمد بن إسماعيل بن سعيد بن أبان الضبي المحاملي (المتوفى: 330ه)	Sham19Y	26424	0.25902
		ليلة النصف من شعبان لابن الدبيثي	محمد بن سعيد ابن الدبيثي	ShamAY	33607	0.25897
		تاريخ بغداد أو مدينة السّلام [ج ١٧]	محبّ الدين أبي عبدالله محمّد بن محمود بن الحسن [ ابن النجّار البغدادي ]	Rafed	2904	0.25896
		رسالة في اسم الفاعل، المراد به الاستمرار في جميع الأزمنة	أحمد بن قاسم الصباغ العبادي ثم المصري الشافعي الأزهري، شهاب الدين (المتوفى: 992هـ)	ShamAY	6992	0.25894
		جزء ابن عمشليق	أحمد بن علي بن محمد الجعفري أبو الطيب (المتوفى: ق 4هـ)	ShamAY	5660	0.25887
		التّدوين في أخبار قزوين [ج ٣]	عبد الكريم بن محمّد الرافعي القزويني	Rafed	2196	0.25876
		عوالي مالك رواية سليم الرازي	أبو الفتح، سليم بن أيوب بن سليم الرازي (المتوفى: 447ه)	Sham19Y	26655	0.25864
		تهذيب التهذيب	أبو الفضل أحمد بن علي بن محمد بن أحمد بن حجر العسقلاني (المتوفى: 852هـ)	ShamAY	3310	0.25849
		المستويات - عبد الرحمن الرومي		ShamAY	36850	0.25844
		مختصر تذكرة الامام السويدي في الطب	عبدالوهاب بن احمد شعراني	Ghbook	10050	0.25843
		نزهة الناظر والسامع في طرق حديث الصائم المجامع	ابن حجر العسقلاني (852 هـ)	ShamAY	33648	0.2584
		أمالي المحاملي رواية ابن الصلت	أبو عبد الله البغدادي الحسين بن إسماعيل بن محمد بن إسماعيل بن سعيد بن أبان الضبي المحاملي (المتوفى: 330هـ)	ShamAY	77	0.2584
		البدع والنهي عنها لابن وضاح	محمد بن وضاح القرطبي	ShamAY	33904	0.25837
		المنتقى من مسموعات مرو للضياء المقدسي - مخطوط (ن)	ضياء الدين أبو عبد الله محمد بن عبد الواحد المقدسي (المتوفى: 643هـ)	ShamAY	21635	0.25836
		المستدرك للحاكم - دار المعرفة	الإمام الحافظ أبو عبد الله الحاكم النيسابوري (405 هـ)	ShamAY	33941	0.25836
		جزء فيه فضائل سيدة النساء بعد مريم فاطمة بنت رسول الله	أبو حفص عمر بن أحمد بن عثمان بن أيوب بن شاهين	ShamAY	33622	0.25829
		شعب المقال في درجات الرجال‌	الميرزا ابو القاسم بن محمد النراقي	Masaha	3537	0.25829
		البهرة .. نبذة مختصرة عن فرقة الباطنية البهرة	سلمان العنزي	ShamAY	33288	0.25811
		مفتاح الكرامة في شرح قواعد العلّامة [ج ٢]	السيّد محمّد جواد الحسيني العاملي	Rafed	2114	0.25807
		الانتقاء في فضائل الثلاثة الأئمة الفقهاء مالك والشافعي وأبي حنيفة رضي الله عنهم	أبو عمر يوسف بن عبد الله بن محمد بن عبد البر بن عاصم النمري القرطبي (المتوفى: 463هـ)	ShamAY	6733	0.25804
		مسند الحميدي	أبو بكر عبد الله بن الزبير بن عيسى بن عبيد الله القرشي الأسدي الحميدي المكي (المتوفى: 219هـ)	ShamAY	8493	0.25802
		الجوع لابن أبي الدنيا - ط أطلس الخضراء = مقابل	أبو بكر عبد الله بن محمد ابن أبي الدنيا	ShamAY	38165	0.258
		الجبال والأمكنة والمياه	أبو القاسم محمود بن عمرو بن أحمد، الزمخشري جار الله (المتوفى: 538 هـ)	ShamAY	7287	0.25798
		(بحث فى تحويل الموازين والمكاييل الشرعية الى المقادير المعاصرة)	عبد الله بن سليمان المنيع	ShamAY	36440	0.25793
		مجموع فيه مصنفات أبي الحسن ابن الحمامي وأجزاء حديثية أخرى	مجموعة من المؤلفين	ShamelaY19	38193	0.25793
		جامع بيان العلم وفضله	أبو عمر يوسف بن عبد الله بن محمد بن عبد البر بن عاصم النمري القرطبي (المتوفى: 463ه)	ShamelaY19	22367	0.2579
		الأربعون حديثا لعبد الله بن المبارك	الواحدي :: ابن المبارك	ShamAY	33652	0.25788
		عقد التوريد والمقاولة في ضوء التحديات الاقتصادية المعاصرة (رؤية شرعية)	أحمد ذياب شويدح	ShamAY	36271	0.25787
		الإتباع	عبد الواحد بن علي الحلبي، أبو الطيب اللغوي (المتوفى: 351هـ)	ShamAY	669	0.25781
		 عبقات الأنوار في إمامة الأئمة الأطهار ( فارسي ) 	 السيد حامد النقوي 	ABLibrary	8501	0.25778
		النحو المستطاب [ج ٢]	الدكتور عبد الرحمن بن عبد الرحمن شميلة الأهدل	Rafed	2080	0.25776
		رجال العلامة الحلي‏	العلامة الحلي	Masaha	4722	0.25775
		مختصر في قواعد التفسير	خالد بن عثمان السبت	ShamAY	10015	0.25773
		تاريخ أسماء الضعفاء والكذابين	أبو حفص عمر بن أحمد بن عثمان بن أحمد بن محمد بن أيوب بن أزداذ البغدادي المعروف بـ ابن شاهين (المتوفى: 385هـ)	ShamAY	11083	0.25773
		أمالي المحاملي رواية ابن الصلت	أبو عبد الله البغدادي الحسين بن إسماعيل بن محمد بن إسماعيل بن سعيد بن أبان الضبي المحاملي (المتوفى: 330ه)	ShamelaY19	26424	0.25767
		عوالي مالك رواية سليم الرازي	أبو الفتح، سليم بن أيوب بن سليم الرازي (المتوفى: 447ه)	ShamelaY19	26655	0.25765
		المشيخة البغدادية للأموي ت عامر صبري	رشيد الدين، أبو العباس أحمد بن المفرج بن علي بن عبد العزيز بن مسلمة الدمشقي (المتوفى: 650ه)	ShamelaY19	26471	0.25761
		عوالي مالك رواية سليم الرازي	أَبُو الفَتْح، سليم بن أيوب بن سليم الرازيّ (المتوفى: 447هـ)	ShamAY	1333	0.25756
		مجلس من أمالي أبي مسلم الكاتب - مخطوط		ShamAY	32795	0.25755
		أحكام الاكتتاب في الشركات المساهمة	حسان السيف	ShamelaY19	36496	0.25754
		منتقى من العشرين جزءا المنتخبة (الخلعيات)	علي بن الحسن بن الحسين بن محمد، أبو الحسن الخلعي الشافعي (المتوفى: 492ه)	ShamelaY19	30340	0.25753
		المستدرك على الصحيحين للحاكم (ت مقبل)	أبو عبد الله محمد بن عبد الله بن محمد بن حمدويه الحاكم النيسابوري (المتوفى: 405هـ)	ShamAY	33945	0.2574
		المنتقى من كتاب الطبقات لأبي عروبة الحراني	أبو عروبة الحسين بن محمد بن أبي معشر مودود السُّلَمي الجَزَري الحرَّاني (المتوفى: 318هـ)	ShamAY	8274	0.25731
		العشرات في غريب اللغة	محمد بن عبد الواحد بن أبي هاشم، أبو عمر الزاهد المطرز الباوَرْدي، المعروف بغلام ثعلب (المتوفى: 345هـ)	ShamAY	38314	0.25727
		موقف الدول العربية من الحرب العراقية - الايرانية 1980 - 1988	مجموعة من المؤلفين	ShamAY	37719	0.25724
		من حديث البغوي وابن صاعد والهاشمي لابن زنبور الوراق (مطبوع ضمن جمهرة الأجزاء الحديثية)	محمد بن عمر بن خلف بن زنبور البغدادي الوراق (المتوفى: 396هـ)	ShamAY	21483	0.25724
		ترجمة مسلمة بن مخلد وبيان صحبته للنبي صلى الله عليه وسلم	يوسف بن عبد الرحمن بن يوسف، أبو الحجاج، جمال الدين ابن الزكي أبي محمد القضاعي الكلبي المزي (المتوفى: 742ه)	ShamelaY19	26893	0.25723
		الثامن عشر من المشيخة البغدادية لأبي طاهر السلفي	صدر الدين، أبو طاهر السِّلَفي أحمد بن محمد بن أحمد بن محمد بن إبراهيم سِلَفَه الأصبهاني (المتوفى: 576هـ)	ShamAY	30095	0.25716
		فضائل شهر رمضان لعبد الغني المقدسي	عبد الغني بن عبد الواحد بن علي بن سرور المقدسي الجماعيلي الدمشقي الحنبلي، أبو محمد، تقي الدين (المتوفى: 600ه)	Sham19Y	9561	0.25712
		كتاب الكنى لمن لا يعرف له اسم من أصحاب النبي صلى الله عليه وسلم	أبو الفتح محمد بن الحسين بن أحمد بن عبد الله بن بريدة الموصلي الأزدي (المتوفى: 374هـ)	ShamAY	26895	0.2571
		كتاب الأربعين في فضل الدعاء والداعين	شَرَفُ الدِّيْنِ، عَلِيُّ بنُ المُفَضَّلِ بنِ عَلِيِّ بنِ مُفَرِّجِ بنِ حَاتِمِ بنِ حَسَنِ بنِ جَعْفَرٍ المَقْدِسِيُّ (المتوفى: 611هـ)	ShamAY	29639	0.25706
		الموضوعات لابن الجوزي	جمال الدين عبد الرحمن بن علي بن محمد الجوزي (المتوفى: 597هـ)	ShamAY	882	0.25702
		من حديث علي بن عمر الحربي رواية ابن المهتدي - مخطوط	أبو الحسن علي بن عمر الحربي السكري	ShamAY	32931	0.25701
		أمالي أبي بكر النجاد	أبو بكر النجاد، أحمد بن سلمان بن الحسن بن إسرائيل بن يونس البغدادي (المتوفى: 348هـ)	ShamAY	29721	0.25698
		تفسير القرآن العظيم [ج ٧]	عبد الرحمن بن محمّد ابن إدريس الرازي ابن أبي حاتم	Rafed	1832	0.25693
		جزء منتقى من حديث الحافظ العراقي	ولي الدين أبو زرعة أحمد بن عبد الرحيم العراقي	ShamAY	35240	0.25691
		أربع مجالس للخطيب البغدادي	أبو بكر أحمد بن علي بن ثابت بن أحمد بن مهدي الخطيب البغدادي (المتوفى: 463هـ)	ShamAY	30025	0.25683
		إجازة الشيخ العلامة عبد اللطيف بن عبد الرحمن آل الشيخ لـ «الشيخ أحمد بن عيسى النجدي، والشيخ راشد بن عيسى المالكي البحريني» - سلسلة لقاء العشر الأواخر بالمسجد الحرام (27)	عبد اللطيف بن عبد الرحمن بن حسن بن محمد بن عبد الوهاب آل الشيخ (المتوفى: 1293 هـ)	ShamAY	32498	0.2568
		الجزء الرابع من فوائد الحاج من حديث أبي عمرو الحيري - مخطوط	أبو عمرو محمد بن أحمد بن حمدان الحيري الضرير	ShamAY	32919	0.25666
		حقيقة الإقالة دراسة نظرية تطبيقية	عبد الله بن عبد الواحد الخميس	ShamAY	12148	0.25665
		الأربعين المخرجة من مسموعات الفراوي - مخطوط	أبو عبد الله محمد بن الفضل بن أحمد الصاعدي الفراوي	ShamAY	32902	0.25662
		الكرم والجود وسخاء النفوس	أبو جعفر محمد بن الحسين البُرْجُلاني (المتوفى: 238هـ)	ShamAY	7755	0.2566
		كتاب الأربعين عن المشايخ الأربعين والأربعين صحابيا وصحابية رضي الله عنهم	رضي الدين، أبو الحسن المؤيد بن محمد بن علي بن حسن بن محمد بن أبي صالح الطوسي، ثم النيسابوري (المتوفى: 617ه)	ShamelaY19	26490	0.25656
		حِصن المسلمِ مِن أذكار الكتاب والسُّنة	د. سعيد بن على بن وهف القحطاني	ShamAY	1955	0.25653
		بداية السول في تفضيل الرسول صلى الله عليه وسلم	عبد العزيز بن عبد السلام بن أبي القاسم بن الحسن السلمي الدمشقي، عز الدين الملقب بسلطان العلماء (المتوفى: 660هـ)	ShamAY	348	0.25651
		مناقب أمير المؤمنين علي بن أبي طالب رضي الله عنه	علي بن محمد بن محمد بن الطيب بن أبي يعلى بن الجلابي، أبو الحسن الواسطي المالكي، المعروف بابن المغازلي (المتوفى: 483ه)	ShamelaY19	26456	0.2565
		الآحاد والمثاني لابن أبي عاصم	أبو بكر بن أبي عاصم وهو أحمد بن عمرو بن الضحاك بن مخلد الشيباني (المتوفى: 287ه)	Sham19Y	9196	0.2565
		سنن سعيد بن منصور	أبو عثمان سعيد بن منصور بن شعبة الخراساني الجوزجاني (المتوفى: 227هـ)	ShamAY	13122	0.25648
		حديث أبي القاسم الكناني	حمزة بن محمد بن علي بن العباس، أبو القاسم الكناني المصري (المتوفى: 357هـ)	ShamAY	29722	0.25647
		الرحلة في طلب الحديث للخطيب البغدادي	أبو بكر أحمد بن علي بن ثابت بن أحمد بن مهدي الخطيب البغدادي (المتوفى: 463هـ)	ShamAY	13020	0.25644
		مسند عقبة بن عامر	زين الدين أبو العدل قاسم بن قطلوبغا السودوني (نسبة إلى معتق أبيه سودون الشيخوني) الجمالي الحنفي (المتوفى: 879ه)	ShamelaY19	30774	0.25643
		الجمعة وفضلها لأحمد بن علي المروزي	أبو بكر أحمد بن علي بن سعيد بن إبراهيم الأموي المروزي (المتوفى: 292هـ)	ShamAY	8212	0.25641
		حديث يحيى بن معين رواية أبي منصور الشيباني	أبو زكريا يحيى بن معين بن عون بن زياد بن بسطام بن عبد الرحمن (المتوفى: 233هـ)	ShamAY	11037	0.2564
		الجزء الثامن من المشيخة البغدادية	صدر الدين، أبو طاهر السلفي أحمد بن محمد بن أحمد بن محمد بن إبراهيم سلفه الأصبهاني (المتوفى: 576ه)	ShamelaY19	30622	0.2564
		الزهد لابن أبي عاصم - ط السلفية (مقابل)	أبو بكر أحمد بن عمرو بن أبي عاصم الضحاك بن مخلد الشيباني	ShamAY	33762	0.2563
		مجلسان من أمالي ابن صاعد	أبو محمد يحيى بن محمد بن صاعد بن كاتب الهاشمي بالولاء البغدادي (المتوفى: 318ه)	ShamelaY19	29852	0.2562
		افتراءات إنجيل متى	دكتور بهاء النحال	ShamelaY19	95583	0.25617
		مسند الحميدي - ت: الأعظمي	عبدالله بن الزبير أبو بكر الحميدي	ShamAY	33965	0.2561
		الثامن عشر من المشيخة البغدادية لأبي طاهر السلفي	صدر الدين، أبو طاهر السلفي أحمد بن محمد بن أحمد بن محمد بن إبراهيم سلفه الأصبهاني (المتوفى: 576ه)	ShamelaY19	30095	0.25604
		المهذب فيما وقع في القرآن من المعرب	عبد الرحمن بن أبي بكر، جلال الدين السيوطي (المتوفى: 911ه)	ShamelaY19	26097	0.25601
		تفسير القرآن العظيم [ج ٦]	عبد الرحمن بن محمّد ابن إدريس الرازي ابن أبي حاتم	Rafed	1831	0.256
		رساله في المهر	محمد بن  محمد بن نعمان شيخ مفيد	Ghbook	2570	0.256
		كتاب الأربعين في فضل الدعاء والداعين	شرف الدين، علي بن المفضل بن علي بن مفرج بن حاتم بن حسن بن جعفر المقدسي (المتوفى: 611ه)	ShamelaY19	29639	0.25586
		البدع والنهي عنها	أبو عبد الله محمد بن وضاح بن بزيع المرواني القرطبي (المتوفى: 286هـ)	ShamAY	8208	0.25581
		كتاب الصلاة على النبي صلى الله عليه وسلم	أبو بكر بن أبي عاصم وهو أحمد بن عمرو بن الضحاك بن مخلد الشيباني (المتوفى: 287ه)	ShamelaY19	26823	0.25581
		من حديث عبد الباقي بن قانع وجعفر بن هارون الدينوري لأبي علي ابن شاذان - مخطوط	أبو علي الحسن بن أحمد ابن شاذان	ShamAY	32934	0.25576
		ترجمة الإمام الحسين(ع)	ابن عديم‏	Masaha	1955	0.25573
		حديث لوين المصيصي	أبو جعفر محمد بن سليمان بن حبيب بن جبير الأسدي المصيصي المعروف بـ لوين (المتوفى: 245هـ)	ShamAY	29848	0.25566
		رؤية الله للدارقطني	أبو الحسن علي بن عمر بن أحمد بن مهدي بن مسعود بن النعمان بن دينار البغدادي الدارقطني (المتوفى: 385هـ)	ShamAY	21794	0.25565
		معرفة الفرق بين الضاد والظاء	أبو بكر محمد بن أحمد الصدفي الإشبيلي المعروف بابن الصابُوني الشاعر (المتوفى: 634هـ)	ShamAY	32015	0.25556
		المنتقى من مسموعات مرو للضياء المقدسي - مخطوط (ن)	ضياء الدين أبو عبد الله محمد بن عبد الواحد المقدسي (المتوفى: 643ه)	ShamelaY19	21635	0.25549
		تحبير التيسير في القراءات العشر	شمس الدين أبو الخير ابن الجزري، محمد بن محمد بن يوسف (المتوفى: 833هـ)	ShamAY	5556	0.25537
		الآحاد والمثاني لابن أبي عاصم	أبو بكر بن أبي عاصم وهو أحمد بن عمرو بن الضحاك بن مخلد الشيباني (المتوفى: 287هـ)	ShamAY	9196	0.25536
		جوابات اهل الموصل	محمد بن  محمد بن نعمان شيخ مفيد	Ghbook	2496	0.25527
		الفوائد المعللة: الجزء الأول والثاني من حديثه	عبد الرحمن بن عمرو بن عبد الله بن صفوان النصري المشهور بأبي زرعة الدمشقي الملقب بشيخ الشباب (المتوفى: 281هـ)	ShamAY	1292	0.25521
		مجموع فيه مصنفات أبي جعفر ابن البختري	أبو جعفر محمد بن عمرو بن البختري بن مدرك بن سليمان البغدادي الرزاز (المتوفى: 339هـ)	ShamAY	1405	0.25507
		بداية السول في تفضيل الرسول صلى الله عليه وسلم	عبد العزيز بن عبد السلام بن أبي القاسم بن الحسن السلمي الدمشقي، عز الدين الملقب بسلطان العلماء (المتوفى: 660ه)	Sham19Y	348	0.25507
		الوفيات لابن رافع	تقي الدين محمد بن هجرس بن رافع السلامي (المتوفى: 774هـ)	ShamAY	6724	0.25506
		الجوع لابن أبي الدنيا	أبو بكر عبد الله بن محمد بن عبيد بن سفيان بن قيس البغدادي الأموي القرشي المعروف بابن أبي الدنيا (المتوفى: 281هـ)	ShamAY	9306	0.25498
		العجالة في الأحاديث المسلسلة	علم الدين أبو الفيض محمد ياسين بن محمد عيسى الفاداني المكي (المتوفى: 1411هـ)	ShamAY	5654	0.25498
		مصطلح الثنائيات الصغرى  minimal pairs  أم الجناس في مجال تعليم الأصوات لغير العرب- دراسة ناقدة-	حسن محمد حسن محجوب	ShamAY	37230	0.25497
		حديث ذي النون المصري	ذو النون المصري ثوبان بن إبراهيم وقيل: فيض بن أحمد وقيل: فيض بن إبراهيم النوبي، الإخميمي (المتوفى: 248ه)	ShamelaY19	30738	0.25495
		شيخ الإسلام عبد الكريم الفكون داعية السلفية	أبو القاسم سعد الله (المتوفى: 1435هـ)	ShamAY	31740	0.25488
		الزهد وصفة الزاهدين لابن الأعرابي	أبو سعيد بن الأعرابي أحمد بن محمد بن زياد بن بشر بن درهم البصري الصوفي (المتوفى: 340هـ)	ShamAY	13029	0.25488
		عقيدة آتون في الفكر الأخناتوني .. المعجزات والصفات والأناشيد	إيمان المرعي	ShamAY	37773	0.25477
		 معجم ما كتب عن الرسول ( ص ) وأهل بيته ( ع ) 	 عبد الجبار الرفاعي 	ABLibrary	7760	0.25477
		الجزء الثاني من الفوائد المنتقاة الغرائب الحسان لابن المظفر - مخطوط	أبو الحسين بن المظفر	ShamAY	32753	0.25473
		ترجمة الإمام مسلم ورواة صحيحه	شمس الدين أبو عبد الله محمد بن أحمد بن عثمان بن قايماز الذهبي (المتوفى: 748ه)	Sham19Y	29830	0.2547
		منتقلة الطالبية	إبراهيم بن ناصر العلوي الأصفهاني	Masaha	4521	0.2547
		الأسماء المبهمة في الأنباء المحكمة	أبو بكر أحمد بن علي بن ثابت بن أحمد بن مهدي الخطيب البغدادي (المتوفى: 463هـ)	ShamAY	5815	0.25468
		جزء فيه أحاديث شهر رمضان في فضل صيامه وقيامه	عبد الصمد بن عبد الوهاب بن أبي الحسن محمد بن هبة الله بن عبد الله بن الحسين أمين الدين أبو اليمن بن عساكر الدمشقي نزيل مكة (المتوفى: 686هـ)	ShamAY	1354	0.25465
		صحيح وضعيف سنن أبي داود	محمد ناصر الدين الألباني (المتوفى: 1420هـ)	ShamAY	1755	0.25465
		جزء تمثال نعل النبي صلى الله عليه وسلم	أبو اليمن عبد الصمد بن عبد الوهاب بن عساكر (686 هـ)	ShamAY	33608	0.25457
		ذيل التقييد في رواة السنن والأسانيد	محمد بن أحمد بن علي، تقي الدين، أبو الطيب المكي الحسني الفاسي (المتوفى: 832هـ)	ShamAY	8884	0.25454
		فضائل المدينة للجندي	أبو سعيد المفضل بن محمد بن إبراهيم بن مفضل بن سعيد بن عامر بن شراحيل الشعبي الكوفي ثم الجندي المقرئ (المتوفى: 308هـ)	ShamAY	13137	0.2545
		مجلس من أمالي ابن منده رواية ابنه عبد الرحمن - مخطوط (ن)	أبو عبد الله محمد بن إسحاق بن محمد بن يحيى بن مَنْدَه العبدي (المتوفى: 395هـ)	ShamAY	21663	0.25437
		مجلس من أمالي ابن منده رواية ابنه عبد الرحمن - مخطوط (ن)	أبو عبد الله محمد بن إسحاق بن محمد بن يحيى بن منده العبدي (المتوفى: 395ه)	ShamelaY19	21663	0.25437
		مفهوم الحديث المنكر في سنن الإمام أبي داود السجستاني	عبد العزيز الهليل	ShamAY	34035	0.25434
		ترجمة الإمام مسلم ورواة صحيحه	شمس الدين أبو عبد الله محمد بن أحمد بن عثمان بن قايماز الذهبي (المتوفى: 748ه)	ShamelaY19	29830	0.25431
		فضائل شهر رجب للخلال	أبو محمد الحسن بن محمد بن الحسن بن علي البغدادي الخلال (المتوفى: 439ه)	Sham19Y	12744	0.25424
		التوبيخ والتنبيه لأبي الشيخ الأصبهاني	أبو محمد عبد الله بن محمد بن جعفر بن حيان الأنصاري المعروف بأبي الشيخ الأصبهاني (المتوفى: 369ه)	Sham19Y	13010	0.25422
		معجم أبي يعلى الموصلي	أبو يعلى أحمد بن علي بن المثُنى بن يحيى بن عيسى بن هلال التميمي، الموصلي (المتوفى: 307هـ)	ShamAY	13175	0.25421
		الخامس من الفوائد المنتقاة الحسان	أبو الحسن علي بن عمر بن أحمد بن مهدي بن مسعود بن النعمان بن دينار البغدادي الدارقطني (المتوفى: 385ه)	ShamelaY19	30361	0.2542
		الدعوات الكبير	أحمد بن الحسين بن علي بن موسى الخُسْرَوْجِردي الخراساني، أبو بكر البيهقي (المتوفى: 458هـ)	ShamAY	8970	0.2541
		ترجمة مسلمة بن مخلد وبيان صحبته للنبي صلى الله عليه وسلم	يوسف بن عبد الرحمن بن يوسف، أبو الحجاج، جمال الدين ابن الزكي أبي محمد القضاعي الكلبي المزي (المتوفى: 742هـ)	ShamAY	26893	0.25402
		بيان خطأ البخاري في تاريخه - ت اليماني = التراجم	عبد الرحمن بن محمد بن إدريس بن المنذر التميمي، الحنظلي، الرازي ابن أبي حاتم (المتوفى: 327هـ)	ShamAY	38029	0.25402
		جُزْءُ الْبِطَاقَةِ لِلْحَافِظِ أبِي القَاسِمِ الْكِنَانِيُّ	الكناني، أبو القاسم	ShamAY	33620	0.25397
		الجزء الأول من فوائد محمد بن أحمد بن محمد بن عمرو بن شاكر القطان عن شيوخه	محمد بن علي القطان العسقلاني	ShamAY	33584	0.2539
		جزء آدم بن أبي إياس	آدم بن أبى إياس: عبد الرحمن ويقال: ناهية بن محمد بن شعيب الخراسانى المروذى أبو الحسن العسقلانى، مولى بنى تيم أو تميم (المتوفى: 221ه)	ShamelaY19	29703	0.25385
		تاريخ بغداد أو مدينة السّلام [ج ١]	أبي بكر أحمد بن علي الخطيب البغدادي	Rafed	2170	0.25383
		فوائد ابن ماسي	أبو محمد عبد الله بن إبراهيم بن أيوب بن ماسي البغدادي (المتوفى: 369ه)	Sham19Y	13142	0.25381
		الجعفريات	محمد بن محمد الكوفي	Masaha	979	0.25373
		فضائل شهر رمضان لعبد الغني المقدسي	عبد الغني بن عبد الواحد بن علي بن سرور المقدسي الجماعيلي الدمشقي الحنبلي، أبو محمد، تقي الدين (المتوفى: 600هـ)	ShamAY	9561	0.25371
		معرفة القراء الكبار على الطبقات والأعصار	محمد بن أحمد بن عثمان بن قايماز الذهبي أبو عبد الله	ShamAY	34609	0.25366
		إتحاف المرتقي بتراجم شيوخ البيهقي	محمود بن عبد الفتاح النحال	Sham19Y	123666	0.25364
		الشجره المباركه في انساب الطالبيه	محمد بن عمر فخر رازي	Ghbook	9451	0.25363
		منتخب الفوائد الصحاح العوالي تخريج الخطيب على السراج - ت البيضاني	أبو محمد جعفر بن أحمد بن الحسين السراج القارىء	ShamAY	38144	0.25362
		أحاديث منتخبة من كتاب أمارات النبوة	إبراهيم بن يعقوب بن إسحاق السعدي الجوزجاني، أبو إسحاق (المتوفى: 259هـ)	ShamAY	4096	0.25356
		ذم الهوى	جمال الدين أبو الفرج عبد الرحمن بن علي بن محمد الجوزي (المتوفى: 597ه)	Sham19Y	6870	0.25348
		تحفة الأحباب في الكنى والألقاب للزبيدي	محمد مرتضى الزبيدي الحسيني (1205 هـ)	ShamAY	34575	0.25346
		إسراج الخيول نظم القواعد الأربع وثلاثة الأصول	سعود الشريم	ShamAY	37584	0.25344
		مسؤولية المثقف الإسلامي تجاه قضايا الإرهاب	د. عثمان بن صالح العامر	ShamAY	33382	0.2534
		من حديث أبي محمد عبد الله بن أحمد بن ربيعة بن زبر الربعي - مخطوط	أبو محمد عبد الله بن أحمد بن ربيعة بن زبر الربعي	ShamAY	32923	0.2534
		خبر شعر ووفادة النابغة الجعدي	زيد بن الحسن بن زيد بن سعيد الحميري، من ذي رعين، أبو اليمن، تاج الدين الكندي (المتوفى: 613ه)	ShamelaY19	30750	0.25331
		التوبيخ والتنبيه لأبي الشيخ الأصبهاني	أبو محمد عبد الله بن محمد بن جعفر بن حيان الأنصاري المعروف بأبِي الشيخ الأصبهاني (المتوفى: 369هـ)	ShamAY	13010	0.25322
		الثامن من فوائد أبي عثمان البحيري	أَبُو عُثْمَانَ سَعِيْدُ بنُ مُحَمَّدِ ابنِ أَبِي الحُسَيْنِ أَحْمَدَ بنِ مُحَمَّدِ بنِ جَعْفَرِ بنِ مُحَمَّدِ بنِ بَحِيْرٍ البَحِيْرِيُّ، النَّيْسَابُوْرِيُّ (المتوفى: 451هـ)	ShamAY	29952	0.25318
		مشاهير علماء الأمصار - العلمية	محمد بن حبان بن أحمد أبو حاتم التميمي البستي	ShamAY	34623	0.2531
		جزء فيه من حديث أبي الحسين عبد الوهاب بن الحسن الكلابي عن شيوخه	أبو الحسين عبد الوهاب بن الحسن بن الوليد بن موسى الكلابي الدمشقي (المتوفى: 396ه)	ShamelaY19	26877	0.2531
		صفة الجنة للضياء المقدسي (الجزء الثالث من النسخة المسندة)	ضياء الدين أبي عبد الله محمد بن عبد الواحد المقدسي	ShamAY	33690	0.253
		تاريخ مدينة دمشق [ج ٤٢]	أبي القاسم علي بن الحسن ابن هبة الله بن عبد الله الشافعي [ ابن عساكر ]	Rafed	2352	0.25297
		رسالة القرضاوي لأنور الجندي	يوسف القرضاوي	ShamAY	35862	0.2529
		فوائد حديث الحافظ عبد الغني بن سعيد الأزدي عن شيوخه	أبو محمد عبد الغني بن سعيد بن علي بن بشر بن مروان الأزدي المصري (المتوفى: 409ه)	ShamelaY19	26450	0.25287
		مناقب أمير المؤمنين علي بن أبي طالب رضي الله عنه	علي بن محمد بن محمد بن الطيب بن أبي يعلى بن الجلابي، أبو الحسن الواسطي المالكي، المعروف بابن المغازلي (المتوفى: 483هـ)	ShamAY	79	0.25282
		الإيمان لابن منده	أبو عبد الله محمد بن إسحاق بن محمد بن يحيى بن مَنْدَه العبدي (المتوفى: 395هـ)	ShamAY	13005	0.25278
		 عبقات الأنوار في إمامة الأئمة الأطهار ( فارسي ) 	 السيد حامد النقوي 	ABLibrary	8506	0.25278
		كتاب الأربعين عن المشايخ الأربعين والأربعين صحابيا وصحابية رضي الله عنهم	رَضِيُّ الدِّيْنِ، أَبُو الحَسَنِ المُؤَيَّدُ بنُ مُحَمَّدِ بنِ عَلِيِّ بنِ حَسَنِ بنِ مُحَمَّدِ بنِ أَبِي صَالِحٍ الطُّوْسِيُّ، ثُمَّ النَّيْسَابُوْرِيُّ (المتوفى: 617هـ)	ShamAY	26490	0.25266
		تاريخ بخاري ( متن عربي )	محمد بن جعفر نرشخي	Ghbook	8930	0.25266
		الجزء المتمم لطبقات ابن سعد [الطبقة الرابعة من الصحابة ممن أسلم عند فتح مكة وما بعد ذلك]	أبو عبد الله محمد بن سعد بن منيع الهاشمي بالولاء، البصري، البغدادي المعروف بابن سعد (المتوفى: 230هـ)	ShamAY	12416	0.25262
		من حديث أبي علي ابن شاذان - مخطوط	ابن شاذان، الحسن بن أحمد	ShamAY	32813	0.25257
		فهارس الشيعه	مهدي خداميان آراني	Ghbook	9581	0.25257
		إِتْحَافُ المُرْتَقِي بِتَرَاجِمِ شُيُوخ البَيهَقِيّ	محمود بن عبد الفتاح النحال	ShamAY	31744	0.25254
		مجلس من أمالي أبي الفتح المقدسي_1	نصر بن إبراهيم بن نصر بن إبراهيم ابن داود النابلسي المقدسي، أبو الفتح الشافعي (المتوفى: 490ه)	ShamelaY19	29895	0.25251
		فوائد منتقاة من الجزء الأول من حديث ابن أبي صابر - مخطوط	الجوهري، أبو محمد	ShamAY	32787	0.25239
		ذم الهوى	جمال الدين أبو الفرج عبد الرحمن بن علي بن محمد الجوزي (المتوفى: 597هـ)	ShamAY	6870	0.25233
		جزء فيه أحاديث شهر رمضان في فضل صيامه وقيامه	عبد الصمد بن عبد الوهاب بن أبي الحسن محمد بن هبة الله بن عبد الله بن الحسين أمين الدين أبو اليمن بن عساكر الدمشقي نزيل مكة (المتوفى: 686ه)	ShamelaY19	26723	0.25232
		أمالي المحاملي رواية ابن مهدي الفارسي	أبو عبد الله البغدادي الحسين بن إسماعيل بن محمد بن إسماعيل بن سعيد بن أبان الضبي المحاملي (المتوفى: 330هـ)	ShamAY	78	0.2523
		جزء تحفة عيد الفطر	زاهر بن طاهر بن محمد الشحامي، أبو القاسم (المتوفى: 533ه)	ShamelaY19	37610	0.2523
		فضائل شهر رجب للخلال	أبو محمد الحسن بن محمد بن الحسن بن علي البغدادي الخَلَّال (المتوفى: 439هـ)	ShamAY	1299	0.25224
		معجم ما كتب عن الرسول و اهل البيت صلوات الله عليهم	عبدالجبار رفاعي	Ghbook	10437	0.25219
		الثالث من معجم شيوخ الدمياطي	عبد المؤمن بن خلف الدمياطي، أبو محمد، شرف الدين الشافعي (المتوفى: 705ه)	ShamelaY19	30257	0.25218
		إتحاف المطالع بوفيات أعلام القرن الثالث عشر والرابع	عبد السلام بن عبد القادر بن محمد بن عبد القادر بن الطالب بن محمد -فتحا- ابن سودة (المتوفى: 1400ه)	ShamelaY19	120139	0.25194
		مجلس في فضل صوم يوم عاشوراء للمنذري	عبد العظيم المنذري	ShamAY	33588	0.2519
		إتحاف المطالع بوفيات أعلام القرن الثالث عشر والرابع	عبد السلام بن عبد القادر بن محمد بن عبد القادر بن الطالب بن محمد -فتحا- ابن سودة (المتوفى: 1400ه)	Sham19Y	120139	0.2519
		مجلس من إملاء الفارسي ومجلسان من إملاء البخاري	نصر بن عبد العزيز بن أحمد، أبو الحسين الفارسي (المتوفى: 461ه) ، وأبو زكريا عبد الرحيم بن أحمد بن نصر البخاري (المتوفى: 461ه)	ShamelaY19	30388	0.25189
		حديث لوين المصيصي	أبو جعفر محمد بن سليمان بن حبيب بن جبير الأسدي المصيصي المعروف ب لوين (المتوفى: 245ه)	Sham19Y	29848	0.25186
		جزء فيه قراءات النبي صلى الله عليه وسلم	أبو عمر حفص بن عمر بن عبد العزيز بن صهبان الأزدي الدُّورِي القارئ (المتوفى: 246هـ)	ShamAY	13106	0.25182
		معجم المؤلفات الأصولية المالكية المبثوثة في كشف الظنون وإيضاح المكنون وهدية العارفين	ترحيب بن ربيعان الدوسري	ShamAY	3622	0.25172
		 بغية الطلب في تاريخ حلب 	 عمر بن أحمد العقيلي الحلبي ( ابن العديم ) 	ABLibrary	813	0.25171
		 الفخري في أنساب الطالبيين 	 اسماعيل المروزي الأزوارقاني 	ABLibrary	7626	0.25166
		حديث أبي جعفر الطحاوي	أبو جعفر أحمد بن محمد بن سلامة بن عبد الملك بن سلمة الأزدي الحجري المصري المعروف بالطحاوي (المتوفى: 321ه)	ShamelaY19	30526	0.25156
		فضيلة العادلين من الولاة لأبي نعيم	أبو نعيم أحمد بن عبد الله بن أحمد بن إسحاق بن موسى بن مهران الأصبهاني (المتوفى: 430هـ)	ShamAY	13141	0.25136
		بلغة الطالب الحثيث في صحيح عوالي الحديث	ضياء الدين أبو عبد الله محمد بن عبد الواحد المقدسي (المتوفى: 643هـ)	ShamAY	30294	0.25134
		تاريخ داريا لعبد الجبار الخولاني	أبو علي عبد الجبار بن عبد الله بن محمد بن عبد الرحيم بن داود الخولاني الداراني المعروف بابن مهنا (المتوفى: 370ه)	Sham19Y	8249	0.25134
		كتاب فيه معنى الزهد والمقالات وصفة الزاهدين	أبو سعيد أحمد بن محمد بن زياد بن بشر بن الأعرابي	ShamAY	33601	0.25118
		أعجاز أبيات تغني في التمثيل عن صدروها	أبو العباس محمد بن يزيد المبرد	ShamAY	34459	0.25116
		جامع بيان العلم وفضله	أبو عمر يوسف بن عبد الله بن محمد بن عبد البر بن عاصم النمري القرطبي (المتوفى: 463هـ)	ShamAY	22367	0.25116
		 معجم ما كتب عن الرسول ( ص ) وأهل بيته ( ع ) 	 عبد الجبار الرفاعي 	ABLibrary	7757	0.25105
		البر والصلة (عن ابن المبارك وغيره)	أبو عبد الله الحسين بن الحسن بن حرب السلمي المروزي (المتوفى: 246هـ)	ShamAY	13007	0.25102
		ديوان السموأل	السموأل بن غريض بن عادياء الأزدي	ShamAY	37887	0.251
		 معجم ما كتب عن الرسول ( ص ) وأهل بيته ( ع ) 	 عبد الجبار الرفاعي 	ABLibrary	7765	0.25095
		مسائل حول الحج و العمرة	آيت الله العظمي ميرزا جواد تبريزي	Ghbook	10095	0.2509
		أحاديث أبي الحسن الجوبري	أبو الحسن عبد الرحمن بن ياسر الجوبري (المتوفى: 425هـ)	ShamAY	29814	0.25089
		الأحاديث السبعة عن سبعة من الصحابة الذين روى عنهم الإمام أبو حنيفة رحمه الله	أبو المكارم عبد الله بن حسين بن أبي بكر بن أبي القاسم النيسابوري الحنفي	ShamAY	33547	0.25088
		الإبانة الكبرى لابن بطة	أبو عبد الله عبيد الله بن محمد بن محمد بن حمدان العُكْبَري المعروف بابن بَطَّة العكبري (المتوفى: 387هـ)	ShamAY	31641	0.25085
		أحاديث ابن الضريس وأبي بكر الأيامي لأبي سهل الجواليقي - مخطوط	أبو سهل أحمد بن محمد بن جمان الجواليقي	ShamAY	32957	0.25084
		 موسوعة قرى ومدن لبنان 	 طوني مفرج 	ABLibrary	9286	0.25062
		الجعفريات (الاشعثيات) - الحج	محمد بن محمد اشعث كوفي	Ghbook	3478	0.25059
		جزاء اعداء الامام الباقر عليه السلام في دار الدنيا	هاشم ناجي موسوي جزائري	Ghbook	6283	0.25047
		التّدوين في أخبار قزوين [ج ٢]	عبد الكريم بن محمّد الرافعي القزويني	Rafed	2194	0.25035
		الشجرة المباركة في أنساب الطالبيّة	محمّد بن عمر بن الحسن بن الحسين التيمي البكري [ فخر الدين الرازي ]	Rafed	1718	0.25034
		رسالة في علم النحو للمقدسي	محمد بدير المقدسي	ShamAY	37028	0.25032
		ترجمة الإمام مسلم ورواة صحيحه	شمس الدين أبو عبد الله محمد بن أحمد بن عثمان بن قَايْماز الذهبي (المتوفى: 748هـ)	ShamAY	29830	0.25029
		مجلسان من أمالي نظام الملك	الحسن بن علي بن إسحاق الطوسي، أبو علي، الملقب بقوام الدين، نظام الملك (المتوفى: 485هـ)	ShamAY	9608	0.25016
		الثلاثون من المشيخة البغدادية لأبي طاهر السلفي	صدر الدين، أبو طاهر السِّلَفي أحمد بن محمد بن أحمد بن محمد بن إبراهيم سِلَفَه الأصبهاني (المتوفى: 576هـ)	ShamAY	30103	0.25009
		أمالي المحاملي رواية ابن مهدي الفارسي	أبو عبد الله البغدادي الحسين بن إسماعيل بن محمد بن إسماعيل بن سعيد بن أبان الضبي المحاملي (المتوفى: 330ه)	ShamelaY19	26425	0.25002